   1.000000E+000   4.182600E-002
   2.000000E+000   4.686089E-002
   3.000000E+000   5.189579E-002
   4.000000E+000   4.641660E-002
   5.000000E+000   4.080218E-002
   6.000000E+000   3.728289E-002
   7.000000E+000   3.473272E-002
   8.000000E+000   3.286328E-002
   9.000000E+000   3.157791E-002
   1.000000E+001   3.070923E-002
   1.100000E+001   3.009760E-002
   1.200000E+001   2.968518E-002
   1.300000E+001   2.943976E-002
   1.400000E+001   2.932998E-002
   1.500000E+001   2.932465E-002
   1.600000E+001   2.939634E-002
   1.700000E+001   2.953265E-002
   1.800000E+001   2.972490E-002
   1.900000E+001   2.996444E-002
   2.000000E+001   3.024259E-002
   2.100000E+001   3.055176E-002
   2.200000E+001   3.088849E-002
   2.300000E+001   3.125041E-002
   2.400000E+001   3.163514E-002
   2.500000E+001   3.204028E-002
   2.600000E+001   3.246346E-002
   2.700000E+001   3.290228E-002
   2.800000E+001   3.335437E-002
   2.900000E+001   3.381733E-002
   3.000000E+001   3.428878E-002
   3.100000E+001   3.476669E-002
   3.200000E+001   3.525041E-002
   3.300000E+001   3.573963E-002
   3.400000E+001   3.623405E-002
   3.500000E+001   3.673337E-002
   3.600000E+001   3.723729E-002
   3.700000E+001   3.774551E-002
   3.800000E+001   3.825773E-002
   3.900000E+001   3.877363E-002
   4.000000E+001   3.929293E-002
   4.100000E+001   3.981533E-002
   4.200000E+001   4.034059E-002
   4.300000E+001   4.086847E-002
   4.400000E+001   4.139874E-002
   4.500000E+001   4.193116E-002
   4.600000E+001   4.246549E-002
   4.700000E+001   4.300152E-002
   4.800000E+001   4.353899E-002
   4.900000E+001   4.407768E-002
   5.000000E+001   4.461736E-002
   5.100000E+001   4.515782E-002
   5.200000E+001   4.569902E-002
   5.300000E+001   4.624095E-002
   5.400000E+001   4.678361E-002
   5.500000E+001   4.732699E-002
   5.600000E+001   4.787109E-002
   5.700000E+001   4.841589E-002
   5.800000E+001   4.896139E-002
   5.900000E+001   4.950758E-002
   6.000000E+001   5.005446E-002
   6.100000E+001   5.060202E-002
   6.200000E+001   5.115033E-002
   6.300000E+001   5.169943E-002
   6.400000E+001   5.224940E-002
   6.500000E+001   5.280028E-002
   6.600000E+001   5.335215E-002
   6.700000E+001   5.390505E-002
   6.800000E+001   5.445906E-002
   6.900000E+001   5.501423E-002
   7.000000E+001   5.557062E-002
   7.100000E+001   5.612824E-002
   7.200000E+001   5.668688E-002
   7.300000E+001   5.724627E-002
   7.400000E+001   5.780613E-002
   7.500000E+001   5.836620E-002
   7.600000E+001   5.892621E-002
   7.700000E+001   5.948590E-002
   7.800000E+001   6.004499E-002
   7.900000E+001   6.060322E-002
   8.000000E+001   6.116032E-002
   8.100000E+001   6.171611E-002
   8.200000E+001   6.227076E-002
   8.300000E+001   6.282455E-002
   8.400000E+001   6.337773E-002
   8.500000E+001   6.393056E-002
   8.600000E+001   6.448333E-002
   8.700000E+001   6.503628E-002
   8.800000E+001   6.558968E-002
   8.900000E+001   6.614381E-002
   9.000000E+001   6.669892E-002
   9.100000E+001   6.725517E-002
   9.200000E+001   6.781228E-002
   9.300000E+001   6.836986E-002
   9.400000E+001   6.892753E-002
   9.500000E+001   6.948490E-002
   9.600000E+001   7.004157E-002
   9.700000E+001   7.059718E-002
   9.800000E+001   7.115131E-002
   9.900000E+001   7.170360E-002
   1.000000E+002   7.225364E-002
   1.010000E+002   7.280111E-002
   1.020000E+002   7.334590E-002
   1.030000E+002   7.388794E-002
   1.040000E+002   7.442719E-002
   1.050000E+002   7.496359E-002
   1.060000E+002   7.549707E-002
   1.070000E+002   7.602759E-002
   1.080000E+002   7.655508E-002
   1.090000E+002   7.707950E-002
   1.100000E+002   7.760077E-002
   1.110000E+002   7.811886E-002
   1.120000E+002   7.863369E-002
   1.130000E+002   7.914522E-002
   1.140000E+002   7.965338E-002
   1.150000E+002   8.015813E-002
   1.160000E+002   8.065939E-002
   1.170000E+002   8.115713E-002
   1.180000E+002   8.165127E-002
   1.190000E+002   8.214177E-002
   1.200000E+002   8.262857E-002
   1.210000E+002   8.311159E-002
   1.220000E+002   8.359064E-002
   1.230000E+002   8.406555E-002
   1.240000E+002   8.453610E-002
   1.250000E+002   8.500209E-002
   1.260000E+002   8.546334E-002
   1.270000E+002   8.591964E-002
   1.280000E+002   8.637080E-002
   1.290000E+002   8.681661E-002
   1.300000E+002   8.725688E-002
   1.310000E+002   8.769141E-002
   1.320000E+002   8.812001E-002
   1.330000E+002   8.854246E-002
   1.340000E+002   8.895859E-002
   1.350000E+002   8.936818E-002
   1.360000E+002   8.977104E-002
   1.370000E+002   9.016698E-002
   1.380000E+002   9.055579E-002
   1.390000E+002   9.093727E-002
   1.400000E+002   9.131124E-002
   1.410000E+002   9.167751E-002
   1.420000E+002   9.203605E-002
   1.430000E+002   9.238683E-002
   1.440000E+002   9.272983E-002
   1.450000E+002   9.306505E-002
   1.460000E+002   9.339245E-002
   1.470000E+002   9.371203E-002
   1.480000E+002   9.402376E-002
   1.490000E+002   9.432763E-002
   1.500000E+002   9.462362E-002
   1.510000E+002   9.491171E-002
   1.520000E+002   9.519188E-002
   1.530000E+002   9.546412E-002
   1.540000E+002   9.572840E-002
   1.550000E+002   9.598472E-002
   1.560000E+002   9.623304E-002
   1.570000E+002   9.647336E-002
   1.580000E+002   9.670566E-002
   1.590000E+002   9.692991E-002
   1.600000E+002   9.714611E-002
   1.610000E+002   9.735419E-002
   1.620000E+002   9.755397E-002
   1.630000E+002   9.774522E-002
   1.640000E+002   9.792771E-002
   1.650000E+002   9.810122E-002
   1.660000E+002   9.826552E-002
   1.670000E+002   9.842039E-002
   1.680000E+002   9.856560E-002
   1.690000E+002   9.870092E-002
   1.700000E+002   9.882614E-002
   1.710000E+002   9.894101E-002
   1.720000E+002   9.904532E-002
   1.730000E+002   9.913884E-002
   1.740000E+002   9.922134E-002
   1.750000E+002   9.929261E-002
   1.760000E+002   9.935240E-002
   1.770000E+002   9.940050E-002
   1.780000E+002   9.943668E-002
   1.790000E+002   9.946072E-002
   1.800000E+002   9.947238E-002
   1.810000E+002   9.947151E-002
   1.820000E+002   9.945815E-002
   1.830000E+002   9.943243E-002
   1.840000E+002   9.939446E-002
   1.850000E+002   9.934437E-002
   1.860000E+002   9.928226E-002
   1.870000E+002   9.920826E-002
   1.880000E+002   9.912249E-002
   1.890000E+002   9.902505E-002
   1.900000E+002   9.891608E-002
   1.910000E+002   9.879568E-002
   1.920000E+002   9.866398E-002
   1.930000E+002   9.852108E-002
   1.940000E+002   9.836712E-002
   1.950000E+002   9.820220E-002
   1.960000E+002   9.802644E-002
   1.970000E+002   9.783996E-002
   1.980000E+002   9.764288E-002
   1.990000E+002   9.743532E-002
   2.000000E+002   9.721739E-002
   2.010000E+002   9.698921E-002
   2.020000E+002   9.675090E-002
   2.030000E+002   9.650260E-002
   2.040000E+002   9.624441E-002
   2.050000E+002   9.597647E-002
   2.060000E+002   9.569891E-002
   2.070000E+002   9.541184E-002
   2.080000E+002   9.511539E-002
   2.090000E+002   9.480968E-002
   2.100000E+002   9.449484E-002
   2.110000E+002   9.417099E-002
   2.120000E+002   9.383826E-002
   2.130000E+002   9.349677E-002
   2.140000E+002   9.314664E-002
   2.150000E+002   9.278800E-002
   2.160000E+002   9.242098E-002
   2.170000E+002   9.204569E-002
   2.180000E+002   9.166227E-002
   2.190000E+002   9.127083E-002
   2.200000E+002   9.087150E-002
   2.210000E+002   9.046441E-002
   2.220000E+002   9.004967E-002
   2.230000E+002   8.962741E-002
   2.240000E+002   8.919777E-002
   2.250000E+002   8.876085E-002
   2.260000E+002   8.831679E-002
   2.270000E+002   8.786572E-002
   2.280000E+002   8.740777E-002
   2.290000E+002   8.694307E-002
   2.300000E+002   8.647176E-002
   2.310000E+002   8.599396E-002
   2.320000E+002   8.550982E-002
   2.330000E+002   8.501945E-002
   2.340000E+002   8.452301E-002
   2.350000E+002   8.402061E-002
   2.360000E+002   8.351240E-002
   2.370000E+002   8.299849E-002
   2.380000E+002   8.247904E-002
   2.390000E+002   8.195416E-002
   2.400000E+002   8.142399E-002
   2.410000E+002   8.088867E-002
   2.420000E+002   8.034832E-002
   2.430000E+002   7.980308E-002
   2.440000E+002   7.925309E-002
   2.450000E+002   7.869846E-002
   2.460000E+002   7.813935E-002
   2.470000E+002   7.757587E-002
   2.480000E+002   7.700817E-002
   2.490000E+002   7.643637E-002
   2.500000E+002   7.586060E-002
   2.510000E+002   7.528102E-002
   2.520000E+002   7.469785E-002
   2.530000E+002   7.411129E-002
   2.540000E+002   7.352160E-002
   2.550000E+002   7.292900E-002
   2.560000E+002   7.233371E-002
   2.570000E+002   7.173596E-002
   2.580000E+002   7.113600E-002
   2.590000E+002   7.053404E-002
   2.600000E+002   6.993031E-002
   2.610000E+002   6.932505E-002
   2.620000E+002   6.871848E-002
   2.630000E+002   6.811083E-002
   2.640000E+002   6.750233E-002
   2.650000E+002   6.689322E-002
   2.660000E+002   6.628372E-002
   2.670000E+002   6.567406E-002
   2.680000E+002   6.506447E-002
   2.690000E+002   6.445518E-002
   2.700000E+002   6.384642E-002
   2.710000E+002   6.323842E-002
   2.720000E+002   6.263141E-002
   2.730000E+002   6.202561E-002
   2.740000E+002   6.142126E-002
   2.750000E+002   6.081859E-002
   2.760000E+002   6.021781E-002
   2.770000E+002   5.961907E-002
   2.780000E+002   5.902253E-002
   2.790000E+002   5.842831E-002
   2.800000E+002   5.783655E-002
   2.810000E+002   5.724741E-002
   2.820000E+002   5.666102E-002
   2.830000E+002   5.607752E-002
   2.840000E+002   5.549705E-002
   2.850000E+002   5.491975E-002
   2.860000E+002   5.434576E-002
   2.870000E+002   5.377522E-002
   2.880000E+002   5.320828E-002
   2.890000E+002   5.264507E-002
   2.900000E+002   5.208574E-002
   2.910000E+002   5.153042E-002
   2.920000E+002   5.097926E-002
   2.930000E+002   5.043239E-002
   2.940000E+002   4.988996E-002
   2.950000E+002   4.935211E-002
   2.960000E+002   4.881897E-002
   2.970000E+002   4.829070E-002
   2.980000E+002   4.776742E-002
   2.990000E+002   4.724928E-002
   3.000000E+002   4.673643E-002
   3.010000E+002   4.622898E-002
   3.020000E+002   4.572701E-002
   3.030000E+002   4.523058E-002
   3.040000E+002   4.473974E-002
   3.050000E+002   4.425455E-002
   3.060000E+002   4.377507E-002
   3.070000E+002   4.330136E-002
   3.080000E+002   4.283347E-002
   3.090000E+002   4.237146E-002
   3.100000E+002   4.191540E-002
   3.110000E+002   4.146533E-002
   3.120000E+002   4.102131E-002
   3.130000E+002   4.058341E-002
   3.140000E+002   4.015168E-002
   3.150000E+002   3.972618E-002
   3.160000E+002   3.930696E-002
   3.170000E+002   3.889409E-002
   3.180000E+002   3.848761E-002
   3.190000E+002   3.808760E-002
   3.200000E+002   3.769410E-002
   3.210000E+002   3.730717E-002
   3.220000E+002   3.692688E-002
   3.230000E+002   3.655327E-002
   3.240000E+002   3.618641E-002
   3.250000E+002   3.582636E-002
   3.260000E+002   3.547316E-002
   3.270000E+002   3.512689E-002
   3.280000E+002   3.478759E-002
   3.290000E+002   3.445533E-002
   3.300000E+002   3.413016E-002
   3.310000E+002   3.381214E-002
   3.320000E+002   3.350133E-002
   3.330000E+002   3.319778E-002
   3.340000E+002   3.290156E-002
   3.350000E+002   3.261271E-002
   3.360000E+002   3.233131E-002
   3.370000E+002   3.205740E-002
   3.380000E+002   3.179104E-002
   3.390000E+002   3.153230E-002
   3.400000E+002   3.128122E-002
   3.410000E+002   3.103787E-002
   3.420000E+002   3.080230E-002
   3.430000E+002   3.057458E-002
   3.440000E+002   3.035475E-002
   3.450000E+002   3.014288E-002
   3.460000E+002   2.993902E-002
   3.470000E+002   2.974324E-002
   3.480000E+002   2.955559E-002
   3.490000E+002   2.937612E-002
   3.500000E+002   2.920490E-002
   3.510000E+002   2.904195E-002
   3.520000E+002   2.888721E-002
   3.530000E+002   2.874058E-002
   3.540000E+002   2.860196E-002
   3.550000E+002   2.847125E-002
   3.560000E+002   2.834836E-002
   3.570000E+002   2.823318E-002
   3.580000E+002   2.812563E-002
   3.590000E+002   2.802560E-002
   3.600000E+002   2.793300E-002
   3.610000E+002   2.784772E-002
   3.620000E+002   2.776968E-002
   3.630000E+002   2.769877E-002
   3.640000E+002   2.763490E-002
   3.650000E+002   2.757797E-002
   3.660000E+002   2.752788E-002
   3.670000E+002   2.748453E-002
   3.680000E+002   2.744783E-002
   3.690000E+002   2.741769E-002
   3.700000E+002   2.739399E-002
   3.710000E+002   2.737665E-002
   3.720000E+002   2.736557E-002
   3.730000E+002   2.736065E-002
   3.740000E+002   2.736179E-002
   3.750000E+002   2.736890E-002
   3.760000E+002   2.738188E-002
   3.770000E+002   2.740063E-002
   3.780000E+002   2.742505E-002
   3.790000E+002   2.745505E-002
   3.800000E+002   2.749053E-002
   3.810000E+002   2.753139E-002
   3.820000E+002   2.757753E-002
   3.830000E+002   2.762886E-002
   3.840000E+002   2.768529E-002
   3.850000E+002   2.774670E-002
   3.860000E+002   2.781301E-002
   3.870000E+002   2.788412E-002
   3.880000E+002   2.795992E-002
   3.890000E+002   2.804033E-002
   3.900000E+002   2.812525E-002
   3.910000E+002   2.821457E-002
   3.920000E+002   2.830821E-002
   3.930000E+002   2.840606E-002
   3.940000E+002   2.850802E-002
   3.950000E+002   2.861401E-002
   3.960000E+002   2.872391E-002
   3.970000E+002   2.883764E-002
   3.980000E+002   2.895510E-002
   3.990000E+002   2.907619E-002
   4.000000E+002   2.920081E-002
   4.010000E+002   2.932885E-002
   4.020000E+002   2.946021E-002
   4.030000E+002   2.959474E-002
   4.040000E+002   2.973233E-002
   4.050000E+002   2.987284E-002
   4.060000E+002   3.001614E-002
   4.070000E+002   3.016212E-002
   4.080000E+002   3.031063E-002
   4.090000E+002   3.046155E-002
   4.100000E+002   3.061476E-002
   4.110000E+002   3.077013E-002
   4.120000E+002   3.092753E-002
   4.130000E+002   3.108682E-002
   4.140000E+002   3.124789E-002
   4.150000E+002   3.141061E-002
   4.160000E+002   3.157484E-002
   4.170000E+002   3.174046E-002
   4.180000E+002   3.190734E-002
   4.190000E+002   3.207536E-002
   4.200000E+002   3.224439E-002
   4.210000E+002   3.241429E-002
   4.220000E+002   3.258494E-002
   4.230000E+002   3.275622E-002
   4.240000E+002   3.292799E-002
   4.250000E+002   3.310013E-002
   4.260000E+002   3.327251E-002
   4.270000E+002   3.344500E-002
   4.280000E+002   3.361747E-002
   4.290000E+002   3.378980E-002
   4.300000E+002   3.396186E-002
   4.310000E+002   3.413352E-002
   4.320000E+002   3.430465E-002
   4.330000E+002   3.447513E-002
   4.340000E+002   3.464482E-002
   4.350000E+002   3.481360E-002
   4.360000E+002   3.498134E-002
   4.370000E+002   3.514792E-002
   4.380000E+002   3.531320E-002
   4.390000E+002   3.547706E-002
   4.400000E+002   3.563937E-002
   4.410000E+002   3.580000E-002
   4.420000E+002   3.595883E-002
   4.430000E+002   3.611572E-002
   4.440000E+002   3.627056E-002
   4.450000E+002   3.642320E-002
   4.460000E+002   3.657353E-002
   4.470000E+002   3.672141E-002
   4.480000E+002   3.686672E-002
   4.490000E+002   3.700933E-002
   4.500000E+002   3.714911E-002
   4.510000E+002   3.728595E-002
   4.520000E+002   3.741981E-002
   4.530000E+002   3.755067E-002
   4.540000E+002   3.767851E-002
   4.550000E+002   3.780331E-002
   4.560000E+002   3.792503E-002
   4.570000E+002   3.804366E-002
   4.580000E+002   3.815918E-002
   4.590000E+002   3.827157E-002
   4.600000E+002   3.838079E-002
   4.610000E+002   3.848683E-002
   4.620000E+002   3.858967E-002
   4.630000E+002   3.868928E-002
   4.640000E+002   3.878564E-002
   4.650000E+002   3.887873E-002
   4.660000E+002   3.896853E-002
   4.670000E+002   3.905500E-002
   4.680000E+002   3.913814E-002
   4.690000E+002   3.921792E-002
   4.700000E+002   3.929431E-002
   4.710000E+002   3.936729E-002
   4.720000E+002   3.943685E-002
   4.730000E+002   3.950295E-002
   4.740000E+002   3.956558E-002
   4.750000E+002   3.962470E-002
   4.760000E+002   3.968031E-002
   4.770000E+002   3.973238E-002
   4.780000E+002   3.978088E-002
   4.790000E+002   3.982579E-002
   4.800000E+002   3.986709E-002
   4.810000E+002   3.990476E-002
   4.820000E+002   3.993878E-002
   4.830000E+002   3.996911E-002
   4.840000E+002   3.999575E-002
   4.850000E+002   4.001866E-002
   4.860000E+002   4.003782E-002
   4.870000E+002   4.005322E-002
   4.880000E+002   4.006482E-002
   4.890000E+002   4.007262E-002
   4.900000E+002   4.007657E-002
   4.910000E+002   4.007667E-002
   4.920000E+002   4.007288E-002
   4.930000E+002   4.006520E-002
   4.940000E+002   4.005358E-002
   4.950000E+002   4.003802E-002
   4.960000E+002   4.001848E-002
   4.970000E+002   3.999495E-002
   4.980000E+002   3.996741E-002
   4.990000E+002   3.993582E-002
   5.000000E+002   3.990017E-002
   5.010000E+002   3.986045E-002
   5.020000E+002   3.981671E-002
   5.030000E+002   3.976899E-002
   5.040000E+002   3.971736E-002
   5.050000E+002   3.966188E-002
   5.060000E+002   3.960260E-002
   5.070000E+002   3.953958E-002
   5.080000E+002   3.947288E-002
   5.090000E+002   3.940256E-002
   5.100000E+002   3.932866E-002
   5.110000E+002   3.925126E-002
   5.120000E+002   3.917041E-002
   5.130000E+002   3.908616E-002
   5.140000E+002   3.899857E-002
   5.150000E+002   3.890771E-002
   5.160000E+002   3.881362E-002
   5.170000E+002   3.871637E-002
   5.180000E+002   3.861601E-002
   5.190000E+002   3.851260E-002
   5.200000E+002   3.840620E-002
   5.210000E+002   3.829687E-002
   5.220000E+002   3.818466E-002
   5.230000E+002   3.806963E-002
   5.240000E+002   3.795183E-002
   5.250000E+002   3.783134E-002
   5.260000E+002   3.770819E-002
   5.270000E+002   3.758246E-002
   5.280000E+002   3.745419E-002
   5.290000E+002   3.732345E-002
   5.300000E+002   3.719030E-002
   5.310000E+002   3.705478E-002
   5.320000E+002   3.691696E-002
   5.330000E+002   3.677690E-002
   5.340000E+002   3.663465E-002
   5.350000E+002   3.649027E-002
   5.360000E+002   3.634381E-002
   5.370000E+002   3.619535E-002
   5.380000E+002   3.604492E-002
   5.390000E+002   3.589260E-002
   5.400000E+002   3.573844E-002
   5.410000E+002   3.558249E-002
   5.420000E+002   3.542481E-002
   5.430000E+002   3.526546E-002
   5.440000E+002   3.510451E-002
   5.450000E+002   3.494199E-002
   5.460000E+002   3.477798E-002
   5.470000E+002   3.461253E-002
   5.480000E+002   3.444570E-002
   5.490000E+002   3.427755E-002
   5.500000E+002   3.410813E-002
   5.510000E+002   3.393750E-002
   5.520000E+002   3.376574E-002
   5.530000E+002   3.359294E-002
   5.540000E+002   3.341918E-002
   5.550000E+002   3.324453E-002
   5.560000E+002   3.306909E-002
   5.570000E+002   3.289293E-002
   5.580000E+002   3.271614E-002
   5.590000E+002   3.253879E-002
   5.600000E+002   3.236098E-002
   5.610000E+002   3.218277E-002
   5.620000E+002   3.200426E-002
   5.630000E+002   3.182553E-002
   5.640000E+002   3.164665E-002
   5.650000E+002   3.146772E-002
   5.660000E+002   3.128881E-002
   5.670000E+002   3.111000E-002
   5.680000E+002   3.093138E-002
   5.690000E+002   3.075303E-002
   5.700000E+002   3.057503E-002
   5.710000E+002   3.039747E-002
   5.720000E+002   3.022042E-002
   5.730000E+002   3.004397E-002
   5.740000E+002   2.986820E-002
   5.750000E+002   2.969319E-002
   5.760000E+002   2.951903E-002
   5.770000E+002   2.934579E-002
   5.780000E+002   2.917356E-002
   5.790000E+002   2.900242E-002
   5.800000E+002   2.883246E-002
   5.810000E+002   2.866375E-002
   5.820000E+002   2.849638E-002
   5.830000E+002   2.833042E-002
   5.840000E+002   2.816597E-002
   5.850000E+002   2.800310E-002
   5.860000E+002   2.784190E-002
   5.870000E+002   2.768245E-002
   5.880000E+002   2.752483E-002
   5.890000E+002   2.736912E-002
   5.900000E+002   2.721540E-002
   5.910000E+002   2.706376E-002
   5.920000E+002   2.691428E-002
   5.930000E+002   2.676704E-002
   5.940000E+002   2.662213E-002
   5.950000E+002   2.647962E-002
   5.960000E+002   2.633960E-002
   5.970000E+002   2.620214E-002
   5.980000E+002   2.606734E-002
   5.990000E+002   2.593528E-002
   6.000000E+002   2.580603E-002
   6.010000E+002   2.567966E-002
   6.020000E+002   2.555621E-002
   6.030000E+002   2.543567E-002
   6.040000E+002   2.531806E-002
   6.050000E+002   2.520339E-002
   6.060000E+002   2.509167E-002
   6.070000E+002   2.498290E-002
   6.080000E+002   2.487711E-002
   6.090000E+002   2.477429E-002
   6.100000E+002   2.467446E-002
   6.110000E+002   2.457763E-002
   6.120000E+002   2.448381E-002
   6.130000E+002   2.439301E-002
   6.140000E+002   2.430523E-002
   6.150000E+002   2.422050E-002
   6.160000E+002   2.413881E-002
   6.170000E+002   2.406018E-002
   6.180000E+002   2.398462E-002
   6.190000E+002   2.391214E-002
   6.200000E+002   2.384274E-002
   6.210000E+002   2.377645E-002
   6.220000E+002   2.371326E-002
   6.230000E+002   2.365320E-002
   6.240000E+002   2.359626E-002
   6.250000E+002   2.354246E-002
   6.260000E+002   2.349180E-002
   6.270000E+002   2.344431E-002
   6.280000E+002   2.339999E-002
   6.290000E+002   2.335884E-002
   6.300000E+002   2.332088E-002
   6.310000E+002   2.328613E-002
   6.320000E+002   2.325458E-002
   6.330000E+002   2.322624E-002
   6.340000E+002   2.320114E-002
   6.350000E+002   2.317928E-002
   6.360000E+002   2.316066E-002
   6.370000E+002   2.314531E-002
   6.380000E+002   2.313322E-002
   6.390000E+002   2.312441E-002
   6.400000E+002   2.311889E-002
   6.410000E+002   2.311667E-002
   6.420000E+002   2.311776E-002
   6.430000E+002   2.312216E-002
   6.440000E+002   2.312990E-002
   6.450000E+002   2.314097E-002
   6.460000E+002   2.315539E-002
   6.470000E+002   2.317318E-002
   6.480000E+002   2.319433E-002
   6.490000E+002   2.321886E-002
   6.500000E+002   2.324677E-002
   6.510000E+002   2.327808E-002
   6.520000E+002   2.331272E-002
   6.530000E+002   2.335063E-002
   6.540000E+002   2.339174E-002
   6.550000E+002   2.343600E-002
   6.560000E+002   2.348334E-002
   6.570000E+002   2.353369E-002
   6.580000E+002   2.358698E-002
   6.590000E+002   2.364317E-002
   6.600000E+002   2.370217E-002
   6.610000E+002   2.376393E-002
   6.620000E+002   2.382839E-002
   6.630000E+002   2.389547E-002
   6.640000E+002   2.396511E-002
   6.650000E+002   2.403726E-002
   6.660000E+002   2.411184E-002
   6.670000E+002   2.418879E-002
   6.680000E+002   2.426804E-002
   6.690000E+002   2.434955E-002
   6.700000E+002   2.443322E-002
   6.710000E+002   2.451902E-002
   6.720000E+002   2.460686E-002
   6.730000E+002   2.469669E-002
   6.740000E+002   2.478844E-002
   6.750000E+002   2.488205E-002
   6.760000E+002   2.497745E-002
   6.770000E+002   2.507458E-002
   6.780000E+002   2.517338E-002
   6.790000E+002   2.527377E-002
   6.800000E+002   2.537570E-002
   6.810000E+002   2.547910E-002
   6.820000E+002   2.558392E-002
   6.830000E+002   2.569007E-002
   6.840000E+002   2.579750E-002
   6.850000E+002   2.590615E-002
   6.860000E+002   2.601595E-002
   6.870000E+002   2.612684E-002
   6.880000E+002   2.623874E-002
   6.890000E+002   2.635161E-002
   6.900000E+002   2.646537E-002
   6.910000E+002   2.657996E-002
   6.920000E+002   2.669532E-002
   6.930000E+002   2.681137E-002
   6.940000E+002   2.692806E-002
   6.950000E+002   2.704533E-002
   6.960000E+002   2.716310E-002
   6.970000E+002   2.728132E-002
   6.980000E+002   2.739992E-002
   6.990000E+002   2.751884E-002
   7.000000E+002   2.763800E-002
   7.010000E+002   2.775735E-002
   7.020000E+002   2.787684E-002
   7.030000E+002   2.799640E-002
   7.040000E+002   2.811598E-002
   7.050000E+002   2.823552E-002
   7.060000E+002   2.835497E-002
   7.070000E+002   2.847428E-002
   7.080000E+002   2.859337E-002
   7.090000E+002   2.871221E-002
   7.100000E+002   2.883073E-002
   7.110000E+002   2.894887E-002
   7.120000E+002   2.906659E-002
   7.130000E+002   2.918382E-002
   7.140000E+002   2.930051E-002
   7.150000E+002   2.941661E-002
   7.160000E+002   2.953205E-002
   7.170000E+002   2.964678E-002
   7.180000E+002   2.976075E-002
   7.190000E+002   2.987390E-002
   7.200000E+002   2.998616E-002
   7.210000E+002   3.009750E-002
   7.220000E+002   3.020785E-002
   7.230000E+002   3.031715E-002
   7.240000E+002   3.042535E-002
   7.250000E+002   3.053239E-002
   7.260000E+002   3.063822E-002
   7.270000E+002   3.074278E-002
   7.280000E+002   3.084602E-002
   7.290000E+002   3.094787E-002
   7.300000E+002   3.104829E-002
   7.310000E+002   3.114721E-002
   7.320000E+002   3.124459E-002
   7.330000E+002   3.134036E-002
   7.340000E+002   3.143447E-002
   7.350000E+002   3.152686E-002
   7.360000E+002   3.161747E-002
   7.370000E+002   3.170626E-002
   7.380000E+002   3.179316E-002
   7.390000E+002   3.187812E-002
   7.400000E+002   3.196109E-002
   7.410000E+002   3.204200E-002
   7.420000E+002   3.212080E-002
   7.430000E+002   3.219743E-002
   7.440000E+002   3.227185E-002
   7.450000E+002   3.234398E-002
   7.460000E+002   3.241378E-002
   7.470000E+002   3.248120E-002
   7.480000E+002   3.254616E-002
   7.490000E+002   3.260863E-002
   7.500000E+002   3.266853E-002
   7.510000E+002   3.272583E-002
   7.520000E+002   3.278050E-002
   7.530000E+002   3.283251E-002
   7.540000E+002   3.288185E-002
   7.550000E+002   3.292850E-002
   7.560000E+002   3.297244E-002
   7.570000E+002   3.301364E-002
   7.580000E+002   3.305210E-002
   7.590000E+002   3.308778E-002
   7.600000E+002   3.312067E-002
   7.610000E+002   3.315075E-002
   7.620000E+002   3.317800E-002
   7.630000E+002   3.320240E-002
   7.640000E+002   3.322393E-002
   7.650000E+002   3.324257E-002
   7.660000E+002   3.325830E-002
   7.670000E+002   3.327111E-002
   7.680000E+002   3.328096E-002
   7.690000E+002   3.328785E-002
   7.700000E+002   3.329175E-002
   7.710000E+002   3.329264E-002
   7.720000E+002   3.329051E-002
   7.730000E+002   3.328533E-002
   7.740000E+002   3.327708E-002
   7.750000E+002   3.326575E-002
   7.760000E+002   3.325131E-002
   7.770000E+002   3.323374E-002
   7.780000E+002   3.321303E-002
   7.790000E+002   3.318916E-002
   7.800000E+002   3.316210E-002
   7.810000E+002   3.313183E-002
   7.820000E+002   3.309835E-002
   7.830000E+002   3.306161E-002
   7.840000E+002   3.302162E-002
   7.850000E+002   3.297834E-002
   7.860000E+002   3.293176E-002
   7.870000E+002   3.288186E-002
   7.880000E+002   3.282862E-002
   7.890000E+002   3.277201E-002
   7.900000E+002   3.271202E-002
   7.910000E+002   3.264863E-002
   7.920000E+002   3.258182E-002
   7.930000E+002   3.251157E-002
   7.940000E+002   3.243787E-002
   7.950000E+002   3.236068E-002
   7.960000E+002   3.227999E-002
   7.970000E+002   3.219578E-002
   7.980000E+002   3.210803E-002
   7.990000E+002   3.201673E-002
   8.000000E+002   3.192184E-002
   8.010000E+002   3.182338E-002
   8.020000E+002   3.172139E-002
   8.030000E+002   3.161597E-002
   8.040000E+002   3.150719E-002
   8.050000E+002   3.139513E-002
   8.060000E+002   3.127987E-002
   8.070000E+002   3.116148E-002
   8.080000E+002   3.104005E-002
   8.090000E+002   3.091567E-002
   8.100000E+002   3.078839E-002
   8.110000E+002   3.065832E-002
   8.120000E+002   3.052552E-002
   8.130000E+002   3.039007E-002
   8.140000E+002   3.025206E-002
   8.150000E+002   3.011157E-002
   8.160000E+002   2.996867E-002
   8.170000E+002   2.982344E-002
   8.180000E+002   2.967596E-002
   8.190000E+002   2.952631E-002
   8.200000E+002   2.937458E-002
   8.210000E+002   2.922083E-002
   8.220000E+002   2.906516E-002
   8.230000E+002   2.890764E-002
   8.240000E+002   2.874834E-002
   8.250000E+002   2.858735E-002
   8.260000E+002   2.842475E-002
   8.270000E+002   2.826062E-002
   8.280000E+002   2.809503E-002
   8.290000E+002   2.792807E-002
   8.300000E+002   2.775982E-002
   8.310000E+002   2.759035E-002
   8.320000E+002   2.741974E-002
   8.330000E+002   2.724808E-002
   8.340000E+002   2.707544E-002
   8.350000E+002   2.690190E-002
   8.360000E+002   2.672755E-002
   8.370000E+002   2.655246E-002
   8.380000E+002   2.637670E-002
   8.390000E+002   2.620037E-002
   8.400000E+002   2.602354E-002
   8.410000E+002   2.584628E-002
   8.420000E+002   2.566869E-002
   8.430000E+002   2.549083E-002
   8.440000E+002   2.531279E-002
   8.450000E+002   2.513465E-002
   8.460000E+002   2.495648E-002
   8.470000E+002   2.477836E-002
   8.480000E+002   2.460039E-002
   8.490000E+002   2.442262E-002
   8.500000E+002   2.424516E-002
   8.510000E+002   2.406805E-002
   8.520000E+002   2.389135E-002
   8.530000E+002   2.371509E-002
   8.540000E+002   2.353929E-002
   8.550000E+002   2.336398E-002
   8.560000E+002   2.318921E-002
   8.570000E+002   2.301499E-002
   8.580000E+002   2.284136E-002
   8.590000E+002   2.266835E-002
   8.600000E+002   2.249600E-002
   8.610000E+002   2.232432E-002
   8.620000E+002   2.215335E-002
   8.630000E+002   2.198313E-002
   8.640000E+002   2.181369E-002
   8.650000E+002   2.164504E-002
   8.660000E+002   2.147724E-002
   8.670000E+002   2.131030E-002
   8.680000E+002   2.114425E-002
   8.690000E+002   2.097914E-002
   8.700000E+002   2.081498E-002
   8.710000E+002   2.065181E-002
   8.720000E+002   2.048967E-002
   8.730000E+002   2.032857E-002
   8.740000E+002   2.016856E-002
   8.750000E+002   2.000966E-002
   8.760000E+002   1.985190E-002
   8.770000E+002   1.969532E-002
   8.780000E+002   1.953995E-002
   8.790000E+002   1.938581E-002
   8.800000E+002   1.923293E-002
   8.810000E+002   1.908136E-002
   8.820000E+002   1.893111E-002
   8.830000E+002   1.878223E-002
   8.840000E+002   1.863473E-002
   8.850000E+002   1.848865E-002
   8.860000E+002   1.834403E-002
   8.870000E+002   1.820089E-002
   8.880000E+002   1.805926E-002
   8.890000E+002   1.791918E-002
   8.900000E+002   1.778068E-002
   8.910000E+002   1.764378E-002
   8.920000E+002   1.750851E-002
   8.930000E+002   1.737492E-002
   8.940000E+002   1.724302E-002
   8.950000E+002   1.711285E-002
   8.960000E+002   1.698444E-002
   8.970000E+002   1.685783E-002
   8.980000E+002   1.673303E-002
   8.990000E+002   1.661009E-002
   9.000000E+002   1.648903E-002
   9.010000E+002   1.636988E-002
   9.020000E+002   1.625266E-002
   9.030000E+002   1.613735E-002
   9.040000E+002   1.602398E-002
   9.050000E+002   1.591255E-002
   9.060000E+002   1.580306E-002
   9.070000E+002   1.569551E-002
   9.080000E+002   1.558992E-002
   9.090000E+002   1.548629E-002
   9.100000E+002   1.538463E-002
   9.110000E+002   1.528493E-002
   9.120000E+002   1.518721E-002
   9.130000E+002   1.509148E-002
   9.140000E+002   1.499773E-002
   9.150000E+002   1.490597E-002
   9.160000E+002   1.481621E-002
   9.170000E+002   1.472846E-002
   9.180000E+002   1.464272E-002
   9.190000E+002   1.455899E-002
   9.200000E+002   1.447728E-002
   9.210000E+002   1.439761E-002
   9.220000E+002   1.431996E-002
   9.230000E+002   1.424435E-002
   9.240000E+002   1.417079E-002
   9.250000E+002   1.409927E-002
   9.260000E+002   1.402981E-002
   9.270000E+002   1.396241E-002
   9.280000E+002   1.389708E-002
   9.290000E+002   1.383382E-002
   9.300000E+002   1.377263E-002
   9.310000E+002   1.371353E-002
   9.320000E+002   1.365652E-002
   9.330000E+002   1.360160E-002
   9.340000E+002   1.354879E-002
   9.350000E+002   1.349808E-002
   9.360000E+002   1.344947E-002
   9.370000E+002   1.340299E-002
   9.380000E+002   1.335863E-002
   9.390000E+002   1.331640E-002
   9.400000E+002   1.327630E-002
   9.410000E+002   1.323834E-002
   9.420000E+002   1.320253E-002
   9.430000E+002   1.316886E-002
   9.440000E+002   1.313736E-002
   9.450000E+002   1.310801E-002
   9.460000E+002   1.308083E-002
   9.470000E+002   1.305583E-002
   9.480000E+002   1.303300E-002
   9.490000E+002   1.301236E-002
   9.500000E+002   1.299391E-002
   9.510000E+002   1.297765E-002
   9.520000E+002   1.296354E-002
   9.530000E+002   1.295156E-002
   9.540000E+002   1.294166E-002
   9.550000E+002   1.293380E-002
   9.560000E+002   1.292796E-002
   9.570000E+002   1.292408E-002
   9.580000E+002   1.292213E-002
   9.590000E+002   1.292208E-002
   9.600000E+002   1.292389E-002
   9.610000E+002   1.292752E-002
   9.620000E+002   1.293293E-002
   9.630000E+002   1.294008E-002
   9.640000E+002   1.294894E-002
   9.650000E+002   1.295947E-002
   9.660000E+002   1.297163E-002
   9.670000E+002   1.298539E-002
   9.680000E+002   1.300070E-002
   9.690000E+002   1.301753E-002
   9.700000E+002   1.303585E-002
   9.710000E+002   1.305560E-002
   9.720000E+002   1.307677E-002
   9.730000E+002   1.309930E-002
   9.740000E+002   1.312316E-002
   9.750000E+002   1.314832E-002
   9.760000E+002   1.317473E-002
   9.770000E+002   1.320236E-002
   9.780000E+002   1.323117E-002
   9.790000E+002   1.326113E-002
   9.800000E+002   1.329219E-002
   9.810000E+002   1.332431E-002
   9.820000E+002   1.335747E-002
   9.830000E+002   1.339162E-002
   9.840000E+002   1.342673E-002
   9.850000E+002   1.346275E-002
   9.860000E+002   1.349965E-002
   9.870000E+002   1.353740E-002
   9.880000E+002   1.357595E-002
   9.890000E+002   1.361527E-002
   9.900000E+002   1.365531E-002
   9.910000E+002   1.369605E-002
   9.920000E+002   1.373744E-002
   9.930000E+002   1.377945E-002
   9.940000E+002   1.382204E-002
   9.950000E+002   1.386517E-002
   9.960000E+002   1.390881E-002
   9.970000E+002   1.395291E-002
   9.980000E+002   1.399744E-002
   9.990000E+002   1.404236E-002
   1.000000E+003   1.408763E-002
   1.001000E+003   1.413322E-002
   1.002000E+003   1.417910E-002
   1.003000E+003   1.422522E-002
   1.004000E+003   1.427156E-002
   1.005000E+003   1.431809E-002
   1.006000E+003   1.436477E-002
   1.007000E+003   1.441157E-002
   1.008000E+003   1.445846E-002
   1.009000E+003   1.450540E-002
   1.010000E+003   1.455236E-002
   1.011000E+003   1.459932E-002
   1.012000E+003   1.464622E-002
   1.013000E+003   1.469306E-002
   1.014000E+003   1.473978E-002
   1.015000E+003   1.478636E-002
   1.016000E+003   1.483276E-002
   1.017000E+003   1.487896E-002
   1.018000E+003   1.492492E-002
   1.019000E+003   1.497061E-002
   1.020000E+003   1.501599E-002
   1.021000E+003   1.506103E-002
   1.022000E+003   1.510570E-002
   1.023000E+003   1.514997E-002
   1.024000E+003   1.519380E-002
   1.025000E+003   1.523716E-002
   1.026000E+003   1.528003E-002
   1.027000E+003   1.532235E-002
   1.028000E+003   1.536411E-002
   1.029000E+003   1.540527E-002
   1.030000E+003   1.544580E-002
   1.031000E+003   1.548566E-002
   1.032000E+003   1.552483E-002
   1.033000E+003   1.556326E-002
   1.034000E+003   1.560093E-002
   1.035000E+003   1.563780E-002
   1.036000E+003   1.567385E-002
   1.037000E+003   1.570903E-002
   1.038000E+003   1.574332E-002
   1.039000E+003   1.577669E-002
   1.040000E+003   1.580909E-002
   1.041000E+003   1.584050E-002
   1.042000E+003   1.587089E-002
   1.043000E+003   1.590022E-002
   1.044000E+003   1.592845E-002
   1.045000E+003   1.595557E-002
   1.046000E+003   1.598153E-002
   1.047000E+003   1.600630E-002
   1.048000E+003   1.602985E-002
   1.049000E+003   1.605215E-002
   1.050000E+003   1.607316E-002
   1.051000E+003   1.609285E-002
   1.052000E+003   1.611123E-002
   1.053000E+003   1.612829E-002
   1.054000E+003   1.614403E-002
   1.055000E+003   1.615846E-002
   1.056000E+003   1.617157E-002
   1.057000E+003   1.618337E-002
   1.058000E+003   1.619386E-002
   1.059000E+003   1.620303E-002
   1.060000E+003   1.621090E-002
   1.061000E+003   1.621745E-002
   1.062000E+003   1.622269E-002
   1.063000E+003   1.622663E-002
   1.064000E+003   1.622926E-002
   1.065000E+003   1.623058E-002
   1.066000E+003   1.623060E-002
   1.067000E+003   1.622931E-002
   1.068000E+003   1.622672E-002
   1.069000E+003   1.622283E-002
   1.070000E+003   1.621764E-002
   1.071000E+003   1.621114E-002
   1.072000E+003   1.620335E-002
   1.073000E+003   1.619426E-002
   1.074000E+003   1.618387E-002
   1.075000E+003   1.617218E-002
   1.076000E+003   1.615919E-002
   1.077000E+003   1.614492E-002
   1.078000E+003   1.612934E-002
   1.079000E+003   1.611248E-002
   1.080000E+003   1.609432E-002
   1.081000E+003   1.607487E-002
   1.082000E+003   1.605413E-002
   1.083000E+003   1.603210E-002
   1.084000E+003   1.600878E-002
   1.085000E+003   1.598418E-002
   1.086000E+003   1.595829E-002
   1.087000E+003   1.593111E-002
   1.088000E+003   1.590265E-002
   1.089000E+003   1.587290E-002
   1.090000E+003   1.584187E-002
   1.091000E+003   1.580956E-002
   1.092000E+003   1.577597E-002
   1.093000E+003   1.574110E-002
   1.094000E+003   1.570494E-002
   1.095000E+003   1.566751E-002
   1.096000E+003   1.562881E-002
   1.097000E+003   1.558882E-002
   1.098000E+003   1.554757E-002
   1.099000E+003   1.550503E-002
   1.100000E+003   1.546123E-002
   1.101000E+003   1.541615E-002
   1.102000E+003   1.536984E-002
   1.103000E+003   1.532232E-002
   1.104000E+003   1.527362E-002
   1.105000E+003   1.522378E-002
   1.106000E+003   1.517282E-002
   1.107000E+003   1.512079E-002
   1.108000E+003   1.506771E-002
   1.109000E+003   1.501362E-002
   1.110000E+003   1.495854E-002
   1.111000E+003   1.490251E-002
   1.112000E+003   1.484556E-002
   1.113000E+003   1.478773E-002
   1.114000E+003   1.472905E-002
   1.115000E+003   1.466954E-002
   1.116000E+003   1.460924E-002
   1.117000E+003   1.454819E-002
   1.118000E+003   1.448641E-002
   1.119000E+003   1.442394E-002
   1.120000E+003   1.436081E-002
   1.121000E+003   1.429705E-002
   1.122000E+003   1.423269E-002
   1.123000E+003   1.416777E-002
   1.124000E+003   1.410232E-002
   1.125000E+003   1.403637E-002
   1.126000E+003   1.396995E-002
   1.127000E+003   1.390310E-002
   1.128000E+003   1.383584E-002
   1.129000E+003   1.376821E-002
   1.130000E+003   1.370025E-002
   1.131000E+003   1.363198E-002
   1.132000E+003   1.356343E-002
   1.133000E+003   1.349465E-002
   1.134000E+003   1.342565E-002
   1.135000E+003   1.335648E-002
   1.136000E+003   1.328716E-002
   1.137000E+003   1.321773E-002
   1.138000E+003   1.314822E-002
   1.139000E+003   1.307866E-002
   1.140000E+003   1.300909E-002
   1.141000E+003   1.293953E-002
   1.142000E+003   1.287002E-002
   1.143000E+003   1.280059E-002
   1.144000E+003   1.273127E-002
   1.145000E+003   1.266210E-002
   1.146000E+003   1.259310E-002
   1.147000E+003   1.252431E-002
   1.148000E+003   1.245577E-002
   1.149000E+003   1.238750E-002
   1.150000E+003   1.231953E-002
   1.151000E+003   1.225190E-002
   1.152000E+003   1.218460E-002
   1.153000E+003   1.211762E-002
   1.154000E+003   1.205097E-002
   1.155000E+003   1.198462E-002
   1.156000E+003   1.191858E-002
   1.157000E+003   1.185283E-002
   1.158000E+003   1.178738E-002
   1.159000E+003   1.172221E-002
   1.160000E+003   1.165731E-002
   1.161000E+003   1.159269E-002
   1.162000E+003   1.152833E-002
   1.163000E+003   1.146423E-002
   1.164000E+003   1.140038E-002
   1.165000E+003   1.133677E-002
   1.166000E+003   1.127340E-002
   1.167000E+003   1.121026E-002
   1.168000E+003   1.114735E-002
   1.169000E+003   1.108465E-002
   1.170000E+003   1.102215E-002
   1.171000E+003   1.095987E-002
   1.172000E+003   1.089778E-002
   1.173000E+003   1.083587E-002
   1.174000E+003   1.077415E-002
   1.175000E+003   1.071261E-002
   1.176000E+003   1.065124E-002
   1.177000E+003   1.059002E-002
   1.178000E+003   1.052897E-002
   1.179000E+003   1.046806E-002
   1.180000E+003   1.040729E-002
   1.181000E+003   1.034666E-002
   1.182000E+003   1.028616E-002
   1.183000E+003   1.022578E-002
   1.184000E+003   1.016552E-002
   1.185000E+003   1.010536E-002
   1.186000E+003   1.004530E-002
   1.187000E+003   9.985344E-003
   1.188000E+003   9.925472E-003
   1.189000E+003   9.865680E-003
   1.190000E+003   9.805964E-003
   1.191000E+003   9.746314E-003
   1.192000E+003   9.686726E-003
   1.193000E+003   9.627192E-003
   1.194000E+003   9.567705E-003
   1.195000E+003   9.508259E-003
   1.196000E+003   9.448846E-003
   1.197000E+003   9.389461E-003
   1.198000E+003   9.330096E-003
   1.199000E+003   9.270744E-003
   1.200000E+003   9.211399E-003
