   1.000000E+000   3.518169E-002
   2.000000E+000   4.081574E-002
   3.000000E+000   4.644979E-002
   4.000000E+000   4.241538E-002
   5.000000E+000   3.790956E-002
   6.000000E+000   3.508428E-002
   7.000000E+000   3.310332E-002
   8.000000E+000   3.172337E-002
   9.000000E+000   3.083932E-002
   1.000000E+001   3.030574E-002
   1.100000E+001   2.998797E-002
   1.200000E+001   2.983466E-002
   1.300000E+001   2.981613E-002
   1.400000E+001   2.990606E-002
   1.500000E+001   3.007899E-002
   1.600000E+001   3.031251E-002
   1.700000E+001   3.059641E-002
   1.800000E+001   3.092354E-002
   1.900000E+001   3.128676E-002
   2.000000E+001   3.167891E-002
   2.100000E+001   3.209373E-002
   2.200000E+001   3.252848E-002
   2.300000E+001   3.298130E-002
   2.400000E+001   3.345033E-002
   2.500000E+001   3.393372E-002
   2.600000E+001   3.442962E-002
   2.700000E+001   3.493616E-002
   2.800000E+001   3.545148E-002
   2.900000E+001   3.597374E-002
   3.000000E+001   3.650107E-002
   3.100000E+001   3.703191E-002
   3.200000E+001   3.756579E-002
   3.300000E+001   3.810254E-002
   3.400000E+001   3.864201E-002
   3.500000E+001   3.918402E-002
   3.600000E+001   3.972839E-002
   3.700000E+001   4.027496E-002
   3.800000E+001   4.082356E-002
   3.900000E+001   4.137402E-002
   4.000000E+001   4.192617E-002
   4.100000E+001   4.247984E-002
   4.200000E+001   4.303487E-002
   4.300000E+001   4.359111E-002
   4.400000E+001   4.414841E-002
   4.500000E+001   4.470660E-002
   4.600000E+001   4.526555E-002
   4.700000E+001   4.582509E-002
   4.800000E+001   4.638506E-002
   4.900000E+001   4.694532E-002
   5.000000E+001   4.750571E-002
   5.100000E+001   4.806610E-002
   5.200000E+001   4.862649E-002
   5.300000E+001   4.918692E-002
   5.400000E+001   4.974742E-002
   5.500000E+001   5.030801E-002
   5.600000E+001   5.086873E-002
   5.700000E+001   5.142960E-002
   5.800000E+001   5.199066E-002
   5.900000E+001   5.255193E-002
   6.000000E+001   5.311345E-002
   6.100000E+001   5.367522E-002
   6.200000E+001   5.423710E-002
   6.300000E+001   5.479896E-002
   6.400000E+001   5.536062E-002
   6.500000E+001   5.592194E-002
   6.600000E+001   5.648276E-002
   6.700000E+001   5.704292E-002
   6.800000E+001   5.760228E-002
   6.900000E+001   5.816067E-002
   7.000000E+001   5.871794E-002
   7.100000E+001   5.927402E-002
   7.200000E+001   5.982922E-002
   7.300000E+001   6.038392E-002
   7.400000E+001   6.093852E-002
   7.500000E+001   6.149339E-002
   7.600000E+001   6.204894E-002
   7.700000E+001   6.260554E-002
   7.800000E+001   6.316360E-002
   7.900000E+001   6.372349E-002
   8.000000E+001   6.428560E-002
   8.100000E+001   6.485015E-002
   8.200000E+001   6.541661E-002
   8.300000E+001   6.598428E-002
   8.400000E+001   6.655244E-002
   8.500000E+001   6.712040E-002
   8.600000E+001   6.768744E-002
   8.700000E+001   6.825287E-002
   8.800000E+001   6.881597E-002
   8.900000E+001   6.937604E-002
   9.000000E+001   6.993238E-002
   9.100000E+001   7.048447E-002
   9.200000E+001   7.103252E-002
   9.300000E+001   7.157696E-002
   9.400000E+001   7.211820E-002
   9.500000E+001   7.265665E-002
   9.600000E+001   7.319273E-002
   9.700000E+001   7.372684E-002
   9.800000E+001   7.425940E-002
   9.900000E+001   7.479082E-002
   1.000000E+002   7.532152E-002
   1.010000E+002   7.585179E-002
   1.020000E+002   7.638149E-002
   1.030000E+002   7.691036E-002
   1.040000E+002   7.743813E-002
   1.050000E+002   7.796455E-002
   1.060000E+002   7.848935E-002
   1.070000E+002   7.901228E-002
   1.080000E+002   7.953307E-002
   1.090000E+002   8.005147E-002
   1.100000E+002   8.056721E-002
   1.110000E+002   8.108004E-002
   1.120000E+002   8.158969E-002
   1.130000E+002   8.209590E-002
   1.140000E+002   8.259841E-002
   1.150000E+002   8.309696E-002
   1.160000E+002   8.359129E-002
   1.170000E+002   8.408115E-002
   1.180000E+002   8.456626E-002
   1.190000E+002   8.504637E-002
   1.200000E+002   8.552122E-002
   1.210000E+002   8.599058E-002
   1.220000E+002   8.645434E-002
   1.230000E+002   8.691241E-002
   1.240000E+002   8.736472E-002
   1.250000E+002   8.781119E-002
   1.260000E+002   8.825173E-002
   1.270000E+002   8.868626E-002
   1.280000E+002   8.911471E-002
   1.290000E+002   8.953699E-002
   1.300000E+002   8.995302E-002
   1.310000E+002   9.036272E-002
   1.320000E+002   9.076602E-002
   1.330000E+002   9.116282E-002
   1.340000E+002   9.155305E-002
   1.350000E+002   9.193663E-002
   1.360000E+002   9.231347E-002
   1.370000E+002   9.268351E-002
   1.380000E+002   9.304664E-002
   1.390000E+002   9.340281E-002
   1.400000E+002   9.375191E-002
   1.410000E+002   9.409386E-002
   1.420000E+002   9.442841E-002
   1.430000E+002   9.475534E-002
   1.440000E+002   9.507439E-002
   1.450000E+002   9.538531E-002
   1.460000E+002   9.568785E-002
   1.470000E+002   9.598178E-002
   1.480000E+002   9.626683E-002
   1.490000E+002   9.654276E-002
   1.500000E+002   9.680933E-002
   1.510000E+002   9.706629E-002
   1.520000E+002   9.731338E-002
   1.530000E+002   9.755037E-002
   1.540000E+002   9.777700E-002
   1.550000E+002   9.799303E-002
   1.560000E+002   9.819820E-002
   1.570000E+002   9.839228E-002
   1.580000E+002   9.857501E-002
   1.590000E+002   9.874614E-002
   1.600000E+002   9.890544E-002
   1.610000E+002   9.905274E-002
   1.620000E+002   9.918827E-002
   1.630000E+002   9.931236E-002
   1.640000E+002   9.942533E-002
   1.650000E+002   9.952751E-002
   1.660000E+002   9.961923E-002
   1.670000E+002   9.970079E-002
   1.680000E+002   9.977254E-002
   1.690000E+002   9.983479E-002
   1.700000E+002   9.988786E-002
   1.710000E+002   9.993209E-002
   1.720000E+002   9.996779E-002
   1.730000E+002   9.999529E-002
   1.740000E+002   1.000149E-001
   1.750000E+002   1.000270E-001
   1.760000E+002   1.000318E-001
   1.770000E+002   1.000298E-001
   1.780000E+002   1.000211E-001
   1.790000E+002   1.000062E-001
   1.800000E+002   9.998539E-002
   1.810000E+002   9.995883E-002
   1.820000E+002   9.992621E-002
   1.830000E+002   9.988708E-002
   1.840000E+002   9.984100E-002
   1.850000E+002   9.978753E-002
   1.860000E+002   9.972621E-002
   1.870000E+002   9.965659E-002
   1.880000E+002   9.957823E-002
   1.890000E+002   9.949069E-002
   1.900000E+002   9.939351E-002
   1.910000E+002   9.928624E-002
   1.920000E+002   9.916845E-002
   1.930000E+002   9.903967E-002
   1.940000E+002   9.889947E-002
   1.950000E+002   9.874739E-002
   1.960000E+002   9.858299E-002
   1.970000E+002   9.840582E-002
   1.980000E+002   9.821543E-002
   1.990000E+002   9.801138E-002
   2.000000E+002   9.779321E-002
   2.010000E+002   9.756062E-002
   2.020000E+002   9.731383E-002
   2.030000E+002   9.705318E-002
   2.040000E+002   9.677904E-002
   2.050000E+002   9.649175E-002
   2.060000E+002   9.619168E-002
   2.070000E+002   9.587918E-002
   2.080000E+002   9.555460E-002
   2.090000E+002   9.521830E-002
   2.100000E+002   9.487063E-002
   2.110000E+002   9.451195E-002
   2.120000E+002   9.414261E-002
   2.130000E+002   9.376296E-002
   2.140000E+002   9.337337E-002
   2.150000E+002   9.297418E-002
   2.160000E+002   9.256576E-002
   2.170000E+002   9.214844E-002
   2.180000E+002   9.172260E-002
   2.190000E+002   9.128859E-002
   2.200000E+002   9.084675E-002
   2.210000E+002   9.039744E-002
   2.220000E+002   8.994103E-002
   2.230000E+002   8.947786E-002
   2.240000E+002   8.900828E-002
   2.250000E+002   8.853266E-002
   2.260000E+002   8.805131E-002
   2.270000E+002   8.756437E-002
   2.280000E+002   8.707195E-002
   2.290000E+002   8.657417E-002
   2.300000E+002   8.607112E-002
   2.310000E+002   8.556291E-002
   2.320000E+002   8.504966E-002
   2.330000E+002   8.453147E-002
   2.340000E+002   8.400845E-002
   2.350000E+002   8.348070E-002
   2.360000E+002   8.294833E-002
   2.370000E+002   8.241145E-002
   2.380000E+002   8.187017E-002
   2.390000E+002   8.132459E-002
   2.400000E+002   8.077483E-002
   2.410000E+002   8.022098E-002
   2.420000E+002   7.966317E-002
   2.430000E+002   7.910148E-002
   2.440000E+002   7.853604E-002
   2.450000E+002   7.796695E-002
   2.460000E+002   7.739432E-002
   2.470000E+002   7.681825E-002
   2.480000E+002   7.623885E-002
   2.490000E+002   7.565623E-002
   2.500000E+002   7.507049E-002
   2.510000E+002   7.448177E-002
   2.520000E+002   7.389023E-002
   2.530000E+002   7.329607E-002
   2.540000E+002   7.269948E-002
   2.550000E+002   7.210066E-002
   2.560000E+002   7.149979E-002
   2.570000E+002   7.089707E-002
   2.580000E+002   7.029269E-002
   2.590000E+002   6.968684E-002
   2.600000E+002   6.907971E-002
   2.610000E+002   6.847150E-002
   2.620000E+002   6.786240E-002
   2.630000E+002   6.725261E-002
   2.640000E+002   6.664230E-002
   2.650000E+002   6.603168E-002
   2.660000E+002   6.542094E-002
   2.670000E+002   6.481027E-002
   2.680000E+002   6.419986E-002
   2.690000E+002   6.358991E-002
   2.700000E+002   6.298060E-002
   2.710000E+002   6.237213E-002
   2.720000E+002   6.176470E-002
   2.730000E+002   6.115849E-002
   2.740000E+002   6.055369E-002
   2.750000E+002   5.995050E-002
   2.760000E+002   5.934911E-002
   2.770000E+002   5.874969E-002
   2.780000E+002   5.815241E-002
   2.790000E+002   5.755743E-002
   2.800000E+002   5.696494E-002
   2.810000E+002   5.637508E-002
   2.820000E+002   5.578805E-002
   2.830000E+002   5.520400E-002
   2.840000E+002   5.462310E-002
   2.850000E+002   5.404552E-002
   2.860000E+002   5.347144E-002
   2.870000E+002   5.290102E-002
   2.880000E+002   5.233443E-002
   2.890000E+002   5.177183E-002
   2.900000E+002   5.121341E-002
   2.910000E+002   5.065932E-002
   2.920000E+002   5.010974E-002
   2.930000E+002   4.956484E-002
   2.940000E+002   4.902478E-002
   2.950000E+002   4.848974E-002
   2.960000E+002   4.795988E-002
   2.970000E+002   4.743537E-002
   2.980000E+002   4.691639E-002
   2.990000E+002   4.640309E-002
   3.000000E+002   4.589565E-002
   3.010000E+002   4.539423E-002
   3.020000E+002   4.489887E-002
   3.030000E+002   4.440963E-002
   3.040000E+002   4.392655E-002
   3.050000E+002   4.344968E-002
   3.060000E+002   4.297905E-002
   3.070000E+002   4.251471E-002
   3.080000E+002   4.205670E-002
   3.090000E+002   4.160507E-002
   3.100000E+002   4.115986E-002
   3.110000E+002   4.072111E-002
   3.120000E+002   4.028886E-002
   3.130000E+002   3.986317E-002
   3.140000E+002   3.944407E-002
   3.150000E+002   3.903161E-002
   3.160000E+002   3.862583E-002
   3.170000E+002   3.822677E-002
   3.180000E+002   3.783448E-002
   3.190000E+002   3.744900E-002
   3.200000E+002   3.707037E-002
   3.210000E+002   3.669864E-002
   3.220000E+002   3.633385E-002
   3.230000E+002   3.597604E-002
   3.240000E+002   3.562526E-002
   3.250000E+002   3.528155E-002
   3.260000E+002   3.494496E-002
   3.270000E+002   3.461552E-002
   3.280000E+002   3.429328E-002
   3.290000E+002   3.397829E-002
   3.300000E+002   3.367059E-002
   3.310000E+002   3.337021E-002
   3.320000E+002   3.307721E-002
   3.330000E+002   3.279163E-002
   3.340000E+002   3.251351E-002
   3.350000E+002   3.224290E-002
   3.360000E+002   3.197983E-002
   3.370000E+002   3.172435E-002
   3.380000E+002   3.147651E-002
   3.390000E+002   3.123635E-002
   3.400000E+002   3.100391E-002
   3.410000E+002   3.077923E-002
   3.420000E+002   3.056236E-002
   3.430000E+002   3.035335E-002
   3.440000E+002   3.015223E-002
   3.450000E+002   2.995904E-002
   3.460000E+002   2.977384E-002
   3.470000E+002   2.959667E-002
   3.480000E+002   2.942756E-002
   3.490000E+002   2.926657E-002
   3.500000E+002   2.911373E-002
   3.510000E+002   2.896907E-002
   3.520000E+002   2.883250E-002
   3.530000E+002   2.870393E-002
   3.540000E+002   2.858325E-002
   3.550000E+002   2.847036E-002
   3.560000E+002   2.836516E-002
   3.570000E+002   2.826754E-002
   3.580000E+002   2.817741E-002
   3.590000E+002   2.809466E-002
   3.600000E+002   2.801919E-002
   3.610000E+002   2.795090E-002
   3.620000E+002   2.788969E-002
   3.630000E+002   2.783544E-002
   3.640000E+002   2.778807E-002
   3.650000E+002   2.774747E-002
   3.660000E+002   2.771354E-002
   3.670000E+002   2.768617E-002
   3.680000E+002   2.766527E-002
   3.690000E+002   2.765072E-002
   3.700000E+002   2.764244E-002
   3.710000E+002   2.764031E-002
   3.720000E+002   2.764423E-002
   3.730000E+002   2.765411E-002
   3.740000E+002   2.766984E-002
   3.750000E+002   2.769132E-002
   3.760000E+002   2.771844E-002
   3.770000E+002   2.775111E-002
   3.780000E+002   2.778921E-002
   3.790000E+002   2.783266E-002
   3.800000E+002   2.788135E-002
   3.810000E+002   2.793517E-002
   3.820000E+002   2.799403E-002
   3.830000E+002   2.805781E-002
   3.840000E+002   2.812643E-002
   3.850000E+002   2.819977E-002
   3.860000E+002   2.827774E-002
   3.870000E+002   2.836023E-002
   3.880000E+002   2.844714E-002
   3.890000E+002   2.853837E-002
   3.900000E+002   2.863382E-002
   3.910000E+002   2.873338E-002
   3.920000E+002   2.883695E-002
   3.930000E+002   2.894443E-002
   3.940000E+002   2.905573E-002
   3.950000E+002   2.917072E-002
   3.960000E+002   2.928932E-002
   3.970000E+002   2.941143E-002
   3.980000E+002   2.953693E-002
   3.990000E+002   2.966573E-002
   4.000000E+002   2.979773E-002
   4.010000E+002   2.993281E-002
   4.020000E+002   3.007087E-002
   4.030000E+002   3.021177E-002
   4.040000E+002   3.035540E-002
   4.050000E+002   3.050162E-002
   4.060000E+002   3.065033E-002
   4.070000E+002   3.080138E-002
   4.080000E+002   3.095467E-002
   4.090000E+002   3.111007E-002
   4.100000E+002   3.126745E-002
   4.110000E+002   3.142669E-002
   4.120000E+002   3.158767E-002
   4.130000E+002   3.175027E-002
   4.140000E+002   3.191436E-002
   4.150000E+002   3.207981E-002
   4.160000E+002   3.224651E-002
   4.170000E+002   3.241433E-002
   4.180000E+002   3.258315E-002
   4.190000E+002   3.275285E-002
   4.200000E+002   3.292330E-002
   4.210000E+002   3.309438E-002
   4.220000E+002   3.326596E-002
   4.230000E+002   3.343793E-002
   4.240000E+002   3.361016E-002
   4.250000E+002   3.378252E-002
   4.260000E+002   3.395489E-002
   4.270000E+002   3.412716E-002
   4.280000E+002   3.429919E-002
   4.290000E+002   3.447087E-002
   4.300000E+002   3.464207E-002
   4.310000E+002   3.481266E-002
   4.320000E+002   3.498253E-002
   4.330000E+002   3.515155E-002
   4.340000E+002   3.531959E-002
   4.350000E+002   3.548654E-002
   4.360000E+002   3.565227E-002
   4.370000E+002   3.581666E-002
   4.380000E+002   3.597959E-002
   4.390000E+002   3.614092E-002
   4.400000E+002   3.630055E-002
   4.410000E+002   3.645833E-002
   4.420000E+002   3.661417E-002
   4.430000E+002   3.676791E-002
   4.440000E+002   3.691946E-002
   4.450000E+002   3.706868E-002
   4.460000E+002   3.721544E-002
   4.470000E+002   3.735963E-002
   4.480000E+002   3.750113E-002
   4.490000E+002   3.763980E-002
   4.500000E+002   3.777553E-002
   4.510000E+002   3.790821E-002
   4.520000E+002   3.803780E-002
   4.530000E+002   3.816427E-002
   4.540000E+002   3.828761E-002
   4.550000E+002   3.840778E-002
   4.560000E+002   3.852476E-002
   4.570000E+002   3.863853E-002
   4.580000E+002   3.874907E-002
   4.590000E+002   3.885634E-002
   4.600000E+002   3.896033E-002
   4.610000E+002   3.906102E-002
   4.620000E+002   3.915837E-002
   4.630000E+002   3.925236E-002
   4.640000E+002   3.934297E-002
   4.650000E+002   3.943018E-002
   4.660000E+002   3.951396E-002
   4.670000E+002   3.959429E-002
   4.680000E+002   3.967114E-002
   4.690000E+002   3.974449E-002
   4.700000E+002   3.981431E-002
   4.710000E+002   3.988058E-002
   4.720000E+002   3.994328E-002
   4.730000E+002   4.000239E-002
   4.740000E+002   4.005787E-002
   4.750000E+002   4.010970E-002
   4.760000E+002   4.015787E-002
   4.770000E+002   4.020234E-002
   4.780000E+002   4.024309E-002
   4.790000E+002   4.028010E-002
   4.800000E+002   4.031334E-002
   4.810000E+002   4.034279E-002
   4.820000E+002   4.036843E-002
   4.830000E+002   4.039023E-002
   4.840000E+002   4.040816E-002
   4.850000E+002   4.042221E-002
   4.860000E+002   4.043234E-002
   4.870000E+002   4.043855E-002
   4.880000E+002   4.044079E-002
   4.890000E+002   4.043904E-002
   4.900000E+002   4.043329E-002
   4.910000E+002   4.042351E-002
   4.920000E+002   4.040967E-002
   4.930000E+002   4.039175E-002
   4.940000E+002   4.036973E-002
   4.950000E+002   4.034358E-002
   4.960000E+002   4.031327E-002
   4.970000E+002   4.027879E-002
   4.980000E+002   4.024011E-002
   4.990000E+002   4.019720E-002
   5.000000E+002   4.015005E-002
   5.010000E+002   4.009863E-002
   5.020000E+002   4.004301E-002
   5.030000E+002   3.998324E-002
   5.040000E+002   3.991938E-002
   5.050000E+002   3.985151E-002
   5.060000E+002   3.977968E-002
   5.070000E+002   3.970395E-002
   5.080000E+002   3.962440E-002
   5.090000E+002   3.954108E-002
   5.100000E+002   3.945405E-002
   5.110000E+002   3.936339E-002
   5.120000E+002   3.926915E-002
   5.130000E+002   3.917139E-002
   5.140000E+002   3.907019E-002
   5.150000E+002   3.896560E-002
   5.160000E+002   3.885768E-002
   5.170000E+002   3.874651E-002
   5.180000E+002   3.863213E-002
   5.190000E+002   3.851463E-002
   5.200000E+002   3.839406E-002
   5.210000E+002   3.827047E-002
   5.220000E+002   3.814395E-002
   5.230000E+002   3.801454E-002
   5.240000E+002   3.788232E-002
   5.250000E+002   3.774735E-002
   5.260000E+002   3.760968E-002
   5.270000E+002   3.746939E-002
   5.280000E+002   3.732653E-002
   5.290000E+002   3.718118E-002
   5.300000E+002   3.703338E-002
   5.310000E+002   3.688322E-002
   5.320000E+002   3.673074E-002
   5.330000E+002   3.657602E-002
   5.340000E+002   3.641911E-002
   5.350000E+002   3.626008E-002
   5.360000E+002   3.609900E-002
   5.370000E+002   3.593592E-002
   5.380000E+002   3.577091E-002
   5.390000E+002   3.560404E-002
   5.400000E+002   3.543536E-002
   5.410000E+002   3.526494E-002
   5.420000E+002   3.509284E-002
   5.430000E+002   3.491914E-002
   5.440000E+002   3.474388E-002
   5.450000E+002   3.456713E-002
   5.460000E+002   3.438896E-002
   5.470000E+002   3.420943E-002
   5.480000E+002   3.402860E-002
   5.490000E+002   3.384654E-002
   5.500000E+002   3.366331E-002
   5.510000E+002   3.347897E-002
   5.520000E+002   3.329363E-002
   5.530000E+002   3.310736E-002
   5.540000E+002   3.292026E-002
   5.550000E+002   3.273242E-002
   5.560000E+002   3.254394E-002
   5.570000E+002   3.235491E-002
   5.580000E+002   3.216542E-002
   5.590000E+002   3.197556E-002
   5.600000E+002   3.178543E-002
   5.610000E+002   3.159512E-002
   5.620000E+002   3.140472E-002
   5.630000E+002   3.121433E-002
   5.640000E+002   3.102403E-002
   5.650000E+002   3.083392E-002
   5.660000E+002   3.064410E-002
   5.670000E+002   3.045465E-002
   5.680000E+002   3.026566E-002
   5.690000E+002   3.007724E-002
   5.700000E+002   2.988946E-002
   5.710000E+002   2.970244E-002
   5.720000E+002   2.951625E-002
   5.730000E+002   2.933099E-002
   5.740000E+002   2.914675E-002
   5.750000E+002   2.896363E-002
   5.760000E+002   2.878172E-002
   5.770000E+002   2.860111E-002
   5.780000E+002   2.842189E-002
   5.790000E+002   2.824416E-002
   5.800000E+002   2.806801E-002
   5.810000E+002   2.789352E-002
   5.820000E+002   2.772081E-002
   5.830000E+002   2.754994E-002
   5.840000E+002   2.738103E-002
   5.850000E+002   2.721416E-002
   5.860000E+002   2.704942E-002
   5.870000E+002   2.688691E-002
   5.880000E+002   2.672672E-002
   5.890000E+002   2.656894E-002
   5.900000E+002   2.641367E-002
   5.910000E+002   2.626099E-002
   5.920000E+002   2.611100E-002
   5.930000E+002   2.596380E-002
   5.940000E+002   2.581947E-002
   5.950000E+002   2.567811E-002
   5.960000E+002   2.553980E-002
   5.970000E+002   2.540465E-002
   5.980000E+002   2.527275E-002
   5.990000E+002   2.514419E-002
   6.000000E+002   2.501905E-002
   6.010000E+002   2.489742E-002
   6.020000E+002   2.477931E-002
   6.030000E+002   2.466470E-002
   6.040000E+002   2.455359E-002
   6.050000E+002   2.444597E-002
   6.060000E+002   2.434182E-002
   6.070000E+002   2.424115E-002
   6.080000E+002   2.414393E-002
   6.090000E+002   2.405017E-002
   6.100000E+002   2.395985E-002
   6.110000E+002   2.387297E-002
   6.120000E+002   2.378951E-002
   6.130000E+002   2.370947E-002
   6.140000E+002   2.363283E-002
   6.150000E+002   2.355960E-002
   6.160000E+002   2.348975E-002
   6.170000E+002   2.342329E-002
   6.180000E+002   2.336020E-002
   6.190000E+002   2.330047E-002
   6.200000E+002   2.324409E-002
   6.210000E+002   2.319106E-002
   6.220000E+002   2.314137E-002
   6.230000E+002   2.309501E-002
   6.240000E+002   2.305196E-002
   6.250000E+002   2.301222E-002
   6.260000E+002   2.297579E-002
   6.270000E+002   2.294265E-002
   6.280000E+002   2.291279E-002
   6.290000E+002   2.288620E-002
   6.300000E+002   2.286288E-002
   6.310000E+002   2.284282E-002
   6.320000E+002   2.282600E-002
   6.330000E+002   2.281243E-002
   6.340000E+002   2.280208E-002
   6.350000E+002   2.279495E-002
   6.360000E+002   2.279104E-002
   6.370000E+002   2.279033E-002
   6.380000E+002   2.279281E-002
   6.390000E+002   2.279848E-002
   6.400000E+002   2.280733E-002
   6.410000E+002   2.281934E-002
   6.420000E+002   2.283451E-002
   6.430000E+002   2.285283E-002
   6.440000E+002   2.287430E-002
   6.450000E+002   2.289889E-002
   6.460000E+002   2.292661E-002
   6.470000E+002   2.295744E-002
   6.480000E+002   2.299138E-002
   6.490000E+002   2.302842E-002
   6.500000E+002   2.306854E-002
   6.510000E+002   2.311173E-002
   6.520000E+002   2.315792E-002
   6.530000E+002   2.320704E-002
   6.540000E+002   2.325901E-002
   6.550000E+002   2.331377E-002
   6.560000E+002   2.337122E-002
   6.570000E+002   2.343130E-002
   6.580000E+002   2.349393E-002
   6.590000E+002   2.355903E-002
   6.600000E+002   2.362654E-002
   6.610000E+002   2.369637E-002
   6.620000E+002   2.376845E-002
   6.630000E+002   2.384270E-002
   6.640000E+002   2.391906E-002
   6.650000E+002   2.399743E-002
   6.660000E+002   2.407776E-002
   6.670000E+002   2.415995E-002
   6.680000E+002   2.424395E-002
   6.690000E+002   2.432966E-002
   6.700000E+002   2.441703E-002
   6.710000E+002   2.450596E-002
   6.720000E+002   2.459639E-002
   6.730000E+002   2.468824E-002
   6.740000E+002   2.478143E-002
   6.750000E+002   2.487589E-002
   6.760000E+002   2.497155E-002
   6.770000E+002   2.506833E-002
   6.780000E+002   2.516615E-002
   6.790000E+002   2.526494E-002
   6.800000E+002   2.536462E-002
   6.810000E+002   2.546511E-002
   6.820000E+002   2.556635E-002
   6.830000E+002   2.566826E-002
   6.840000E+002   2.577075E-002
   6.850000E+002   2.587377E-002
   6.860000E+002   2.597722E-002
   6.870000E+002   2.608104E-002
   6.880000E+002   2.618514E-002
   6.890000E+002   2.628946E-002
   6.900000E+002   2.639392E-002
   6.910000E+002   2.649844E-002
   6.920000E+002   2.660296E-002
   6.930000E+002   2.670738E-002
   6.940000E+002   2.681164E-002
   6.950000E+002   2.691566E-002
   6.960000E+002   2.701937E-002
   6.970000E+002   2.712269E-002
   6.980000E+002   2.722554E-002
   6.990000E+002   2.732786E-002
   7.000000E+002   2.742956E-002
   7.010000E+002   2.753058E-002
   7.020000E+002   2.763087E-002
   7.030000E+002   2.773040E-002
   7.040000E+002   2.782915E-002
   7.050000E+002   2.792707E-002
   7.060000E+002   2.802413E-002
   7.070000E+002   2.812030E-002
   7.080000E+002   2.821554E-002
   7.090000E+002   2.830983E-002
   7.100000E+002   2.840313E-002
   7.110000E+002   2.849539E-002
   7.120000E+002   2.858660E-002
   7.130000E+002   2.867672E-002
   7.140000E+002   2.876571E-002
   7.150000E+002   2.885355E-002
   7.160000E+002   2.894019E-002
   7.170000E+002   2.902560E-002
   7.180000E+002   2.910975E-002
   7.190000E+002   2.919261E-002
   7.200000E+002   2.927414E-002
   7.210000E+002   2.935431E-002
   7.220000E+002   2.943309E-002
   7.230000E+002   2.951044E-002
   7.240000E+002   2.958633E-002
   7.250000E+002   2.966073E-002
   7.260000E+002   2.973360E-002
   7.270000E+002   2.980490E-002
   7.280000E+002   2.987461E-002
   7.290000E+002   2.994269E-002
   7.300000E+002   3.000912E-002
   7.310000E+002   3.007384E-002
   7.320000E+002   3.013684E-002
   7.330000E+002   3.019807E-002
   7.340000E+002   3.025751E-002
   7.350000E+002   3.031512E-002
   7.360000E+002   3.037086E-002
   7.370000E+002   3.042471E-002
   7.380000E+002   3.047663E-002
   7.390000E+002   3.052659E-002
   7.400000E+002   3.057455E-002
   7.410000E+002   3.062048E-002
   7.420000E+002   3.066434E-002
   7.430000E+002   3.070611E-002
   7.440000E+002   3.074575E-002
   7.450000E+002   3.078322E-002
   7.460000E+002   3.081850E-002
   7.470000E+002   3.085154E-002
   7.480000E+002   3.088232E-002
   7.490000E+002   3.091080E-002
   7.500000E+002   3.093695E-002
   7.510000E+002   3.096074E-002
   7.520000E+002   3.098215E-002
   7.530000E+002   3.100117E-002
   7.540000E+002   3.101779E-002
   7.550000E+002   3.103200E-002
   7.560000E+002   3.104379E-002
   7.570000E+002   3.105314E-002
   7.580000E+002   3.106005E-002
   7.590000E+002   3.106450E-002
   7.600000E+002   3.106648E-002
   7.610000E+002   3.106599E-002
   7.620000E+002   3.106300E-002
   7.630000E+002   3.105750E-002
   7.640000E+002   3.104949E-002
   7.650000E+002   3.103896E-002
   7.660000E+002   3.102589E-002
   7.670000E+002   3.101027E-002
   7.680000E+002   3.099208E-002
   7.690000E+002   3.097133E-002
   7.700000E+002   3.094799E-002
   7.710000E+002   3.092205E-002
   7.720000E+002   3.089351E-002
   7.730000E+002   3.086235E-002
   7.740000E+002   3.082857E-002
   7.750000E+002   3.079214E-002
   7.760000E+002   3.075305E-002
   7.770000E+002   3.071130E-002
   7.780000E+002   3.066688E-002
   7.790000E+002   3.061977E-002
   7.800000E+002   3.056996E-002
   7.810000E+002   3.051744E-002
   7.820000E+002   3.046220E-002
   7.830000E+002   3.040422E-002
   7.840000E+002   3.034350E-002
   7.850000E+002   3.028003E-002
   7.860000E+002   3.021378E-002
   7.870000E+002   3.014476E-002
   7.880000E+002   3.007295E-002
   7.890000E+002   2.999833E-002
   7.900000E+002   2.992090E-002
   7.910000E+002   2.984064E-002
   7.920000E+002   2.975755E-002
   7.930000E+002   2.967161E-002
   7.940000E+002   2.958281E-002
   7.950000E+002   2.949114E-002
   7.960000E+002   2.939658E-002
   7.970000E+002   2.929913E-002
   7.980000E+002   2.919877E-002
   7.990000E+002   2.909550E-002
   8.000000E+002   2.898930E-002
   8.010000E+002   2.888017E-002
   8.020000E+002   2.876819E-002
   8.030000E+002   2.865343E-002
   8.040000E+002   2.853598E-002
   8.050000E+002   2.841591E-002
   8.060000E+002   2.829332E-002
   8.070000E+002   2.816829E-002
   8.080000E+002   2.804089E-002
   8.090000E+002   2.791120E-002
   8.100000E+002   2.777933E-002
   8.110000E+002   2.764533E-002
   8.120000E+002   2.750930E-002
   8.130000E+002   2.737133E-002
   8.140000E+002   2.723148E-002
   8.150000E+002   2.708985E-002
   8.160000E+002   2.694651E-002
   8.170000E+002   2.680156E-002
   8.180000E+002   2.665506E-002
   8.190000E+002   2.650711E-002
   8.200000E+002   2.635779E-002
   8.210000E+002   2.620717E-002
   8.220000E+002   2.605535E-002
   8.230000E+002   2.590240E-002
   8.240000E+002   2.574841E-002
   8.250000E+002   2.559345E-002
   8.260000E+002   2.543762E-002
   8.270000E+002   2.528099E-002
   8.280000E+002   2.512365E-002
   8.290000E+002   2.496568E-002
   8.300000E+002   2.480715E-002
   8.310000E+002   2.464817E-002
   8.320000E+002   2.448879E-002
   8.330000E+002   2.432912E-002
   8.340000E+002   2.416923E-002
   8.350000E+002   2.400920E-002
   8.360000E+002   2.384912E-002
   8.370000E+002   2.368906E-002
   8.380000E+002   2.352912E-002
   8.390000E+002   2.336937E-002
   8.400000E+002   2.320990E-002
   8.410000E+002   2.305078E-002
   8.420000E+002   2.289211E-002
   8.430000E+002   2.273396E-002
   8.440000E+002   2.257642E-002
   8.450000E+002   2.241956E-002
   8.460000E+002   2.226348E-002
   8.470000E+002   2.210824E-002
   8.480000E+002   2.195395E-002
   8.490000E+002   2.180067E-002
   8.500000E+002   2.164850E-002
   8.510000E+002   2.149749E-002
   8.520000E+002   2.134767E-002
   8.530000E+002   2.119903E-002
   8.540000E+002   2.105159E-002
   8.550000E+002   2.090534E-002
   8.560000E+002   2.076029E-002
   8.570000E+002   2.061644E-002
   8.580000E+002   2.047379E-002
   8.590000E+002   2.033234E-002
   8.600000E+002   2.019210E-002
   8.610000E+002   2.005306E-002
   8.620000E+002   1.991524E-002
   8.630000E+002   1.977863E-002
   8.640000E+002   1.964324E-002
   8.650000E+002   1.950907E-002
   8.660000E+002   1.937612E-002
   8.670000E+002   1.924439E-002
   8.680000E+002   1.911389E-002
   8.690000E+002   1.898462E-002
   8.700000E+002   1.885658E-002
   8.710000E+002   1.872977E-002
   8.720000E+002   1.860421E-002
   8.730000E+002   1.847988E-002
   8.740000E+002   1.835679E-002
   8.750000E+002   1.823495E-002
   8.760000E+002   1.811436E-002
   8.770000E+002   1.799501E-002
   8.780000E+002   1.787692E-002
   8.790000E+002   1.776008E-002
   8.800000E+002   1.764450E-002
   8.810000E+002   1.753018E-002
   8.820000E+002   1.741713E-002
   8.830000E+002   1.730533E-002
   8.840000E+002   1.719481E-002
   8.850000E+002   1.708556E-002
   8.860000E+002   1.697757E-002
   8.870000E+002   1.687087E-002
   8.880000E+002   1.676544E-002
   8.890000E+002   1.666129E-002
   8.900000E+002   1.655843E-002
   8.910000E+002   1.645685E-002
   8.920000E+002   1.635656E-002
   8.930000E+002   1.625756E-002
   8.940000E+002   1.615985E-002
   8.950000E+002   1.606344E-002
   8.960000E+002   1.596833E-002
   8.970000E+002   1.587452E-002
   8.980000E+002   1.578201E-002
   8.990000E+002   1.569081E-002
   9.000000E+002   1.560091E-002
   9.010000E+002   1.551233E-002
   9.020000E+002   1.542508E-002
   9.030000E+002   1.533917E-002
   9.040000E+002   1.525462E-002
   9.050000E+002   1.517144E-002
   9.060000E+002   1.508966E-002
   9.070000E+002   1.500928E-002
   9.080000E+002   1.493032E-002
   9.090000E+002   1.485280E-002
   9.100000E+002   1.477673E-002
   9.110000E+002   1.470213E-002
   9.120000E+002   1.462902E-002
   9.130000E+002   1.455741E-002
   9.140000E+002   1.448731E-002
   9.150000E+002   1.441875E-002
   9.160000E+002   1.435174E-002
   9.170000E+002   1.428629E-002
   9.180000E+002   1.422242E-002
   9.190000E+002   1.416014E-002
   9.200000E+002   1.409948E-002
   9.210000E+002   1.404045E-002
   9.220000E+002   1.398306E-002
   9.230000E+002   1.392732E-002
   9.240000E+002   1.387327E-002
   9.250000E+002   1.382090E-002
   9.260000E+002   1.377024E-002
   9.270000E+002   1.372130E-002
   9.280000E+002   1.367410E-002
   9.290000E+002   1.362866E-002
   9.300000E+002   1.358498E-002
   9.310000E+002   1.354310E-002
   9.320000E+002   1.350301E-002
   9.330000E+002   1.346474E-002
   9.340000E+002   1.342830E-002
   9.350000E+002   1.339371E-002
   9.360000E+002   1.336099E-002
   9.370000E+002   1.333014E-002
   9.380000E+002   1.330120E-002
   9.390000E+002   1.327416E-002
   9.400000E+002   1.324906E-002
   9.410000E+002   1.322589E-002
   9.420000E+002   1.320469E-002
   9.430000E+002   1.318546E-002
   9.440000E+002   1.316823E-002
   9.450000E+002   1.315300E-002
   9.460000E+002   1.313979E-002
   9.470000E+002   1.312862E-002
   9.480000E+002   1.311951E-002
   9.490000E+002   1.311247E-002
   9.500000E+002   1.310751E-002
   9.510000E+002   1.310465E-002
   9.520000E+002   1.310384E-002
   9.530000E+002   1.310505E-002
   9.540000E+002   1.310822E-002
   9.550000E+002   1.311331E-002
   9.560000E+002   1.312028E-002
   9.570000E+002   1.312908E-002
   9.580000E+002   1.313967E-002
   9.590000E+002   1.315200E-002
   9.600000E+002   1.316602E-002
   9.610000E+002   1.318170E-002
   9.620000E+002   1.319898E-002
   9.630000E+002   1.321783E-002
   9.640000E+002   1.323819E-002
   9.650000E+002   1.326002E-002
   9.660000E+002   1.328327E-002
   9.670000E+002   1.330791E-002
   9.680000E+002   1.333388E-002
   9.690000E+002   1.336115E-002
   9.700000E+002   1.338966E-002
   9.710000E+002   1.341937E-002
   9.720000E+002   1.345023E-002
   9.730000E+002   1.348221E-002
   9.740000E+002   1.351525E-002
   9.750000E+002   1.354931E-002
   9.760000E+002   1.358435E-002
   9.770000E+002   1.362031E-002
   9.780000E+002   1.365716E-002
   9.790000E+002   1.369486E-002
   9.800000E+002   1.373334E-002
   9.810000E+002   1.377258E-002
   9.820000E+002   1.381252E-002
   9.830000E+002   1.385312E-002
   9.840000E+002   1.389433E-002
   9.850000E+002   1.393612E-002
   9.860000E+002   1.397843E-002
   9.870000E+002   1.402121E-002
   9.880000E+002   1.406444E-002
   9.890000E+002   1.410805E-002
   9.900000E+002   1.415200E-002
   9.910000E+002   1.419626E-002
   9.920000E+002   1.424077E-002
   9.930000E+002   1.428548E-002
   9.940000E+002   1.433036E-002
   9.950000E+002   1.437536E-002
   9.960000E+002   1.442044E-002
   9.970000E+002   1.446554E-002
   9.980000E+002   1.451062E-002
   9.990000E+002   1.455565E-002
   1.000000E+003   1.460056E-002
   1.001000E+003   1.464533E-002
   1.002000E+003   1.468994E-002
   1.003000E+003   1.473435E-002
   1.004000E+003   1.477857E-002
   1.005000E+003   1.482257E-002
   1.006000E+003   1.486634E-002
   1.007000E+003   1.490985E-002
   1.008000E+003   1.495310E-002
   1.009000E+003   1.499607E-002
   1.010000E+003   1.503874E-002
   1.011000E+003   1.508110E-002
   1.012000E+003   1.512312E-002
   1.013000E+003   1.516480E-002
   1.014000E+003   1.520611E-002
   1.015000E+003   1.524704E-002
   1.016000E+003   1.528757E-002
   1.017000E+003   1.532770E-002
   1.018000E+003   1.536739E-002
   1.019000E+003   1.540664E-002
   1.020000E+003   1.544542E-002
   1.021000E+003   1.548373E-002
   1.022000E+003   1.552154E-002
   1.023000E+003   1.555884E-002
   1.024000E+003   1.559562E-002
   1.025000E+003   1.563185E-002
   1.026000E+003   1.566752E-002
   1.027000E+003   1.570261E-002
   1.028000E+003   1.573711E-002
   1.029000E+003   1.577101E-002
   1.030000E+003   1.580427E-002
   1.031000E+003   1.583690E-002
   1.032000E+003   1.586887E-002
   1.033000E+003   1.590016E-002
   1.034000E+003   1.593077E-002
   1.035000E+003   1.596066E-002
   1.036000E+003   1.598984E-002
   1.037000E+003   1.601827E-002
   1.038000E+003   1.604595E-002
   1.039000E+003   1.607286E-002
   1.040000E+003   1.609898E-002
   1.041000E+003   1.612429E-002
   1.042000E+003   1.614878E-002
   1.043000E+003   1.617244E-002
   1.044000E+003   1.619524E-002
   1.045000E+003   1.621717E-002
   1.046000E+003   1.623821E-002
   1.047000E+003   1.625835E-002
   1.048000E+003   1.627758E-002
   1.049000E+003   1.629587E-002
   1.050000E+003   1.631320E-002
   1.051000E+003   1.632957E-002
   1.052000E+003   1.634495E-002
   1.053000E+003   1.635934E-002
   1.054000E+003   1.637272E-002
   1.055000E+003   1.638507E-002
   1.056000E+003   1.639638E-002
   1.057000E+003   1.640663E-002
   1.058000E+003   1.641581E-002
   1.059000E+003   1.642391E-002
   1.060000E+003   1.643091E-002
   1.061000E+003   1.643680E-002
   1.062000E+003   1.644155E-002
   1.063000E+003   1.644517E-002
   1.064000E+003   1.644762E-002
   1.065000E+003   1.644891E-002
   1.066000E+003   1.644900E-002
   1.067000E+003   1.644790E-002
   1.068000E+003   1.644558E-002
   1.069000E+003   1.644203E-002
   1.070000E+003   1.643723E-002
   1.071000E+003   1.643117E-002
   1.072000E+003   1.642384E-002
   1.073000E+003   1.641522E-002
   1.074000E+003   1.640529E-002
   1.075000E+003   1.639405E-002
   1.076000E+003   1.638148E-002
   1.077000E+003   1.636755E-002
   1.078000E+003   1.635227E-002
   1.079000E+003   1.633561E-002
   1.080000E+003   1.631755E-002
   1.081000E+003   1.629810E-002
   1.082000E+003   1.627722E-002
   1.083000E+003   1.625490E-002
   1.084000E+003   1.623114E-002
   1.085000E+003   1.620591E-002
   1.086000E+003   1.617920E-002
   1.087000E+003   1.615100E-002
   1.088000E+003   1.612130E-002
   1.089000E+003   1.609007E-002
   1.090000E+003   1.605730E-002
   1.091000E+003   1.602298E-002
   1.092000E+003   1.598709E-002
   1.093000E+003   1.594963E-002
   1.094000E+003   1.591056E-002
   1.095000E+003   1.586989E-002
   1.096000E+003   1.582759E-002
   1.097000E+003   1.578366E-002
   1.098000E+003   1.573807E-002
   1.099000E+003   1.569081E-002
   1.100000E+003   1.564187E-002
   1.101000E+003   1.559124E-002
   1.102000E+003   1.553896E-002
   1.103000E+003   1.548509E-002
   1.104000E+003   1.542967E-002
   1.105000E+003   1.537276E-002
   1.106000E+003   1.531440E-002
   1.107000E+003   1.525464E-002
   1.108000E+003   1.519355E-002
   1.109000E+003   1.513116E-002
   1.110000E+003   1.506753E-002
   1.111000E+003   1.500271E-002
   1.112000E+003   1.493674E-002
   1.113000E+003   1.486969E-002
   1.114000E+003   1.480159E-002
   1.115000E+003   1.473251E-002
   1.116000E+003   1.466249E-002
   1.117000E+003   1.459158E-002
   1.118000E+003   1.451983E-002
   1.119000E+003   1.444730E-002
   1.120000E+003   1.437403E-002
   1.121000E+003   1.430007E-002
   1.122000E+003   1.422548E-002
   1.123000E+003   1.415031E-002
   1.124000E+003   1.407460E-002
   1.125000E+003   1.399841E-002
   1.126000E+003   1.392179E-002
   1.127000E+003   1.384478E-002
   1.128000E+003   1.376744E-002
   1.129000E+003   1.368982E-002
   1.130000E+003   1.361198E-002
   1.131000E+003   1.353395E-002
   1.132000E+003   1.345579E-002
   1.133000E+003   1.337756E-002
   1.134000E+003   1.329930E-002
   1.135000E+003   1.322106E-002
   1.136000E+003   1.314289E-002
   1.137000E+003   1.306485E-002
   1.138000E+003   1.298698E-002
   1.139000E+003   1.290934E-002
   1.140000E+003   1.283198E-002
   1.141000E+003   1.275494E-002
   1.142000E+003   1.267828E-002
   1.143000E+003   1.260204E-002
   1.144000E+003   1.252629E-002
   1.145000E+003   1.245106E-002
   1.146000E+003   1.237642E-002
   1.147000E+003   1.230240E-002
   1.148000E+003   1.222907E-002
   1.149000E+003   1.215646E-002
   1.150000E+003   1.208464E-002
   1.151000E+003   1.201364E-002
   1.152000E+003   1.194346E-002
   1.153000E+003   1.187407E-002
   1.154000E+003   1.180547E-002
   1.155000E+003   1.173763E-002
   1.156000E+003   1.167055E-002
   1.157000E+003   1.160419E-002
   1.158000E+003   1.153856E-002
   1.159000E+003   1.147362E-002
   1.160000E+003   1.140936E-002
   1.161000E+003   1.134578E-002
   1.162000E+003   1.128284E-002
   1.163000E+003   1.122053E-002
   1.164000E+003   1.115884E-002
   1.165000E+003   1.109775E-002
   1.166000E+003   1.103724E-002
   1.167000E+003   1.097730E-002
   1.168000E+003   1.091791E-002
   1.169000E+003   1.085905E-002
   1.170000E+003   1.080070E-002
   1.171000E+003   1.074286E-002
   1.172000E+003   1.068550E-002
   1.173000E+003   1.062861E-002
   1.174000E+003   1.057216E-002
   1.175000E+003   1.051615E-002
   1.176000E+003   1.046056E-002
   1.177000E+003   1.040536E-002
   1.178000E+003   1.035055E-002
   1.179000E+003   1.029610E-002
   1.180000E+003   1.024201E-002
   1.181000E+003   1.018824E-002
   1.182000E+003   1.013480E-002
   1.183000E+003   1.008165E-002
   1.184000E+003   1.002879E-002
   1.185000E+003   9.976188E-003
   1.186000E+003   9.923841E-003
   1.187000E+003   9.871726E-003
   1.188000E+003   9.819829E-003
   1.189000E+003   9.768131E-003
   1.190000E+003   9.716616E-003
   1.191000E+003   9.665268E-003
   1.192000E+003   9.614069E-003
   1.193000E+003   9.563004E-003
   1.194000E+003   9.512056E-003
   1.195000E+003   9.461207E-003
   1.196000E+003   9.410442E-003
   1.197000E+003   9.359743E-003
   1.198000E+003   9.309094E-003
   1.199000E+003   9.258479E-003
   1.200000E+003   9.207880E-003
