    1.500000E+00    1.500000E+00    1.500000E+00    1.500000E+00    1.500000E+00    1.500000E+00
   -1.009771E+17   -2.914500E+16   -1.207330E+16   -2.597535E+15   -1.692671E+15   -9.493982E+14
   -1.807607E+17   -5.217291E+16   -2.161260E+16   -4.649299E+15   -3.028056E+15   -1.690051E+15
   -2.437964E+17   -7.036686E+16   -2.914942E+16   -6.269724E+15   -4.080934E+15   -2.264968E+15
   -2.936002E+17   -8.474173E+16   -3.510418E+16   -7.549317E+15   -4.910438E+15   -2.708109E+15
   -3.329497E+17   -9.609917E+16   -3.980897E+16   -8.559566E+15   -5.563263E+15   -3.046226E+15
   -3.640394E+17   -1.050726E+17   -4.352617E+16   -9.356947E+15   -6.076286E+15   -3.300386E+15
   -3.886031E+17   -1.121624E+17   -4.646308E+16   -9.986078E+15   -6.478627E+15   -3.487150E+15
   -4.080106E+17   -1.177640E+17   -4.878349E+16   -1.048221E+16   -6.793275E+15   -3.619519E+15
   -4.233443E+17   -1.221897E+17   -5.061681E+16   -1.087317E+16   -7.038372E+15   -3.707668E+15
   -4.354593E+17   -1.256865E+17   -5.206529E+16   -1.118096E+16   -7.228233E+15   -3.759539E+15
   -4.450313E+17   -1.284492E+17   -5.320970E+16   -1.142295E+16   -7.374141E+15   -3.781292E+15
   -4.525940E+17   -1.306320E+17   -5.411387E+16   -1.161286E+16   -7.484989E+15   -3.777680E+15
   -4.585692E+17   -1.323566E+17   -5.482823E+16   -1.176150E+16   -7.567774E+15   -3.752327E+15
   -4.632902E+17   -1.337192E+17   -5.539262E+16   -1.187743E+16   -7.627994E+15   -3.707959E+15
   -4.670202E+17   -1.347958E+17   -5.583851E+16   -1.196739E+16   -7.669962E+15   -3.646579E+15
   -4.699672E+17   -1.356464E+17   -5.619078E+16   -1.203670E+16   -7.697051E+15   -3.569607E+15
   -4.722956E+17   -1.363184E+17   -5.646909E+16   -1.208954E+16   -7.711889E+15   -3.477989E+15
   -4.741353E+17   -1.368494E+17   -5.668894E+16   -1.212923E+16   -7.716510E+15   -3.372284E+15
   -4.755888E+17   -1.372689E+17   -5.686262E+16   -1.215834E+16   -7.712480E+15   -3.252725E+15
   -4.767372E+17   -1.376004E+17   -5.699980E+16   -1.217892E+16   -7.700986E+15   -3.119276E+15
   -4.776445E+17   -1.378623E+17   -5.710816E+16   -1.219257E+16   -7.682916E+15   -2.971668E+15
   -4.783614E+17   -1.380691E+17   -5.719373E+16   -1.220051E+16   -7.658916E+15   -2.809426E+15
   -4.789278E+17   -1.382326E+17   -5.726130E+16   -1.220373E+16   -7.629437E+15   -2.631897E+15
   -4.793753E+17   -1.383618E+17   -5.731464E+16   -1.220295E+16   -7.594770E+15   -2.438256E+15
   -4.797289E+17   -1.384638E+17   -5.735674E+16   -1.219875E+16   -7.555073E+15   -2.227526E+15
   -4.800082E+17   -1.385444E+17   -5.738994E+16   -1.219155E+16   -7.510398E+15   -1.998576E+15
   -4.802289E+17   -1.386081E+17   -5.741612E+16   -1.218167E+16   -7.460701E+15   -1.750129E+15
   -4.804033E+17   -1.386584E+17   -5.743675E+16   -1.216932E+16   -7.405861E+15   -1.480756E+15
   -4.805411E+17   -1.386981E+17   -5.745298E+16   -1.215466E+16   -7.345685E+15   -1.188881E+15
   -4.806500E+17   -1.387295E+17   -5.746573E+16   -1.213776E+16   -7.279915E+15   -8.727681E+14
   -4.807360E+17   -1.387543E+17   -5.747572E+16   -1.211867E+16   -7.208238E+15   -5.305193E+14
   -4.808039E+17   -1.387739E+17   -5.748354E+16   -1.209737E+16   -7.130282E+15   -1.600641E+14
   -4.808576E+17   -1.387894E+17   -5.748962E+16   -1.207382E+16   -7.045624E+15    2.408508E+14
   -4.809000E+17   -1.388016E+17   -5.749433E+16   -1.204794E+16   -6.953786E+15    6.746738E+14
   -4.809336E+17   -1.388112E+17   -5.749795E+16   -1.201963E+16   -6.854235E+15    1.144061E+15
   -4.809601E+17   -1.388188E+17   -5.750069E+16   -1.198875E+16   -6.746387E+15    1.651894E+15
   -4.809810E+17   -1.388248E+17   -5.750273E+16   -1.195516E+16   -6.629597E+15    2.201293E+15
   -4.809975E+17   -1.388295E+17   -5.750421E+16   -1.191866E+16   -6.503163E+15    2.795639E+15
   -4.810106E+17   -1.388332E+17   -5.750524E+16   -1.187905E+16   -6.366317E+15    3.438591E+15
   -4.810209E+17   -1.388362E+17   -5.750589E+16   -1.183612E+16   -6.218227E+15    4.134110E+15
   -4.810291E+17   -1.388385E+17   -5.750624E+16   -1.178959E+16   -6.057987E+15    4.886485E+15
   -4.810355E+17   -1.388402E+17   -5.750633E+16   -1.173921E+16   -5.884615E+15    5.700354E+15
   -4.810406E+17   -1.388416E+17   -5.750620E+16   -1.168465E+16   -5.697046E+15    6.580736E+15
   -4.810446E+17   -1.388427E+17   -5.750589E+16   -1.162561E+16   -5.494127E+15    7.533062E+15
   -4.810478E+17   -1.388436E+17   -5.750541E+16   -1.156171E+16   -5.274610E+15    8.563208E+15
   -4.810504E+17   -1.388442E+17   -5.750477E+16   -1.149256E+16   -5.037141E+15    9.677527E+15
   -4.810524E+17   -1.388447E+17   -5.750401E+16   -1.141775E+16   -4.780259E+15    1.088290E+16
   -4.810539E+17   -1.388450E+17   -5.750310E+16   -1.133680E+16   -4.502379E+15    1.218675E+16
   -4.810552E+17   -1.388452E+17   -5.750207E+16   -1.124924E+16   -4.201788E+15    1.359715E+16
   -4.810562E+17   -1.388454E+17   -5.750092E+16   -1.115451E+16   -3.876631E+15    1.512277E+16
   -4.810570E+17   -1.388455E+17   -5.749963E+16   -1.105203E+16   -3.524904E+15    1.677305E+16
   -4.810576E+17   -1.388455E+17   -5.749821E+16   -1.094117E+16   -3.144435E+15    1.855816E+16
   -4.810581E+17   -1.388455E+17   -5.749666E+16   -1.082126E+16   -2.732878E+15    2.048913E+16
   -4.810585E+17   -1.388454E+17   -5.749496E+16   -1.069154E+16   -2.287693E+15    2.257786E+16
   -4.810588E+17   -1.388453E+17   -5.749311E+16   -1.055122E+16   -1.806134E+15    2.483724E+16
   -4.810591E+17   -1.388452E+17   -5.749110E+16   -1.039943E+16   -1.285228E+15    2.728123E+16
   -4.810593E+17   -1.388450E+17   -5.748891E+16   -1.023524E+16   -7.217610E+14    2.992490E+16
   -4.810595E+17   -1.388448E+17   -5.748654E+16   -1.005763E+16   -1.122561E+14    3.278457E+16
   -4.810596E+17   -1.388446E+17   -5.748397E+16   -9.865514E+15    5.470481E+14    3.587788E+16
   -4.810598E+17   -1.388444E+17   -5.748119E+16   -9.657697E+15    1.260220E+15    3.922393E+16
   -4.810599E+17   -1.388441E+17   -5.747818E+16   -9.432901E+15    2.031662E+15    4.284336E+16
   -4.810600E+17   -1.388438E+17   -5.747491E+16   -9.189737E+15    2.866134E+15    4.675851E+16
   -4.810601E+17   -1.388434E+17   -5.747138E+16   -8.926705E+15    3.768785E+15    5.099355E+16
   -4.810601E+17   -1.388430E+17   -5.746756E+16   -8.642182E+15    4.745187E+15    5.557460E+16
   -4.810602E+17   -1.388426E+17   -5.746343E+16   -8.334412E+15    5.801365E+15    6.052995E+16
   -4.810603E+17   -1.388422E+17   -5.745896E+16   -8.001496E+15    6.943837E+15    6.589017E+16
   -4.810604E+17   -1.388417E+17   -5.745412E+16   -7.641379E+15    8.179654E+15    7.168834E+16
   -4.810604E+17   -1.388412E+17   -5.744888E+16   -7.251839E+15    9.516444E+15    7.796026E+16
   -4.810605E+17   -1.388406E+17   -5.744322E+16   -6.830471E+15    1.096246E+16    8.474462E+16
   -4.810606E+17   -1.388400E+17   -5.743709E+16   -6.374675E+15    1.252661E+16    9.208329E+16
   -4.810607E+17   -1.388394E+17   -5.743046E+16   -5.881638E+15    1.421857E+16    1.000216E+17
   -4.810608E+17   -1.388387E+17   -5.742329E+16   -5.348318E+15    1.604877E+16    1.086085E+17
   -4.810609E+17   -1.388379E+17   -5.741554E+16   -4.771422E+15    1.802851E+16    1.178970E+17
   -4.810610E+17   -1.388371E+17   -5.740715E+16   -4.147390E+15    2.017001E+16    1.279444E+17
   -4.810611E+17   -1.388361E+17   -5.739807E+16   -3.472371E+15    2.248648E+16    1.388127E+17
   -4.810612E+17   -1.388352E+17   -5.738826E+16   -2.742199E+15    2.499222E+16    1.505691E+17
   -4.810614E+17   -1.388341E+17   -5.737764E+16   -1.952366E+15    2.770269E+16    1.632861E+17
   -4.810615E+17   -1.388330E+17   -5.736615E+16   -1.097998E+15    3.063464E+16    1.770421E+17
   -4.810617E+17   -1.388317E+17   -5.735373E+16   -1.738219E+14    3.380614E+16    1.919222E+17
   -4.810618E+17   -1.388304E+17   -5.734029E+16    8.258670E+14    3.723679E+16    2.080180E+17
   -4.810620E+17   -1.388289E+17   -5.732575E+16    1.907239E+15    4.094775E+16    2.254291E+17
   -4.810622E+17   -1.388274E+17   -5.731002E+16    3.076969E+15    4.496193E+16    2.442628E+17
   -4.810624E+17   -1.388257E+17   -5.729301E+16    4.342277E+15    4.930411E+16    2.646355E+17
   -4.810626E+17   -1.388238E+17   -5.727461E+16    5.710973E+15    5.400110E+16    2.866728E+17
   -4.810629E+17   -1.388218E+17   -5.725470E+16    7.191506E+15    5.908188E+16    3.105109E+17
   -4.810631E+17   -1.388197E+17   -5.723317E+16    8.793015E+15    6.457783E+16    3.362969E+17
   -4.810634E+17   -1.388174E+17   -5.720988E+16    1.052539E+16    7.052286E+16    3.641899E+17
   -4.810637E+17   -1.388148E+17   -5.718469E+16    1.239931E+16    7.695370E+16    3.943624E+17
   -4.810641E+17   -1.388121E+17   -5.715743E+16    1.442636E+16    8.391003E+16    4.270004E+17
   -4.810644E+17   -1.388092E+17   -5.712795E+16    1.661905E+16    9.143481E+16    4.623056E+17
   -4.810648E+17   -1.388060E+17   -5.709607E+16    1.899091E+16    9.957450E+16    5.004960E+17
   -4.810652E+17   -1.388025E+17   -5.706157E+16    2.155659E+16    1.083794E+17    5.418074E+17
   -4.810657E+17   -1.387988E+17   -5.702426E+16    2.433191E+16    1.179038E+17    5.864950E+17
   -4.810662E+17   -1.387948E+17   -5.698390E+16    2.733403E+16    1.282066E+17    6.348349E+17
   -4.810667E+17   -1.387904E+17   -5.694024E+16    3.058145E+16    1.393513E+17    6.871256E+17
   -4.810673E+17   -1.387857E+17   -5.689301E+16    3.409424E+16    1.514069E+17    7.436901E+17
   -4.810679E+17   -1.387806E+17   -5.684192E+16    3.789408E+16    1.644479E+17    8.048782E+17
   -4.810686E+17   -1.387751E+17   -5.678666E+16    4.200440E+16    1.785547E+17    8.710677E+17
   -4.810693E+17   -1.387691E+17   -5.672688E+16    4.645058E+16    1.938145E+17    9.426680E+17
   -4.810701E+17   -1.387627E+17   -5.666221E+16    5.126005E+16    2.103217E+17    1.020122E+18
   -4.810710E+17   -1.387557E+17   -5.659227E+16    5.646246E+16    2.281783E+17    1.103907E+18
   -4.810719E+17   -1.387481E+17   -5.651660E+16    6.208991E+16    2.474948E+17    1.194544E+18
   -4.810729E+17   -1.387400E+17   -5.643476E+16    6.817706E+16    2.683905E+17    1.292591E+18
   -4.810740E+17   -1.387311E+17   -5.634623E+16    7.476141E+16    2.909948E+17    1.398657E+18
   -4.810751E+17   -1.387216E+17   -5.625046E+16    8.188349E+16    3.154475E+17    1.513398E+18
   -4.810764E+17   -1.387112E+17   -5.614687E+16    8.958708E+16    3.419002E+17    1.637523E+18
   -4.810777E+17   -1.387000E+17   -5.603483E+16    9.791950E+16    3.705167E+17    1.771804E+18
   -4.810792E+17   -1.386879E+17   -5.591363E+16    1.069318E+17    4.014745E+17    1.917071E+18
   -4.810808E+17   -1.386748E+17   -5.578254E+16    1.166792E+17    4.349657E+17    2.074226E+18
   -4.810824E+17   -1.386607E+17   -5.564075E+16    1.272211E+17    4.711985E+17    2.244246E+18
   -4.810843E+17   -1.386454E+17   -5.548740E+16    1.386216E+17    5.103983E+17    2.428186E+18
   -4.810862E+17   -1.386289E+17   -5.532155E+16    1.509498E+17    5.528095E+17    2.627189E+18
   -4.810883E+17   -1.386110E+17   -5.514219E+16    1.642799E+17    5.986970E+17    2.842496E+18
   -4.810906E+17   -1.385916E+17   -5.494823E+16    1.786915E+17    6.483482E+17    3.075447E+18
   -4.810930E+17   -1.385707E+17   -5.473852E+16    1.942699E+17    7.020751E+17    3.327497E+18
   -4.810956E+17   -1.385482E+17   -5.451179E+16    2.111064E+17    7.602167E+17    3.600222E+18
   -4.810983E+17   -1.385238E+17   -5.426671E+16    2.292980E+17    8.231416E+17    3.895328E+18
   -4.811012E+17   -1.384975E+17   -5.400184E+16    2.489473E+17    8.912514E+17    4.214668E+18
   -4.811042E+17   -1.384691E+17   -5.371566E+16    2.701626E+17    9.649841E+17    4.560249E+18
   -4.811073E+17   -1.384385E+17   -5.340656E+16    2.930568E+17    1.044819E+18    4.934252E+18
   -4.811105E+17   -1.384056E+17   -5.307285E+16    3.177462E+17    1.131279E+18    5.339041E+18
   -4.811137E+17   -1.383701E+17   -5.271275E+16    3.443492E+17    1.224943E+18    5.777184E+18
   -4.811169E+17   -1.383321E+17   -5.232445E+16    3.729829E+17    1.326447E+18    6.251473E+18
   -4.811198E+17   -1.382913E+17   -5.190611E+16    4.037597E+17    1.436495E+18    6.764941E+18
   -4.811224E+17   -1.382476E+17   -5.145591E+16    4.367812E+17    1.555874E+18    7.320889E+18
   -4.811244E+17   -1.382012E+17   -5.097211E+16    4.721298E+17    1.685466E+18    7.922910E+18
   -4.811254E+17   -1.381519E+17   -5.045318E+16    5.098574E+17    1.826267E+18    8.574918E+18
   -4.811249E+17   -1.381000E+17   -4.989787E+16    5.499690E+17    1.979414E+18    9.281179E+18
   -4.811222E+17   -1.380457E+17   -4.930548E+16    5.923996E+17    2.146217E+18    1.004635E+19
   -4.811164E+17   -1.379894E+17   -4.867604E+16    6.369830E+17    2.328200E+18    1.087551E+19
   -4.811062E+17   -1.379321E+17   -4.801076E+16    6.834080E+17    2.527162E+18    1.177423E+19
   -4.810896E+17   -1.378749E+17   -4.731250E+16    7.311580E+17    2.745250E+18    1.274858E+19
   -4.810643E+17   -1.378195E+17   -4.658648E+16    7.794281E+17    2.985064E+18    1.380522E+19
   -4.810268E+17   -1.377685E+17   -4.584129E+16    8.270105E+17    3.249794E+18    1.495144E+19
   -4.809723E+17   -1.377257E+17   -4.509021E+16    8.721378E+17    3.543406E+18    1.619524E+19
   -4.808943E+17   -1.376962E+17   -4.435310E+16    9.122677E+17    3.870895E+18    1.754536E+19
   -4.807840E+17   -1.376873E+17   -4.365891E+16    9.437871E+17    4.238625E+18    1.901140E+19
   -4.806290E+17   -1.377091E+17   -4.304924E+16    9.616083E+17    4.654795E+18    2.060386E+19
   -4.804126E+17   -1.377758E+17   -4.258306E+16    9.586138E+17    5.130067E+18    2.233419E+19
   -4.801118E+17   -1.379070E+17   -4.234337E+16    9.248983E+17    5.678426E+18    2.421486E+19
   -4.796952E+17   -1.381296E+17   -4.244612E+16    8.467301E+17    6.318346E+18    2.625936E+19
   -4.791196E+17   -1.384809E+17   -4.305259E+16    7.051316E+17    7.074386E+18    2.848216E+19
   -4.783259E+17   -1.390119E+17   -4.438619E+16    4.739373E+17    7.979352E+18    3.089862E+19
   -4.772333E+17   -1.397930E+17   -4.675549E+16    1.171400E+17    9.077260E+18    3.352470E+19
   -4.757309E+17   -1.409207E+17   -5.058577E+16   -4.147365E+17    1.042737E+19    3.637661E+19
   -4.736671E+17   -1.425270E+17   -5.646193E+16   -1.189593E+18    1.210967E+19    3.946999E+19
   -4.708340E+17   -1.447931E+17   -6.518737E+16   -2.300521E+18    1.423241E+19    4.281890E+19
   -4.669471E+17   -1.479670E+17   -7.786416E+16   -3.875049E+18    1.694229E+19    4.643395E+19
   -4.616169E+17   -1.523881E+17   -9.600264E+16   -6.087753E+18    2.043844E+19    5.031979E+19
   -4.543099E+17   -1.585205E+17   -1.216709E+17   -9.177475E+18    2.499144E+19    5.447114E+19
   -4.442957E+17   -1.669990E+17   -1.576990E+17   -1.347081E+19    3.096922E+19    5.886719E+19
   -4.305742E+17   -1.786911E+17   -2.079568E+17   -1.941415E+19    3.887247E+19    6.346339E+19
   -4.117762E+17   -1.947824E+17   -2.777339E+17   -2.761734E+19    4.938272E+19    6.817982E+19
   -3.860267E+17   -2.168920E+17   -3.742561E+17   -3.891321E+19    6.342803E+19    7.288466E+19
   -3.507589E+17   -2.472311E+17   -5.073907E+17   -5.443868E+19    8.227234E+19    7.737112E+19
   -3.024585E+17   -2.888181E+17   -6.906049E+17   -7.574518E+19    1.076371E+20    8.132529E+19
   -2.363139E+17   -3.457722E+17   -9.422728E+17   -1.049490E+20    1.418669E+20    8.428197E+19
   -1.457382E+17   -4.237125E+17   -1.287452E+18   -1.449357E+20    1.881546E+20    8.556433E+19
   -2.171395E+16   -5.303023E+17   -1.760299E+18   -1.996385E+20    2.508479E+20    8.420241E+19
    1.481027E+17   -6.759887E+17   -2.407355E+18   -2.744161E+20    3.358649E+20    7.882379E+19
    3.806085E+17   -8.750080E+17   -3.292006E+18   -3.765659E+20    4.512605E+20    6.750871E+19
    6.989301E+17   -1.146753E+18   -4.500541E+18   -5.160218E+20    6.079928E+20    4.759935E+19
    1.134719E+18   -1.517628E+18   -6.150363E+18   -7.062987E+20    8.209653E+20    1.545128E+19
    1.731289E+18   -2.023570E+18   -8.401126E+18   -9.657752E+20    1.110439E+21   -3.388812E+19
    2.547907E+18   -2.713462E+18   -1.146982E+19   -1.319429E+21    1.503943E+21   -1.070932E+20
    3.665656E+18   -3.653764E+18   -1.565117E+19   -1.801186E+21    2.038871E+21   -2.130899E+20
    5.195448E+18   -4.934780E+18   -2.134524E+19   -2.457097E+21    2.765978E+21   -3.637340E+20
    7.288969E+18   -6.679139E+18   -2.909469E+19   -3.349632E+21    3.754123E+21   -5.746832E+20
    1.015362E+19   -9.053249E+18   -3.963505E+19   -4.563462E+21    5.096669E+21   -8.665281E+20
    1.407291E+19   -1.228277E+19   -5.396248E+19   -6.213270E+21    6.920115E+21   -1.266281E+21
    1.943426E+19   -1.667347E+19   -7.342490E+19   -8.454256E+21    9.395746E+21   -1.809378E+21
    2.676692E+19   -2.263931E+19   -9.984455E+19   -1.149625E+22    1.275532E+22   -2.542421E+21
    3.679359E+19   -3.074023E+19   -1.356824E+20   -1.562271E+22    1.731216E+22   -3.527045E+21
    5.050068E+19   -4.173288E+19   -1.842584E+20   -2.121607E+22    2.348958E+22   -4.845432E+21
    6.923383E+19   -5.663864E+19   -2.500461E+20   -2.879188E+22    3.185895E+22   -6.608267E+21
    9.482766E+19   -7.683469E+19   -3.390660E+20   -3.904419E+22    4.319092E+22   -8.966184E+21
    1.297817E+20   -1.041757E+20   -4.594094E+20   -5.290627E+22    5.852389E+22   -1.212601E+22
    1.774990E+20   -1.411558E+20   -6.219349E+20   -7.163137E+22    7.925588E+22   -1.637325E+22
    2.426084E+20   -1.911250E+20   -8.411925E+20   -9.690011E+22    1.072673E+23   -2.210228E+22
    3.314002E+20   -2.585749E+20   -1.136645E+21   -1.309629E+23    1.450848E+23   -2.985528E+22
    4.524133E+20   -3.495188E+20   -1.534281E+21   -1.768282E+23    1.961002E+23   -4.037060E+22
    6.172246E+20   -4.719921E+20   -2.068735E+21   -2.385116E+23    2.648622E+23   -5.464145E+22
    8.415094E+20   -6.367122E+20   -2.786068E+21   -3.213636E+23    3.574637E+23   -7.398711E+22
    1.146459E+21   -8.579439E+20   -3.747402E+21   -4.325002E+23    4.820568E+23   -1.001439E+23
    1.560677E+21   -1.154631E+21   -5.033652E+21   -5.813679E+23    6.495355E+23   -1.353907E+23
    2.122697E+21   -1.551874E+21   -6.751658E+21   -7.804819E+23    8.744372E+23   -1.827331E+23
    2.884325E+21   -2.082840E+21   -9.042113E+21   -1.046390E+24    1.176132E+24   -2.461735E+23
    3.915059E+21   -2.791241E+21   -1.208974E+22   -1.400924E+24    1.580382E+24   -3.310853E+23
    5.307903E+21   -3.734517E+21   -1.613633E+22   -1.872825E+24    2.121390E+24   -4.446841E+23
    7.186975E+21   -4.987904E+21   -2.149729E+22   -2.499849E+24    2.844453E+24   -5.965703E+23
    9.717447E+21   -6.649624E+21   -2.858262E+22   -3.331472E+24    3.809417E+24   -7.993438E+23
    1.311842E+22   -8.847439E+21   -3.792327E+22   -4.432382E+24    5.095120E+24   -1.069388E+24
    1.767951E+22   -1.174691E+22   -5.020399E+22   -5.886952E+24    6.805092E+24   -1.428017E+24
    2.378218E+22   -1.556167E+22   -6.630419E+22   -7.804953E+24    9.074811E+24   -1.903155E+24
    3.192677E+22   -2.056626E+22   -8.734804E+22   -1.032885E+25    1.208091E+25   -2.531442E+24
    4.276678E+22   -2.711174E+22   -1.147657E+23   -1.364303E+25    1.605276E+25   -3.360547E+24
    5.715218E+22   -3.564504E+22   -1.503677E+23   -1.798558E+25    2.128705E+25   -3.483644E+24
    7.618804E+22   -4.673339E+22   -1.964372E+23   -2.366344E+25    2.816644E+25   -3.453363E+24
    1.013935E+23   -6.111568E+22   -2.559036E+23   -3.107855E+25    3.719051E+25   -3.323378E+24
    8.760495E+22   -5.939240E+22   -2.549079E+23   -3.181192E+25    3.901113E+25   -3.326732E+24
    8.698196E+22   -5.930949E+22   -2.548371E+23   -3.184470E+25    3.908864E+25   -3.331043E+24
    8.636441E+22   -5.922715E+22   -2.547663E+23   -3.187790E+25    3.916623E+25   -3.335594E+24
    8.575227E+22   -5.914540E+22   -2.546953E+23   -3.191153E+25    3.924387E+25   -3.340367E+24
    8.514548E+22   -5.906422E+22   -2.546243E+23   -3.194558E+25    3.932150E+25   -3.345339E+24
    8.454401E+22   -5.898362E+22   -2.545532E+23   -3.198005E+25    3.939910E+25   -3.350491E+24
    8.394783E+22   -5.890358E+22   -2.544821E+23   -3.201494E+25    3.947661E+25   -3.355798E+24
    8.335690E+22   -5.882411E+22   -2.544109E+23   -3.205025E+25    3.955400E+25   -3.361239E+24
    8.277118E+22   -5.874519E+22   -2.543396E+23   -3.208598E+25    3.963122E+25   -3.366789E+24
    8.219063E+22   -5.866684E+22   -2.542683E+23   -3.212213E+25    3.970822E+25   -3.372424E+24
    8.161523E+22   -5.858903E+22   -2.541968E+23   -3.215870E+25    3.978497E+25   -3.378119E+24
    8.104494E+22   -5.851178E+22   -2.541254E+23   -3.219568E+25    3.986143E+25   -3.383849E+24
    8.047972E+22   -5.843507E+22   -2.540539E+23   -3.223307E+25    3.993754E+25   -3.389589E+24
    7.991956E+22   -5.835890E+22   -2.539823E+23   -3.227088E+25    4.001326E+25   -3.395312E+24
    7.936440E+22   -5.828327E+22   -2.539106E+23   -3.230909E+25    4.008855E+25   -3.400994E+24
    7.881424E+22   -5.820818E+22   -2.538389E+23   -3.234772E+25    4.016337E+25   -3.406608E+24
    7.826903E+22   -5.813362E+22   -2.537671E+23   -3.238675E+25    4.023766E+25   -3.412130E+24
    7.772877E+22   -5.805959E+22   -2.536953E+23   -3.242619E+25    4.031140E+25   -3.417535E+24
    7.719342E+22   -5.798609E+22   -2.536234E+23   -3.246603E+25    4.038452E+25   -3.422797E+24
    7.666297E+22   -5.791312E+22   -2.535515E+23   -3.250627E+25    4.045700E+25   -3.427895E+24
    7.613740E+22   -5.784067E+22   -2.534795E+23   -3.254691E+25    4.052878E+25   -3.432803E+24
    7.561669E+22   -5.776874E+22   -2.534074E+23   -3.258795E+25    4.059982E+25   -3.437501E+24
    7.510083E+22   -5.769734E+22   -2.533354E+23   -3.262938E+25    4.067007E+25   -3.441966E+24
    7.458982E+22   -5.762646E+22   -2.532632E+23   -3.267120E+25    4.073949E+25   -3.446179E+24
    7.408363E+22   -5.755610E+22   -2.531910E+23   -3.271342E+25    4.080805E+25   -3.450120E+24
    7.358227E+22   -5.748626E+22   -2.531188E+23   -3.275602E+25    4.087568E+25   -3.453771E+24
    7.308573E+22   -5.741694E+22   -2.530465E+23   -3.279901E+25    4.094236E+25   -3.457116E+24
    7.259401E+22   -5.734814E+22   -2.529741E+23   -3.284238E+25    4.100804E+25   -3.460139E+24
    7.210712E+22   -5.727986E+22   -2.529018E+23   -3.288612E+25    4.107267E+25   -3.462826E+24
    7.162505E+22   -5.721211E+22   -2.528293E+23   -3.293025E+25    4.113621E+25   -3.465167E+24
    7.114781E+22   -5.714487E+22   -2.527569E+23   -3.297475E+25    4.119862E+25   -3.467149E+24
    7.067540E+22   -5.707816E+22   -2.526844E+23   -3.301961E+25    4.125987E+25   -3.468766E+24
    7.020782E+22   -5.701197E+22   -2.526118E+23   -3.306485E+25    4.131989E+25   -3.470008E+24
    6.974508E+22   -5.694630E+22   -2.525392E+23   -3.311045E+25    4.137867E+25   -3.470873E+24
    6.928717E+22   -5.688115E+22   -2.524666E+23   -3.315641E+25    4.143615E+25   -3.471355E+24
    6.883412E+22   -5.681654E+22   -2.523940E+23   -3.320273E+25    4.149230E+25   -3.471455E+24
    6.838592E+22   -5.675245E+22   -2.523213E+23   -3.324940E+25    4.154707E+25   -3.471172E+24
    6.794259E+22   -5.668888E+22   -2.522486E+23   -3.329642E+25    4.160043E+25   -3.470508E+24
    6.750414E+22   -5.662585E+22   -2.521758E+23   -3.334379E+25    4.165234E+25   -3.469469E+24
    6.707057E+22   -5.656334E+22   -2.521031E+23   -3.339150E+25    4.170276E+25   -3.468061E+24
    6.664190E+22   -5.650137E+22   -2.520303E+23   -3.343955E+25    4.175166E+25   -3.466291E+24
    6.621814E+22   -5.643994E+22   -2.519575E+23   -3.348794E+25    4.179900E+25   -3.464170E+24
    6.579931E+22   -5.637903E+22   -2.518846E+23   -3.353666E+25    4.184474E+25   -3.461709E+24
    6.538543E+22   -5.631867E+22   -2.518118E+23   -3.358570E+25    4.188886E+25   -3.458923E+24
    6.497652E+22   -5.625885E+22   -2.517389E+23   -3.363507E+25    4.193131E+25   -3.455825E+24
    6.457259E+22   -5.619957E+22   -2.516660E+23   -3.368475E+25    4.197206E+25   -3.452433E+24
    6.417367E+22   -5.614084E+22   -2.515931E+23   -3.373475E+25    4.201109E+25   -3.448766E+24
    6.377977E+22   -5.608266E+22   -2.515202E+23   -3.378506E+25    4.204835E+25   -3.444844E+24
    6.339091E+22   -5.602503E+22   -2.514472E+23   -3.383567E+25    4.208383E+25   -3.440686E+24
    6.300712E+22   -5.596795E+22   -2.513743E+23   -3.388659E+25    4.211749E+25   -3.436317E+24
    6.262843E+22   -5.591143E+22   -2.513013E+23   -3.393780E+25    4.214931E+25   -3.431758E+24
    6.225486E+22   -5.585547E+22   -2.512284E+23   -3.398930E+25    4.217925E+25   -3.427036E+24
    6.188644E+22   -5.580007E+22   -2.511554E+23   -3.404109E+25    4.220730E+25   -3.422175E+24
    6.152319E+22   -5.574524E+22   -2.510824E+23   -3.409315E+25    4.223342E+25   -3.417201E+24
    6.116515E+22   -5.569098E+22   -2.510095E+23   -3.414550E+25    4.225761E+25   -3.412141E+24
    6.081234E+22   -5.563730E+22   -2.509365E+23   -3.419811E+25    4.227982E+25   -3.407022E+24
    6.046479E+22   -5.558419E+22   -2.508635E+23   -3.425099E+25    4.230005E+25   -3.401871E+24
    6.012255E+22   -5.553167E+22   -2.507906E+23   -3.430413E+25    4.231827E+25   -3.396717E+24
    5.978564E+22   -5.547973E+22   -2.507176E+23   -3.435752E+25    4.233447E+25   -3.391586E+24
    5.945411E+22   -5.542838E+22   -2.506447E+23   -3.441116E+25    4.234862E+25   -3.386506E+24
    5.912799E+22   -5.537763E+22   -2.505718E+23   -3.446504E+25    4.236072E+25   -3.381503E+24
    5.880732E+22   -5.532748E+22   -2.504988E+23   -3.451916E+25    4.237075E+25   -3.376605E+24
    5.849214E+22   -5.527794E+22   -2.504259E+23   -3.457351E+25    4.237870E+25   -3.371836E+24
    5.818249E+22   -5.522900E+22   -2.503531E+23   -3.462809E+25    4.238455E+25   -3.367222E+24
    5.787842E+22   -5.518068E+22   -2.502802E+23   -3.468289E+25    4.238830E+25   -3.362787E+24
    5.757997E+22   -5.513298E+22   -2.502074E+23   -3.473790E+25    4.238994E+25   -3.358554E+24
    5.728719E+22   -5.508591E+22   -2.501345E+23   -3.479311E+25    4.238947E+25   -3.354544E+24
    5.700014E+22   -5.503948E+22   -2.500617E+23   -3.484853E+25    4.238687E+25   -3.350777E+24
    5.671886E+22   -5.499368E+22   -2.499890E+23   -3.490414E+25    4.238215E+25   -3.347273E+24
    5.644340E+22   -5.494852E+22   -2.499163E+23   -3.495993E+25    4.237530E+25   -3.344047E+24
    5.617382E+22   -5.490402E+22   -2.498436E+23   -3.501591E+25    4.236633E+25   -3.341117E+24
    5.591017E+22   -5.486018E+22   -2.497709E+23   -3.507206E+25    4.235523E+25   -3.338495E+24
    5.565252E+22   -5.481700E+22   -2.496983E+23   -3.512838E+25    4.234201E+25   -3.336192E+24
    5.540093E+22   -5.477449E+22   -2.496257E+23   -3.518486E+25    4.232668E+25   -3.334219E+24
    5.515545E+22   -5.473267E+22   -2.495531E+23   -3.524150E+25    4.230924E+25   -3.332583E+24
    5.491616E+22   -5.469153E+22   -2.494807E+23   -3.529828E+25    4.228970E+25   -3.331290E+24
    5.468312E+22   -5.465108E+22   -2.494082E+23   -3.535520E+25    4.226808E+25   -3.330342E+24
    5.445639E+22   -5.461134E+22   -2.493358E+23   -3.541225E+25    4.224438E+25   -3.329742E+24
    5.423606E+22   -5.457232E+22   -2.492635E+23   -3.546943E+25    4.221861E+25   -3.329488E+24
    5.402219E+22   -5.453401E+22   -2.491912E+23   -3.552673E+25    4.219080E+25   -3.329577E+24
    5.381485E+22   -5.449643E+22   -2.491190E+23   -3.558413E+25    4.216097E+25   -3.330004E+24
    5.361414E+22   -5.445959E+22   -2.490468E+23   -3.564164E+25    4.212912E+25   -3.330762E+24
    5.342012E+22   -5.442350E+22   -2.489747E+23   -3.569924E+25    4.209529E+25   -3.331842E+24
    5.323287E+22   -5.438817E+22   -2.489027E+23   -3.575694E+25    4.205949E+25   -3.333232E+24
    5.305249E+22   -5.435360E+22   -2.488308E+23   -3.581471E+25    4.202176E+25   -3.334919E+24
    5.287906E+22   -5.431981E+22   -2.487589E+23   -3.587255E+25    4.198211E+25   -3.336890E+24
    5.271267E+22   -5.428681E+22   -2.486871E+23   -3.593046E+25    4.194058E+25   -3.339126E+24
    5.255340E+22   -5.425461E+22   -2.486154E+23   -3.598843E+25    4.189719E+25   -3.341611E+24
    5.240135E+22   -5.422322E+22   -2.485437E+23   -3.604644E+25    4.185199E+25   -3.344326E+24
    5.225662E+22   -5.419265E+22   -2.484722E+23   -3.610450E+25    4.180499E+25   -3.347248E+24
    5.211931E+22   -5.416291E+22   -2.484007E+23   -3.616259E+25    4.175625E+25   -3.350358E+24
    5.198951E+22   -5.413401E+22   -2.483294E+23   -3.622070E+25    4.170578E+25   -3.353633E+24
    5.186733E+22   -5.410597E+22   -2.482581E+23   -3.627883E+25    4.165365E+25   -3.357048E+24
    5.175287E+22   -5.407880E+22   -2.481869E+23   -3.633697E+25    4.159987E+25   -3.360582E+24
    5.164623E+22   -5.405250E+22   -2.481159E+23   -3.639511E+25    4.154450E+25   -3.364208E+24
    5.154752E+22   -5.402710E+22   -2.480449E+23   -3.645324E+25    4.148759E+25   -3.367904E+24
    5.145686E+22   -5.400261E+22   -2.479741E+23   -3.651135E+25    4.142916E+25   -3.371644E+24
    5.137436E+22   -5.397904E+22   -2.479034E+23   -3.656944E+25    4.136928E+25   -3.375405E+24
    5.130013E+22   -5.395639E+22   -2.478328E+23   -3.662750E+25    4.130799E+25   -3.379162E+24
    5.123429E+22   -5.393470E+22   -2.477623E+23   -3.668551E+25    4.124534E+25   -3.382893E+24
    5.117694E+22   -5.391396E+22   -2.476919E+23   -3.674348E+25    4.118138E+25   -3.386574E+24
    5.112822E+22   -5.389419E+22   -2.476217E+23   -3.680139E+25    4.111616E+25   -3.390185E+24
    5.108824E+22   -5.387541E+22   -2.475516E+23   -3.685923E+25    4.104974E+25   -3.393704E+24
    5.105712E+22   -5.385764E+22   -2.474816E+23   -3.691700E+25    4.098217E+25   -3.397112E+24
    5.103499E+22   -5.384087E+22   -2.474118E+23   -3.697469E+25    4.091350E+25   -3.400392E+24
    5.102197E+22   -5.382514E+22   -2.473422E+23   -3.703228E+25    4.084380E+25   -3.403525E+24
    5.101819E+22   -5.381046E+22   -2.472726E+23   -3.708978E+25    4.077312E+25   -3.406497E+24
    5.102377E+22   -5.379683E+22   -2.472033E+23   -3.714717E+25    4.070152E+25   -3.409295E+24
    5.103883E+22   -5.378428E+22   -2.471341E+23   -3.720445E+25    4.062906E+25   -3.411907E+24
    5.106351E+22   -5.377281E+22   -2.470650E+23   -3.726160E+25    4.055579E+25   -3.414322E+24
    5.109793E+22   -5.376245E+22   -2.469961E+23   -3.731862E+25    4.048179E+25   -3.416533E+24
    5.114222E+22   -5.375321E+22   -2.469274E+23   -3.737550E+25    4.040711E+25   -3.418534E+24
    5.119652E+22   -5.374510E+22   -2.468589E+23   -3.743223E+25    4.033181E+25   -3.420319E+24
    5.126094E+22   -5.373814E+22   -2.467905E+23   -3.748881E+25    4.025595E+25   -3.421886E+24
    5.133563E+22   -5.373234E+22   -2.467223E+23   -3.754523E+25    4.017961E+25   -3.423235E+24
    5.142069E+22   -5.372773E+22   -2.466543E+23   -3.760147E+25    4.010283E+25   -3.424365E+24
    5.151626E+22   -5.372430E+22   -2.465865E+23   -3.765754E+25    4.002569E+25   -3.425281E+24
    5.162246E+22   -5.372209E+22   -2.465189E+23   -3.771342E+25    3.994824E+25   -3.425985E+24
    5.173943E+22   -5.372109E+22   -2.464515E+23   -3.776911E+25    3.987055E+25   -3.426485E+24
    5.186729E+22   -5.372134E+22   -2.463843E+23   -3.782460E+25    3.979267E+25   -3.426786E+24
    5.200616E+22   -5.372283E+22   -2.463172E+23   -3.787989E+25    3.971468E+25   -3.426898E+24
    5.215616E+22   -5.372559E+22   -2.462504E+23   -3.793496E+25    3.963664E+25   -3.426829E+24
    5.231741E+22   -5.372963E+22   -2.461838E+23   -3.798980E+25    3.955859E+25   -3.426592E+24
    5.249002E+22   -5.373496E+22   -2.461175E+23   -3.804443E+25    3.948061E+25   -3.426196E+24
    5.267411E+22   -5.374160E+22   -2.460513E+23   -3.809882E+25    3.940276E+25   -3.425655E+24
    5.286980E+22   -5.374956E+22   -2.459853E+23   -3.815297E+25    3.932508E+25   -3.424981E+24
    5.307719E+22   -5.375886E+22   -2.459196E+23   -3.820687E+25    3.924764E+25   -3.424188E+24
    5.329640E+22   -5.376949E+22   -2.458542E+23   -3.826052E+25    3.917050E+25   -3.423288E+24
    5.352752E+22   -5.378149E+22   -2.457889E+23   -3.831392E+25    3.909371E+25   -3.422296E+24
    5.377066E+22   -5.379486E+22   -2.457239E+23   -3.836705E+25    3.901732E+25   -3.421225E+24
    5.402591E+22   -5.380960E+22   -2.456591E+23   -3.841992E+25    3.894139E+25   -3.420088E+24
    5.429337E+22   -5.382574E+22   -2.455946E+23   -3.847252E+25    3.886597E+25   -3.418898E+24
    5.457313E+22   -5.384328E+22   -2.455303E+23   -3.852484E+25    3.879110E+25   -3.417669E+24
    5.486527E+22   -5.386223E+22   -2.454663E+23   -3.857687E+25    3.871683E+25   -3.416412E+24
    5.516988E+22   -5.388260E+22   -2.454025E+23   -3.862862E+25    3.864322E+25   -3.415138E+24
    5.548704E+22   -5.390441E+22   -2.453390E+23   -3.868009E+25    3.857030E+25   -3.413859E+24
    5.581680E+22   -5.392765E+22   -2.452757E+23   -3.873126E+25    3.849811E+25   -3.412584E+24
    5.615925E+22   -5.395235E+22   -2.452127E+23   -3.878213E+25    3.842670E+25   -3.411322E+24
    5.651444E+22   -5.397850E+22   -2.451499E+23   -3.883270E+25    3.835610E+25   -3.410082E+24
    5.688243E+22   -5.400611E+22   -2.450874E+23   -3.888298E+25    3.828636E+25   -3.408870E+24
    5.726328E+22   -5.403518E+22   -2.450252E+23   -3.893294E+25    3.821749E+25   -3.407693E+24
    5.765704E+22   -5.406574E+22   -2.449633E+23   -3.898260E+25    3.814954E+25   -3.406556E+24
    5.806373E+22   -5.409777E+22   -2.449016E+23   -3.903196E+25    3.808254E+25   -3.405464E+24
    5.848341E+22   -5.413128E+22   -2.448402E+23   -3.908100E+25    3.801651E+25   -3.404419E+24
    5.891609E+22   -5.416629E+22   -2.447791E+23   -3.912973E+25    3.795147E+25   -3.403426E+24
    5.936180E+22   -5.420278E+22   -2.447182E+23   -3.917814E+25    3.788746E+25   -3.402485E+24
    5.982057E+22   -5.424076E+22   -2.446577E+23   -3.922625E+25    3.782448E+25   -3.401597E+24
    6.029239E+22   -5.428024E+22   -2.445974E+23   -3.927404E+25    3.776256E+25   -3.400763E+24
    6.077729E+22   -5.432121E+22   -2.445374E+23   -3.932151E+25    3.770172E+25   -3.399982E+24
    6.127526E+22   -5.436368E+22   -2.444776E+23   -3.936867E+25    3.764196E+25   -3.399253E+24
    6.178628E+22   -5.440764E+22   -2.444182E+23   -3.941552E+25    3.758330E+25   -3.398575E+24
    6.231036E+22   -5.445310E+22   -2.443590E+23   -3.946205E+25    3.752576E+25   -3.397946E+24
    6.284745E+22   -5.450005E+22   -2.443001E+23   -3.950827E+25    3.746932E+25   -3.397365E+24
    6.339755E+22   -5.454848E+22   -2.442415E+23   -3.955419E+25    3.741401E+25   -3.396827E+24
    6.396063E+22   -5.459840E+22   -2.441832E+23   -3.959979E+25    3.735982E+25   -3.396331E+24
    6.453663E+22   -5.464981E+22   -2.441252E+23   -3.964508E+25    3.730676E+25   -3.395874E+24
    6.512553E+22   -5.470268E+22   -2.440674E+23   -3.969007E+25    3.725481E+25   -3.395452E+24
    6.572726E+22   -5.475703E+22   -2.440100E+23   -3.973476E+25    3.720399E+25   -3.395064E+24
    6.634177E+22   -5.481285E+22   -2.439528E+23   -3.977914E+25    3.715429E+25   -3.394707E+24
    6.696899E+22   -5.487012E+22   -2.438959E+23   -3.982323E+25    3.710569E+25   -3.394376E+24
    6.760886E+22   -5.492884E+22   -2.438393E+23   -3.986702E+25    3.705820E+25   -3.394071E+24
    6.826130E+22   -5.498900E+22   -2.437830E+23   -3.991052E+25    3.701180E+25   -3.393789E+24
    6.892622E+22   -5.505059E+22   -2.437269E+23   -3.995373E+25    3.696648E+25   -3.393527E+24
    6.960355E+22   -5.511360E+22   -2.436712E+23   -3.999666E+25    3.692223E+25   -3.393283E+24
    7.029319E+22   -5.517803E+22   -2.436157E+23   -4.003931E+25    3.687903E+25   -3.393056E+24
    7.099503E+22   -5.524385E+22   -2.435605E+23   -4.008168E+25    3.683687E+25   -3.392845E+24
    7.170897E+22   -5.531107E+22   -2.435055E+23   -4.012378E+25    3.679574E+25   -3.392647E+24
    7.243490E+22   -5.537966E+22   -2.434509E+23   -4.016560E+25    3.675561E+25   -3.392462E+24
    7.317271E+22   -5.544961E+22   -2.433965E+23   -4.020717E+25    3.671647E+25   -3.392290E+24
    7.392228E+22   -5.552091E+22   -2.433424E+23   -4.024847E+25    3.667830E+25   -3.392129E+24
    7.468347E+22   -5.559355E+22   -2.432885E+23   -4.028953E+25    3.664108E+25   -3.391980E+24
    7.545615E+22   -5.566750E+22   -2.432350E+23   -4.033033E+25    3.660479E+25   -3.391842E+24
    7.624020E+22   -5.574276E+22   -2.431816E+23   -4.037088E+25    3.656941E+25   -3.391714E+24
    7.703546E+22   -5.581931E+22   -2.431286E+23   -4.041120E+25    3.653491E+25   -3.391598E+24
    7.784179E+22   -5.589713E+22   -2.430758E+23   -4.045128E+25    3.650128E+25   -3.391493E+24
    7.865905E+22   -5.597620E+22   -2.430233E+23   -4.049114E+25    3.646850E+25   -3.391399E+24
    7.948707E+22   -5.605652E+22   -2.429710E+23   -4.053076E+25    3.643653E+25   -3.391317E+24
    8.032571E+22   -5.613805E+22   -2.429189E+23   -4.057017E+25    3.640536E+25   -3.391248E+24
    8.117480E+22   -5.622078E+22   -2.428672E+23   -4.060937E+25    3.637496E+25   -3.391191E+24
    8.203416E+22   -5.630469E+22   -2.428156E+23   -4.064836E+25    3.634532E+25   -3.391147E+24
    8.290363E+22   -5.638977E+22   -2.427643E+23   -4.068714E+25    3.631641E+25   -3.391116E+24
    8.378305E+22   -5.647599E+22   -2.427133E+23   -4.072573E+25    3.628820E+25   -3.391100E+24
    8.467223E+22   -5.656333E+22   -2.426624E+23   -4.076413E+25    3.626068E+25   -3.391097E+24
    8.557099E+22   -5.665178E+22   -2.426119E+23   -4.080233E+25    3.623382E+25   -3.391108E+24
    8.647915E+22   -5.674130E+22   -2.425615E+23   -4.084036E+25    3.620759E+25   -3.391134E+24
    8.739654E+22   -5.683189E+22   -2.425114E+23   -4.087821E+25    3.618199E+25   -3.391174E+24
    8.832295E+22   -5.692352E+22   -2.424614E+23   -4.091589E+25    3.615698E+25   -3.391229E+24
    8.925820E+22   -5.701616E+22   -2.424118E+23   -4.095341E+25    3.613255E+25   -3.391298E+24
    9.020211E+22   -5.710980E+22   -2.423623E+23   -4.099076E+25    3.610868E+25   -3.391382E+24
    9.115447E+22   -5.720442E+22   -2.423130E+23   -4.102796E+25    3.608534E+25   -3.391481E+24
    9.211509E+22   -5.729998E+22   -2.422639E+23   -4.106501E+25    3.606251E+25   -3.391593E+24
    9.308377E+22   -5.739648E+22   -2.422151E+23   -4.110191E+25    3.604018E+25   -3.391720E+24
    9.406033E+22   -5.749388E+22   -2.421664E+23   -4.113868E+25    3.601832E+25   -3.391860E+24
    9.504455E+22   -5.759217E+22   -2.421180E+23   -4.117531E+25    3.599693E+25   -3.392013E+24
    9.603623E+22   -5.769131E+22   -2.420697E+23   -4.121181E+25    3.597597E+25   -3.392179E+24
    9.703518E+22   -5.779130E+22   -2.420216E+23   -4.124818E+25    3.595544E+25   -3.392358E+24
    9.804118E+22   -5.789210E+22   -2.419737E+23   -4.128443E+25    3.593532E+25   -3.392549E+24
    9.905405E+22   -5.799369E+22   -2.419260E+23   -4.132057E+25    3.591559E+25   -3.392752E+24
    1.000736E+23   -5.809605E+22   -2.418784E+23   -4.135659E+25    3.589623E+25   -3.392966E+24
    1.010996E+23   -5.819915E+22   -2.418311E+23   -4.139251E+25    3.587724E+25   -3.393192E+24
    1.021318E+23   -5.830298E+22   -2.417838E+23   -4.142832E+25    3.585859E+25   -3.393427E+24
    1.031700E+23   -5.840750E+22   -2.417368E+23   -4.146403E+25    3.584028E+25   -3.393674E+24
    1.042141E+23   -5.851270E+22   -2.416899E+23   -4.149965E+25    3.582229E+25   -3.393930E+24
    1.052639E+23   -5.861855E+22   -2.416432E+23   -4.153518E+25    3.580460E+25   -3.394195E+24
    1.063191E+23   -5.872503E+22   -2.415966E+23   -4.157062E+25    3.578721E+25   -3.394471E+24
    1.073794E+23   -5.883211E+22   -2.415501E+23   -4.160598E+25    3.577010E+25   -3.394755E+24
    1.084449E+23   -5.893977E+22   -2.415039E+23   -4.164125E+25    3.575327E+25   -3.395048E+24
    1.095151E+23   -5.904800E+22   -2.414577E+23   -4.167646E+25    3.573670E+25   -3.395350E+24
    1.105900E+23   -5.915676E+22   -2.414117E+23   -4.171159E+25    3.572038E+25   -3.395661E+24
    1.116693E+23   -5.926603E+22   -2.413658E+23   -4.174665E+25    3.570431E+25   -3.395981E+24
    1.127528E+23   -5.937579E+22   -2.413200E+23   -4.178164E+25    3.568847E+25   -3.396309E+24
    1.138403E+23   -5.948602E+22   -2.412744E+23   -4.181657E+25    3.567286E+25   -3.396646E+24
    1.149317E+23   -5.959670E+22   -2.412288E+23   -4.185145E+25    3.565746E+25   -3.396992E+24
    1.160267E+23   -5.970779E+22   -2.411834E+23   -4.188627E+25    3.564228E+25   -3.397347E+24
    1.171251E+23   -5.981929E+22   -2.411381E+23   -4.192103E+25    3.562729E+25   -3.397710E+24
    1.182267E+23   -5.993116E+22   -2.410929E+23   -4.195575E+25    3.561251E+25   -3.398082E+24
    1.193315E+23   -6.004339E+22   -2.410478E+23   -4.199041E+25    3.559791E+25   -3.398464E+24
    1.204390E+23   -6.015596E+22   -2.410028E+23   -4.202504E+25    3.558350E+25   -3.398855E+24
    1.215493E+23   -6.026883E+22   -2.409579E+23   -4.205962E+25    3.556927E+25   -3.399255E+24
    1.226620E+23   -6.038200E+22   -2.409131E+23   -4.209416E+25    3.555521E+25   -3.399665E+24
    1.237770E+23   -6.049544E+22   -2.408683E+23   -4.212867E+25    3.554132E+25   -3.400085E+24
    1.248942E+23   -6.060912E+22   -2.408237E+23   -4.216314E+25    3.552760E+25   -3.400514E+24
    1.260132E+23   -6.072304E+22   -2.407791E+23   -4.219758E+25    3.551403E+25   -3.400954E+24
    1.271341E+23   -6.083716E+22   -2.407346E+23   -4.223199E+25    3.550063E+25   -3.401405E+24
    1.282565E+23   -6.095147E+22   -2.406902E+23   -4.226637E+25    3.548737E+25   -3.401866E+24
    1.293803E+23   -6.106594E+22   -2.406458E+23   -4.230073E+25    3.547426E+25   -3.402337E+24
    1.305053E+23   -6.118056E+22   -2.406016E+23   -4.233507E+25    3.546130E+25   -3.402820E+24
    1.316313E+23   -6.129531E+22   -2.405573E+23   -4.236938E+25    3.544849E+25   -3.403314E+24
    1.327583E+23   -6.141016E+22   -2.405131E+23   -4.240368E+25    3.543581E+25   -3.403819E+24
    1.338859E+23   -6.152511E+22   -2.404690E+23   -4.243796E+25    3.542328E+25   -3.404335E+24
    1.350141E+23   -6.164012E+22   -2.404250E+23   -4.247222E+25    3.541088E+25   -3.404863E+24
    1.361427E+23   -6.175518E+22   -2.403809E+23   -4.250648E+25    3.539861E+25   -3.405402E+24
    1.372715E+23   -6.187028E+22   -2.403370E+23   -4.254072E+25    3.538648E+25   -3.405953E+24
    1.384004E+23   -6.198538E+22   -2.402930E+23   -4.257495E+25    3.537448E+25   -3.406516E+24
    1.395291E+23   -6.210049E+22   -2.402491E+23   -4.260917E+25    3.536262E+25   -3.407091E+24
    1.406576E+23   -6.221557E+22   -2.402052E+23   -4.264339E+25    3.535088E+25   -3.407677E+24
    1.417857E+23   -6.233061E+22   -2.401614E+23   -4.267760E+25    3.533927E+25   -3.408275E+24
    1.429133E+23   -6.244559E+22   -2.401176E+23   -4.271182E+25    3.532779E+25   -3.408885E+24
    1.440401E+23   -6.256050E+22   -2.400738E+23   -4.274603E+25    3.531644E+25   -3.409507E+24
    1.451660E+23   -6.267531E+22   -2.400301E+23   -4.278024E+25    3.530521E+25   -3.410141E+24
    1.462910E+23   -6.279002E+22   -2.399863E+23   -4.281445E+25    3.529411E+25   -3.410787E+24
    1.474148E+23   -6.290460E+22   -2.399426E+23   -4.284867E+25    3.528314E+25   -3.411444E+24
    1.485373E+23   -6.301905E+22   -2.398989E+23   -4.288289E+25    3.527230E+25   -3.412114E+24
    1.496584E+23   -6.313333E+22   -2.398552E+23   -4.291711E+25    3.526158E+25   -3.412795E+24
    1.507780E+23   -6.324745E+22   -2.398115E+23   -4.295135E+25    3.525099E+25   -3.413488E+24
    1.518958E+23   -6.336137E+22   -2.397678E+23   -4.298559E+25    3.524052E+25   -3.414193E+24
    1.530118E+23   -6.347510E+22   -2.397241E+23   -4.301984E+25    3.523019E+25   -3.414909E+24
    1.541258E+23   -6.358861E+22   -2.396804E+23   -4.305411E+25    3.521998E+25   -3.415638E+24
    1.552378E+23   -6.370188E+22   -2.396367E+23   -4.308839E+25    3.520989E+25   -3.416378E+24
    1.563476E+23   -6.381491E+22   -2.395930E+23   -4.312268E+25    3.519994E+25   -3.417129E+24
    1.574550E+23   -6.392767E+22   -2.395493E+23   -4.315698E+25    3.519012E+25   -3.417893E+24
    1.585599E+23   -6.404017E+22   -2.395056E+23   -4.319131E+25    3.518043E+25   -3.418668E+24
    1.596623E+23   -6.415237E+22   -2.394619E+23   -4.322565E+25    3.517086E+25   -3.419455E+24
    1.607620E+23   -6.426427E+22   -2.394181E+23   -4.326001E+25    3.516143E+25   -3.420253E+24
    1.618588E+23   -6.437586E+22   -2.393744E+23   -4.329439E+25    3.515213E+25   -3.421064E+24
    1.629528E+23   -6.448712E+22   -2.393306E+23   -4.332879E+25    3.514297E+25   -3.421886E+24
    1.640437E+23   -6.459804E+22   -2.392868E+23   -4.336321E+25    3.513393E+25   -3.422720E+24
    1.651314E+23   -6.470860E+22   -2.392430E+23   -4.339765E+25    3.512503E+25   -3.423565E+24
    1.662159E+23   -6.481880E+22   -2.391992E+23   -4.343212E+25    3.511627E+25   -3.424423E+24
    1.672971E+23   -6.492863E+22   -2.391553E+23   -4.346661E+25    3.510764E+25   -3.425293E+24
    1.683748E+23   -6.503806E+22   -2.391114E+23   -4.350113E+25    3.509915E+25   -3.426174E+24
    1.694489E+23   -6.514709E+22   -2.390675E+23   -4.353568E+25    3.509080E+25   -3.427068E+24
    1.705194E+23   -6.525571E+22   -2.390235E+23   -4.357026E+25    3.508259E+25   -3.427973E+24
    1.715861E+23   -6.536391E+22   -2.389795E+23   -4.360486E+25    3.507451E+25   -3.428891E+24
    1.726489E+23   -6.547167E+22   -2.389355E+23   -4.363950E+25    3.506658E+25   -3.429821E+24
    1.737078E+23   -6.557899E+22   -2.388914E+23   -4.367416E+25    3.505878E+25   -3.430763E+24
    1.747627E+23   -6.568585E+22   -2.388473E+23   -4.370886E+25    3.505113E+25   -3.431717E+24
    1.758134E+23   -6.579224E+22   -2.388031E+23   -4.374359E+25    3.504362E+25   -3.432683E+24
    1.768599E+23   -6.589816E+22   -2.387589E+23   -4.377835E+25    3.503625E+25   -3.433662E+24
    1.779021E+23   -6.600360E+22   -2.387147E+23   -4.381315E+25    3.502903E+25   -3.434653E+24
    1.789399E+23   -6.610853E+22   -2.386704E+23   -4.384799E+25    3.502195E+25   -3.435656E+24
    1.799732E+23   -6.621297E+22   -2.386260E+23   -4.388286E+25    3.501501E+25   -3.436672E+24
    1.810020E+23   -6.631689E+22   -2.385816E+23   -4.391777E+25    3.500822E+25   -3.437700E+24
    1.820261E+23   -6.642028E+22   -2.385372E+23   -4.395271E+25    3.500158E+25   -3.438740E+24
    1.830455E+23   -6.652315E+22   -2.384927E+23   -4.398770E+25    3.499509E+25   -3.439793E+24
    1.840602E+23   -6.662547E+22   -2.384482E+23   -4.402272E+25    3.498874E+25   -3.440858E+24
    1.850700E+23   -6.672724E+22   -2.384036E+23   -4.405779E+25    3.498254E+25   -3.441935E+24
    1.860748E+23   -6.682846E+22   -2.383589E+23   -4.409290E+25    3.497648E+25   -3.443024E+24
    1.870747E+23   -6.692911E+22   -2.383142E+23   -4.412805E+25    3.497058E+25   -3.444126E+24
    1.880694E+23   -6.702919E+22   -2.382694E+23   -4.416325E+25    3.496482E+25   -3.445240E+24
    1.890590E+23   -6.712868E+22   -2.382246E+23   -4.419848E+25    3.495921E+25   -3.446367E+24
    1.900435E+23   -6.722759E+22   -2.381797E+23   -4.423377E+25    3.495375E+25   -3.447505E+24
    1.910226E+23   -6.732590E+22   -2.381347E+23   -4.426910E+25    3.494844E+25   -3.448656E+24
    1.919964E+23   -6.742361E+22   -2.380897E+23   -4.430448E+25    3.494328E+25   -3.449819E+24
    1.929648E+23   -6.752071E+22   -2.380446E+23   -4.433990E+25    3.493827E+25   -3.450995E+24
    1.939278E+23   -6.761719E+22   -2.379995E+23   -4.437537E+25    3.493341E+25   -3.452183E+24
    1.948852E+23   -6.771304E+22   -2.379543E+23   -4.441089E+25    3.492870E+25   -3.453383E+24
    1.958371E+23   -6.780827E+22   -2.379090E+23   -4.444646E+25    3.492414E+25   -3.454596E+24
    1.967833E+23   -6.790286E+22   -2.378636E+23   -4.448209E+25    3.491973E+25   -3.455821E+24
    1.977239E+23   -6.799681E+22   -2.378182E+23   -4.451776E+25    3.491547E+25   -3.457059E+24
    1.986587E+23   -6.809011E+22   -2.377727E+23   -4.455349E+25    3.491135E+25   -3.458309E+24
    1.995878E+23   -6.818276E+22   -2.377272E+23   -4.458927E+25    3.490739E+25   -3.459572E+24
    2.005110E+23   -6.827474E+22   -2.376815E+23   -4.462510E+25    3.490358E+25   -3.460848E+24
    2.014283E+23   -6.836606E+22   -2.376358E+23   -4.466099E+25    3.489991E+25   -3.462137E+24
    2.023397E+23   -6.845671E+22   -2.375901E+23   -4.469693E+25    3.489639E+25   -3.463438E+24
    2.032452E+23   -6.854669E+22   -2.375442E+23   -4.473293E+25    3.489303E+25   -3.464752E+24
    2.041446E+23   -6.863598E+22   -2.374983E+23   -4.476899E+25    3.488981E+25   -3.466079E+24
    2.050379E+23   -6.872459E+22   -2.374523E+23   -4.480510E+25    3.488673E+25   -3.467420E+24
    2.059252E+23   -6.881251E+22   -2.374063E+23   -4.484127E+25    3.488381E+25   -3.468773E+24
    2.068063E+23   -6.889973E+22   -2.373601E+23   -4.487751E+25    3.488103E+25   -3.470140E+24
    2.076812E+23   -6.898625E+22   -2.373139E+23   -4.491380E+25    3.487840E+25   -3.471519E+24
    2.159838E+23   -6.980247E+22   -2.368532E+23   -4.527565E+25    3.486023E+25   -3.485869E+24
    2.236503E+23   -7.054673E+22   -2.363848E+23   -4.564416E+25    3.485600E+25   -3.501538E+24
    2.306608E+23   -7.121680E+22   -2.359085E+23   -4.601999E+25    3.486544E+25   -3.518543E+24
    2.370043E+23   -7.181146E+22   -2.354245E+23   -4.640384E+25    3.488852E+25   -3.536920E+24
    2.426772E+23   -7.233035E+22   -2.349330E+23   -4.679631E+25    3.492548E+25   -3.556698E+24
    2.476826E+23   -7.277389E+22   -2.344344E+23   -4.719801E+25    3.497674E+25   -3.577910E+24
    2.520290E+23   -7.314312E+22   -2.339292E+23   -4.760945E+25    3.504286E+25   -3.600601E+24
    2.557298E+23   -7.343958E+22   -2.334181E+23   -4.803112E+25    3.512442E+25   -3.624807E+24
    2.588019E+23   -7.366529E+22   -2.329017E+23   -4.846344E+25    3.522188E+25   -3.650559E+24
    2.612655E+23   -7.382261E+22   -2.323809E+23   -4.890677E+25    3.533561E+25   -3.677895E+24
    2.631432E+23   -7.391417E+22   -2.318563E+23   -4.936143E+25    3.546590E+25   -3.706858E+24
    2.644596E+23   -7.394283E+22   -2.313288E+23   -4.982773E+25    3.561294E+25   -3.737491E+24
    2.652408E+23   -7.391163E+22   -2.307993E+23   -5.030597E+25    3.577697E+25   -3.769840E+24
    2.655139E+23   -7.382370E+22   -2.302687E+23   -5.079647E+25    3.595826E+25   -3.803946E+24
    2.653065E+23   -7.368226E+22   -2.297378E+23   -5.129960E+25    3.615716E+25   -3.839853E+24
    2.646470E+23   -7.349059E+22   -2.292074E+23   -5.181579E+25    3.637405E+25   -3.877613E+24
    2.635635E+23   -7.325193E+22   -2.286785E+23   -5.234555E+25    3.660937E+25   -3.917276E+24
    2.620842E+23   -7.296955E+22   -2.281519E+23   -5.288943E+25    3.686349E+25   -3.958893E+24
    2.602368E+23   -7.264666E+22   -2.276284E+23   -5.344808E+25    3.713678E+25   -4.002516E+24
    2.580487E+23   -7.228641E+22   -2.271089E+23   -5.402215E+25    3.742961E+25   -4.048200E+24
    2.555466E+23   -7.189188E+22   -2.265941E+23   -5.461234E+25    3.774246E+25   -4.096005E+24
    2.527564E+23   -7.146606E+22   -2.260848E+23   -5.521933E+25    3.807590E+25   -4.145989E+24
    2.497033E+23   -7.101184E+22   -2.255817E+23   -5.584377E+25    3.843059E+25   -4.198212E+24
    2.464114E+23   -7.053203E+22   -2.250856E+23   -5.648627E+25    3.880717E+25   -4.252737E+24
    2.429042E+23   -7.002929E+22   -2.245971E+23   -5.714741E+25    3.920617E+25   -4.309633E+24
    2.392040E+23   -6.950621E+22   -2.241170E+23   -5.782771E+25    3.962802E+25   -4.368965E+24
    2.353319E+23   -6.896521E+22   -2.236458E+23   -5.852769E+25    4.007318E+25   -4.430804E+24
    2.313084E+23   -6.840864E+22   -2.231841E+23   -5.924788E+25    4.054225E+25   -4.495222E+24
    2.271526E+23   -6.783869E+22   -2.227326E+23   -5.998883E+25    4.103591E+25   -4.562296E+24
    2.228829E+23   -6.725746E+22   -2.222917E+23   -6.075114E+25    4.155483E+25   -4.632102E+24
    2.185163E+23   -6.666691E+22   -2.218620E+23   -6.153550E+25    4.209967E+25   -4.704721E+24
    2.140691E+23   -6.606890E+22   -2.214441E+23   -6.234262E+25    4.267111E+25   -4.780237E+24
    2.095564E+23   -6.546517E+22   -2.210383E+23   -6.317332E+25    4.326988E+25   -4.858735E+24
    2.049926E+23   -6.485733E+22   -2.206452E+23   -6.402842E+25    4.389684E+25   -4.940304E+24
    2.003909E+23   -6.424690E+22   -2.202651E+23   -6.490883E+25    4.455281E+25   -5.025037E+24
    1.957636E+23   -6.363529E+22   -2.198985E+23   -6.581543E+25    4.523855E+25   -5.113028E+24
    1.911224E+23   -6.302382E+22   -2.195458E+23   -6.674917E+25    4.595482E+25   -5.204377E+24
    1.864779E+23   -6.241369E+22   -2.192074E+23   -6.771100E+25    4.670244E+25   -5.299183E+24
    1.818399E+23   -6.180601E+22   -2.188836E+23   -6.870187E+25    4.748232E+25   -5.397554E+24
    1.772175E+23   -6.120182E+22   -2.185748E+23   -6.972279E+25    4.829541E+25   -5.499597E+24
    1.726190E+23   -6.060205E+22   -2.182813E+23   -7.077476E+25    4.914270E+25   -5.605424E+24
    1.680521E+23   -6.000756E+22   -2.180035E+23   -7.185883E+25    5.002519E+25   -5.715153E+24
    1.635238E+23   -5.941914E+22   -2.177415E+23   -7.297608E+25    5.094389E+25   -5.828903E+24
    1.590403E+23   -5.883748E+22   -2.174958E+23   -7.412761E+25    5.189991E+25   -5.946798E+24
    1.546073E+23   -5.826323E+22   -2.172667E+23   -7.531457E+25    5.289432E+25   -6.068967E+24
    1.502301E+23   -5.769695E+22   -2.170544E+23   -7.653815E+25    5.392822E+25   -6.195541E+24
    1.459131E+23   -5.713916E+22   -2.168591E+23   -7.779959E+25    5.500274E+25   -6.326658E+24
    1.416606E+23   -5.659031E+22   -2.166813E+23   -7.910013E+25    5.611913E+25   -6.462460E+24
    1.374761E+23   -5.605078E+22   -2.165211E+23   -8.044107E+25    5.727870E+25   -6.603093E+24
    1.333627E+23   -5.552093E+22   -2.163788E+23   -8.182372E+25    5.848274E+25   -6.748708E+24
    1.293233E+23   -5.500104E+22   -2.162547E+23   -8.324941E+25    5.973258E+25   -6.899461E+24
    1.253602E+23   -5.449138E+22   -2.161490E+23   -8.471953E+25    6.102961E+25   -7.055514E+24
    1.214754E+23   -5.399214E+22   -2.160620E+23   -8.623554E+25    6.237527E+25   -7.217034E+24
    1.176706E+23   -5.350350E+22   -2.159940E+23   -8.779899E+25    6.377100E+25   -7.384192E+24
    1.139471E+23   -5.302559E+22   -2.159453E+23   -8.941149E+25    6.521835E+25   -7.557167E+24
    1.103059E+23   -5.255851E+22   -2.159160E+23   -9.107474E+25    6.671894E+25   -7.736143E+24
    1.067479E+23   -5.210233E+22   -2.159066E+23   -9.279047E+25    6.827441E+25   -7.921310E+24
    1.032735E+23   -5.165709E+22   -2.159172E+23   -9.456041E+25    6.988646E+25   -8.112864E+24
    9.988308E+22   -5.122280E+22   -2.159482E+23   -9.638635E+25    7.155681E+25   -8.311008E+24
    9.657670E+22   -5.079946E+22   -2.159998E+23   -9.827010E+25    7.328728E+25   -8.515952E+24
    9.335426E+22   -5.038703E+22   -2.160724E+23   -1.002136E+26    7.507973E+25   -8.727912E+24
    9.021548E+22   -4.998547E+22   -2.161662E+23   -1.022187E+26    7.693610E+25   -8.947112E+24
    8.715992E+22   -4.959469E+22   -2.162816E+23   -1.042875E+26    7.885842E+25   -9.173782E+24
    8.418697E+22   -4.921462E+22   -2.164189E+23   -1.064222E+26    8.084874E+25   -9.408162E+24
    8.129592E+22   -4.884515E+22   -2.165784E+23   -1.086249E+26    8.290918E+25   -9.650498E+24
    7.848592E+22   -4.848617E+22   -2.167606E+23   -1.108978E+26    8.504193E+25   -9.901044E+24
    7.575602E+22   -4.813756E+22   -2.169657E+23   -1.132432E+26    8.724930E+25   -1.016006E+25
    7.310517E+22   -4.779917E+22   -2.171940E+23   -1.156635E+26    8.953362E+25   -1.042783E+25
    7.053225E+22   -4.747086E+22   -2.174461E+23   -1.181612E+26    9.189736E+25   -1.070462E+25
    6.803603E+22   -4.715247E+22   -2.177223E+23   -1.207389E+26    9.434300E+25   -1.099073E+25
    6.561526E+22   -4.684384E+22   -2.180230E+23   -1.233992E+26    9.687312E+25   -1.128645E+25
    6.326860E+22   -4.654481E+22   -2.183487E+23   -1.261449E+26    9.949044E+25   -1.159210E+25
    6.099467E+22   -4.625520E+22   -2.186997E+23   -1.289786E+26    1.021977E+26   -1.190799E+25
    5.879205E+22   -4.597484E+22   -2.190766E+23   -1.319034E+26    1.049978E+26   -1.223445E+25
    5.665928E+22   -4.570354E+22   -2.194797E+23   -1.349222E+26    1.078937E+26   -1.257183E+25
    5.459488E+22   -4.544112E+22   -2.199097E+23   -1.380381E+26    1.108883E+26   -1.292047E+25
    5.259734E+22   -4.518740E+22   -2.203671E+23   -1.412542E+26    1.139850E+26   -1.328075E+25
    5.066514E+22   -4.494219E+22   -2.208522E+23   -1.445739E+26    1.171869E+26   -1.365302E+25
    4.879674E+22   -4.470530E+22   -2.213658E+23   -1.480006E+26    1.204974E+26   -1.403770E+25
    4.699060E+22   -4.447655E+22   -2.219083E+23   -1.515377E+26    1.239200E+26   -1.443516E+25
    4.524518E+22   -4.425575E+22   -2.224805E+23   -1.551890E+26    1.274582E+26   -1.484583E+25
    4.355892E+22   -4.404270E+22   -2.230828E+23   -1.589581E+26    1.311159E+26   -1.527014E+25
    4.193030E+22   -4.383724E+22   -2.237159E+23   -1.628489E+26    1.348967E+26   -1.570852E+25
    4.035776E+22   -4.363916E+22   -2.243805E+23   -1.668655E+26    1.388048E+26   -1.616142E+25
    3.883981E+22   -4.344830E+22   -2.250773E+23   -1.710119E+26    1.428440E+26   -1.662933E+25
    3.737491E+22   -4.326446E+22   -2.258069E+23   -1.752923E+26    1.470188E+26   -1.711273E+25
    3.596158E+22   -4.308749E+22   -2.265702E+23   -1.797112E+26    1.513334E+26   -1.761211E+25
    3.459834E+22   -4.291718E+22   -2.273679E+23   -1.842731E+26    1.557923E+26   -1.812800E+25
    3.328373E+22   -4.275339E+22   -2.282007E+23   -1.889827E+26    1.604003E+26   -1.866093E+25
    3.201632E+22   -4.259593E+22   -2.290696E+23   -1.938448E+26    1.651620E+26   -1.921145E+25
    3.079469E+22   -4.244465E+22   -2.299753E+23   -1.988644E+26    1.700825E+26   -1.978014E+25
    2.961744E+22   -4.229938E+22   -2.309188E+23   -2.040467E+26    1.751669E+26   -2.036757E+25
    2.848321E+22   -4.215996E+22   -2.319009E+23   -2.093970E+26    1.804204E+26   -2.097437E+25
    2.739067E+22   -4.202624E+22   -2.329227E+23   -2.149207E+26    1.858486E+26   -2.160116E+25
    2.633849E+22   -4.189806E+22   -2.339851E+23   -2.206236E+26    1.914570E+26   -2.224858E+25
    2.532538E+22   -4.177529E+22   -2.350892E+23   -2.265115E+26    1.972516E+26   -2.291732E+25
    2.435009E+22   -4.165777E+22   -2.362360E+23   -2.325905E+26    2.032383E+26   -2.360805E+25
    2.341139E+22   -4.154537E+22   -2.374267E+23   -2.388668E+26    2.094233E+26   -2.432149E+25
    2.250807E+22   -4.143795E+22   -2.386623E+23   -2.453468E+26    2.158130E+26   -2.505839E+25
    2.163895E+22   -4.133539E+22   -2.399442E+23   -2.520372E+26    2.224141E+26   -2.581949E+25
    2.080290E+22   -4.123755E+22   -2.412735E+23   -2.589449E+26    2.292334E+26   -2.660560E+25
    1.999879E+22   -4.114431E+22   -2.426515E+23   -2.660770E+26    2.362780E+26   -2.741751E+25
    1.922552E+22   -4.105556E+22   -2.440797E+23   -2.734407E+26    2.435552E+26   -2.825607E+25
    1.848206E+22   -4.097117E+22   -2.455593E+23   -2.810437E+26    2.510724E+26   -2.912215E+25
    1.776735E+22   -4.089105E+22   -2.470918E+23   -2.888938E+26    2.588375E+26   -3.001663E+25
    1.708040E+22   -4.081508E+22   -2.486788E+23   -2.969989E+26    2.668585E+26   -3.094043E+25
    1.642023E+22   -4.074316E+22   -2.503219E+23   -3.053675E+26    2.751437E+26   -3.189452E+25
    1.578589E+22   -4.067519E+22   -2.520225E+23   -3.140081E+26    2.837016E+26   -3.287987E+25
    1.517647E+22   -4.061109E+22   -2.537825E+23   -3.229295E+26    2.925411E+26   -3.389750E+25
    1.459107E+22   -4.055075E+22   -2.556036E+23   -3.321410E+26    3.016712E+26   -3.494844E+25
    1.402882E+22   -4.049410E+22   -2.574875E+23   -3.416519E+26    3.111014E+26   -3.603380E+25
    1.348889E+22   -4.044105E+22   -2.594363E+23   -3.514720E+26    3.208414E+26   -3.715467E+25
    1.297045E+22   -4.039153E+22   -2.614518E+23   -3.616113E+26    3.309012E+26   -3.831222E+25
    1.247272E+22   -4.034546E+22   -2.635362E+23   -3.720803E+26    3.412912E+26   -3.950762E+25
    1.199494E+22   -4.030277E+22   -2.656914E+23   -3.828896E+26    3.520220E+26   -4.074211E+25
    1.153637E+22   -4.026340E+22   -2.679198E+23   -3.940503E+26    3.631047E+26   -4.201695E+25
    1.109628E+22   -4.022728E+22   -2.702235E+23   -4.055738E+26    3.745505E+26   -4.333345E+25
    1.067399E+22   -4.019435E+22   -2.726050E+23   -4.174718E+26    3.863713E+26   -4.469295E+25
    1.026883E+22   -4.016457E+22   -2.750666E+23   -4.297564E+26    3.985792E+26   -4.609684E+25
    9.880145E+21   -4.013788E+22   -2.776110E+23   -4.424402E+26    4.111865E+26   -4.754655E+25
    9.507313E+21   -4.011423E+22   -2.802407E+23   -4.555361E+26    4.242062E+26   -4.904357E+25
    9.149728E+21   -4.009359E+22   -2.829584E+23   -4.690574E+26    4.376516E+26   -5.058942E+25
    8.806806E+21   -4.007590E+22   -2.857670E+23   -4.830178E+26    4.515362E+26   -5.218566E+25
    8.477983E+21   -4.006114E+22   -2.886694E+23   -4.974314E+26    4.658744E+26   -5.383392E+25
    8.162715E+21   -4.004927E+22   -2.916684E+23   -5.123129E+26    4.806805E+26   -5.553587E+25
    7.860477E+21   -4.004026E+22   -2.947673E+23   -5.276771E+26    4.959695E+26   -5.729323E+25
    7.570761E+21   -4.003409E+22   -2.979693E+23   -5.435397E+26    5.117570E+26   -5.910777E+25
    7.293078E+21   -4.003074E+22   -3.012775E+23   -5.599166E+26    5.280588E+26   -6.098132E+25
    7.026957E+21   -4.003018E+22   -3.046955E+23   -5.768241E+26    5.448913E+26   -6.291576E+25
    6.771943E+21   -4.003240E+22   -3.082267E+23   -5.942793E+26    5.622713E+26   -6.491303E+25
    6.527599E+21   -4.003740E+22   -3.118748E+23   -6.122994E+26    5.802163E+26   -6.697511E+25
    6.293503E+21   -4.004516E+22   -3.156433E+23   -6.309023E+26    5.987440E+26   -6.910407E+25
    6.069248E+21   -4.005567E+22   -3.195362E+23   -6.501066E+26    6.178729E+26   -7.130201E+25
    5.854442E+21   -4.006894E+22   -3.235574E+23   -6.699310E+26    6.376218E+26   -7.357109E+25
    5.648709E+21   -4.008497E+22   -3.277109E+23   -6.903951E+26    6.580101E+26   -7.591355E+25
    5.451686E+21   -4.010377E+22   -3.320008E+23   -7.115189E+26    6.790578E+26   -7.833168E+25
    5.263023E+21   -4.012533E+22   -3.364314E+23   -7.333227E+26    7.007853E+26   -8.082782E+25
    5.082386E+21   -4.014968E+22   -3.410069E+23   -7.558277E+26    7.232136E+26   -8.340438E+25
    4.909450E+21   -4.017683E+22   -3.457320E+23   -7.790555E+26    7.463643E+26   -8.606384E+25
    4.743905E+21   -4.020679E+22   -3.506111E+23   -8.030280E+26    7.702593E+26   -8.880872E+25
    4.585451E+21   -4.023960E+22   -3.556489E+23   -8.277679E+26    7.949212E+26   -9.164161E+25
    4.433803E+21   -4.027526E+22   -3.608501E+23   -8.532982E+26    8.203731E+26   -9.456517E+25
    4.288683E+21   -4.031382E+22   -3.662196E+23   -8.796427E+26    8.466385E+26   -9.758209E+25
    4.149827E+21   -4.035531E+22   -3.717624E+23   -9.068253E+26    8.737414E+26   -1.006951E+26
    4.016979E+21   -4.039975E+22   -3.774834E+23   -9.348706E+26    9.017064E+26   -1.039071E+26
    3.889895E+21   -4.044719E+22   -3.833879E+23   -9.638035E+26    9.305583E+26   -1.072209E+26
    3.768339E+21   -4.049766E+22   -3.894811E+23   -9.936494E+26    9.603223E+26   -1.106393E+26
    3.652086E+21   -4.055122E+22   -3.957681E+23   -1.024434E+27    9.910242E+26   -1.141654E+26
    3.540919E+21   -4.060790E+22   -4.022545E+23   -1.056183E+27    1.022690E+27   -1.178022E+26
    3.434630E+21   -4.066775E+22   -4.089455E+23   -1.088923E+27    1.055345E+27   -1.215525E+26
    3.333020E+21   -4.073084E+22   -4.158466E+23   -1.122680E+27    1.089017E+27   -1.254194E+26
    3.235897E+21   -4.079721E+22   -4.229633E+23   -1.157480E+27    1.123732E+27   -1.294061E+26
    3.143078E+21   -4.086691E+22   -4.303010E+23   -1.193351E+27    1.159515E+27   -1.335154E+26
    3.054385E+21   -4.094002E+22   -4.378652E+23   -1.230318E+27    1.196394E+27   -1.377505E+26
    2.969652E+21   -4.101659E+22   -4.456613E+23   -1.268408E+27    1.234394E+27   -1.421142E+26
    2.888715E+21   -4.109669E+22   -4.536947E+23   -1.307645E+27    1.273541E+27   -1.466096E+26
    2.811421E+21   -4.118038E+22   -4.619706E+23   -1.348056E+27    1.313860E+27   -1.512395E+26
    2.737619E+21   -4.126772E+22   -4.704941E+23   -1.389664E+27    1.355375E+27   -1.560068E+26
    2.667168E+21   -4.135879E+22   -4.792701E+23   -1.432494E+27    1.398110E+27   -1.609140E+26
    2.599931E+21   -4.145366E+22   -4.883034E+23   -1.476567E+27    1.442087E+27   -1.659639E+26
    2.535778E+21   -4.155238E+22   -4.975984E+23   -1.521905E+27    1.487328E+27   -1.711587E+26
    2.474584E+21   -4.165504E+22   -5.071592E+23   -1.568526E+27    1.533851E+27   -1.765007E+26
    2.416228E+21   -4.176169E+22   -5.169895E+23   -1.616448E+27    1.581673E+27   -1.819919E+26
    2.360596E+21   -4.187241E+22   -5.270927E+23   -1.665687E+27    1.630810E+27   -1.876339E+26
    2.307578E+21   -4.198725E+22   -5.374713E+23   -1.716253E+27    1.681274E+27   -1.934283E+26
    2.257068E+21   -4.210627E+22   -5.481276E+23   -1.768158E+27    1.733074E+27   -1.993761E+26
    2.208965E+21   -4.222954E+22   -5.590629E+23   -1.821406E+27    1.786216E+27   -2.054779E+26
    2.163174E+21   -4.235710E+22   -5.702779E+23   -1.876000E+27    1.840703E+27   -2.117340E+26
    2.119600E+21   -4.248899E+22   -5.817723E+23   -1.931937E+27    1.896531E+27   -2.181441E+26
    2.078155E+21   -4.262526E+22   -5.935450E+23   -1.989210E+27    1.953694E+27   -2.247074E+26
    2.038754E+21   -4.276592E+22   -6.055935E+23   -2.047807E+27    2.012179E+27   -2.314225E+26
    2.001315E+21   -4.291100E+22   -6.179145E+23   -2.107710E+27    2.071968E+27   -2.382872E+26
    1.965757E+21   -4.306051E+22   -6.305033E+23   -2.168893E+27    2.133037E+27   -2.452989E+26
    1.932007E+21   -4.321443E+22   -6.433537E+23   -2.231328E+27    2.195355E+27   -2.524539E+26
    1.899990E+21   -4.337276E+22   -6.564581E+23   -2.294974E+27    2.258884E+27   -2.597479E+26
    1.869636E+21   -4.353544E+22   -6.698076E+23   -2.359786E+27    2.323577E+27   -2.671756E+26
    1.840876E+21   -4.370243E+22   -6.833914E+23   -2.425712E+27    2.389383E+27   -2.747309E+26
    1.813645E+21   -4.387365E+22   -6.971972E+23   -2.492689E+27    2.456239E+27   -2.824068E+26
    1.787879E+21   -4.404902E+22   -7.112108E+23   -2.560647E+27    2.524075E+27   -2.901952E+26
    1.763514E+21   -4.422841E+22   -7.254167E+23   -2.629508E+27    2.592813E+27   -2.980871E+26
    1.740492E+21   -4.441170E+22   -7.397972E+23   -2.699186E+27    2.662367E+27   -3.060727E+26
    1.718752E+21   -4.459872E+22   -7.543332E+23   -2.769586E+27    2.732643E+27   -3.141411E+26
    1.698238E+21   -4.478930E+22   -7.690039E+23   -2.840605E+27    2.803537E+27   -3.222805E+26
    1.678893E+21   -4.498323E+22   -7.837872E+23   -2.912135E+27    2.874942E+27   -3.304784E+26
    1.660661E+21   -4.518028E+22   -7.986591E+23   -2.984057E+27    2.946739E+27   -3.387214E+26
    1.643490E+21   -4.538020E+22   -8.135949E+23   -3.056251E+27    3.018808E+27   -3.469955E+26
    1.627326E+21   -4.558273E+22   -8.285685E+23   -3.128589E+27    3.091021E+27   -3.552862E+26
    1.612118E+21   -4.578757E+22   -8.435530E+23   -3.200940E+27    3.163247E+27   -3.635783E+26
    1.597815E+21   -4.599442E+22   -8.585210E+23   -3.273168E+27    3.235352E+27   -3.718565E+26
    1.584367E+21   -4.620294E+22   -8.734446E+23   -3.345140E+27    3.307200E+27   -3.801052E+26
    1.571727E+21   -4.641281E+22   -8.882959E+23   -3.416719E+27    3.378657E+27   -3.883090E+26
    1.559846E+21   -4.662368E+22   -9.030471E+23   -3.487769E+27    3.449587E+27   -3.964522E+26
    1.548679E+21   -4.683518E+22   -9.176708E+23   -3.558160E+27    3.519858E+27   -4.045198E+26
    1.538181E+21   -4.704696E+22   -9.321405E+23   -3.627761E+27    3.589341E+27   -4.124969E+26
    1.528309E+21   -4.725867E+22   -9.464304E+23   -3.696449E+27    3.657913E+27   -4.203694E+26
    1.519020E+21   -4.746993E+22   -9.605160E+23   -3.764107E+27    3.725457E+27   -4.281238E+26
    1.510276E+21   -4.768039E+22   -9.743743E+23   -3.830623E+27    3.791861E+27   -4.357474E+26
    1.502036E+21   -4.788972E+22   -9.879838E+23   -3.895894E+27    3.857023E+27   -4.432283E+26
    1.494265E+21   -4.809757E+22   -1.001325E+24   -3.959826E+27    3.920848E+27   -4.505557E+26
    1.486926E+21   -4.830363E+22   -1.014379E+24   -4.022335E+27    3.983252E+27   -4.577200E+26
