    1.500000E+00    1.500000E+00    1.500000E+00    1.500000E+00    1.500000E+00    1.500000E+00
    1.500000E+00    1.500000E+00    1.500000E+00    1.500000E+00    1.500000E+00    1.500000E+00
    1.500000E+00    1.500000E+00    1.500000E+00    1.500000E+00    1.500000E+00    1.500000E+00
    1.500000E+00    1.500000E+00    1.500000E+00    1.500000E+00    1.500000E+00    1.500000E+00
    1.500000E+00    1.500000E+00    1.500000E+00    1.500000E+00    1.500000E+00    1.500000E+00
    1.500000E+00    1.500000E+00    1.500000E+00    1.500000E+00    1.500000E+00    1.500000E+00
    1.500000E+00    1.500000E+00    1.500000E+00    1.500000E+00    1.500000E+00    1.500000E+00
    1.500000E+00    1.500000E+00    1.500000E+00    1.500000E+00    1.500000E+00    1.500000E+00
    1.500000E+00    1.500000E+00    1.500000E+00    1.500000E+00    1.500000E+00    1.500000E+00
    1.500000E+00    1.500000E+00    1.500000E+00    1.500000E+00    1.500000E+00    1.500000E+00
    1.500000E+00    1.500000E+00    1.500000E+00    1.500000E+00    1.500000E+00    1.500000E+00
    1.500000E+00    1.500000E+00    1.500000E+00    1.500000E+00    1.500000E+00    1.500000E+00
    1.500000E+00    1.500000E+00    1.500000E+00    1.500000E+00    1.500000E+00    1.500000E+00
    1.500000E+00    1.500000E+00    1.500000E+00    1.500000E+00    1.500000E+00    1.500000E+00
    1.500000E+00    1.500000E+00    1.500000E+00    1.500000E+00    1.500000E+00    1.500000E+00
    1.500000E+00    1.500000E+00    1.500000E+00    1.500000E+00    1.500000E+00    1.500000E+00
    1.500000E+00    1.500000E+00    1.500000E+00    1.500000E+00    1.500000E+00    1.500000E+00
    1.500000E+00    1.500000E+00    1.500000E+00    1.500000E+00    1.500000E+00    1.500000E+00
    1.500000E+00    1.500000E+00    1.500000E+00    1.500000E+00    1.500000E+00    1.500000E+00
    1.500000E+00    1.500000E+00    1.500000E+00    1.500000E+00    1.500000E+00    1.500000E+00
    1.500000E+00    1.500000E+00    1.500000E+00    1.500000E+00    1.500000E+00    1.500000E+00
    1.500000E+00    1.500000E+00    1.500000E+00    1.500000E+00    1.500000E+00    1.500000E+00
    1.500000E+00    1.500000E+00    1.500000E+00    1.500000E+00    1.500000E+00    1.500000E+00
    1.500000E+00    1.500000E+00    1.500000E+00    1.500000E+00    1.500000E+00    1.500000E+00
    1.500000E+00    1.500000E+00    1.500000E+00    1.500000E+00    1.500000E+00    1.500000E+00
    1.500000E+00    1.500000E+00    1.500000E+00    1.500000E+00    1.500000E+00    1.500000E+00
    1.500000E+00    1.500000E+00    1.500000E+00    1.500000E+00    1.500000E+00    1.500000E+00
    1.500001E+00    1.500001E+00    1.500001E+00    1.500001E+00    1.500001E+00    1.500001E+00
    1.500001E+00    1.500001E+00    1.500001E+00    1.500001E+00    1.500001E+00    1.500001E+00
    1.500001E+00    1.500001E+00    1.500001E+00    1.500001E+00    1.500001E+00    1.500001E+00
    1.500001E+00    1.500001E+00    1.500001E+00    1.500001E+00    1.500001E+00    1.500001E+00
    1.500001E+00    1.500001E+00    1.500001E+00    1.500001E+00    1.500001E+00    1.500001E+00
    1.500001E+00    1.500001E+00    1.500001E+00    1.500001E+00    1.500001E+00    1.500001E+00
    1.500001E+00    1.500001E+00    1.500001E+00    1.500001E+00    1.500001E+00    1.500001E+00
    1.500001E+00    1.500001E+00    1.500001E+00    1.500001E+00    1.500001E+00    1.500001E+00
    1.500001E+00    1.500001E+00    1.500001E+00    1.500001E+00    1.500001E+00    1.500001E+00
    1.500001E+00    1.500001E+00    1.500001E+00    1.500001E+00    1.500001E+00    1.500001E+00
    1.500001E+00    1.500001E+00    1.500001E+00    1.500001E+00    1.500001E+00    1.500001E+00
    1.500001E+00    1.500001E+00    1.500001E+00    1.500001E+00    1.500001E+00    1.500001E+00
    1.500001E+00    1.500001E+00    1.500001E+00    1.500001E+00    1.500001E+00    1.500001E+00
    1.500001E+00    1.500001E+00    1.500001E+00    1.500001E+00    1.500001E+00    1.500001E+00
    1.500002E+00    1.500002E+00    1.500002E+00    1.500002E+00    1.500002E+00    1.500002E+00
    1.500002E+00    1.500002E+00    1.500002E+00    1.500002E+00    1.500002E+00    1.500002E+00
    1.500002E+00    1.500002E+00    1.500002E+00    1.500002E+00    1.500002E+00    1.500002E+00
    1.500002E+00    1.500002E+00    1.500002E+00    1.500002E+00    1.500002E+00    1.500002E+00
    1.500002E+00    1.500002E+00    1.500002E+00    1.500002E+00    1.500002E+00    1.500002E+00
    1.500002E+00    1.500002E+00    1.500002E+00    1.500002E+00    1.500002E+00    1.500002E+00
    1.500002E+00    1.500002E+00    1.500002E+00    1.500002E+00    1.500002E+00    1.500003E+00
    1.500003E+00    1.500003E+00    1.500003E+00    1.500003E+00    1.500003E+00    1.500003E+00
    1.500003E+00    1.500003E+00    1.500003E+00    1.500003E+00    1.500003E+00    1.500003E+00
    1.500003E+00    1.500003E+00    1.500003E+00    1.500003E+00    1.500003E+00    1.500003E+00
    1.500003E+00    1.500003E+00    1.500003E+00    1.500003E+00    1.500003E+00    1.500003E+00
    1.500004E+00    1.500004E+00    1.500004E+00    1.500004E+00    1.500004E+00    1.500004E+00
    1.500004E+00    1.500004E+00    1.500004E+00    1.500004E+00    1.500004E+00    1.500004E+00
    1.500004E+00    1.500004E+00    1.500004E+00    1.500004E+00    1.500004E+00    1.500004E+00
    1.500005E+00    1.500005E+00    1.500005E+00    1.500005E+00    1.500005E+00    1.500005E+00
    1.500005E+00    1.500005E+00    1.500005E+00    1.500005E+00    1.500005E+00    1.500005E+00
    1.500005E+00    1.500005E+00    1.500005E+00    1.500005E+00    1.500005E+00    1.500006E+00
    1.500006E+00    1.500006E+00    1.500006E+00    1.500006E+00    1.500006E+00    1.500006E+00
    1.500006E+00    1.500006E+00    1.500006E+00    1.500006E+00    1.500006E+00    1.500007E+00
    1.500007E+00    1.500007E+00    1.500007E+00    1.500007E+00    1.500007E+00    1.500007E+00
    1.500007E+00    1.500007E+00    1.500007E+00    1.500007E+00    1.500007E+00    1.500008E+00
    1.500008E+00    1.500008E+00    1.500008E+00    1.500008E+00    1.500008E+00    1.500009E+00
    1.500009E+00    1.500009E+00    1.500009E+00    1.500009E+00    1.500009E+00    1.500009E+00
    1.500009E+00    1.500009E+00    1.500009E+00    1.500009E+00    1.500009E+00    1.500010E+00
    1.500010E+00    1.500010E+00    1.500010E+00    1.500010E+00    1.500010E+00    1.500011E+00
    1.500011E+00    1.500011E+00    1.500011E+00    1.500011E+00    1.500011E+00    1.500012E+00
    1.500012E+00    1.500012E+00    1.500012E+00    1.500012E+00    1.500012E+00    1.500013E+00
    1.500013E+00    1.500013E+00    1.500013E+00    1.500013E+00    1.500013E+00    1.500015E+00
    1.500014E+00    1.500014E+00    1.500014E+00    1.500014E+00    1.500014E+00    1.500016E+00
    1.500015E+00    1.500015E+00    1.500015E+00    1.500015E+00    1.500015E+00    1.500017E+00
    1.500016E+00    1.500016E+00    1.500016E+00    1.500016E+00    1.500016E+00    1.500019E+00
    1.500017E+00    1.500017E+00    1.500017E+00    1.500017E+00    1.500018E+00    1.500021E+00
    1.500019E+00    1.500019E+00    1.500019E+00    1.500019E+00    1.500019E+00    1.500023E+00
    1.500020E+00    1.500020E+00    1.500020E+00    1.500020E+00    1.500021E+00    1.500025E+00
    1.500022E+00    1.500022E+00    1.500022E+00    1.500022E+00    1.500023E+00    1.500027E+00
    1.500024E+00    1.500024E+00    1.500024E+00    1.500024E+00    1.500025E+00    1.500030E+00
    1.500026E+00    1.500026E+00    1.500026E+00    1.500026E+00    1.500027E+00    1.500033E+00
    1.500028E+00    1.500028E+00    1.500028E+00    1.500028E+00    1.500029E+00    1.500037E+00
    1.500030E+00    1.500030E+00    1.500030E+00    1.500030E+00    1.500031E+00    1.500040E+00
    1.500033E+00    1.500033E+00    1.500033E+00    1.500033E+00    1.500034E+00    1.500045E+00
    1.500035E+00    1.500035E+00    1.500035E+00    1.500035E+00    1.500037E+00    1.500049E+00
    1.500038E+00    1.500038E+00    1.500038E+00    1.500038E+00    1.500040E+00    1.500055E+00
    1.500041E+00    1.500041E+00    1.500041E+00    1.500042E+00    1.500044E+00    1.500060E+00
    1.500044E+00    1.500044E+00    1.500044E+00    1.500045E+00    1.500047E+00    1.500067E+00
    1.500048E+00    1.500048E+00    1.500048E+00    1.500049E+00    1.500051E+00    1.500075E+00
    1.500052E+00    1.500052E+00    1.500052E+00    1.500053E+00    1.500056E+00    1.500083E+00
    1.500056E+00    1.500056E+00    1.500056E+00    1.500057E+00    1.500061E+00    1.500093E+00
    1.500061E+00    1.500061E+00    1.500061E+00    1.500062E+00    1.500066E+00    1.500103E+00
    1.500066E+00    1.500066E+00    1.500066E+00    1.500067E+00    1.500072E+00    1.500116E+00
    1.500071E+00    1.500071E+00    1.500071E+00    1.500073E+00    1.500079E+00    1.500129E+00
    1.500077E+00    1.500077E+00    1.500077E+00    1.500079E+00    1.500086E+00    1.500145E+00
    1.500083E+00    1.500083E+00    1.500083E+00    1.500085E+00    1.500093E+00    1.500163E+00
    1.500090E+00    1.500090E+00    1.500090E+00    1.500092E+00    1.500102E+00    1.500183E+00
    1.500098E+00    1.500098E+00    1.500098E+00    1.500100E+00    1.500111E+00    1.500206E+00
    1.500106E+00    1.500106E+00    1.500106E+00    1.500109E+00    1.500122E+00    1.500233E+00
    1.500114E+00    1.500114E+00    1.500114E+00    1.500118E+00    1.500133E+00    1.500263E+00
    1.500123E+00    1.500123E+00    1.500123E+00    1.500128E+00    1.500145E+00    1.500298E+00
    1.500134E+00    1.500134E+00    1.500134E+00    1.500138E+00    1.500159E+00    1.500338E+00
    1.500144E+00    1.500144E+00    1.500144E+00    1.500150E+00    1.500175E+00    1.500383E+00
    1.500156E+00    1.500156E+00    1.500156E+00    1.500163E+00    1.500192E+00    1.500436E+00
    1.500169E+00    1.500169E+00    1.500169E+00    1.500177E+00    1.500210E+00    1.500496E+00
    1.500183E+00    1.500183E+00    1.500183E+00    1.500192E+00    1.500231E+00    1.500565E+00
    1.500198E+00    1.500198E+00    1.500198E+00    1.500209E+00    1.500254E+00    1.500645E+00
    1.500214E+00    1.500214E+00    1.500214E+00    1.500227E+00    1.500280E+00    1.500738E+00
    1.500231E+00    1.500231E+00    1.500231E+00    1.500246E+00    1.500309E+00    1.500844E+00
    1.500250E+00    1.500250E+00    1.500250E+00    1.500268E+00    1.500341E+00    1.500967E+00
    1.500271E+00    1.500271E+00    1.500271E+00    1.500291E+00    1.500376E+00    1.501109E+00
    1.500293E+00    1.500293E+00    1.500293E+00    1.500316E+00    1.500417E+00    1.501274E+00
    1.500317E+00    1.500317E+00    1.500317E+00    1.500344E+00    1.500462E+00    1.501465E+00
    1.500342E+00    1.500342E+00    1.500343E+00    1.500375E+00    1.500512E+00    1.501686E+00
    1.500370E+00    1.500370E+00    1.500371E+00    1.500408E+00    1.500569E+00    1.501942E+00
    1.500401E+00    1.500401E+00    1.500401E+00    1.500445E+00    1.500633E+00    1.502239E+00
    1.500433E+00    1.500433E+00    1.500433E+00    1.500485E+00    1.500705E+00    1.502584E+00
    1.500469E+00    1.500469E+00    1.500469E+00    1.500529E+00    1.500786E+00    1.502985E+00
    1.500507E+00    1.500507E+00    1.500507E+00    1.500578E+00    1.500878E+00    1.503451E+00
    1.500548E+00    1.500548E+00    1.500548E+00    1.500631E+00    1.500983E+00    1.503992E+00
    1.500593E+00    1.500593E+00    1.500593E+00    1.500690E+00    1.501101E+00    1.504622E+00
    1.500641E+00    1.500641E+00    1.500642E+00    1.500755E+00    1.501236E+00    1.505354E+00
    1.500693E+00    1.500693E+00    1.500694E+00    1.500826E+00    1.501389E+00    1.506207E+00
    1.500750E+00    1.500750E+00    1.500750E+00    1.500905E+00    1.501564E+00    1.507200E+00
    1.500811E+00    1.500811E+00    1.500812E+00    1.500993E+00    1.501763E+00    1.508356E+00
    1.500877E+00    1.500877E+00    1.500878E+00    1.501090E+00    1.501991E+00    1.509703E+00
    1.500949E+00    1.500949E+00    1.500949E+00    1.501197E+00    1.502252E+00    1.511272E+00
    1.501026E+00    1.501026E+00    1.501027E+00    1.501317E+00    1.502550E+00    1.513101E+00
    1.501109E+00    1.501109E+00    1.501110E+00    1.501450E+00    1.502892E+00    1.515233E+00
    1.501199E+00    1.501199E+00    1.501201E+00    1.501598E+00    1.503285E+00    1.517719E+00
    1.501297E+00    1.501297E+00    1.501298E+00    1.501763E+00    1.503736E+00    1.520617E+00
    1.501402E+00    1.501402E+00    1.501404E+00    1.501947E+00    1.504255E+00    1.523998E+00
    1.501516E+00    1.501516E+00    1.501518E+00    1.502154E+00    1.504853E+00    1.527940E+00
    1.501639E+00    1.501639E+00    1.501641E+00    1.502385E+00    1.505541E+00    1.532540E+00
    1.501772E+00    1.501772E+00    1.501775E+00    1.502644E+00    1.506336E+00    1.537905E+00
    1.501916E+00    1.501916E+00    1.501919E+00    1.502936E+00    1.507253E+00    1.544165E+00
    1.502071E+00    1.502072E+00    1.502075E+00    1.503264E+00    1.508312E+00    1.551467E+00
    1.502239E+00    1.502239E+00    1.502243E+00    1.503634E+00    1.509536E+00    1.559986E+00
    1.502421E+00    1.502421E+00    1.502425E+00    1.504051E+00    1.510952E+00    1.569925E+00
    1.502616E+00    1.502617E+00    1.502622E+00    1.504523E+00    1.512592E+00    1.581520E+00
    1.502828E+00    1.502828E+00    1.502834E+00    1.505057E+00    1.514490E+00    1.595045E+00
    1.503056E+00    1.503057E+00    1.503064E+00    1.505662E+00    1.516689E+00    1.610819E+00
    1.503303E+00    1.503303E+00    1.503312E+00    1.506349E+00    1.519239E+00    1.629215E+00
    1.503569E+00    1.503570E+00    1.503579E+00    1.507129E+00    1.522195E+00    1.650664E+00
    1.503856E+00    1.503857E+00    1.503869E+00    1.508017E+00    1.525625E+00    1.675667E+00
    1.504167E+00    1.504167E+00    1.504181E+00    1.509029E+00    1.529605E+00    1.704806E+00
    1.504501E+00    1.504502E+00    1.504518E+00    1.510184E+00    1.534225E+00    1.738754E+00
    1.504862E+00    1.504863E+00    1.504882E+00    1.511502E+00    1.539588E+00    1.778291E+00
    1.505252E+00    1.505253E+00    1.505274E+00    1.513009E+00    1.545818E+00    1.824317E+00
    1.505672E+00    1.505673E+00    1.505698E+00    1.514733E+00    1.553052E+00    1.877869E+00
    1.506124E+00    1.506126E+00    1.506155E+00    1.516709E+00    1.561456E+00    1.940142E+00
    1.506612E+00    1.506614E+00    1.506648E+00    1.518973E+00    1.571218E+00    2.012507E+00
    1.507138E+00    1.507140E+00    1.507180E+00    1.521571E+00    1.582557E+00    2.096535E+00
    1.507705E+00    1.507707E+00    1.507754E+00    1.524555E+00    1.595730E+00    2.194017E+00
    1.508314E+00    1.508317E+00    1.508372E+00    1.527983E+00    1.611029E+00    2.306990E+00
    1.508971E+00    1.508974E+00    1.509038E+00    1.531924E+00    1.628796E+00    2.437761E+00
    1.509677E+00    1.509681E+00    1.509755E+00    1.536458E+00    1.649426E+00    2.588924E+00
    1.510437E+00    1.510441E+00    1.510528E+00    1.541677E+00    1.673372E+00    2.763383E+00
    1.511254E+00    1.511259E+00    1.511360E+00    1.547686E+00    1.701159E+00    2.964363E+00
    1.512132E+00    1.512137E+00    1.512255E+00    1.554608E+00    1.733391E+00    3.195412E+00
    1.513075E+00    1.513081E+00    1.513218E+00    1.562583E+00    1.770761E+00    3.460390E+00
    1.514087E+00    1.514094E+00    1.514254E+00    1.571774E+00    1.814065E+00    3.763439E+00
    1.515172E+00    1.515181E+00    1.515367E+00    1.582366E+00    1.864214E+00    4.108927E+00
    1.516336E+00    1.516346E+00    1.516564E+00    1.594575E+00    1.922246E+00    4.501359E+00
    1.517583E+00    1.517595E+00    1.517848E+00    1.608647E+00    1.989347E+00    4.945239E+00
    1.518919E+00    1.518932E+00    1.519227E+00    1.624863E+00    2.066858E+00    5.444890E+00
    1.520347E+00    1.520363E+00    1.520706E+00    1.643548E+00    2.156301E+00    6.004197E+00
    1.521874E+00    1.521892E+00    1.522291E+00    1.665070E+00    2.259388E+00    6.626296E+00
    1.523505E+00    1.523526E+00    1.523990E+00    1.689852E+00    2.378036E+00    7.313182E+00
    1.525246E+00    1.525270E+00    1.525809E+00    1.718375E+00    2.514386E+00    8.065251E+00
    1.527101E+00    1.527129E+00    1.527755E+00    1.751184E+00    2.670807E+00    8.880810E+00
    1.529076E+00    1.529109E+00    1.529835E+00    1.788900E+00    2.849908E+00    9.755571E+00
    1.531177E+00    1.531215E+00    1.532058E+00    1.832223E+00    3.054531E+00    1.068222E+01
    1.533410E+00    1.533453E+00    1.534430E+00    1.881945E+00    3.287743E+00    1.165014E+01
    1.535778E+00    1.535829E+00    1.536960E+00    1.938954E+00    3.552815E+00    1.264545E+01
    1.538288E+00    1.538347E+00    1.539657E+00    2.004247E+00    3.853181E+00    1.365151E+01
    1.540944E+00    1.541012E+00    1.542527E+00    2.078937E+00    4.192385E+00    1.465003E+01
    1.543750E+00    1.543828E+00    1.545580E+00    2.164261E+00    4.573994E+00    1.562297E+01
    1.546711E+00    1.546801E+00    1.548824E+00    2.261589E+00    5.001497E+00    1.655515E+01
    1.549829E+00    1.549933E+00    1.552268E+00    2.372429E+00    5.478164E+00    1.743755E+01
    1.553107E+00    1.553227E+00    1.555919E+00    2.498430E+00    6.006880E+00    1.827057E+01
    1.556547E+00    1.556686E+00    1.559787E+00    2.641389E+00    6.589950E+00    1.906661E+01
    1.560152E+00    1.560311E+00    1.563880E+00    2.803244E+00    7.228874E+00    1.985072E+01
    1.563920E+00    1.564103E+00    1.568206E+00    2.986074E+00    7.924114E+00    2.065807E+01
    1.567852E+00    1.568062E+00    1.572774E+00    3.192085E+00    8.674870E+00    2.152763E+01
    1.571945E+00    1.572187E+00    1.577592E+00    3.423595E+00    9.478877E+00    2.249247E+01
    1.576198E+00    1.576475E+00    1.582668E+00    3.683011E+00    1.033228E+01    2.356925E+01
    1.580606E+00    1.580923E+00    1.588011E+00    3.972802E+00    1.122961E+01    2.475112E+01
    1.585165E+00    1.585527E+00    1.593630E+00    4.295453E+00    1.216394E+01    2.600945E+01
    1.589868E+00    1.590281E+00    1.599532E+00    4.653427E+00    1.312724E+01    2.730694E+01
    1.594707E+00    1.595179E+00    1.605727E+00    5.049102E+00    1.411100E+01    2.861913E+01
    1.599675E+00    1.600212E+00    1.612223E+00    5.484714E+00    1.510708E+01    2.995335E+01
    1.604761E+00    1.605371E+00    1.619031E+00    5.962291E+00    1.610891E+01    3.135036E+01
    1.609954E+00    1.610647E+00    1.626162E+00    6.483578E+00    1.711271E+01    3.286164E+01
    1.615243E+00    1.616030E+00    1.633625E+00    7.049976E+00    1.811884E+01    3.451401E+01
    1.620615E+00    1.621506E+00    1.641434E+00    7.662480E+00    1.913283E+01    3.629145E+01
    1.626055E+00    1.627063E+00    1.649601E+00    8.321635E+00    2.016595E+01    3.815737E+01
    1.631551E+00    1.632689E+00    1.658144E+00    9.027515E+00    2.123493E+01    4.010222E+01
    1.637086E+00    1.638370E+00    1.667077E+00    9.779733E+00    2.236066E+01    4.216411E+01
    1.642646E+00    1.644092E+00    1.676421E+00    1.057749E+01    2.356584E+01    4.439019E+01
    1.648214E+00    1.649841E+00    1.686197E+00    1.141967E+01    2.487184E+01    4.665319E+01
    1.653776E+00    1.655604E+00    1.696431E+00    1.230502E+01    2.629539E+01    4.906265E+01
    1.659315E+00    1.661365E+00    1.707149E+00    1.323232E+01    2.784603E+01    5.161255E+01
    1.663795E+00    1.666047E+00    1.716346E+00    1.410960E+01    2.940897E+01    5.434947E+01
    1.663984E+00    1.666245E+00    1.716744E+00    1.414766E+01    2.947777E+01    5.446741E+01
    1.664174E+00    1.666444E+00    1.717144E+00    1.418584E+01    2.954680E+01    5.458572E+01
    1.664364E+00    1.666643E+00    1.717546E+00    1.422414E+01    2.961605E+01    5.470442E+01
    1.664554E+00    1.666842E+00    1.717949E+00    1.426254E+01    2.968551E+01    5.482350E+01
    1.664744E+00    1.667042E+00    1.718353E+00    1.430106E+01    2.975518E+01    5.494295E+01
    1.664935E+00    1.667241E+00    1.718758E+00    1.433969E+01    2.982507E+01    5.506278E+01
    1.665126E+00    1.667442E+00    1.719166E+00    1.437842E+01    2.989518E+01    5.518299E+01
    1.665317E+00    1.667642E+00    1.719574E+00    1.441726E+01    2.996549E+01    5.530357E+01
    1.665509E+00    1.667843E+00    1.719984E+00    1.445621E+01    3.003601E+01    5.542453E+01
    1.665700E+00    1.668044E+00    1.720395E+00    1.449526E+01    3.010674E+01    5.554586E+01
    1.665892E+00    1.668245E+00    1.720807E+00    1.453441E+01    3.017768E+01    5.566756E+01
    1.666084E+00    1.668447E+00    1.721221E+00    1.457365E+01    3.024882E+01    5.578963E+01
    1.666277E+00    1.668649E+00    1.721636E+00    1.461300E+01    3.032017E+01    5.591207E+01
    1.666469E+00    1.668851E+00    1.722053E+00    1.465245E+01    3.039173E+01    5.603487E+01
    1.666662E+00    1.669053E+00    1.722471E+00    1.469199E+01    3.046349E+01    5.615804E+01
    1.666855E+00    1.669256E+00    1.722890E+00    1.473163E+01    3.053545E+01    5.628157E+01
    1.667048E+00    1.669459E+00    1.723311E+00    1.477136E+01    3.060762E+01    5.640547E+01
    1.667242E+00    1.669662E+00    1.723733E+00    1.481118E+01    3.067999E+01    5.652972E+01
    1.667435E+00    1.669865E+00    1.724156E+00    1.485110E+01    3.075256E+01    5.665433E+01
    1.667629E+00    1.670069E+00    1.724581E+00    1.489111E+01    3.082534E+01    5.677929E+01
    1.667823E+00    1.670273E+00    1.725007E+00    1.493121E+01    3.089831E+01    5.690461E+01
    1.668017E+00    1.670477E+00    1.725434E+00    1.497139E+01    3.097149E+01    5.703028E+01
    1.668211E+00    1.670681E+00    1.725863E+00    1.501167E+01    3.104486E+01    5.715630E+01
    1.668405E+00    1.670885E+00    1.726293E+00    1.505203E+01    3.111843E+01    5.728267E+01
    1.668600E+00    1.671090E+00    1.726724E+00    1.509248E+01    3.119220E+01    5.740939E+01
    1.668794E+00    1.671295E+00    1.727157E+00    1.513302E+01    3.126617E+01    5.753645E+01
    1.668989E+00    1.671500E+00    1.727591E+00    1.517364E+01    3.134034E+01    5.766385E+01
    1.669184E+00    1.671705E+00    1.728026E+00    1.521434E+01    3.141471E+01    5.779160E+01
    1.669379E+00    1.671910E+00    1.728463E+00    1.525513E+01    3.148927E+01    5.791969E+01
    1.669574E+00    1.672115E+00    1.728900E+00    1.529601E+01    3.156402E+01    5.804812E+01
    1.669769E+00    1.672321E+00    1.729339E+00    1.533696E+01    3.163897E+01    5.817688E+01
    1.669964E+00    1.672527E+00    1.729780E+00    1.537800E+01    3.171412E+01    5.830599E+01
    1.670159E+00    1.672732E+00    1.730221E+00    1.541912E+01    3.178946E+01    5.843543E+01
    1.670354E+00    1.672938E+00    1.730664E+00    1.546032E+01    3.186500E+01    5.856521E+01
    1.670550E+00    1.673144E+00    1.731108E+00    1.550160E+01    3.194073E+01    5.869532E+01
    1.670745E+00    1.673350E+00    1.731553E+00    1.554297E+01    3.201665E+01    5.882577E+01
    1.670940E+00    1.673556E+00    1.732000E+00    1.558441E+01    3.209276E+01    5.895656E+01
    1.671136E+00    1.673762E+00    1.732448E+00    1.562594E+01    3.216907E+01    5.908768E+01
    1.671331E+00    1.673969E+00    1.732896E+00    1.566754E+01    3.224557E+01    5.921914E+01
    1.671527E+00    1.674175E+00    1.733347E+00    1.570922E+01    3.232226E+01    5.935094E+01
    1.671722E+00    1.674381E+00    1.733798E+00    1.575098E+01    3.239914E+01    5.948307E+01
    1.671917E+00    1.674588E+00    1.734251E+00    1.579282E+01    3.247622E+01    5.961555E+01
    1.672113E+00    1.674794E+00    1.734704E+00    1.583474E+01    3.255348E+01    5.974836E+01
    1.672308E+00    1.675000E+00    1.735159E+00    1.587674E+01    3.263094E+01    5.988152E+01
    1.672503E+00    1.675207E+00    1.735615E+00    1.591881E+01    3.270858E+01    6.001502E+01
    1.672698E+00    1.675413E+00    1.736073E+00    1.596097E+01    3.278642E+01    6.014886E+01
    1.672893E+00    1.675619E+00    1.736531E+00    1.600320E+01    3.286444E+01    6.028306E+01
    1.673088E+00    1.675826E+00    1.736991E+00    1.604550E+01    3.294265E+01    6.041760E+01
    1.673283E+00    1.676032E+00    1.737451E+00    1.608789E+01    3.302106E+01    6.055249E+01
    1.673478E+00    1.676238E+00    1.737913E+00    1.613035E+01    3.309965E+01    6.068773E+01
    1.673673E+00    1.676444E+00    1.738376E+00    1.617289E+01    3.317843E+01    6.082333E+01
    1.673867E+00    1.676650E+00    1.738840E+00    1.621551E+01    3.325740E+01    6.095929E+01
    1.674061E+00    1.676856E+00    1.739305E+00    1.625820E+01    3.333656E+01    6.109562E+01
    1.674255E+00    1.677062E+00    1.739772E+00    1.630097E+01    3.341591E+01    6.123230E+01
    1.674449E+00    1.677268E+00    1.740239E+00    1.634382E+01    3.349544E+01    6.136936E+01
    1.674643E+00    1.677473E+00    1.740707E+00    1.638675E+01    3.357517E+01    6.150679E+01
    1.674837E+00    1.677679E+00    1.741177E+00    1.642975E+01    3.365508E+01    6.164459E+01
    1.675030E+00    1.677884E+00    1.741647E+00    1.647283E+01    3.373519E+01    6.178277E+01
    1.675223E+00    1.678089E+00    1.742119E+00    1.651599E+01    3.381548E+01    6.192133E+01
    1.675416E+00    1.678294E+00    1.742591E+00    1.655922E+01    3.389596E+01    6.206027E+01
    1.675609E+00    1.678498E+00    1.743065E+00    1.660253E+01    3.397663E+01    6.219961E+01
    1.675801E+00    1.678703E+00    1.743540E+00    1.664592E+01    3.405749E+01    6.233933E+01
    1.675993E+00    1.678907E+00    1.744015E+00    1.668939E+01    3.413853E+01    6.247946E+01
    1.676185E+00    1.679111E+00    1.744492E+00    1.673293E+01    3.421977E+01    6.261998E+01
    1.676376E+00    1.679315E+00    1.744969E+00    1.677655E+01    3.430120E+01    6.276090E+01
    1.676567E+00    1.679518E+00    1.745448E+00    1.682025E+01    3.438282E+01    6.290223E+01
    1.676758E+00    1.679721E+00    1.745928E+00    1.686403E+01    3.446462E+01    6.304398E+01
    1.676949E+00    1.679924E+00    1.746408E+00    1.690788E+01    3.454662E+01    6.318613E+01
    1.677139E+00    1.680126E+00    1.746889E+00    1.695182E+01    3.462881E+01    6.332871E+01
    1.677328E+00    1.680329E+00    1.747372E+00    1.699583E+01    3.471119E+01    6.347170E+01
    1.677517E+00    1.680530E+00    1.747855E+00    1.703992E+01    3.479376E+01    6.361512E+01
    1.677706E+00    1.680732E+00    1.748339E+00    1.708409E+01    3.487653E+01    6.375896E+01
    1.677894E+00    1.680933E+00    1.748824E+00    1.712834E+01    3.495949E+01    6.390324E+01
    1.678082E+00    1.681133E+00    1.749310E+00    1.717266E+01    3.504264E+01    6.404795E+01
    1.678270E+00    1.681333E+00    1.749796E+00    1.721707E+01    3.512598E+01    6.419309E+01
    1.678457E+00    1.681533E+00    1.750284E+00    1.726156E+01    3.520952E+01    6.433867E+01
    1.678643E+00    1.681732E+00    1.750772E+00    1.730613E+01    3.529325E+01    6.448470E+01
    1.678829E+00    1.681931E+00    1.751261E+00    1.735077E+01    3.537718E+01    6.463116E+01
    1.679014E+00    1.682129E+00    1.751751E+00    1.739550E+01    3.546131E+01    6.477808E+01
    1.679198E+00    1.682327E+00    1.752242E+00    1.744031E+01    3.554563E+01    6.492544E+01
    1.679382E+00    1.682524E+00    1.752733E+00    1.748520E+01    3.563015E+01    6.507325E+01
    1.679566E+00    1.682721E+00    1.753225E+00    1.753017E+01    3.571487E+01    6.522151E+01
    1.679749E+00    1.682917E+00    1.753718E+00    1.757522E+01    3.579979E+01    6.537023E+01
    1.679931E+00    1.683112E+00    1.754212E+00    1.762035E+01    3.588491E+01    6.551940E+01
    1.680112E+00    1.683307E+00    1.754706E+00    1.766557E+01    3.597022E+01    6.566903E+01
    1.680293E+00    1.683501E+00    1.755201E+00    1.771086E+01    3.605574E+01    6.581911E+01
    1.680473E+00    1.683695E+00    1.755696E+00    1.775625E+01    3.614147E+01    6.596966E+01
    1.680652E+00    1.683888E+00    1.756192E+00    1.780171E+01    3.622739E+01    6.612066E+01
    1.680830E+00    1.684080E+00    1.756689E+00    1.784726E+01    3.631353E+01    6.627212E+01
    1.681008E+00    1.684271E+00    1.757186E+00    1.789289E+01    3.639986E+01    6.642404E+01
    1.681185E+00    1.684461E+00    1.757684E+00    1.793860E+01    3.648641E+01    6.657643E+01
    1.681360E+00    1.684651E+00    1.758183E+00    1.798440E+01    3.657316E+01    6.672927E+01
    1.681535E+00    1.684840E+00    1.758682E+00    1.803029E+01    3.666012E+01    6.688258E+01
    1.681710E+00    1.685028E+00    1.759181E+00    1.807626E+01    3.674729E+01    6.703635E+01
    1.681883E+00    1.685215E+00    1.759681E+00    1.812231E+01    3.683467E+01    6.719058E+01
    1.682055E+00    1.685401E+00    1.760181E+00    1.816846E+01    3.692227E+01    6.734527E+01
    1.682226E+00    1.685587E+00    1.760682E+00    1.821468E+01    3.701007E+01    6.750042E+01
    1.682396E+00    1.685771E+00    1.761183E+00    1.826100E+01    3.709810E+01    6.765604E+01
    1.682565E+00    1.685954E+00    1.761685E+00    1.830740E+01    3.718633E+01    6.781211E+01
    1.682733E+00    1.686137E+00    1.762187E+00    1.835389E+01    3.727479E+01    6.796865E+01
    1.682900E+00    1.686318E+00    1.762689E+00    1.840047E+01    3.736346E+01    6.812565E+01
    1.683066E+00    1.686498E+00    1.763192E+00    1.844714E+01    3.745236E+01    6.828311E+01
    1.683231E+00    1.686677E+00    1.763695E+00    1.849389E+01    3.754147E+01    6.844102E+01
    1.683394E+00    1.686855E+00    1.764198E+00    1.854074E+01    3.763081E+01    6.859940E+01
    1.683556E+00    1.687032E+00    1.764701E+00    1.858767E+01    3.772038E+01    6.875824E+01
    1.683717E+00    1.687208E+00    1.765205E+00    1.863470E+01    3.781017E+01    6.891754E+01
    1.683877E+00    1.687382E+00    1.765709E+00    1.868182E+01    3.790018E+01    6.907730E+01
    1.684035E+00    1.687555E+00    1.766213E+00    1.872902E+01    3.799043E+01    6.923752E+01
    1.684193E+00    1.687727E+00    1.766717E+00    1.877632E+01    3.808090E+01    6.939820E+01
    1.684348E+00    1.687898E+00    1.767221E+00    1.882371E+01    3.817161E+01    6.955935E+01
    1.684502E+00    1.688067E+00    1.767725E+00    1.887120E+01    3.826255E+01    6.972095E+01
    1.684655E+00    1.688235E+00    1.768230E+00    1.891878E+01    3.835372E+01    6.988301E+01
    1.684807E+00    1.688401E+00    1.768734E+00    1.896645E+01    3.844514E+01    7.004553E+01
    1.684956E+00    1.688567E+00    1.769238E+00    1.901421E+01    3.853679E+01    7.020852E+01
    1.685105E+00    1.688730E+00    1.769743E+00    1.906207E+01    3.862867E+01    7.037197E+01
    1.685251E+00    1.688892E+00    1.770247E+00    1.911003E+01    3.872081E+01    7.053588E+01
    1.685397E+00    1.689053E+00    1.770751E+00    1.915808E+01    3.881318E+01    7.070026E+01
    1.685540E+00    1.689212E+00    1.771255E+00    1.920623E+01    3.890580E+01    7.086510E+01
    1.685682E+00    1.689369E+00    1.771759E+00    1.925447E+01    3.899866E+01    7.103041E+01
    1.685822E+00    1.689525E+00    1.772263E+00    1.930281E+01    3.909178E+01    7.119618E+01
    1.685960E+00    1.689679E+00    1.772767E+00    1.935125E+01    3.918514E+01    7.136243E+01
    1.686097E+00    1.689831E+00    1.773270E+00    1.939979E+01    3.927876E+01    7.152914E+01
    1.686232E+00    1.689982E+00    1.773774E+00    1.944843E+01    3.937262E+01    7.169633E+01
    1.686365E+00    1.690131E+00    1.774277E+00    1.949716E+01    3.946675E+01    7.186399E+01
    1.686496E+00    1.690278E+00    1.774779E+00    1.954600E+01    3.956113E+01    7.203213E+01
    1.686626E+00    1.690423E+00    1.775282E+00    1.959494E+01    3.965577E+01    7.220075E+01
    1.686753E+00    1.690567E+00    1.775784E+00    1.964398E+01    3.975067E+01    7.236984E+01
    1.686879E+00    1.690708E+00    1.776285E+00    1.969312E+01    3.984583E+01    7.253941E+01
    1.687002E+00    1.690848E+00    1.776787E+00    1.974236E+01    3.994126E+01    7.270947E+01
    1.687124E+00    1.690986E+00    1.777288E+00    1.979171E+01    4.003695E+01    7.288001E+01
    1.687243E+00    1.691122E+00    1.777788E+00    1.984116E+01    4.013291E+01    7.305104E+01
    1.687361E+00    1.691256E+00    1.778288E+00    1.989071E+01    4.022914E+01    7.322256E+01
    1.687476E+00    1.691388E+00    1.778788E+00    1.994037E+01    4.032564E+01    7.339457E+01
    1.687589E+00    1.691517E+00    1.779287E+00    1.999013E+01    4.042241E+01    7.356708E+01
    1.687701E+00    1.691645E+00    1.779786E+00    2.004000E+01    4.051946E+01    7.374008E+01
    1.687810E+00    1.691771E+00    1.780284E+00    2.008998E+01    4.061678E+01    7.391357E+01
    1.687917E+00    1.691895E+00    1.780781E+00    2.014006E+01    4.071438E+01    7.408757E+01
    1.688021E+00    1.692016E+00    1.781278E+00    2.019026E+01    4.081226E+01    7.426207E+01
    1.688124E+00    1.692136E+00    1.781775E+00    2.024056E+01    4.091043E+01    7.443707E+01
    1.688224E+00    1.692253E+00    1.782270E+00    2.029097E+01    4.100887E+01    7.461258E+01
    1.688322E+00    1.692368E+00    1.782766E+00    2.034149E+01    4.110761E+01    7.478860E+01
    1.688418E+00    1.692481E+00    1.783260E+00    2.039212E+01    4.120663E+01    7.496512E+01
    1.688511E+00    1.692591E+00    1.783754E+00    2.044286E+01    4.130594E+01    7.514216E+01
    1.688603E+00    1.692700E+00    1.784248E+00    2.049372E+01    4.140553E+01    7.531971E+01
    1.688691E+00    1.692806E+00    1.784740E+00    2.054468E+01    4.150543E+01    7.549778E+01
    1.688778E+00    1.692910E+00    1.785232E+00    2.059576E+01    4.160561E+01    7.567636E+01
    1.688862E+00    1.693012E+00    1.785724E+00    2.064696E+01    4.170609E+01    7.585547E+01
    1.688944E+00    1.693111E+00    1.786215E+00    2.069827E+01    4.180687E+01    7.603509E+01
    1.689023E+00    1.693208E+00    1.786705E+00    2.074969E+01    4.190795E+01    7.621524E+01
    1.689100E+00    1.693303E+00    1.787194E+00    2.080123E+01    4.200932E+01    7.639591E+01
    1.689175E+00    1.693395E+00    1.787683E+00    2.085289E+01    4.211100E+01    7.657711E+01
    1.689247E+00    1.693485E+00    1.788171E+00    2.090466E+01    4.221298E+01    7.675884E+01
    1.689317E+00    1.693573E+00    1.788658E+00    2.095656E+01    4.231527E+01    7.694109E+01
    1.689385E+00    1.693658E+00    1.789145E+00    2.100857E+01    4.241787E+01    7.712388E+01
    1.689450E+00    1.693742E+00    1.789631E+00    2.106070E+01    4.252077E+01    7.730720E+01
    1.689512E+00    1.693822E+00    1.790116E+00    2.111295E+01    4.262398E+01    7.749105E+01
    1.689572E+00    1.693901E+00    1.790601E+00    2.116533E+01    4.272750E+01    7.767544E+01
    1.689630E+00    1.693977E+00    1.791084E+00    2.121782E+01    4.283134E+01    7.786036E+01
    1.689686E+00    1.694050E+00    1.791568E+00    2.127044E+01    4.293549E+01    7.804582E+01
    1.689738E+00    1.694122E+00    1.792050E+00    2.132318E+01    4.303996E+01    7.823183E+01
    1.689789E+00    1.694191E+00    1.792532E+00    2.137604E+01    4.314474E+01    7.841837E+01
    1.689837E+00    1.694258E+00    1.793014E+00    2.142903E+01    4.324984E+01    7.860546E+01
    1.689883E+00    1.694322E+00    1.793494E+00    2.148215E+01    4.335526E+01    7.879309E+01
    1.689926E+00    1.694384E+00    1.793974E+00    2.153539E+01    4.346101E+01    7.898127E+01
    1.689967E+00    1.694444E+00    1.794454E+00    2.158876E+01    4.356707E+01    7.917000E+01
    1.690006E+00    1.694501E+00    1.794933E+00    2.164225E+01    4.367346E+01    7.935927E+01
    1.690042E+00    1.694556E+00    1.795411E+00    2.169588E+01    4.378017E+01    7.954910E+01
    1.690076E+00    1.694609E+00    1.795889E+00    2.174963E+01    4.388721E+01    7.973949E+01
    1.690107E+00    1.694660E+00    1.796366E+00    2.180352E+01    4.399457E+01    7.993042E+01
    1.690136E+00    1.694708E+00    1.796843E+00    2.185754E+01    4.410227E+01    8.012192E+01
    1.690163E+00    1.694754E+00    1.797319E+00    2.191168E+01    4.421029E+01    8.031397E+01
    1.690187E+00    1.694798E+00    1.797794E+00    2.196596E+01    4.431865E+01    8.050658E+01
    1.690210E+00    1.694840E+00    1.798270E+00    2.202038E+01    4.442733E+01    8.069975E+01
    1.690230E+00    1.694879E+00    1.798744E+00    2.207492E+01    4.453635E+01    8.089349E+01
    1.690247E+00    1.694916E+00    1.799219E+00    2.212961E+01    4.464570E+01    8.108780E+01
    1.690263E+00    1.694952E+00    1.799693E+00    2.218443E+01    4.475539E+01    8.128267E+01
    1.690276E+00    1.694984E+00    1.800166E+00    2.223938E+01    4.486541E+01    8.147811E+01
    1.690287E+00    1.695015E+00    1.800640E+00    2.229447E+01    4.497577E+01    8.167412E+01
    1.690296E+00    1.695044E+00    1.801113E+00    2.234971E+01    4.508647E+01    8.187070E+01
    1.690302E+00    1.695071E+00    1.801585E+00    2.240508E+01    4.519751E+01    8.206786E+01
    1.690307E+00    1.695095E+00    1.802058E+00    2.246059E+01    4.530888E+01    8.226560E+01
    1.690309E+00    1.695118E+00    1.802530E+00    2.251624E+01    4.542060E+01    8.246391E+01
    1.690310E+00    1.695139E+00    1.803002E+00    2.257203E+01    4.553266E+01    8.266280E+01
    1.690308E+00    1.695157E+00    1.803474E+00    2.262796E+01    4.564506E+01    8.286228E+01
    1.690304E+00    1.695174E+00    1.803945E+00    2.268404E+01    4.575780E+01    8.306234E+01
    1.690299E+00    1.695189E+00    1.804417E+00    2.274026E+01    4.587089E+01    8.326298E+01
    1.690291E+00    1.695202E+00    1.804888E+00    2.279663E+01    4.598432E+01    8.346421E+01
    1.690281E+00    1.695213E+00    1.805360E+00    2.285314E+01    4.609810E+01    8.366603E+01
    1.690270E+00    1.695222E+00    1.805832E+00    2.290980E+01    4.621222E+01    8.386843E+01
    1.690256E+00    1.695229E+00    1.806303E+00    2.296661E+01    4.632669E+01    8.407143E+01
    1.690241E+00    1.695235E+00    1.806775E+00    2.302356E+01    4.644151E+01    8.427503E+01
    1.690224E+00    1.695239E+00    1.807246E+00    2.308067E+01    4.655668E+01    8.447921E+01
    1.690205E+00    1.695241E+00    1.807718E+00    2.313792E+01    4.667220E+01    8.468400E+01
    1.690184E+00    1.695241E+00    1.808190E+00    2.319533E+01    4.678806E+01    8.488938E+01
    1.690162E+00    1.695240E+00    1.808662E+00    2.325288E+01    4.690428E+01    8.509536E+01
    1.690138E+00    1.695237E+00    1.809135E+00    2.331059E+01    4.702085E+01    8.530194E+01
    1.690112E+00    1.695233E+00    1.809608E+00    2.336845E+01    4.713777E+01    8.550913E+01
    1.690084E+00    1.695227E+00    1.810081E+00    2.342647E+01    4.725505E+01    8.571692E+01
    1.690055E+00    1.695219E+00    1.810554E+00    2.348464E+01    4.737268E+01    8.592531E+01
    1.690024E+00    1.695210E+00    1.811028E+00    2.354297E+01    4.749066E+01    8.613432E+01
    1.689992E+00    1.695200E+00    1.811502E+00    2.360146E+01    4.760900E+01    8.634393E+01
    1.689958E+00    1.695188E+00    1.811977E+00    2.366010E+01    4.772770E+01    8.655416E+01
    1.689923E+00    1.695175E+00    1.812452E+00    2.371890E+01    4.784675E+01    8.676500E+01
    1.689886E+00    1.695160E+00    1.812928E+00    2.377786E+01    4.796616E+01    8.697645E+01
    1.689848E+00    1.695144E+00    1.813405E+00    2.383698E+01    4.808593E+01    8.718853E+01
    1.689809E+00    1.695127E+00    1.813882E+00    2.389626E+01    4.820606E+01    8.740122E+01
    1.689768E+00    1.695108E+00    1.814360E+00    2.395571E+01    4.832655E+01    8.761453E+01
    1.689726E+00    1.695088E+00    1.814838E+00    2.401531E+01    4.844740E+01    8.782846E+01
    1.689682E+00    1.695067E+00    1.815317E+00    2.407509E+01    4.856861E+01    8.804303E+01
    1.689638E+00    1.695045E+00    1.815797E+00    2.413502E+01    4.869018E+01    8.825821E+01
    1.689592E+00    1.695022E+00    1.816278E+00    2.419512E+01    4.881212E+01    8.847403E+01
    1.689544E+00    1.694997E+00    1.816759E+00    2.425539E+01    4.893442E+01    8.869048E+01
    1.689496E+00    1.694972E+00    1.817242E+00    2.431582E+01    4.905708E+01    8.890756E+01
    1.689447E+00    1.694945E+00    1.817725E+00    2.437643E+01    4.918012E+01    8.912528E+01
    1.689396E+00    1.694918E+00    1.818210E+00    2.443720E+01    4.930351E+01    8.934364E+01
    1.689345E+00    1.694889E+00    1.818695E+00    2.449814E+01    4.942728E+01    8.956264E+01
    1.689292E+00    1.694860E+00    1.819182E+00    2.455925E+01    4.955142E+01    8.978228E+01
    1.689238E+00    1.694829E+00    1.819670E+00    2.462053E+01    4.967592E+01    9.000257E+01
    1.689184E+00    1.694798E+00    1.820158E+00    2.468199E+01    4.980080E+01    9.022350E+01
    1.689128E+00    1.694766E+00    1.820648E+00    2.474362E+01    4.992604E+01    9.044509E+01
    1.689072E+00    1.694733E+00    1.821139E+00    2.480542E+01    5.005166E+01    9.066732E+01
    1.689015E+00    1.694699E+00    1.821632E+00    2.486740E+01    5.017766E+01    9.089021E+01
    1.688957E+00    1.694665E+00    1.822125E+00    2.492955E+01    5.030402E+01    9.111376E+01
    1.688898E+00    1.694630E+00    1.822620E+00    2.499188E+01    5.043077E+01    9.133797E+01
    1.688838E+00    1.694594E+00    1.823116E+00    2.505439E+01    5.055789E+01    9.156283E+01
    1.688778E+00    1.694558E+00    1.823614E+00    2.511708E+01    5.068539E+01    9.178836E+01
    1.688716E+00    1.694521E+00    1.824113E+00    2.517994E+01    5.081327E+01    9.201456E+01
    1.688655E+00    1.694483E+00    1.824614E+00    2.524299E+01    5.094153E+01    9.224142E+01
    1.688592E+00    1.694445E+00    1.825116E+00    2.530621E+01    5.107017E+01    9.246896E+01
    1.688529E+00    1.694406E+00    1.825619E+00    2.536962E+01    5.119919E+01    9.269716E+01
    1.688465E+00    1.694367E+00    1.826125E+00    2.543321E+01    5.132860E+01    9.292604E+01
    1.688401E+00    1.694327E+00    1.826631E+00    2.549698E+01    5.145839E+01    9.315560E+01
    1.688336E+00    1.694287E+00    1.827140E+00    2.556094E+01    5.158857E+01    9.338583E+01
    1.688271E+00    1.694246E+00    1.827650E+00    2.562508E+01    5.171914E+01    9.361675E+01
    1.688205E+00    1.694205E+00    1.828162E+00    2.568941E+01    5.185009E+01    9.384834E+01
    1.688139E+00    1.694164E+00    1.828675E+00    2.575393E+01    5.198144E+01    9.408062E+01
    1.688072E+00    1.694122E+00    1.829190E+00    2.581863E+01    5.211318E+01    9.431359E+01
    1.688005E+00    1.694080E+00    1.829708E+00    2.588352E+01    5.224531E+01    9.454725E+01
    1.687937E+00    1.694038E+00    1.830226E+00    2.594860E+01    5.237783E+01    9.478160E+01
    1.687869E+00    1.693995E+00    1.830747E+00    2.601387E+01    5.251076E+01    9.501664E+01
    1.687801E+00    1.693952E+00    1.831270E+00    2.607933E+01    5.264407E+01    9.525237E+01
    1.687733E+00    1.693909E+00    1.831795E+00    2.614498E+01    5.277779E+01    9.548880E+01
    1.687664E+00    1.693866E+00    1.832321E+00    2.621082E+01    5.291191E+01    9.572593E+01
    1.687595E+00    1.693823E+00    1.832850E+00    2.627686E+01    5.304643E+01    9.596376E+01
    1.687526E+00    1.693779E+00    1.833381E+00    2.634309E+01    5.318135E+01    9.620229E+01
    1.687456E+00    1.693736E+00    1.833913E+00    2.640952E+01    5.331668E+01    9.644153E+01
    1.687387E+00    1.693692E+00    1.834448E+00    2.647614E+01    5.345241E+01    9.668148E+01
    1.687317E+00    1.693649E+00    1.834985E+00    2.654296E+01    5.358855E+01    9.692213E+01
    1.687247E+00    1.693605E+00    1.835524E+00    2.660997E+01    5.372510E+01    9.716350E+01
    1.687177E+00    1.693561E+00    1.836066E+00    2.667718E+01    5.386206E+01    9.740558E+01
    1.687107E+00    1.693517E+00    1.836609E+00    2.674460E+01    5.399943E+01    9.764838E+01
    1.687037E+00    1.693474E+00    1.837155E+00    2.681221E+01    5.413721E+01    9.789189E+01
    1.686967E+00    1.693430E+00    1.837703E+00    2.688002E+01    5.427541E+01    9.813613E+01
    1.686897E+00    1.693387E+00    1.838253E+00    2.694803E+01    5.441402E+01    9.838108E+01
    1.686827E+00    1.693343E+00    1.838806E+00    2.701624E+01    5.455305E+01    9.862677E+01
    1.686757E+00    1.693300E+00    1.839361E+00    2.708465E+01    5.469250E+01    9.887318E+01
    1.686687E+00    1.693257E+00    1.839918E+00    2.715327E+01    5.483238E+01    9.912032E+01
    1.686617E+00    1.693214E+00    1.840478E+00    2.722210E+01    5.497267E+01    9.936819E+01
    1.686547E+00    1.693172E+00    1.841040E+00    2.729112E+01    5.511338E+01    9.961679E+01
    1.686477E+00    1.693129E+00    1.841605E+00    2.736036E+01    5.525453E+01    9.986614E+01
    1.686407E+00    1.693087E+00    1.842173E+00    2.742979E+01    5.539609E+01    1.001162E+02
    1.686338E+00    1.693045E+00    1.842742E+00    2.749944E+01    5.553809E+01    1.003670E+02
    1.686268E+00    1.693003E+00    1.843315E+00    2.756929E+01    5.568052E+01    1.006186E+02
    1.686199E+00    1.692962E+00    1.843890E+00    2.763935E+01    5.582337E+01    1.008709E+02
    1.686130E+00    1.692920E+00    1.844467E+00    2.770962E+01    5.596666E+01    1.011240E+02
    1.686062E+00    1.692880E+00    1.845047E+00    2.778010E+01    5.611038E+01    1.013778E+02
    1.685993E+00    1.692839E+00    1.845630E+00    2.785079E+01    5.625454E+01    1.016324E+02
    1.685925E+00    1.692799E+00    1.846215E+00    2.792170E+01    5.639913E+01    1.018877E+02
    1.685857E+00    1.692760E+00    1.846804E+00    2.799281E+01    5.654416E+01    1.021438E+02
    1.685790E+00    1.692720E+00    1.847395E+00    2.806414E+01    5.668963E+01    1.024006E+02
    1.685722E+00    1.692681E+00    1.847988E+00    2.813568E+01    5.683554E+01    1.026582E+02
    1.685656E+00    1.692643E+00    1.848585E+00    2.820743E+01    5.698189E+01    1.029166E+02
    1.685589E+00    1.692605E+00    1.849184E+00    2.827940E+01    5.712869E+01    1.031757E+02
    1.685523E+00    1.692568E+00    1.849786E+00    2.835158E+01    5.727593E+01    1.034356E+02
    1.685457E+00    1.692531E+00    1.850391E+00    2.842398E+01    5.742361E+01    1.036963E+02
    1.685391E+00    1.692494E+00    1.850999E+00    2.849660E+01    5.757175E+01    1.039577E+02
    1.685326E+00    1.692458E+00    1.851609E+00    2.856944E+01    5.772033E+01    1.042199E+02
    1.685262E+00    1.692423E+00    1.852223E+00    2.864249E+01    5.786936E+01    1.044829E+02
    1.685198E+00    1.692388E+00    1.852839E+00    2.871576E+01    5.801885E+01    1.047467E+02
    1.685134E+00    1.692353E+00    1.853459E+00    2.878925E+01    5.816878E+01    1.050113E+02
    1.685071E+00    1.692320E+00    1.854081E+00    2.886297E+01    5.831917E+01    1.052767E+02
    1.685008E+00    1.692286E+00    1.854707E+00    2.893690E+01    5.847002E+01    1.055428E+02
    1.684946E+00    1.692254E+00    1.855335E+00    2.901105E+01    5.862132E+01    1.058097E+02
    1.684884E+00    1.692222E+00    1.855967E+00    2.908543E+01    5.877308E+01    1.060775E+02
    1.684823E+00    1.692191E+00    1.856602E+00    2.916003E+01    5.892530E+01    1.063460E+02
    1.684762E+00    1.692160E+00    1.857239E+00    2.923485E+01    5.907798E+01    1.066153E+02
    1.684702E+00    1.692130E+00    1.857880E+00    2.930990E+01    5.923113E+01    1.068855E+02
    1.684643E+00    1.692101E+00    1.858524E+00    2.938518E+01    5.938473E+01    1.071564E+02
    1.684584E+00    1.692072E+00    1.859171E+00    2.946068E+01    5.953881E+01    1.074282E+02
    1.684525E+00    1.692044E+00    1.859821E+00    2.953640E+01    5.969334E+01    1.077007E+02
    1.684467E+00    1.692017E+00    1.860475E+00    2.961235E+01    5.984835E+01    1.079741E+02
    1.684410E+00    1.691991E+00    1.861131E+00    2.968853E+01    6.000382E+01    1.082483E+02
    1.684354E+00    1.691965E+00    1.861791E+00    2.976494E+01    6.015976E+01    1.085233E+02
    1.684298E+00    1.691940E+00    1.862454E+00    2.984158E+01    6.031618E+01    1.087992E+02
    1.684242E+00    1.691916E+00    1.863121E+00    2.991845E+01    6.047307E+01    1.090758E+02
    1.684188E+00    1.691892E+00    1.863790E+00    2.999555E+01    6.063043E+01    1.093533E+02
    1.684134E+00    1.691869E+00    1.864463E+00    3.007288E+01    6.078826E+01    1.096316E+02
    1.684081E+00    1.691848E+00    1.865140E+00    3.015044E+01    6.094658E+01    1.099108E+02
    1.684028E+00    1.691826E+00    1.865819E+00    3.022823E+01    6.110537E+01    1.101908E+02
    1.683976E+00    1.691806E+00    1.866502E+00    3.030626E+01    6.126464E+01    1.104716E+02
    1.683503E+00    1.691651E+00    1.873432E+00    3.108962E+01    6.286395E+01    1.132911E+02
    1.683107E+00    1.691585E+00    1.880707E+00    3.189644E+01    6.451173E+01    1.161953E+02
    1.682794E+00    1.691614E+00    1.888341E+00    3.272739E+01    6.620968E+01    1.191867E+02
    1.682568E+00    1.691743E+00    1.896349E+00    3.358316E+01    6.795969E+01    1.222683E+02
    1.682435E+00    1.691976E+00    1.904741E+00    3.446449E+01    6.976372E+01    1.254430E+02
    1.682394E+00    1.692316E+00    1.913530E+00    3.537219E+01    7.162376E+01    1.287140E+02
    1.682449E+00    1.692764E+00    1.922726E+00    3.630709E+01    7.354176E+01    1.320842E+02
    1.682598E+00    1.693320E+00    1.932338E+00    3.727012E+01    7.551955E+01    1.355570E+02
    1.682841E+00    1.693985E+00    1.942377E+00    3.826223E+01    7.755894E+01    1.391356E+02
    1.683177E+00    1.694758E+00    1.952851E+00    3.928444E+01    7.966178E+01    1.428235E+02
    1.683604E+00    1.695637E+00    1.963769E+00    4.033781E+01    8.182999E+01    1.466244E+02
    1.684120E+00    1.696620E+00    1.975140E+00    4.142341E+01    8.406565E+01    1.505419E+02
    1.684721E+00    1.697706E+00    1.986972E+00    4.254236E+01    8.637099E+01    1.545798E+02
    1.685405E+00    1.698890E+00    1.999274E+00    4.369577E+01    8.874834E+01    1.587421E+02
    1.686167E+00    1.700171E+00    2.012056E+00    4.488479E+01    9.120014E+01    1.630328E+02
    1.687006E+00    1.701546E+00    2.025325E+00    4.611055E+01    9.372888E+01    1.674562E+02
    1.687916E+00    1.703011E+00    2.039092E+00    4.737423E+01    9.633708E+01    1.720167E+02
    1.688894E+00    1.704563E+00    2.053366E+00    4.867703E+01    9.902735E+01    1.767187E+02
    1.689936E+00    1.706199E+00    2.068157E+00    5.002018E+01    1.018024E+02    1.815669E+02
    1.691038E+00    1.707915E+00    2.083475E+00    5.140499E+01    1.046652E+02    1.865661E+02
    1.692196E+00    1.709708E+00    2.099331E+00    5.283281E+01    1.076187E+02    1.917212E+02
    1.693406E+00    1.711575E+00    2.115736E+00    5.430510E+01    1.106658E+02    1.970375E+02
    1.694664E+00    1.713513E+00    2.132703E+00    5.582335E+01    1.138095E+02    2.025201E+02
    1.695966E+00    1.715518E+00    2.150244E+00    5.738917E+01    1.170529E+02    2.081746E+02
    1.697309E+00    1.717587E+00    2.168372E+00    5.900419E+01    1.203991E+02    2.140066E+02
    1.698689E+00    1.719718E+00    2.187100E+00    6.067014E+01    1.238516E+02    2.200220E+02
    1.700102E+00    1.721907E+00    2.206443E+00    6.238876E+01    1.274138E+02    2.262268E+02
    1.701545E+00    1.724153E+00    2.226417E+00    6.416185E+01    1.310896E+02    2.326272E+02
    1.703014E+00    1.726452E+00    2.247036E+00    6.599124E+01    1.348827E+02    2.392296E+02
    1.704506E+00    1.728803E+00    2.268318E+00    6.787878E+01    1.387968E+02    2.460408E+02
    1.706018E+00    1.731202E+00    2.290279E+00    6.982640E+01    1.428360E+02    2.530675E+02
    1.707548E+00    1.733649E+00    2.312939E+00    7.183603E+01    1.470044E+02    2.603169E+02
    1.709091E+00    1.736140E+00    2.336314E+00    7.390969E+01    1.513063E+02    2.677963E+02
    1.710646E+00    1.738675E+00    2.360427E+00    7.604945E+01    1.557460E+02    2.755133E+02
    1.712210E+00    1.741252E+00    2.385296E+00    7.825747E+01    1.603278E+02    2.834756E+02
    1.713780E+00    1.743869E+00    2.410944E+00    8.053597E+01    1.650566E+02    2.916913E+02
    1.715355E+00    1.746525E+00    2.437394E+00    8.288726E+01    1.699371E+02    3.001688E+02
    1.716931E+00    1.749220E+00    2.464667E+00    8.531372E+01    1.749743E+02    3.089166E+02
    1.718507E+00    1.751952E+00    2.492789E+00    8.781782E+01    1.801735E+02    3.179437E+02
    1.720082E+00    1.754721E+00    2.521785E+00    9.040213E+01    1.855400E+02    3.272592E+02
    1.721652E+00    1.757525E+00    2.551680E+00    9.306928E+01    1.910792E+02    3.368726E+02
    1.723216E+00    1.760365E+00    2.582504E+00    9.582199E+01    1.967968E+02    3.467937E+02
    1.724773E+00    1.763241E+00    2.614283E+00    9.866309E+01    2.026985E+02    3.570325E+02
    1.726322E+00    1.766151E+00    2.647047E+00    1.015955E+02    2.087905E+02    3.675996E+02
    1.727860E+00    1.769097E+00    2.680826E+00    1.046221E+02    2.150789E+02    3.785056E+02
    1.729387E+00    1.772079E+00    2.715653E+00    1.077462E+02    2.215702E+02    3.897618E+02
    1.730901E+00    1.775096E+00    2.751561E+00    1.109709E+02    2.282711E+02    4.013796E+02
    1.732401E+00    1.778150E+00    2.788582E+00    1.142995E+02    2.351885E+02    4.133708E+02
    1.733887E+00    1.781240E+00    2.826753E+00    1.177354E+02    2.423294E+02    4.257478E+02
    1.735357E+00    1.784369E+00    2.866110E+00    1.212822E+02    2.497011E+02    4.385231E+02
    1.736811E+00    1.787536E+00    2.906691E+00    1.249436E+02    2.573113E+02    4.517099E+02
    1.738247E+00    1.790742E+00    2.948534E+00    1.287232E+02    2.651676E+02    4.653215E+02
    1.739665E+00    1.793989E+00    2.991681E+00    1.326250E+02    2.732782E+02    4.793721E+02
    1.741065E+00    1.797279E+00    3.036174E+00    1.366528E+02    2.816513E+02    4.938758E+02
    1.742445E+00    1.800612E+00    3.082055E+00    1.408109E+02    2.902957E+02    5.088477E+02
    1.743806E+00    1.803990E+00    3.129370E+00    1.451035E+02    2.992202E+02    5.243030E+02
    1.745147E+00    1.807415E+00    3.178165E+00    1.495349E+02    3.084338E+02    5.402576E+02
    1.746468E+00    1.810889E+00    3.228489E+00    1.541098E+02    3.179462E+02    5.567278E+02
    1.747767E+00    1.814413E+00    3.280390E+00    1.588328E+02    3.277670E+02    5.737304E+02
    1.749046E+00    1.817990E+00    3.333920E+00    1.637089E+02    3.379063E+02    5.912831E+02
    1.750304E+00    1.821621E+00    3.389132E+00    1.687430E+02    3.483746E+02    6.094037E+02
    1.751540E+00    1.825310E+00    3.446081E+00    1.739402E+02    3.591827E+02    6.281108E+02
    1.752754E+00    1.829059E+00    3.504823E+00    1.793060E+02    3.703416E+02    6.474237E+02
    1.753948E+00    1.832869E+00    3.565418E+00    1.848459E+02    3.818627E+02    6.673622E+02
    1.755119E+00    1.836745E+00    3.627925E+00    1.905655E+02    3.937581E+02    6.879468E+02
    1.756269E+00    1.840688E+00    3.692407E+00    1.964707E+02    4.060398E+02    7.091985E+02
    1.757397E+00    1.844702E+00    3.758929E+00    2.025676E+02    4.187206E+02    7.311392E+02
    1.758504E+00    1.848789E+00    3.827558E+00    2.088625E+02    4.318134E+02    7.537916E+02
    1.759589E+00    1.852954E+00    3.898361E+00    2.153619E+02    4.453317E+02    7.771787E+02
    1.760652E+00    1.857198E+00    3.971411E+00    2.220723E+02    4.592895E+02    8.013247E+02
    1.761695E+00    1.861526E+00    4.046782E+00    2.290007E+02    4.737011E+02    8.262545E+02
    1.762716E+00    1.865942E+00    4.124548E+00    2.361543E+02    4.885813E+02    8.519935E+02
    1.763716E+00    1.870448E+00    4.204789E+00    2.435404E+02    5.039455E+02    8.785684E+02
    1.764695E+00    1.875049E+00    4.287586E+00    2.511666E+02    5.198094E+02    9.060063E+02
    1.765654E+00    1.879749E+00    4.373022E+00    2.590407E+02    5.361894E+02    9.343356E+02
    1.766593E+00    1.884552E+00    4.461183E+00    2.671710E+02    5.531023E+02    9.635853E+02
    1.767512E+00    1.889462E+00    4.552161E+00    2.755656E+02    5.705656E+02    9.937856E+02
    1.768410E+00    1.894483E+00    4.646046E+00    2.842333E+02    5.885972E+02    1.024968E+03
    1.769289E+00    1.899621E+00    4.742933E+00    2.931830E+02    6.072158E+02    1.057163E+03
    1.770149E+00    1.904879E+00    4.842922E+00    3.024240E+02    6.264403E+02    1.090406E+03
    1.770990E+00    1.910263E+00    4.946115E+00    3.119656E+02    6.462908E+02    1.124729E+03
    1.771812E+00    1.915778E+00    5.052615E+00    3.218177E+02    6.667875E+02    1.160169E+03
    1.772616E+00    1.921429E+00    5.162532E+00    3.319905E+02    6.879516E+02    1.196762E+03
    1.773402E+00    1.927221E+00    5.275978E+00    3.424944E+02    7.098049E+02    1.234545E+03
    1.774170E+00    1.933160E+00    5.393068E+00    3.533404E+02    7.323699E+02    1.273557E+03
    1.774920E+00    1.939252E+00    5.513923E+00    3.645394E+02    7.556698E+02    1.313839E+03
    1.775654E+00    1.945502E+00    5.638665E+00    3.761031E+02    7.797286E+02    1.355432E+03
    1.776371E+00    1.951916E+00    5.767422E+00    3.880434E+02    8.045711E+02    1.398379E+03
    1.777071E+00    1.958501E+00    5.900326E+00    4.003725E+02    8.302229E+02    1.442723E+03
    1.777755E+00    1.965264E+00    6.037512E+00    4.131032E+02    8.567104E+02    1.488512E+03
    1.778424E+00    1.972210E+00    6.179123E+00    4.262486E+02    8.840608E+02    1.535791E+03
    1.779078E+00    1.979347E+00    6.325301E+00    4.398221E+02    9.123023E+02    1.584609E+03
    1.779716E+00    1.986682E+00    6.476199E+00    4.538377E+02    9.414640E+02    1.635017E+03
    1.780341E+00    1.994222E+00    6.631969E+00    4.683100E+02    9.715759E+02    1.687067E+03
    1.780951E+00    2.001975E+00    6.792773E+00    4.832538E+02    1.002669E+03    1.740812E+03
    1.781547E+00    2.009948E+00    6.958775E+00    4.986844E+02    1.034775E+03    1.796307E+03
    1.782129E+00    2.018150E+00    7.130146E+00    5.146177E+02    1.067928E+03    1.853609E+03
    1.782699E+00    2.026588E+00    7.307062E+00    5.310702E+02    1.102161E+03    1.912778E+03
    1.783256E+00    2.035272E+00    7.489705E+00    5.480588E+02    1.137509E+03    1.973875E+03
    1.783801E+00    2.044210E+00    7.678263E+00    5.656009E+02    1.174010E+03    2.036961E+03
    1.784335E+00    2.053412E+00    7.872930E+00    5.837146E+02    1.211700E+03    2.102103E+03
    1.784856E+00    2.062885E+00    8.073906E+00    6.024186E+02    1.250618E+03    2.169366E+03
    1.785367E+00    2.072642E+00    8.281398E+00    6.217320E+02    1.290805E+03    2.238821E+03
    1.785867E+00    2.082690E+00    8.495619E+00    6.416747E+02    1.332301E+03    2.310539E+03
    1.786358E+00    2.093041E+00    8.716790E+00    6.622672E+02    1.375150E+03    2.384593E+03
    1.786838E+00    2.103705E+00    8.945140E+00    6.835307E+02    1.419395E+03    2.461059E+03
    1.787309E+00    2.114692E+00    9.180902E+00    7.054870E+02    1.465081E+03    2.540016E+03
    1.787772E+00    2.126016E+00    9.424320E+00    7.281587E+02    1.512257E+03    2.621545E+03
    1.788226E+00    2.137686E+00    9.675643E+00    7.515690E+02    1.560969E+03    2.705730E+03
    1.788672E+00    2.149716E+00    9.935132E+00    7.757420E+02    1.611269E+03    2.792657E+03
    1.789111E+00    2.162117E+00    1.020305E+01    8.007025E+02    1.663207E+03    2.882415E+03
    1.789543E+00    2.174902E+00    1.047968E+01    8.264760E+02    1.716837E+03    2.975097E+03
    1.789969E+00    2.188085E+00    1.076530E+01    8.530890E+02    1.772214E+03    3.070796E+03
    1.790389E+00    2.201679E+00    1.106020E+01    8.805687E+02    1.829395E+03    3.169613E+03
    1.790804E+00    2.215698E+00    1.136470E+01    9.089433E+02    1.888439E+03    3.271646E+03
    1.791214E+00    2.230157E+00    1.167909E+01    9.382418E+02    1.949404E+03    3.377001E+03
    1.791621E+00    2.245071E+00    1.200370E+01    9.684941E+02    2.012355E+03    3.485786E+03
    1.792024E+00    2.260455E+00    1.233887E+01    9.997310E+02    2.077355E+03    3.598111E+03
    1.792425E+00    2.276326E+00    1.268494E+01    1.031985E+03    2.144470E+03    3.714091E+03
    1.792824E+00    2.292700E+00    1.304226E+01    1.065288E+03    2.213769E+03    3.833845E+03
    1.793221E+00    2.309593E+00    1.341120E+01    1.099674E+03    2.285323E+03    3.957494E+03
    1.793619E+00    2.327024E+00    1.379214E+01    1.135179E+03    2.359204E+03    4.085163E+03
    1.794017E+00    2.345012E+00    1.418545E+01    1.171838E+03    2.435487E+03    4.216983E+03
    1.794417E+00    2.363573E+00    1.459154E+01    1.209688E+03    2.514249E+03    4.353088E+03
    1.794820E+00    2.382729E+00    1.501083E+01    1.248769E+03    2.595571E+03    4.493613E+03
    1.795226E+00    2.402499E+00    1.544374E+01    1.289118E+03    2.679534E+03    4.638703E+03
    1.795637E+00    2.422904E+00    1.589070E+01    1.330778E+03    2.766223E+03    4.788503E+03
    1.796054E+00    2.443964E+00    1.635217E+01    1.373789E+03    2.855725E+03    4.943163E+03
    1.796479E+00    2.465703E+00    1.682861E+01    1.418196E+03    2.948130E+03    5.102838E+03
    1.796912E+00    2.488143E+00    1.732050E+01    1.464041E+03    3.043530E+03    5.267690E+03
    1.797356E+00    2.511308E+00    1.782833E+01    1.511372E+03    3.142021E+03    5.437880E+03
    1.797812E+00    2.535222E+00    1.835260E+01    1.560235E+03    3.243700E+03    5.613580E+03
    1.798282E+00    2.559909E+00    1.889384E+01    1.610679E+03    3.348668E+03    5.794962E+03
    1.798769E+00    2.585396E+00    1.945259E+01    1.662752E+03    3.457029E+03    5.982206E+03
    1.799273E+00    2.611710E+00    2.002938E+01    1.716507E+03    3.568888E+03    6.175495E+03
    1.799798E+00    2.638877E+00    2.062479E+01    1.771996E+03    3.684355E+03    6.375018E+03
    1.800345E+00    2.666928E+00    2.123940E+01    1.829272E+03    3.803542E+03    6.580968E+03
    1.800919E+00    2.695890E+00    2.187380E+01    1.888392E+03    3.926564E+03    6.793545E+03
    1.801522E+00    2.725794E+00    2.252860E+01    1.949411E+03    4.053539E+03    7.012951E+03
    1.802157E+00    2.756671E+00    2.320443E+01    2.012387E+03    4.184588E+03    7.239397E+03
    1.802828E+00    2.788554E+00    2.390192E+01    2.077381E+03    4.319834E+03    7.473094E+03
    1.803538E+00    2.821475E+00    2.462173E+01    2.144452E+03    4.459403E+03    7.714261E+03
    1.804293E+00    2.855469E+00    2.536454E+01    2.213662E+03    4.603425E+03    7.963122E+03
    1.805097E+00    2.890571E+00    2.613101E+01    2.285076E+03    4.752031E+03    8.219903E+03
    1.805954E+00    2.926816E+00    2.692186E+01    2.358757E+03    4.905356E+03    8.484837E+03
    1.806871E+00    2.964243E+00    2.773778E+01    2.434771E+03    5.063535E+03    8.758159E+03
    1.807854E+00    3.002888E+00    2.857949E+01    2.513184E+03    5.226707E+03    9.040108E+03
    1.808910E+00    3.042791E+00    2.944773E+01    2.594064E+03    5.395012E+03    9.330927E+03
    1.810045E+00    3.083992E+00    3.034323E+01    2.677479E+03    5.568593E+03    9.630861E+03
    1.811267E+00    3.126532E+00    3.126674E+01    2.763499E+03    5.747593E+03    9.940158E+03
    1.812587E+00    3.170453E+00    3.221902E+01    2.852191E+03    5.932156E+03    1.025907E+04
    1.814011E+00    3.215798E+00    3.320080E+01    2.943627E+03    6.122426E+03    1.058784E+04
    1.815553E+00    3.262611E+00    3.421286E+01    3.037874E+03    6.318549E+03    1.092672E+04
    1.817221E+00    3.310935E+00    3.525593E+01    3.135003E+03    6.520667E+03    1.127596E+04
    1.819029E+00    3.360815E+00    3.633078E+01    3.235082E+03    6.728924E+03    1.163581E+04
    1.820990E+00    3.412299E+00    3.743813E+01    3.338179E+03    6.943460E+03    1.200651E+04
    1.823118E+00    3.465430E+00    3.857870E+01    3.444358E+03    7.164412E+03    1.238829E+04
    1.825428E+00    3.520257E+00    3.975320E+01    3.553686E+03    7.391914E+03    1.278140E+04
    1.827939E+00    3.576825E+00    4.096231E+01    3.666222E+03    7.626095E+03    1.318604E+04
    1.830667E+00    3.635180E+00    4.220668E+01    3.782027E+03    7.867077E+03    1.360243E+04
    1.833633E+00    3.695370E+00    4.348691E+01    3.901155E+03    8.114973E+03    1.403077E+04
    1.836858E+00    3.757438E+00    4.480356E+01    4.023656E+03    8.369890E+03    1.447124E+04
    1.840365E+00    3.821430E+00    4.615715E+01    4.149577E+03    8.631922E+03    1.492400E+04
    1.844178E+00    3.887390E+00    4.754813E+01    4.278957E+03    8.901152E+03    1.538920E+04
    1.848324E+00    3.955358E+00    4.897686E+01    4.411828E+03    9.177647E+03    1.586696E+04
    1.852830E+00    4.025375E+00    5.044363E+01    4.548214E+03    9.461457E+03    1.635735E+04
    1.857727E+00    4.097478E+00    5.194864E+01    4.688132E+03    9.752615E+03    1.686044E+04
    1.863046E+00    4.171700E+00    5.349198E+01    4.831586E+03    1.005113E+04    1.737625E+04
    1.868821E+00    4.248073E+00    5.507361E+01    4.978570E+03    1.035700E+04    1.790474E+04
    1.875087E+00    4.326621E+00    5.669336E+01    5.129066E+03    1.067017E+04    1.844587E+04
    1.881880E+00    4.407367E+00    5.835092E+01    5.283041E+03    1.099058E+04    1.899950E+04
    1.889241E+00    4.490326E+00    6.004581E+01    5.440447E+03    1.131813E+04    1.956547E+04
    1.897208E+00    4.575506E+00    6.177740E+01    5.601221E+03    1.165268E+04    2.014355E+04
    1.905822E+00    4.662911E+00    6.354483E+01    5.765280E+03    1.199408E+04    2.073344E+04
    1.915128E+00    4.752533E+00    6.534707E+01    5.932525E+03    1.234210E+04    2.133478E+04
    1.925166E+00    4.844358E+00    6.718289E+01    6.102835E+03    1.269650E+04    2.194714E+04
    1.935982E+00    4.938362E+00    6.905080E+01    6.276070E+03    1.305699E+04    2.257002E+04
    1.947618E+00    5.034510E+00    7.094912E+01    6.452068E+03    1.342323E+04    2.320284E+04
    1.960118E+00    5.132757E+00    7.287592E+01    6.630645E+03    1.379483E+04    2.384492E+04
    1.973523E+00    5.233045E+00    7.482904E+01    6.811596E+03    1.417137E+04    2.449554E+04
    1.987875E+00    5.335306E+00    7.680606E+01    6.994693E+03    1.455238E+04    2.515388E+04
    2.003211E+00    5.439459E+00    7.880437E+01    7.179687E+03    1.493734E+04    2.581904E+04
    2.019567E+00    5.545409E+00    8.082111E+01    7.366311E+03    1.532569E+04    2.649005E+04
    2.036975E+00    5.653050E+00    8.285322E+01    7.554274E+03    1.571682E+04    2.716588E+04
    2.055464E+00    5.762263E+00    8.489745E+01    7.743272E+03    1.611011E+04    2.784543E+04
    2.075057E+00    5.872916E+00    8.695036E+01    7.932982E+03    1.650488E+04    2.852755E+04
    2.095771E+00    5.984868E+00    8.900840E+01    8.123071E+03    1.690043E+04    2.921101E+04
    2.117621E+00    6.097965E+00    9.106786E+01    8.313193E+03    1.729605E+04    2.989460E+04
    2.140611E+00    6.212043E+00    9.312499E+01    8.502996E+03    1.769101E+04    3.057704E+04
    2.164741E+00    6.326930E+00    9.517595E+01    8.692123E+03    1.808457E+04    3.125705E+04
    2.190003E+00    6.442448E+00    9.721691E+01    8.880217E+03    1.847597E+04    3.193335E+04
    2.216383E+00    6.558411E+00    9.924405E+01    9.066925E+03    1.886449E+04    3.260465E+04
    2.243859E+00    6.674630E+00    1.012536E+02    9.251897E+03    1.924939E+04    3.326972E+04
    2.272402E+00    6.790914E+00    1.032420E+02    9.434796E+03    1.962999E+04    3.392733E+04
    2.301976E+00    6.907071E+00    1.052056E+02    9.615297E+03    2.000558E+04    3.457632E+04
    2.332538E+00    7.022910E+00    1.071411E+02    9.793088E+03    2.037555E+04    3.521556E+04
    2.364040E+00    7.138242E+00    1.090453E+02    9.967880E+03    2.073927E+04    3.584402E+04
    2.396428E+00    7.252883E+00    1.109153E+02    1.013940E+04    2.109618E+04    3.646072E+04
    2.429642E+00    7.366656E+00    1.127483E+02    1.030741E+04    2.144577E+04    3.706477E+04
    2.463619E+00    7.479389E+00    1.145420E+02    1.047167E+04    2.178758E+04    3.765536E+04
