    0.000000E+00    0.000000E+00    0.000000E+00    0.000000E+00    0.000000E+00    0.000000E+00
   -1.978870E-10   -3.428043E-09   -1.655055E-08   -3.072646E-07   -7.029588E-07   -1.978870E-06
   -2.140549E-10   -3.708122E-09   -1.790277E-08   -3.323688E-07   -7.603921E-07   -2.140549E-06
   -2.315436E-10   -4.011084E-09   -1.936547E-08   -3.595241E-07   -8.225178E-07   -2.315436E-06
   -2.504612E-10   -4.338798E-09   -2.094767E-08   -3.888980E-07   -8.897193E-07   -2.504612E-06
   -2.709245E-10   -4.693288E-09   -2.265914E-08   -4.206718E-07   -9.624113E-07   -2.709245E-06
   -2.930596E-10   -5.076740E-09   -2.451044E-08   -4.550417E-07   -1.041042E-06   -2.930596E-06
   -3.170032E-10   -5.491521E-09   -2.651300E-08   -4.922196E-07   -1.126098E-06   -3.170032E-06
   -3.429031E-10   -5.940190E-09   -2.867917E-08   -5.324350E-07   -1.218103E-06   -3.429031E-06
   -3.709190E-10   -6.425517E-09   -3.102232E-08   -5.759361E-07   -1.317624E-06   -3.709190E-06
   -4.012240E-10   -6.950496E-09   -3.355691E-08   -6.229914E-07   -1.425277E-06   -4.012240E-06
   -4.340048E-10   -7.518367E-09   -3.629859E-08   -6.738912E-07   -1.541725E-06   -4.340048E-06
   -4.694640E-10   -8.132634E-09   -3.926426E-08   -7.289495E-07   -1.667688E-06   -4.694640E-06
   -5.078202E-10   -8.797088E-09   -4.247224E-08   -7.885063E-07   -1.803942E-06   -5.078202E-06
   -5.493103E-10   -9.515829E-09   -4.594231E-08   -8.529290E-07   -1.951328E-06   -5.493103E-06
   -5.941901E-10   -1.029329E-08   -4.969590E-08   -9.226152E-07   -2.110755E-06   -5.941901E-06
   -6.427367E-10   -1.113428E-08   -5.375616E-08   -9.979949E-07   -2.283209E-06   -6.427367E-06
   -6.952497E-10   -1.204397E-08   -5.814816E-08   -1.079533E-06   -2.469752E-06   -6.952497E-06
   -7.520532E-10   -1.302799E-08   -6.289899E-08   -1.167733E-06   -2.671536E-06   -7.520532E-06
   -8.134975E-10   -1.409241E-08   -6.803798E-08   -1.263140E-06   -2.889806E-06   -8.134975E-06
   -8.799620E-10   -1.524379E-08   -7.359683E-08   -1.366341E-06   -3.125910E-06   -8.799620E-06
   -9.518568E-10   -1.648924E-08   -7.960984E-08   -1.477974E-06   -3.381303E-06   -9.518568E-06
   -1.029626E-09   -1.783644E-08   -8.611414E-08   -1.598728E-06   -3.657563E-06   -1.029626E-05
   -1.113748E-09   -1.929372E-08   -9.314985E-08   -1.729347E-06   -3.956394E-06   -1.113748E-05
   -1.204744E-09   -2.087006E-08   -1.007604E-07   -1.870639E-06   -4.279639E-06   -1.204744E-05
   -1.303174E-09   -2.257518E-08   -1.089927E-07   -2.023474E-06   -4.629295E-06   -1.303174E-05
   -1.409646E-09   -2.441962E-08   -1.178977E-07   -2.188796E-06   -5.007518E-06   -1.409646E-05
   -1.524817E-09   -2.641476E-08   -1.275301E-07   -2.367625E-06   -5.416643E-06   -1.524817E-05
   -1.649398E-09   -2.857290E-08   -1.379496E-07   -2.561065E-06   -5.859194E-06   -1.649398E-05
   -1.784157E-09   -3.090736E-08   -1.492204E-07   -2.770309E-06   -6.337902E-06   -1.784157E-05
   -1.929926E-09   -3.343256E-08   -1.614120E-07   -2.996649E-06   -6.855722E-06   -1.929926E-05
   -2.087605E-09   -3.616407E-08   -1.745997E-07   -3.241481E-06   -7.415848E-06   -2.087605E-05
   -2.258167E-09   -3.911874E-08   -1.888648E-07   -3.506317E-06   -8.021738E-06   -2.258167E-05
   -2.442663E-09   -4.231482E-08   -2.042955E-07   -3.792790E-06   -8.677130E-06   -2.442663E-05
   -2.642234E-09   -4.577203E-08   -2.209868E-07   -4.102668E-06   -9.386068E-06   -2.642234E-05
   -2.858109E-09   -4.951169E-08   -2.390419E-07   -4.437864E-06   -1.015293E-05   -2.858109E-05
   -3.091622E-09   -5.355689E-08   -2.585721E-07   -4.800446E-06   -1.098244E-05   -3.091622E-05
   -3.344214E-09   -5.793259E-08   -2.796979E-07   -5.192652E-06   -1.187973E-05   -3.344214E-05
   -3.617442E-09   -6.266579E-08   -3.025497E-07   -5.616901E-06   -1.285032E-05   -3.617442E-05
   -3.912994E-09   -6.778570E-08   -3.272686E-07   -6.075812E-06   -1.390022E-05   -3.912994E-05
   -4.232693E-09   -7.332392E-08   -3.540070E-07   -6.572217E-06   -1.503589E-05   -4.232692E-05
   -4.578511E-09   -7.931461E-08   -3.829300E-07   -7.109179E-06   -1.626435E-05   -4.578511E-05
   -4.952583E-09   -8.579475E-08   -4.142160E-07   -7.690011E-06   -1.759318E-05   -4.952583E-05
   -5.357218E-09   -9.280432E-08   -4.480582E-07   -8.318298E-06   -1.903057E-05   -5.357217E-05
   -5.794911E-09   -1.003866E-07   -4.846653E-07   -8.997916E-06   -2.058540E-05   -5.794911E-05
   -6.268364E-09   -1.085883E-07   -5.242632E-07   -9.733060E-06   -2.226726E-05   -6.268364E-05
   -6.780499E-09   -1.174602E-07   -5.670963E-07   -1.052827E-05   -2.408652E-05   -6.780499E-05
   -7.334476E-09   -1.270568E-07   -6.134289E-07   -1.138844E-05   -2.605443E-05   -7.334475E-05
   -7.933713E-09   -1.374375E-07   -6.635469E-07   -1.231889E-05   -2.818311E-05   -7.933712E-05
   -8.581907E-09   -1.486664E-07   -7.177595E-07   -1.332536E-05   -3.048571E-05   -8.581907E-05
   -9.283060E-09   -1.608126E-07   -7.764014E-07   -1.441406E-05   -3.297643E-05   -9.283059E-05
   -1.004150E-08   -1.739512E-07   -8.398343E-07   -1.559171E-05   -3.567064E-05   -1.004150E-04
   -1.086190E-08   -1.881632E-07   -9.084496E-07   -1.686556E-05   -3.858497E-05   -1.086190E-04
   -1.174933E-08   -2.035363E-07   -9.826709E-07   -1.824350E-05   -4.173740E-05   -1.174932E-04
   -1.270926E-08   -2.201654E-07   -1.062956E-06   -1.973401E-05   -4.514738E-05   -1.270925E-04
   -1.374761E-08   -2.381531E-07   -1.149800E-06   -2.134629E-05   -4.883596E-05   -1.374761E-04
   -1.487080E-08   -2.576103E-07   -1.243740E-06   -2.309030E-05   -5.282589E-05   -1.487080E-04
   -1.608575E-08   -2.786572E-07   -1.345354E-06   -2.497679E-05   -5.714179E-05   -1.608575E-04
   -1.739996E-08   -3.014236E-07   -1.455270E-06   -2.701740E-05   -6.181029E-05   -1.739996E-04
   -1.882154E-08   -3.260500E-07   -1.574166E-06   -2.922472E-05   -6.686021E-05   -1.882154E-04
   -2.035927E-08   -3.526883E-07   -1.702775E-06   -3.161239E-05   -7.232269E-05   -2.035926E-04
   -2.202261E-08   -3.815029E-07   -1.841891E-06   -3.419511E-05   -7.823144E-05   -2.202260E-04
   -2.382185E-08   -4.126715E-07   -1.992373E-06   -3.698884E-05   -8.462292E-05   -2.382184E-04
   -2.576809E-08   -4.463865E-07   -2.155149E-06   -4.001081E-05   -9.153656E-05   -2.576807E-04
   -2.787332E-08   -4.828560E-07   -2.331223E-06   -4.327966E-05   -9.901503E-05   -2.787330E-04
   -3.015054E-08   -5.223048E-07   -2.521682E-06   -4.681556E-05   -1.071045E-04   -3.015051E-04
   -3.261380E-08   -5.649764E-07   -2.727700E-06   -5.064034E-05   -1.158547E-04   -3.261376E-04
   -3.527830E-08   -6.111341E-07   -2.950548E-06   -5.477757E-05   -1.253199E-04   -3.527825E-04
   -3.816047E-08   -6.610626E-07   -3.191603E-06   -5.925279E-05   -1.355583E-04   -3.816041E-04
   -4.127809E-08   -7.150699E-07   -3.452349E-06   -6.409361E-05   -1.466331E-04   -4.127801E-04
   -4.465040E-08   -7.734893E-07   -3.734397E-06   -6.932989E-05   -1.586126E-04   -4.465031E-04
   -4.829820E-08   -8.366810E-07   -4.039486E-06   -7.499394E-05   -1.715708E-04   -4.829808E-04
   -5.224400E-08   -9.050350E-07   -4.369498E-06   -8.112068E-05   -1.855875E-04   -5.224385E-04
   -5.651213E-08   -9.789728E-07   -4.726469E-06   -8.774792E-05   -2.007493E-04   -5.651194E-04
   -6.112892E-08   -1.058951E-06   -5.112601E-06   -9.491654E-05   -2.171496E-04   -6.112868E-04
   -6.612285E-08   -1.145462E-06   -5.530275E-06   -1.026707E-04   -2.348896E-04   -6.612254E-04
   -7.152473E-08   -1.239039E-06   -5.982068E-06   -1.110584E-04   -2.540788E-04   -7.152433E-04
   -7.736785E-08   -1.340261E-06   -6.470766E-06   -1.201312E-04   -2.748354E-04   -7.736735E-04
   -8.368827E-08   -1.449751E-06   -6.999383E-06   -1.299450E-04   -2.972875E-04   -8.368764E-04
   -9.052497E-08   -1.568185E-06   -7.571179E-06   -1.405606E-04   -3.215736E-04   -9.052417E-04
   -9.792010E-08   -1.696293E-06   -8.189681E-06   -1.520432E-04   -3.478434E-04   -9.791908E-04
   -1.059193E-07   -1.834864E-06   -8.858702E-06   -1.644637E-04   -3.762589E-04   -1.059180E-03
   -1.145718E-07   -1.984753E-06   -9.582367E-06   -1.778987E-04   -4.069953E-04   -1.145702E-03
   -1.239310E-07   -2.146885E-06   -1.036514E-05   -1.924310E-04   -4.402420E-04   -1.239289E-03
   -1.340546E-07   -2.322259E-06   -1.121184E-05   -2.081502E-04   -4.762042E-04   -1.340520E-03
   -1.450051E-07   -2.511957E-06   -1.212770E-05   -2.251532E-04   -5.151034E-04   -1.450018E-03
   -1.568498E-07   -2.717146E-06   -1.311835E-05   -2.435449E-04   -5.571794E-04   -1.568457E-03
   -1.696619E-07   -2.939093E-06   -1.418991E-05   -2.634385E-04   -6.026916E-04   -1.696566E-03
   -1.835203E-07   -3.179164E-06   -1.534897E-05   -2.849567E-04   -6.519204E-04   -1.835136E-03
   -1.985103E-07   -3.438841E-06   -1.660268E-05   -3.082321E-04   -7.051691E-04   -1.985019E-03
   -2.147244E-07   -3.719721E-06   -1.795877E-05   -3.334081E-04   -7.627657E-04   -2.147137E-03
   -2.322624E-07   -4.023536E-06   -1.942559E-05   -3.606397E-04   -8.250652E-04   -2.322489E-03
   -2.512324E-07   -4.352158E-06   -2.101217E-05   -3.900948E-04   -8.924512E-04   -2.512153E-03
   -2.717513E-07   -4.707610E-06   -2.272829E-05   -4.219548E-04   -9.653386E-04   -2.717296E-03
   -2.939452E-07   -5.092082E-06   -2.458451E-05   -4.564157E-04   -1.044176E-03   -2.939178E-03
   -3.179510E-07   -5.507939E-06   -2.659227E-05   -4.936899E-04   -1.129449E-03   -3.179163E-03
   -3.439164E-07   -5.957744E-06   -2.876392E-05   -5.340067E-04   -1.221683E-03   -3.438725E-03
   -3.720012E-07   -6.444263E-06   -3.111283E-05   -5.776143E-04   -1.321444E-03   -3.719456E-03
   -4.023782E-07   -6.970491E-06   -3.365345E-05   -6.247810E-04   -1.429346E-03   -4.023078E-03
   -4.352343E-07   -7.539665E-06   -3.640141E-05   -6.757968E-04   -1.546053E-03   -4.351452E-03
   -4.707716E-07   -8.155285E-06   -3.937362E-05   -7.309756E-04   -1.672282E-03   -4.706588E-03
   -5.092085E-07   -8.821138E-06   -4.258835E-05   -7.906566E-04   -1.808809E-03   -5.090658E-03
   -5.507814E-07   -9.541314E-06   -4.606535E-05   -8.552066E-04   -1.956473E-03   -5.506008E-03
   -5.957457E-07   -1.032024E-05   -4.982600E-05   -9.250221E-04   -2.116179E-03   -5.955172E-03
   -6.443776E-07   -1.116270E-05   -5.389340E-05   -1.000532E-03   -2.288908E-03   -6.440884E-03
   -6.969757E-07   -1.207387E-05   -5.829251E-05   -1.082199E-03   -2.475719E-03   -6.966097E-03
   -7.538629E-07   -1.305934E-05   -6.305035E-05   -1.170526E-03   -2.677757E-03   -7.533997E-03
   -8.153881E-07   -1.412516E-05   -6.819610E-05   -1.266053E-03   -2.896259E-03   -8.148020E-03
   -8.819288E-07   -1.527786E-05   -7.376131E-05   -1.369367E-03   -3.132563E-03   -8.811870E-03
   -9.538926E-07   -1.652450E-05   -7.978010E-05   -1.481100E-03   -3.388114E-03   -9.529539E-03
   -1.031720E-06   -1.787273E-05   -8.628934E-05   -1.601936E-03   -3.664472E-03   -1.030533E-02
   -1.115889E-06   -1.933080E-05   -9.332887E-05   -1.732615E-03   -3.963324E-03   -1.114386E-02
   -1.206912E-06   -2.090763E-05   -1.009418E-04   -1.873935E-03   -4.286491E-03   -1.205011E-02
   -1.305348E-06   -2.261285E-05   -1.091746E-04   -2.026760E-03   -4.635940E-03   -1.302942E-02
   -1.411797E-06   -2.445689E-05   -1.180776E-04   -2.192022E-03   -5.013794E-03   -1.408752E-02
   -1.526909E-06   -2.645100E-05   -1.277051E-04   -2.370729E-03   -5.422347E-03   -1.523057E-02
   -1.651386E-06   -2.860734E-05   -1.381159E-04   -2.563970E-03   -5.864071E-03   -1.646512E-02
   -1.785986E-06   -3.093906E-05   -1.493734E-04   -2.772919E-03   -6.341636E-03   -1.779820E-02
   -1.931530E-06   -3.346033E-05   -1.615461E-04   -2.998846E-03   -6.857919E-03   -1.923728E-02
   -2.088900E-06   -3.618650E-05   -1.747079E-04   -3.243122E-03   -7.416022E-03   -2.079030E-02
   -2.259054E-06   -3.913411E-05   -1.889389E-04   -3.507226E-03   -8.019288E-03   -2.246568E-02
   -2.443022E-06   -4.232103E-05   -2.043254E-04   -3.792755E-03   -8.671319E-03   -2.427228E-02
   -2.641919E-06   -4.576657E-05   -2.209604E-04   -4.101431E-03   -9.375988E-03   -2.621941E-02
   -2.856947E-06   -4.949156E-05   -2.389445E-04   -4.435113E-03   -1.013746E-02   -2.831679E-02
   -3.089405E-06   -5.351847E-05   -2.583864E-04   -4.795805E-03   -1.096022E-02   -3.057447E-02
   -3.340692E-06   -5.787157E-05   -2.794031E-04   -5.185668E-03   -1.184908E-02   -3.300277E-02
   -3.612319E-06   -6.257704E-05   -3.021209E-04   -5.607030E-03   -1.280919E-02   -3.561214E-02
   -3.905917E-06   -6.766311E-05   -3.266763E-04   -6.062401E-03   -1.384607E-02   -3.841299E-02
   -4.223243E-06   -7.316022E-05   -3.532162E-04   -6.554480E-03   -1.496564E-02   -4.141548E-02
   -4.566192E-06   -7.910121E-05   -3.818991E-04   -7.086176E-03   -1.617420E-02   -4.462920E-02
   -4.936807E-06   -8.552145E-05   -4.128958E-04   -7.660614E-03   -1.747847E-02   -4.806274E-02
   -5.337288E-06   -9.245907E-05   -4.463904E-04   -8.281156E-03   -1.888560E-02   -5.172324E-02
   -5.770005E-06   -9.995513E-05   -4.825811E-04   -8.951411E-03   -2.040316E-02   -5.561563E-02
   -6.237513E-06   -1.080539E-04   -5.216814E-04   -9.675254E-03   -2.203914E-02   -5.974181E-02
   -6.742558E-06   -1.168029E-04   -5.639211E-04   -1.045684E-02   -2.380194E-02   -6.409954E-02
   -7.288098E-06   -1.262534E-04   -6.095476E-04   -1.130061E-02   -2.570035E-02   -6.868098E-02
   -7.877313E-06   -1.364605E-04   -6.588267E-04   -1.221132E-02   -2.774352E-02   -7.347094E-02
   -8.513621E-06   -1.474834E-04   -7.120443E-04   -1.319407E-02   -2.994086E-02   -7.844464E-02
   -9.200695E-06   -1.593857E-04   -7.695077E-04   -1.425425E-02   -3.230201E-02   -8.356484E-02
   -9.942481E-06   -1.722359E-04   -8.315467E-04   -1.539764E-02   -3.483664E-02   -8.877839E-02
   -1.074321E-05   -1.861071E-04   -8.985153E-04   -1.663035E-02   -3.755436E-02   -9.401179E-02
   -1.160743E-05   -2.010781E-04   -9.707933E-04   -1.795886E-02   -4.046446E-02   -9.916591E-02
   -1.254000E-05   -2.172333E-04   -1.048788E-03   -1.939000E-02   -4.357562E-02   -1.041093E-01
   -1.354614E-05   -2.346628E-04   -1.132934E-03   -2.093095E-02   -4.689554E-02   -1.086703E-01
   -1.463143E-05   -2.534634E-04   -1.223699E-03   -2.258924E-02   -5.043045E-02   -1.126271E-01
   -1.580182E-05   -2.737384E-04   -1.321581E-03   -2.437267E-02   -5.418448E-02   -1.156967E-01
   -1.706370E-05   -2.955982E-04   -1.427114E-03   -2.628935E-02   -5.815889E-02   -1.175207E-01
   -1.842386E-05   -3.191605E-04   -1.540864E-03   -2.834754E-02   -6.235104E-02   -1.176500E-01
   -1.988956E-05   -3.445510E-04   -1.663439E-03   -3.055566E-02   -6.675315E-02   -1.155266E-01
   -2.146850E-05   -3.719033E-04   -1.795483E-03   -3.292210E-02   -7.135073E-02   -1.104642E-01
   -2.316890E-05   -4.013595E-04   -1.937681E-03   -3.545512E-02   -7.612062E-02   -1.016270E-01
   -2.499946E-05   -4.330706E-04   -2.090762E-03   -3.816265E-02   -8.102858E-02   -8.800921E-02
   -2.696942E-05   -4.671965E-04   -2.255496E-03   -4.105200E-02   -8.602634E-02   -6.841680E-02
   -2.908857E-05   -5.039067E-04   -2.432700E-03   -4.412959E-02   -9.104793E-02   -4.145543E-02
   -3.136722E-05   -5.433801E-04   -2.623237E-03   -4.740051E-02   -9.600530E-02   -5.529889E-03
   -3.381628E-05   -5.858052E-04   -2.828015E-03   -5.086804E-02   -1.007830E-01    4.113682E-02
   -3.644720E-05   -6.313807E-04   -3.047989E-03   -5.453301E-02   -1.052318E-01    1.004532E-01
   -3.927202E-05   -6.803151E-04   -3.284165E-03   -5.839301E-02   -1.091613E-01    1.743625E-01
   -4.230334E-05   -7.328266E-04   -3.537590E-03   -6.244145E-02   -1.123309E-01    2.646781E-01
   -4.555433E-05   -7.891433E-04   -3.809362E-03   -6.666636E-02   -1.144399E-01    3.728262E-01
   -4.903870E-05   -8.495028E-04   -4.100622E-03   -7.104899E-02   -1.151158E-01    4.994649E-01
   -5.277070E-05   -9.141516E-04   -4.412551E-03   -7.556205E-02   -1.139023E-01    6.439465E-01
   -5.676505E-05   -9.833449E-04   -4.746373E-03   -8.016765E-02   -1.102452E-01    8.035954E-01
   -6.103694E-05   -1.057346E-03   -5.103346E-03   -8.481484E-02   -1.034793E-01    9.727875E-01
   -6.560198E-05   -1.136425E-03   -5.484760E-03   -8.943665E-02   -9.281577E-02    1.141851E+00
   -7.047609E-05   -1.220857E-03   -5.891930E-03   -9.394668E-02   -7.733246E-02    1.295871E+00
   -7.567551E-05   -1.310924E-03   -6.326190E-03   -9.823511E-02   -5.596914E-02    1.413590E+00
   -8.121665E-05   -1.406911E-03   -6.788887E-03   -1.021641E-01   -2.753198E-02    1.466746E+00
   -8.711602E-05   -1.509102E-03   -7.281368E-03   -1.055628E-01    9.288039E-03    1.420413E+00
   -9.339013E-05   -1.617784E-03   -7.804975E-03   -1.082214E-01    5.587599E-02    1.235153E+00
   -1.000554E-04   -1.733242E-03   -8.361031E-03   -1.098852E-01    1.136243E-01    8.720227E-01
   -1.071279E-04   -1.855754E-03   -8.950827E-03   -1.102480E-01    1.838240E-01    3.015358E-01
   -1.146235E-04   -1.985595E-03   -9.575611E-03   -1.089457E-01    2.675022E-01   -4.826501E-01
   -1.225574E-04   -2.123028E-03   -1.023658E-02   -1.055506E-01    3.651943E-01   -1.445643E+00
   -1.309441E-04   -2.268307E-03   -1.093484E-02   -9.956581E-02    4.766349E-01   -2.491417E+00
   -1.397975E-04   -2.421671E-03   -1.167143E-02   -9.042310E-02    6.003602E-01   -3.447410E+00
   -1.491303E-04   -2.583343E-03   -1.244729E-02   -7.748274E-02    7.332200E-01   -4.064754E+00
   -1.589542E-04   -2.753529E-03   -1.326322E-02   -6.003888E-02    8.698143E-01   -4.049611E+00
   -1.692796E-04   -2.932411E-03   -1.411990E-02   -3.733154E-02    1.001897E+00   -3.141165E+00
   -1.801156E-04   -3.120153E-03   -1.501787E-02   -8.568084E-03    1.117828E+00   -1.241471E+00
   -1.914698E-04   -3.316891E-03   -1.595752E-02    2.704299E-02    1.202206E+00    1.425172E+00
   -2.033481E-04   -3.522741E-03   -1.693904E-02    7.024249E-02    1.235895E+00    4.191901E+00
   -2.157548E-04   -3.737791E-03   -1.796249E-02    1.216518E-01    1.196708E+00    5.987132E+00
   -2.286927E-04   -3.962106E-03   -1.902772E-02    1.816815E-01    1.061099E+00    5.662102E+00
   -2.421625E-04   -4.195728E-03   -2.013442E-02    2.504147E-01    8.072074E-01    2.645409E+00
   -2.561632E-04   -4.438676E-03   -2.128207E-02    3.274636E-01    4.195503E-01   -2.292434E+00
   -2.706921E-04   -4.690954E-03   -2.247001E-02    4.118019E-01   -1.046066E-01   -6.734360E+00
   -2.857447E-04   -4.952548E-03   -2.369740E-02    5.015766E-01   -7.476077E-01   -7.501468E+00
   -3.013143E-04   -5.223438E-03   -2.496329E-02    5.939129E-01   -1.463663E+00   -2.936242E+00
   -3.173926E-04   -5.503597E-03   -2.626655E-02    6.847301E-01   -2.173164E+00    4.645829E+00
   -3.339690E-04   -5.793003E-03   -2.760602E-02    7.685971E-01   -2.762307E+00    9.080065E+00
   -3.510305E-04   -6.091644E-03   -2.898043E-02    8.386694E-01   -3.092046E+00    5.114325E+00
   -3.685618E-04   -6.399526E-03   -3.038850E-02    8.867547E-01   -3.020165E+00   -4.804380E+00
   -3.865441E-04   -6.716686E-03   -3.182898E-02    9.035715E-01   -2.438175E+00   -9.972141E+00
   -4.049551E-04   -7.043198E-03   -3.330069E-02    8.792590E-01   -1.319915E+00   -2.696677E+00
   -4.237678E-04   -7.379188E-03   -3.480258E-02    8.041990E-01    2.288480E-01    8.791560E+00
   -4.429496E-04   -7.724843E-03   -3.633377E-02    6.701832E-01    1.939570E+00    0.000000E+00
   -4.624598E-04   -8.080428E-03   -3.789368E-02    4.719211E-01    3.395051E+00    0.000000E+00
   -4.822373E-04   -8.446341E-03   -3.948224E-02    2.088066E-01    4.112514E+00    0.000000E+00
    0.000000E+00    0.000000E+00    0.000000E+00    0.000000E+00    0.000000E+00    0.000000E+00
    0.000000E+00    0.000000E+00    0.000000E+00    0.000000E+00    0.000000E+00    0.000000E+00
    0.000000E+00    0.000000E+00    0.000000E+00    0.000000E+00    0.000000E+00    0.000000E+00
    0.000000E+00    0.000000E+00    0.000000E+00    0.000000E+00    0.000000E+00    0.000000E+00
    0.000000E+00    0.000000E+00    0.000000E+00    0.000000E+00    0.000000E+00    0.000000E+00
    0.000000E+00    0.000000E+00    0.000000E+00    0.000000E+00    0.000000E+00    0.000000E+00
    0.000000E+00    0.000000E+00    0.000000E+00    0.000000E+00    0.000000E+00    0.000000E+00
    0.000000E+00    0.000000E+00    0.000000E+00    0.000000E+00    0.000000E+00    0.000000E+00
    0.000000E+00    0.000000E+00    0.000000E+00    0.000000E+00    0.000000E+00    0.000000E+00
    0.000000E+00    0.000000E+00    0.000000E+00    0.000000E+00    0.000000E+00    0.000000E+00
    0.000000E+00    0.000000E+00    0.000000E+00    0.000000E+00    0.000000E+00    0.000000E+00
    0.000000E+00    0.000000E+00    0.000000E+00    0.000000E+00    0.000000E+00    0.000000E+00
    0.000000E+00    0.000000E+00    0.000000E+00    0.000000E+00    0.000000E+00    0.000000E+00
    0.000000E+00    0.000000E+00    0.000000E+00    0.000000E+00    0.000000E+00    0.000000E+00
    0.000000E+00    0.000000E+00    0.000000E+00    0.000000E+00    0.000000E+00    0.000000E+00
    0.000000E+00    0.000000E+00    0.000000E+00    0.000000E+00    0.000000E+00    0.000000E+00
    0.000000E+00    0.000000E+00    0.000000E+00    0.000000E+00    0.000000E+00    0.000000E+00
    0.000000E+00    0.000000E+00    0.000000E+00    0.000000E+00    0.000000E+00    0.000000E+00
    0.000000E+00    0.000000E+00    0.000000E+00    0.000000E+00    0.000000E+00    0.000000E+00
    0.000000E+00    0.000000E+00    0.000000E+00    0.000000E+00    0.000000E+00    0.000000E+00
    0.000000E+00    0.000000E+00    0.000000E+00    0.000000E+00    0.000000E+00    0.000000E+00
    0.000000E+00    0.000000E+00    0.000000E+00    0.000000E+00    0.000000E+00    0.000000E+00
    0.000000E+00    0.000000E+00    0.000000E+00    0.000000E+00    0.000000E+00    0.000000E+00
    0.000000E+00    0.000000E+00    0.000000E+00    0.000000E+00    0.000000E+00    0.000000E+00
    0.000000E+00    0.000000E+00    0.000000E+00    0.000000E+00    0.000000E+00    0.000000E+00
    0.000000E+00    0.000000E+00    0.000000E+00    0.000000E+00    0.000000E+00    0.000000E+00
    0.000000E+00    0.000000E+00    0.000000E+00    0.000000E+00    0.000000E+00    0.000000E+00
    0.000000E+00    0.000000E+00    0.000000E+00    0.000000E+00    0.000000E+00    0.000000E+00
    0.000000E+00    0.000000E+00    0.000000E+00    0.000000E+00    0.000000E+00    0.000000E+00
    0.000000E+00    0.000000E+00    0.000000E+00    0.000000E+00    0.000000E+00    0.000000E+00
    0.000000E+00    0.000000E+00    0.000000E+00    0.000000E+00    0.000000E+00    0.000000E+00
    0.000000E+00    0.000000E+00    0.000000E+00    0.000000E+00    0.000000E+00    0.000000E+00
    0.000000E+00    0.000000E+00    0.000000E+00    0.000000E+00    0.000000E+00    0.000000E+00
    0.000000E+00    0.000000E+00    0.000000E+00    0.000000E+00    0.000000E+00    0.000000E+00
    0.000000E+00    0.000000E+00    0.000000E+00    0.000000E+00    0.000000E+00    0.000000E+00
    0.000000E+00    0.000000E+00    0.000000E+00    0.000000E+00    0.000000E+00    0.000000E+00
    0.000000E+00    0.000000E+00    0.000000E+00    0.000000E+00    0.000000E+00    0.000000E+00
    0.000000E+00    0.000000E+00    0.000000E+00    0.000000E+00    0.000000E+00    0.000000E+00
    0.000000E+00    0.000000E+00    0.000000E+00    0.000000E+00    0.000000E+00    0.000000E+00
    0.000000E+00    0.000000E+00    0.000000E+00    0.000000E+00    0.000000E+00    0.000000E+00
    0.000000E+00    0.000000E+00    0.000000E+00    0.000000E+00    0.000000E+00    0.000000E+00
    0.000000E+00    0.000000E+00    0.000000E+00    0.000000E+00    0.000000E+00    0.000000E+00
    0.000000E+00    0.000000E+00    0.000000E+00    0.000000E+00    0.000000E+00    0.000000E+00
    0.000000E+00    0.000000E+00    0.000000E+00    0.000000E+00    0.000000E+00    0.000000E+00
    0.000000E+00    0.000000E+00    0.000000E+00    0.000000E+00    0.000000E+00    0.000000E+00
    0.000000E+00    0.000000E+00    0.000000E+00    0.000000E+00    0.000000E+00    0.000000E+00
    0.000000E+00    0.000000E+00    0.000000E+00    0.000000E+00    0.000000E+00    0.000000E+00
    0.000000E+00    0.000000E+00    0.000000E+00    0.000000E+00    0.000000E+00    0.000000E+00
    0.000000E+00    0.000000E+00    0.000000E+00    0.000000E+00    0.000000E+00    0.000000E+00
    0.000000E+00    0.000000E+00    0.000000E+00    0.000000E+00    0.000000E+00    0.000000E+00
    0.000000E+00    0.000000E+00    0.000000E+00    0.000000E+00    0.000000E+00    0.000000E+00
    0.000000E+00    0.000000E+00    0.000000E+00    0.000000E+00    0.000000E+00    0.000000E+00
    0.000000E+00    0.000000E+00    0.000000E+00    0.000000E+00    0.000000E+00    0.000000E+00
    0.000000E+00    0.000000E+00    0.000000E+00    0.000000E+00    0.000000E+00    0.000000E+00
    0.000000E+00    0.000000E+00    0.000000E+00    0.000000E+00    0.000000E+00    0.000000E+00
    0.000000E+00    0.000000E+00    0.000000E+00    0.000000E+00    0.000000E+00    0.000000E+00
    0.000000E+00    0.000000E+00    0.000000E+00    0.000000E+00    0.000000E+00    0.000000E+00
    0.000000E+00    0.000000E+00    0.000000E+00    0.000000E+00    0.000000E+00    0.000000E+00
    0.000000E+00    0.000000E+00    0.000000E+00    0.000000E+00    0.000000E+00    0.000000E+00
    0.000000E+00    0.000000E+00    0.000000E+00    0.000000E+00    0.000000E+00    0.000000E+00
    0.000000E+00    0.000000E+00    0.000000E+00    0.000000E+00    0.000000E+00    0.000000E+00
    0.000000E+00    0.000000E+00    0.000000E+00    0.000000E+00    0.000000E+00    0.000000E+00
    0.000000E+00    0.000000E+00    0.000000E+00    0.000000E+00    0.000000E+00    0.000000E+00
    0.000000E+00    0.000000E+00    0.000000E+00    0.000000E+00    0.000000E+00    0.000000E+00
    0.000000E+00    0.000000E+00    0.000000E+00    0.000000E+00    0.000000E+00    0.000000E+00
    0.000000E+00    0.000000E+00    0.000000E+00    0.000000E+00    0.000000E+00    0.000000E+00
    0.000000E+00    0.000000E+00    0.000000E+00    0.000000E+00    0.000000E+00    0.000000E+00
    0.000000E+00    0.000000E+00    0.000000E+00    0.000000E+00    0.000000E+00    0.000000E+00
    0.000000E+00    0.000000E+00    0.000000E+00    0.000000E+00    0.000000E+00    0.000000E+00
    0.000000E+00    0.000000E+00    0.000000E+00    0.000000E+00    0.000000E+00    0.000000E+00
    0.000000E+00    0.000000E+00    0.000000E+00    0.000000E+00    0.000000E+00    0.000000E+00
    0.000000E+00    0.000000E+00    0.000000E+00    0.000000E+00    0.000000E+00    0.000000E+00
    0.000000E+00    0.000000E+00    0.000000E+00    0.000000E+00    0.000000E+00    0.000000E+00
    0.000000E+00    0.000000E+00    0.000000E+00    0.000000E+00    0.000000E+00    0.000000E+00
    0.000000E+00    0.000000E+00    0.000000E+00    0.000000E+00    0.000000E+00    0.000000E+00
    0.000000E+00    0.000000E+00    0.000000E+00    0.000000E+00    0.000000E+00    0.000000E+00
    0.000000E+00    0.000000E+00    0.000000E+00    0.000000E+00    0.000000E+00    0.000000E+00
    0.000000E+00    0.000000E+00    0.000000E+00    0.000000E+00    0.000000E+00    0.000000E+00
    0.000000E+00    0.000000E+00    0.000000E+00    0.000000E+00    0.000000E+00    0.000000E+00
    0.000000E+00    0.000000E+00    0.000000E+00    0.000000E+00    0.000000E+00    0.000000E+00
    0.000000E+00    0.000000E+00    0.000000E+00    0.000000E+00    0.000000E+00    0.000000E+00
    0.000000E+00    0.000000E+00    0.000000E+00    0.000000E+00    0.000000E+00    0.000000E+00
    0.000000E+00    0.000000E+00    0.000000E+00    0.000000E+00    0.000000E+00    0.000000E+00
    0.000000E+00    0.000000E+00    0.000000E+00    0.000000E+00    0.000000E+00    0.000000E+00
    0.000000E+00    0.000000E+00    0.000000E+00    0.000000E+00    0.000000E+00    0.000000E+00
    0.000000E+00    0.000000E+00    0.000000E+00    0.000000E+00    0.000000E+00    0.000000E+00
    0.000000E+00    0.000000E+00    0.000000E+00    0.000000E+00    0.000000E+00    0.000000E+00
    0.000000E+00    0.000000E+00    0.000000E+00    0.000000E+00    0.000000E+00    0.000000E+00
    0.000000E+00    0.000000E+00    0.000000E+00    0.000000E+00    0.000000E+00    0.000000E+00
    0.000000E+00    0.000000E+00    0.000000E+00    0.000000E+00    0.000000E+00    0.000000E+00
    0.000000E+00    0.000000E+00    0.000000E+00    0.000000E+00    0.000000E+00    0.000000E+00
    0.000000E+00    0.000000E+00    0.000000E+00    0.000000E+00    0.000000E+00    0.000000E+00
    0.000000E+00    0.000000E+00    0.000000E+00    0.000000E+00    0.000000E+00    0.000000E+00
    0.000000E+00    0.000000E+00    0.000000E+00    0.000000E+00    0.000000E+00    0.000000E+00
    0.000000E+00    0.000000E+00    0.000000E+00    0.000000E+00    0.000000E+00    0.000000E+00
    0.000000E+00    0.000000E+00    0.000000E+00    0.000000E+00    0.000000E+00    0.000000E+00
    0.000000E+00    0.000000E+00    0.000000E+00    0.000000E+00    0.000000E+00    0.000000E+00
    0.000000E+00    0.000000E+00    0.000000E+00    0.000000E+00    0.000000E+00    0.000000E+00
    0.000000E+00    0.000000E+00    0.000000E+00    0.000000E+00    0.000000E+00    0.000000E+00
    0.000000E+00    0.000000E+00    0.000000E+00    0.000000E+00    0.000000E+00    0.000000E+00
    0.000000E+00    0.000000E+00    0.000000E+00    0.000000E+00    0.000000E+00    0.000000E+00
    0.000000E+00    0.000000E+00    0.000000E+00    0.000000E+00    0.000000E+00    0.000000E+00
    0.000000E+00    0.000000E+00    0.000000E+00    0.000000E+00    0.000000E+00    0.000000E+00
    0.000000E+00    0.000000E+00    0.000000E+00    0.000000E+00    0.000000E+00    0.000000E+00
    0.000000E+00    0.000000E+00    0.000000E+00    0.000000E+00    0.000000E+00    0.000000E+00
    0.000000E+00    0.000000E+00    0.000000E+00    0.000000E+00    0.000000E+00    0.000000E+00
    0.000000E+00    0.000000E+00    0.000000E+00    0.000000E+00    0.000000E+00    0.000000E+00
    0.000000E+00    0.000000E+00    0.000000E+00    0.000000E+00    0.000000E+00    0.000000E+00
    0.000000E+00    0.000000E+00    0.000000E+00    0.000000E+00    0.000000E+00    0.000000E+00
    0.000000E+00    0.000000E+00    0.000000E+00    0.000000E+00    0.000000E+00    0.000000E+00
    0.000000E+00    0.000000E+00    0.000000E+00    0.000000E+00    0.000000E+00    0.000000E+00
    0.000000E+00    0.000000E+00    0.000000E+00    0.000000E+00    0.000000E+00    0.000000E+00
    0.000000E+00    0.000000E+00    0.000000E+00    0.000000E+00    0.000000E+00    0.000000E+00
    0.000000E+00    0.000000E+00    0.000000E+00    0.000000E+00    0.000000E+00    0.000000E+00
    0.000000E+00    0.000000E+00    0.000000E+00    0.000000E+00    0.000000E+00    0.000000E+00
    0.000000E+00    0.000000E+00    0.000000E+00    0.000000E+00    0.000000E+00    0.000000E+00
    0.000000E+00    0.000000E+00    0.000000E+00    0.000000E+00    0.000000E+00    0.000000E+00
    0.000000E+00    0.000000E+00    0.000000E+00    0.000000E+00    0.000000E+00    0.000000E+00
    0.000000E+00    0.000000E+00    0.000000E+00    0.000000E+00    0.000000E+00    0.000000E+00
    0.000000E+00    0.000000E+00    0.000000E+00    0.000000E+00    0.000000E+00    0.000000E+00
    0.000000E+00    0.000000E+00    0.000000E+00    0.000000E+00    0.000000E+00    0.000000E+00
    0.000000E+00    0.000000E+00    0.000000E+00    0.000000E+00    0.000000E+00    0.000000E+00
    0.000000E+00    0.000000E+00    0.000000E+00    0.000000E+00    0.000000E+00    0.000000E+00
    0.000000E+00    0.000000E+00    0.000000E+00    0.000000E+00    0.000000E+00    0.000000E+00
    0.000000E+00    0.000000E+00    0.000000E+00    0.000000E+00    0.000000E+00    0.000000E+00
    0.000000E+00    0.000000E+00    0.000000E+00    0.000000E+00    0.000000E+00    0.000000E+00
    0.000000E+00    0.000000E+00    0.000000E+00    0.000000E+00    0.000000E+00    0.000000E+00
    0.000000E+00    0.000000E+00    0.000000E+00    0.000000E+00    0.000000E+00    0.000000E+00
    0.000000E+00    0.000000E+00    0.000000E+00    0.000000E+00    0.000000E+00    0.000000E+00
    0.000000E+00    0.000000E+00    0.000000E+00    0.000000E+00    0.000000E+00    0.000000E+00
    0.000000E+00    0.000000E+00    0.000000E+00    0.000000E+00    0.000000E+00    0.000000E+00
    0.000000E+00    0.000000E+00    0.000000E+00    0.000000E+00    0.000000E+00    0.000000E+00
    0.000000E+00    0.000000E+00    0.000000E+00    0.000000E+00    0.000000E+00    0.000000E+00
    0.000000E+00    0.000000E+00    0.000000E+00    0.000000E+00    0.000000E+00    0.000000E+00
    0.000000E+00    0.000000E+00    0.000000E+00    0.000000E+00    0.000000E+00    0.000000E+00
    0.000000E+00    0.000000E+00    0.000000E+00    0.000000E+00    0.000000E+00    0.000000E+00
    0.000000E+00    0.000000E+00    0.000000E+00    0.000000E+00    0.000000E+00    0.000000E+00
    0.000000E+00    0.000000E+00    0.000000E+00    0.000000E+00    0.000000E+00    0.000000E+00
    0.000000E+00    0.000000E+00    0.000000E+00    0.000000E+00    0.000000E+00    0.000000E+00
    0.000000E+00    0.000000E+00    0.000000E+00    0.000000E+00    0.000000E+00    0.000000E+00
    0.000000E+00    0.000000E+00    0.000000E+00    0.000000E+00    0.000000E+00    0.000000E+00
    0.000000E+00    0.000000E+00    0.000000E+00    0.000000E+00    0.000000E+00    0.000000E+00
    0.000000E+00    0.000000E+00    0.000000E+00    0.000000E+00    0.000000E+00    0.000000E+00
    0.000000E+00    0.000000E+00    0.000000E+00    0.000000E+00    0.000000E+00    0.000000E+00
    0.000000E+00    0.000000E+00    0.000000E+00    0.000000E+00    0.000000E+00    0.000000E+00
    0.000000E+00    0.000000E+00    0.000000E+00    0.000000E+00    0.000000E+00    0.000000E+00
    0.000000E+00    0.000000E+00    0.000000E+00    0.000000E+00    0.000000E+00    0.000000E+00
    0.000000E+00    0.000000E+00    0.000000E+00    0.000000E+00    0.000000E+00    0.000000E+00
    0.000000E+00    0.000000E+00    0.000000E+00    0.000000E+00    0.000000E+00    0.000000E+00
    0.000000E+00    0.000000E+00    0.000000E+00    0.000000E+00    0.000000E+00    0.000000E+00
    0.000000E+00    0.000000E+00    0.000000E+00    0.000000E+00    0.000000E+00    0.000000E+00
    0.000000E+00    0.000000E+00    0.000000E+00    0.000000E+00    0.000000E+00    0.000000E+00
    0.000000E+00    0.000000E+00    0.000000E+00    0.000000E+00    0.000000E+00    0.000000E+00
    0.000000E+00    0.000000E+00    0.000000E+00    0.000000E+00    0.000000E+00    0.000000E+00
    0.000000E+00    0.000000E+00    0.000000E+00    0.000000E+00    0.000000E+00    0.000000E+00
    0.000000E+00    0.000000E+00    0.000000E+00    0.000000E+00    0.000000E+00    0.000000E+00
    0.000000E+00    0.000000E+00    0.000000E+00    0.000000E+00    0.000000E+00    0.000000E+00
    0.000000E+00    0.000000E+00    0.000000E+00    0.000000E+00    0.000000E+00    0.000000E+00
    0.000000E+00    0.000000E+00    0.000000E+00    0.000000E+00    0.000000E+00    0.000000E+00
    0.000000E+00    0.000000E+00    0.000000E+00    0.000000E+00    0.000000E+00    0.000000E+00
    0.000000E+00    0.000000E+00    0.000000E+00    0.000000E+00    0.000000E+00    0.000000E+00
    0.000000E+00    0.000000E+00    0.000000E+00    0.000000E+00    0.000000E+00    0.000000E+00
    0.000000E+00    0.000000E+00    0.000000E+00    0.000000E+00    0.000000E+00    0.000000E+00
    0.000000E+00    0.000000E+00    0.000000E+00    0.000000E+00    0.000000E+00    0.000000E+00
    0.000000E+00    0.000000E+00    0.000000E+00    0.000000E+00    0.000000E+00    0.000000E+00
    0.000000E+00    0.000000E+00    0.000000E+00    0.000000E+00    0.000000E+00    0.000000E+00
    0.000000E+00    0.000000E+00    0.000000E+00    0.000000E+00    0.000000E+00    0.000000E+00
    0.000000E+00    0.000000E+00    0.000000E+00    0.000000E+00    0.000000E+00    0.000000E+00
    0.000000E+00    0.000000E+00    0.000000E+00    0.000000E+00    0.000000E+00    0.000000E+00
    0.000000E+00    0.000000E+00    0.000000E+00    0.000000E+00    0.000000E+00    0.000000E+00
    0.000000E+00    0.000000E+00    0.000000E+00    0.000000E+00    0.000000E+00    0.000000E+00
    0.000000E+00    0.000000E+00    0.000000E+00    0.000000E+00    0.000000E+00    0.000000E+00
    0.000000E+00    0.000000E+00    0.000000E+00    0.000000E+00    0.000000E+00    0.000000E+00
    0.000000E+00    0.000000E+00    0.000000E+00    0.000000E+00    0.000000E+00    0.000000E+00
    0.000000E+00    0.000000E+00    0.000000E+00    0.000000E+00    0.000000E+00    0.000000E+00
    0.000000E+00    0.000000E+00    0.000000E+00    0.000000E+00    0.000000E+00    0.000000E+00
    0.000000E+00    0.000000E+00    0.000000E+00    0.000000E+00    0.000000E+00    0.000000E+00
    0.000000E+00    0.000000E+00    0.000000E+00    0.000000E+00    0.000000E+00    0.000000E+00
    0.000000E+00    0.000000E+00    0.000000E+00    0.000000E+00    0.000000E+00    0.000000E+00
    0.000000E+00    0.000000E+00    0.000000E+00    0.000000E+00    0.000000E+00    0.000000E+00
    0.000000E+00    0.000000E+00    0.000000E+00    0.000000E+00    0.000000E+00    0.000000E+00
    0.000000E+00    0.000000E+00    0.000000E+00    0.000000E+00    0.000000E+00    0.000000E+00
    0.000000E+00    0.000000E+00    0.000000E+00    0.000000E+00    0.000000E+00    0.000000E+00
    0.000000E+00    0.000000E+00    0.000000E+00    0.000000E+00    0.000000E+00    0.000000E+00
    0.000000E+00    0.000000E+00    0.000000E+00    0.000000E+00    0.000000E+00    0.000000E+00
    0.000000E+00    0.000000E+00    0.000000E+00    0.000000E+00    0.000000E+00    0.000000E+00
    0.000000E+00    0.000000E+00    0.000000E+00    0.000000E+00    0.000000E+00    0.000000E+00
    0.000000E+00    0.000000E+00    0.000000E+00    0.000000E+00    0.000000E+00    0.000000E+00
    0.000000E+00    0.000000E+00    0.000000E+00    0.000000E+00    0.000000E+00    0.000000E+00
    0.000000E+00    0.000000E+00    0.000000E+00    0.000000E+00    0.000000E+00    0.000000E+00
    0.000000E+00    0.000000E+00    0.000000E+00    0.000000E+00    0.000000E+00    0.000000E+00
    0.000000E+00    0.000000E+00    0.000000E+00    0.000000E+00    0.000000E+00    0.000000E+00
    0.000000E+00    0.000000E+00    0.000000E+00    0.000000E+00    0.000000E+00    0.000000E+00
    0.000000E+00    0.000000E+00    0.000000E+00    0.000000E+00    0.000000E+00    0.000000E+00
    0.000000E+00    0.000000E+00    0.000000E+00    0.000000E+00    0.000000E+00    0.000000E+00
    0.000000E+00    0.000000E+00    0.000000E+00    0.000000E+00    0.000000E+00    0.000000E+00
    0.000000E+00    0.000000E+00    0.000000E+00    0.000000E+00    0.000000E+00    0.000000E+00
    0.000000E+00    0.000000E+00    0.000000E+00    0.000000E+00    0.000000E+00    0.000000E+00
    0.000000E+00    0.000000E+00    0.000000E+00    0.000000E+00    0.000000E+00    0.000000E+00
    0.000000E+00    0.000000E+00    0.000000E+00    0.000000E+00    0.000000E+00    0.000000E+00
    0.000000E+00    0.000000E+00    0.000000E+00    0.000000E+00    0.000000E+00    0.000000E+00
    0.000000E+00    0.000000E+00    0.000000E+00    0.000000E+00    0.000000E+00    0.000000E+00
    0.000000E+00    0.000000E+00    0.000000E+00    0.000000E+00    0.000000E+00    0.000000E+00
    0.000000E+00    0.000000E+00    0.000000E+00    0.000000E+00    0.000000E+00    0.000000E+00
    0.000000E+00    0.000000E+00    0.000000E+00    0.000000E+00    0.000000E+00    0.000000E+00
    0.000000E+00    0.000000E+00    0.000000E+00    0.000000E+00    0.000000E+00    0.000000E+00
    0.000000E+00    0.000000E+00    0.000000E+00    0.000000E+00    0.000000E+00    0.000000E+00
    0.000000E+00    0.000000E+00    0.000000E+00    0.000000E+00    0.000000E+00    0.000000E+00
    0.000000E+00    0.000000E+00    0.000000E+00    0.000000E+00    0.000000E+00    0.000000E+00
    0.000000E+00    0.000000E+00    0.000000E+00    0.000000E+00    0.000000E+00    0.000000E+00
    0.000000E+00    0.000000E+00    0.000000E+00    0.000000E+00    0.000000E+00    0.000000E+00
    0.000000E+00    0.000000E+00    0.000000E+00    0.000000E+00    0.000000E+00    0.000000E+00
    0.000000E+00    0.000000E+00    0.000000E+00    0.000000E+00    0.000000E+00    0.000000E+00
    0.000000E+00    0.000000E+00    0.000000E+00    0.000000E+00    0.000000E+00    0.000000E+00
    0.000000E+00    0.000000E+00    0.000000E+00    0.000000E+00    0.000000E+00    0.000000E+00
    0.000000E+00    0.000000E+00    0.000000E+00    0.000000E+00    0.000000E+00    0.000000E+00
    0.000000E+00    0.000000E+00    0.000000E+00    0.000000E+00    0.000000E+00    0.000000E+00
    0.000000E+00    0.000000E+00    0.000000E+00    0.000000E+00    0.000000E+00    0.000000E+00
    0.000000E+00    0.000000E+00    0.000000E+00    0.000000E+00    0.000000E+00    0.000000E+00
    0.000000E+00    0.000000E+00    0.000000E+00    0.000000E+00    0.000000E+00    0.000000E+00
    0.000000E+00    0.000000E+00    0.000000E+00    0.000000E+00    0.000000E+00    0.000000E+00
    0.000000E+00    0.000000E+00    0.000000E+00    0.000000E+00    0.000000E+00    0.000000E+00
    0.000000E+00    0.000000E+00    0.000000E+00    0.000000E+00    0.000000E+00    0.000000E+00
    0.000000E+00    0.000000E+00    0.000000E+00    0.000000E+00    0.000000E+00    0.000000E+00
    0.000000E+00    0.000000E+00    0.000000E+00    0.000000E+00    0.000000E+00    0.000000E+00
    0.000000E+00    0.000000E+00    0.000000E+00    0.000000E+00    0.000000E+00    0.000000E+00
    0.000000E+00    0.000000E+00    0.000000E+00    0.000000E+00    0.000000E+00    0.000000E+00
    0.000000E+00    0.000000E+00    0.000000E+00    0.000000E+00    0.000000E+00    0.000000E+00
    0.000000E+00    0.000000E+00    0.000000E+00    0.000000E+00    0.000000E+00    0.000000E+00
    0.000000E+00    0.000000E+00    0.000000E+00    0.000000E+00    0.000000E+00    0.000000E+00
    0.000000E+00    0.000000E+00    0.000000E+00    0.000000E+00    0.000000E+00    0.000000E+00
    0.000000E+00    0.000000E+00    0.000000E+00    0.000000E+00    0.000000E+00    0.000000E+00
    0.000000E+00    0.000000E+00    0.000000E+00    0.000000E+00    0.000000E+00    0.000000E+00
    0.000000E+00    0.000000E+00    0.000000E+00    0.000000E+00    0.000000E+00    0.000000E+00
    0.000000E+00    0.000000E+00    0.000000E+00    0.000000E+00    0.000000E+00    0.000000E+00
    0.000000E+00    0.000000E+00    0.000000E+00    0.000000E+00    0.000000E+00    0.000000E+00
    0.000000E+00    0.000000E+00    0.000000E+00    0.000000E+00    0.000000E+00    0.000000E+00
    0.000000E+00    0.000000E+00    0.000000E+00    0.000000E+00    0.000000E+00    0.000000E+00
    0.000000E+00    0.000000E+00    0.000000E+00    0.000000E+00    0.000000E+00    0.000000E+00
    0.000000E+00    0.000000E+00    0.000000E+00    0.000000E+00    0.000000E+00    0.000000E+00
    0.000000E+00    0.000000E+00    0.000000E+00    0.000000E+00    0.000000E+00    0.000000E+00
    0.000000E+00    0.000000E+00    0.000000E+00    0.000000E+00    0.000000E+00    0.000000E+00
    0.000000E+00    0.000000E+00    0.000000E+00    0.000000E+00    0.000000E+00    0.000000E+00
    0.000000E+00    0.000000E+00    0.000000E+00    0.000000E+00    0.000000E+00    0.000000E+00
    0.000000E+00    0.000000E+00    0.000000E+00    0.000000E+00    0.000000E+00    0.000000E+00
    0.000000E+00    0.000000E+00    0.000000E+00    0.000000E+00    0.000000E+00    0.000000E+00
    0.000000E+00    0.000000E+00    0.000000E+00    0.000000E+00    0.000000E+00    0.000000E+00
    0.000000E+00    0.000000E+00    0.000000E+00    0.000000E+00    0.000000E+00    0.000000E+00
    0.000000E+00    0.000000E+00    0.000000E+00    0.000000E+00    0.000000E+00    0.000000E+00
    0.000000E+00    0.000000E+00    0.000000E+00    0.000000E+00    0.000000E+00    0.000000E+00
    0.000000E+00    0.000000E+00    0.000000E+00    0.000000E+00    0.000000E+00    0.000000E+00
    0.000000E+00    0.000000E+00    0.000000E+00    0.000000E+00    0.000000E+00    0.000000E+00
    0.000000E+00    0.000000E+00    0.000000E+00    0.000000E+00    0.000000E+00    0.000000E+00
    0.000000E+00    0.000000E+00    0.000000E+00    0.000000E+00    0.000000E+00    0.000000E+00
    0.000000E+00    0.000000E+00    0.000000E+00    0.000000E+00    0.000000E+00    0.000000E+00
    0.000000E+00    0.000000E+00    0.000000E+00    0.000000E+00    0.000000E+00    0.000000E+00
    0.000000E+00    0.000000E+00    0.000000E+00    0.000000E+00    0.000000E+00    0.000000E+00
    0.000000E+00    0.000000E+00    0.000000E+00    0.000000E+00    0.000000E+00    0.000000E+00
    0.000000E+00    0.000000E+00    0.000000E+00    0.000000E+00    0.000000E+00    0.000000E+00
    0.000000E+00    0.000000E+00    0.000000E+00    0.000000E+00    0.000000E+00    0.000000E+00
    0.000000E+00    0.000000E+00    0.000000E+00    0.000000E+00    0.000000E+00    0.000000E+00
    0.000000E+00    0.000000E+00    0.000000E+00    0.000000E+00    0.000000E+00    0.000000E+00
    0.000000E+00    0.000000E+00    0.000000E+00    0.000000E+00    0.000000E+00    0.000000E+00
    0.000000E+00    0.000000E+00    0.000000E+00    0.000000E+00    0.000000E+00    0.000000E+00
    0.000000E+00    0.000000E+00    0.000000E+00    0.000000E+00    0.000000E+00    0.000000E+00
    0.000000E+00    0.000000E+00    0.000000E+00    0.000000E+00    0.000000E+00    0.000000E+00
    0.000000E+00    0.000000E+00    0.000000E+00    0.000000E+00    0.000000E+00    0.000000E+00
    0.000000E+00    0.000000E+00    0.000000E+00    0.000000E+00    0.000000E+00    0.000000E+00
    0.000000E+00    0.000000E+00    0.000000E+00    0.000000E+00    0.000000E+00    0.000000E+00
    0.000000E+00    0.000000E+00    0.000000E+00    0.000000E+00    0.000000E+00    0.000000E+00
    0.000000E+00    0.000000E+00    0.000000E+00    0.000000E+00    0.000000E+00    0.000000E+00
    0.000000E+00    0.000000E+00    0.000000E+00    0.000000E+00    0.000000E+00    0.000000E+00
    0.000000E+00    0.000000E+00    0.000000E+00    0.000000E+00    0.000000E+00    0.000000E+00
    0.000000E+00    0.000000E+00    0.000000E+00    0.000000E+00    0.000000E+00    0.000000E+00
    0.000000E+00    0.000000E+00    0.000000E+00    0.000000E+00    0.000000E+00    0.000000E+00
    0.000000E+00    0.000000E+00    0.000000E+00    0.000000E+00    0.000000E+00    0.000000E+00
    0.000000E+00    0.000000E+00    0.000000E+00    0.000000E+00    0.000000E+00    0.000000E+00
    0.000000E+00    0.000000E+00    0.000000E+00    0.000000E+00    0.000000E+00    0.000000E+00
    0.000000E+00    0.000000E+00    0.000000E+00    0.000000E+00    0.000000E+00    0.000000E+00
    0.000000E+00    0.000000E+00    0.000000E+00    0.000000E+00    0.000000E+00    0.000000E+00
    0.000000E+00    0.000000E+00    0.000000E+00    0.000000E+00    0.000000E+00    0.000000E+00
    0.000000E+00    0.000000E+00    0.000000E+00    0.000000E+00    0.000000E+00    0.000000E+00
    0.000000E+00    0.000000E+00    0.000000E+00    0.000000E+00    0.000000E+00    0.000000E+00
    0.000000E+00    0.000000E+00    0.000000E+00    0.000000E+00    0.000000E+00    0.000000E+00
    0.000000E+00    0.000000E+00    0.000000E+00    0.000000E+00    0.000000E+00    0.000000E+00
    0.000000E+00    0.000000E+00    0.000000E+00    0.000000E+00    0.000000E+00    0.000000E+00
    0.000000E+00    0.000000E+00    0.000000E+00    0.000000E+00    0.000000E+00    0.000000E+00
    0.000000E+00    0.000000E+00    0.000000E+00    0.000000E+00    0.000000E+00    0.000000E+00
    0.000000E+00    0.000000E+00    0.000000E+00    0.000000E+00    0.000000E+00    0.000000E+00
    0.000000E+00    0.000000E+00    0.000000E+00    0.000000E+00    0.000000E+00    0.000000E+00
    0.000000E+00    0.000000E+00    0.000000E+00    0.000000E+00    0.000000E+00    0.000000E+00
    0.000000E+00    0.000000E+00    0.000000E+00    0.000000E+00    0.000000E+00    0.000000E+00
    0.000000E+00    0.000000E+00    0.000000E+00    0.000000E+00    0.000000E+00    0.000000E+00
    0.000000E+00    0.000000E+00    0.000000E+00    0.000000E+00    0.000000E+00    0.000000E+00
    0.000000E+00    0.000000E+00    0.000000E+00    0.000000E+00    0.000000E+00    0.000000E+00
    0.000000E+00    0.000000E+00    0.000000E+00    0.000000E+00    0.000000E+00    0.000000E+00
    0.000000E+00    0.000000E+00    0.000000E+00    0.000000E+00    0.000000E+00    0.000000E+00
    0.000000E+00    0.000000E+00    0.000000E+00    0.000000E+00    0.000000E+00    0.000000E+00
    0.000000E+00    0.000000E+00    0.000000E+00    0.000000E+00    0.000000E+00    0.000000E+00
    0.000000E+00    0.000000E+00    0.000000E+00    0.000000E+00    0.000000E+00    0.000000E+00
    0.000000E+00    0.000000E+00    0.000000E+00    0.000000E+00    0.000000E+00    0.000000E+00
    0.000000E+00    0.000000E+00    0.000000E+00    0.000000E+00    0.000000E+00    0.000000E+00
    0.000000E+00    0.000000E+00    0.000000E+00    0.000000E+00    0.000000E+00    0.000000E+00
    0.000000E+00    0.000000E+00    0.000000E+00    0.000000E+00    0.000000E+00    0.000000E+00
    0.000000E+00    0.000000E+00    0.000000E+00    0.000000E+00    0.000000E+00    0.000000E+00
    0.000000E+00    0.000000E+00    0.000000E+00    0.000000E+00    0.000000E+00    0.000000E+00
    0.000000E+00    0.000000E+00    0.000000E+00    0.000000E+00    0.000000E+00    0.000000E+00
    0.000000E+00    0.000000E+00    0.000000E+00    0.000000E+00    0.000000E+00    0.000000E+00
    0.000000E+00    0.000000E+00    0.000000E+00    0.000000E+00    0.000000E+00    0.000000E+00
    0.000000E+00    0.000000E+00    0.000000E+00    0.000000E+00    0.000000E+00    0.000000E+00
    0.000000E+00    0.000000E+00    0.000000E+00    0.000000E+00    0.000000E+00    0.000000E+00
    0.000000E+00    0.000000E+00    0.000000E+00    0.000000E+00    0.000000E+00    0.000000E+00
    0.000000E+00    0.000000E+00    0.000000E+00    0.000000E+00    0.000000E+00    0.000000E+00
    0.000000E+00    0.000000E+00    0.000000E+00    0.000000E+00    0.000000E+00    0.000000E+00
    0.000000E+00    0.000000E+00    0.000000E+00    0.000000E+00    0.000000E+00    0.000000E+00
    0.000000E+00    0.000000E+00    0.000000E+00    0.000000E+00    0.000000E+00    0.000000E+00
    0.000000E+00    0.000000E+00    0.000000E+00    0.000000E+00    0.000000E+00    0.000000E+00
    0.000000E+00    0.000000E+00    0.000000E+00    0.000000E+00    0.000000E+00    0.000000E+00
    0.000000E+00    0.000000E+00    0.000000E+00    0.000000E+00    0.000000E+00    0.000000E+00
    0.000000E+00    0.000000E+00    0.000000E+00    0.000000E+00    0.000000E+00    0.000000E+00
    0.000000E+00    0.000000E+00    0.000000E+00    0.000000E+00    0.000000E+00    0.000000E+00
    0.000000E+00    0.000000E+00    0.000000E+00    0.000000E+00    0.000000E+00    0.000000E+00
    0.000000E+00    0.000000E+00    0.000000E+00    0.000000E+00    0.000000E+00    0.000000E+00
    0.000000E+00    0.000000E+00    0.000000E+00    0.000000E+00    0.000000E+00    0.000000E+00
    0.000000E+00    0.000000E+00    0.000000E+00    0.000000E+00    0.000000E+00    0.000000E+00
    0.000000E+00    0.000000E+00    0.000000E+00    0.000000E+00    0.000000E+00    0.000000E+00
    0.000000E+00    0.000000E+00    0.000000E+00    0.000000E+00    0.000000E+00    0.000000E+00
    0.000000E+00    0.000000E+00    0.000000E+00    0.000000E+00    0.000000E+00    0.000000E+00
    0.000000E+00    0.000000E+00    0.000000E+00    0.000000E+00    0.000000E+00    0.000000E+00
    0.000000E+00    0.000000E+00    0.000000E+00    0.000000E+00    0.000000E+00    0.000000E+00
    0.000000E+00    0.000000E+00    0.000000E+00    0.000000E+00    0.000000E+00    0.000000E+00
    0.000000E+00    0.000000E+00    0.000000E+00    0.000000E+00    0.000000E+00    0.000000E+00
    0.000000E+00    0.000000E+00    0.000000E+00    0.000000E+00    0.000000E+00    0.000000E+00
    0.000000E+00    0.000000E+00    0.000000E+00    0.000000E+00    0.000000E+00    0.000000E+00
    0.000000E+00    0.000000E+00    0.000000E+00    0.000000E+00    0.000000E+00    0.000000E+00
    0.000000E+00    0.000000E+00    0.000000E+00    0.000000E+00    0.000000E+00    0.000000E+00
    0.000000E+00    0.000000E+00    0.000000E+00    0.000000E+00    0.000000E+00    0.000000E+00
    0.000000E+00    0.000000E+00    0.000000E+00    0.000000E+00    0.000000E+00    0.000000E+00
    0.000000E+00    0.000000E+00    0.000000E+00    0.000000E+00    0.000000E+00    0.000000E+00
    0.000000E+00    0.000000E+00    0.000000E+00    0.000000E+00    0.000000E+00    0.000000E+00
    0.000000E+00    0.000000E+00    0.000000E+00    0.000000E+00    0.000000E+00    0.000000E+00
    0.000000E+00    0.000000E+00    0.000000E+00    0.000000E+00    0.000000E+00    0.000000E+00
    0.000000E+00    0.000000E+00    0.000000E+00    0.000000E+00    0.000000E+00    0.000000E+00
    0.000000E+00    0.000000E+00    0.000000E+00    0.000000E+00    0.000000E+00    0.000000E+00
    0.000000E+00    0.000000E+00    0.000000E+00    0.000000E+00    0.000000E+00    0.000000E+00
    0.000000E+00    0.000000E+00    0.000000E+00    0.000000E+00    0.000000E+00    0.000000E+00
    0.000000E+00    0.000000E+00    0.000000E+00    0.000000E+00    0.000000E+00    0.000000E+00
    0.000000E+00    0.000000E+00    0.000000E+00    0.000000E+00    0.000000E+00    0.000000E+00
    0.000000E+00    0.000000E+00    0.000000E+00    0.000000E+00    0.000000E+00    0.000000E+00
    0.000000E+00    0.000000E+00    0.000000E+00    0.000000E+00    0.000000E+00    0.000000E+00
    0.000000E+00    0.000000E+00    0.000000E+00    0.000000E+00    0.000000E+00    0.000000E+00
    0.000000E+00    0.000000E+00    0.000000E+00    0.000000E+00    0.000000E+00    0.000000E+00
    0.000000E+00    0.000000E+00    0.000000E+00    0.000000E+00    0.000000E+00    0.000000E+00
    0.000000E+00    0.000000E+00    0.000000E+00    0.000000E+00    0.000000E+00    0.000000E+00
    0.000000E+00    0.000000E+00    0.000000E+00    0.000000E+00    0.000000E+00    0.000000E+00
    0.000000E+00    0.000000E+00    0.000000E+00    0.000000E+00    0.000000E+00    0.000000E+00
    0.000000E+00    0.000000E+00    0.000000E+00    0.000000E+00    0.000000E+00    0.000000E+00
    0.000000E+00    0.000000E+00    0.000000E+00    0.000000E+00    0.000000E+00    0.000000E+00
    0.000000E+00    0.000000E+00    0.000000E+00    0.000000E+00    0.000000E+00    0.000000E+00
    0.000000E+00    0.000000E+00    0.000000E+00    0.000000E+00    0.000000E+00    0.000000E+00
    0.000000E+00    0.000000E+00    0.000000E+00    0.000000E+00    0.000000E+00    0.000000E+00
    0.000000E+00    0.000000E+00    0.000000E+00    0.000000E+00    0.000000E+00    0.000000E+00
    0.000000E+00    0.000000E+00    0.000000E+00    0.000000E+00    0.000000E+00    0.000000E+00
    0.000000E+00    0.000000E+00    0.000000E+00    0.000000E+00    0.000000E+00    0.000000E+00
    0.000000E+00    0.000000E+00    0.000000E+00    0.000000E+00    0.000000E+00    0.000000E+00
    0.000000E+00    0.000000E+00    0.000000E+00    0.000000E+00    0.000000E+00    0.000000E+00
    0.000000E+00    0.000000E+00    0.000000E+00    0.000000E+00    0.000000E+00    0.000000E+00
    0.000000E+00    0.000000E+00    0.000000E+00    0.000000E+00    0.000000E+00    0.000000E+00
    0.000000E+00    0.000000E+00    0.000000E+00    0.000000E+00    0.000000E+00    0.000000E+00
    0.000000E+00    0.000000E+00    0.000000E+00    0.000000E+00    0.000000E+00    0.000000E+00
    0.000000E+00    0.000000E+00    0.000000E+00    0.000000E+00    0.000000E+00    0.000000E+00
    0.000000E+00    0.000000E+00    0.000000E+00    0.000000E+00    0.000000E+00    0.000000E+00
    0.000000E+00    0.000000E+00    0.000000E+00    0.000000E+00    0.000000E+00    0.000000E+00
    0.000000E+00    0.000000E+00    0.000000E+00    0.000000E+00    0.000000E+00    0.000000E+00
    0.000000E+00    0.000000E+00    0.000000E+00    0.000000E+00    0.000000E+00    0.000000E+00
    0.000000E+00    0.000000E+00    0.000000E+00    0.000000E+00    0.000000E+00    0.000000E+00
    0.000000E+00    0.000000E+00    0.000000E+00    0.000000E+00    0.000000E+00    0.000000E+00
    0.000000E+00    0.000000E+00    0.000000E+00    0.000000E+00    0.000000E+00    0.000000E+00
    0.000000E+00    0.000000E+00    0.000000E+00    0.000000E+00    0.000000E+00    0.000000E+00
    0.000000E+00    0.000000E+00    0.000000E+00    0.000000E+00    0.000000E+00    0.000000E+00
    0.000000E+00    0.000000E+00    0.000000E+00    0.000000E+00    0.000000E+00    0.000000E+00
    0.000000E+00    0.000000E+00    0.000000E+00    0.000000E+00    0.000000E+00    0.000000E+00
    0.000000E+00    0.000000E+00    0.000000E+00    0.000000E+00    0.000000E+00    0.000000E+00
    0.000000E+00    0.000000E+00    0.000000E+00    0.000000E+00    0.000000E+00    0.000000E+00
    0.000000E+00    0.000000E+00    0.000000E+00    0.000000E+00    0.000000E+00    0.000000E+00
    0.000000E+00    0.000000E+00    0.000000E+00    0.000000E+00    0.000000E+00    0.000000E+00
    0.000000E+00    0.000000E+00    0.000000E+00    0.000000E+00    0.000000E+00    0.000000E+00
    0.000000E+00    0.000000E+00    0.000000E+00    0.000000E+00    0.000000E+00    0.000000E+00
    0.000000E+00    0.000000E+00    0.000000E+00    0.000000E+00    0.000000E+00    0.000000E+00
    0.000000E+00    0.000000E+00    0.000000E+00    0.000000E+00    0.000000E+00    0.000000E+00
    0.000000E+00    0.000000E+00    0.000000E+00    0.000000E+00    0.000000E+00    0.000000E+00
    0.000000E+00    0.000000E+00    0.000000E+00    0.000000E+00    0.000000E+00    0.000000E+00
    0.000000E+00    0.000000E+00    0.000000E+00    0.000000E+00    0.000000E+00    0.000000E+00
    0.000000E+00    0.000000E+00    0.000000E+00    0.000000E+00    0.000000E+00    0.000000E+00
    0.000000E+00    0.000000E+00    0.000000E+00    0.000000E+00    0.000000E+00    0.000000E+00
    0.000000E+00    0.000000E+00    0.000000E+00    0.000000E+00    0.000000E+00    0.000000E+00
    0.000000E+00    0.000000E+00    0.000000E+00    0.000000E+00    0.000000E+00    0.000000E+00
    0.000000E+00    0.000000E+00    0.000000E+00    0.000000E+00    0.000000E+00    0.000000E+00
    0.000000E+00    0.000000E+00    0.000000E+00    0.000000E+00    0.000000E+00    0.000000E+00
    0.000000E+00    0.000000E+00    0.000000E+00    0.000000E+00    0.000000E+00    0.000000E+00
    0.000000E+00    0.000000E+00    0.000000E+00    0.000000E+00    0.000000E+00    0.000000E+00
    0.000000E+00    0.000000E+00    0.000000E+00    0.000000E+00    0.000000E+00    0.000000E+00
    0.000000E+00    0.000000E+00    0.000000E+00    0.000000E+00    0.000000E+00    0.000000E+00
    0.000000E+00    0.000000E+00    0.000000E+00    0.000000E+00    0.000000E+00    0.000000E+00
    0.000000E+00    0.000000E+00    0.000000E+00    0.000000E+00    0.000000E+00    0.000000E+00
    0.000000E+00    0.000000E+00    0.000000E+00    0.000000E+00    0.000000E+00    0.000000E+00
    0.000000E+00    0.000000E+00    0.000000E+00    0.000000E+00    0.000000E+00    0.000000E+00
    0.000000E+00    0.000000E+00    0.000000E+00    0.000000E+00    0.000000E+00    0.000000E+00
    0.000000E+00    0.000000E+00    0.000000E+00    0.000000E+00    0.000000E+00    0.000000E+00
    0.000000E+00    0.000000E+00    0.000000E+00    0.000000E+00    0.000000E+00    0.000000E+00
    0.000000E+00    0.000000E+00    0.000000E+00    0.000000E+00    0.000000E+00    0.000000E+00
    0.000000E+00    0.000000E+00    0.000000E+00    0.000000E+00    0.000000E+00    0.000000E+00
    0.000000E+00    0.000000E+00    0.000000E+00    0.000000E+00    0.000000E+00    0.000000E+00
    0.000000E+00    0.000000E+00    0.000000E+00    0.000000E+00    0.000000E+00    0.000000E+00
    0.000000E+00    0.000000E+00    0.000000E+00    0.000000E+00    0.000000E+00    0.000000E+00
    0.000000E+00    0.000000E+00    0.000000E+00    0.000000E+00    0.000000E+00    0.000000E+00
    0.000000E+00    0.000000E+00    0.000000E+00    0.000000E+00    0.000000E+00    0.000000E+00
    0.000000E+00    0.000000E+00    0.000000E+00    0.000000E+00    0.000000E+00    0.000000E+00
    0.000000E+00    0.000000E+00    0.000000E+00    0.000000E+00    0.000000E+00    0.000000E+00
    0.000000E+00    0.000000E+00    0.000000E+00    0.000000E+00    0.000000E+00    0.000000E+00
    0.000000E+00    0.000000E+00    0.000000E+00    0.000000E+00    0.000000E+00    0.000000E+00
    0.000000E+00    0.000000E+00    0.000000E+00    0.000000E+00    0.000000E+00    0.000000E+00
    0.000000E+00    0.000000E+00    0.000000E+00    0.000000E+00    0.000000E+00    0.000000E+00
    0.000000E+00    0.000000E+00    0.000000E+00    0.000000E+00    0.000000E+00    0.000000E+00
    0.000000E+00    0.000000E+00    0.000000E+00    0.000000E+00    0.000000E+00    0.000000E+00
    0.000000E+00    0.000000E+00    0.000000E+00    0.000000E+00    0.000000E+00    0.000000E+00
    0.000000E+00    0.000000E+00    0.000000E+00    0.000000E+00    0.000000E+00    0.000000E+00
    0.000000E+00    0.000000E+00    0.000000E+00    0.000000E+00    0.000000E+00    0.000000E+00
    0.000000E+00    0.000000E+00    0.000000E+00    0.000000E+00    0.000000E+00    0.000000E+00
    0.000000E+00    0.000000E+00    0.000000E+00    0.000000E+00    0.000000E+00    0.000000E+00
    0.000000E+00    0.000000E+00    0.000000E+00    0.000000E+00    0.000000E+00    0.000000E+00
    0.000000E+00    0.000000E+00    0.000000E+00    0.000000E+00    0.000000E+00    0.000000E+00
    0.000000E+00    0.000000E+00    0.000000E+00    0.000000E+00    0.000000E+00    0.000000E+00
    0.000000E+00    0.000000E+00    0.000000E+00    0.000000E+00    0.000000E+00    0.000000E+00
    0.000000E+00    0.000000E+00    0.000000E+00    0.000000E+00    0.000000E+00    0.000000E+00
    0.000000E+00    0.000000E+00    0.000000E+00    0.000000E+00    0.000000E+00    0.000000E+00
    0.000000E+00    0.000000E+00    0.000000E+00    0.000000E+00    0.000000E+00    0.000000E+00
    0.000000E+00    0.000000E+00    0.000000E+00    0.000000E+00    0.000000E+00    0.000000E+00
    0.000000E+00    0.000000E+00    0.000000E+00    0.000000E+00    0.000000E+00    0.000000E+00
    0.000000E+00    0.000000E+00    0.000000E+00    0.000000E+00    0.000000E+00    0.000000E+00
    0.000000E+00    0.000000E+00    0.000000E+00    0.000000E+00    0.000000E+00    0.000000E+00
    0.000000E+00    0.000000E+00    0.000000E+00    0.000000E+00    0.000000E+00    0.000000E+00
    0.000000E+00    0.000000E+00    0.000000E+00    0.000000E+00    0.000000E+00    0.000000E+00
    0.000000E+00    0.000000E+00    0.000000E+00    0.000000E+00    0.000000E+00    0.000000E+00
    0.000000E+00    0.000000E+00    0.000000E+00    0.000000E+00    0.000000E+00    0.000000E+00
    0.000000E+00    0.000000E+00    0.000000E+00    0.000000E+00    0.000000E+00    0.000000E+00
    0.000000E+00    0.000000E+00    0.000000E+00    0.000000E+00    0.000000E+00    0.000000E+00
    0.000000E+00    0.000000E+00    0.000000E+00    0.000000E+00    0.000000E+00    0.000000E+00
    0.000000E+00    0.000000E+00    0.000000E+00    0.000000E+00    0.000000E+00    0.000000E+00
    0.000000E+00    0.000000E+00    0.000000E+00    0.000000E+00    0.000000E+00    0.000000E+00
    0.000000E+00    0.000000E+00    0.000000E+00    0.000000E+00    0.000000E+00    0.000000E+00
    0.000000E+00    0.000000E+00    0.000000E+00    0.000000E+00    0.000000E+00    0.000000E+00
    0.000000E+00    0.000000E+00    0.000000E+00    0.000000E+00    0.000000E+00    0.000000E+00
    0.000000E+00    0.000000E+00    0.000000E+00    0.000000E+00    0.000000E+00    0.000000E+00
    0.000000E+00    0.000000E+00    0.000000E+00    0.000000E+00    0.000000E+00    0.000000E+00
    0.000000E+00    0.000000E+00    0.000000E+00    0.000000E+00    0.000000E+00    0.000000E+00
    0.000000E+00    0.000000E+00    0.000000E+00    0.000000E+00    0.000000E+00    0.000000E+00
    0.000000E+00    0.000000E+00    0.000000E+00    0.000000E+00    0.000000E+00    0.000000E+00
    0.000000E+00    0.000000E+00    0.000000E+00    0.000000E+00    0.000000E+00    0.000000E+00
    0.000000E+00    0.000000E+00    0.000000E+00    0.000000E+00    0.000000E+00    0.000000E+00
    0.000000E+00    0.000000E+00    0.000000E+00    0.000000E+00    0.000000E+00    0.000000E+00
    0.000000E+00    0.000000E+00    0.000000E+00    0.000000E+00    0.000000E+00    0.000000E+00
    0.000000E+00    0.000000E+00    0.000000E+00    0.000000E+00    0.000000E+00    0.000000E+00
    0.000000E+00    0.000000E+00    0.000000E+00    0.000000E+00    0.000000E+00    0.000000E+00
    0.000000E+00    0.000000E+00    0.000000E+00    0.000000E+00    0.000000E+00    0.000000E+00
    0.000000E+00    0.000000E+00    0.000000E+00    0.000000E+00    0.000000E+00    0.000000E+00
    0.000000E+00    0.000000E+00    0.000000E+00    0.000000E+00    0.000000E+00    0.000000E+00
    0.000000E+00    0.000000E+00    0.000000E+00    0.000000E+00    0.000000E+00    0.000000E+00
    0.000000E+00    0.000000E+00    0.000000E+00    0.000000E+00    0.000000E+00    0.000000E+00
    0.000000E+00    0.000000E+00    0.000000E+00    0.000000E+00    0.000000E+00    0.000000E+00
    0.000000E+00    0.000000E+00    0.000000E+00    0.000000E+00    0.000000E+00    0.000000E+00
    0.000000E+00    0.000000E+00    0.000000E+00    0.000000E+00    0.000000E+00    0.000000E+00
    0.000000E+00    0.000000E+00    0.000000E+00    0.000000E+00    0.000000E+00    0.000000E+00
    0.000000E+00    0.000000E+00    0.000000E+00    0.000000E+00    0.000000E+00    0.000000E+00
    0.000000E+00    0.000000E+00    0.000000E+00    0.000000E+00    0.000000E+00    0.000000E+00
    0.000000E+00    0.000000E+00    0.000000E+00    0.000000E+00    0.000000E+00    0.000000E+00
    0.000000E+00    0.000000E+00    0.000000E+00    0.000000E+00    0.000000E+00    0.000000E+00
    0.000000E+00    0.000000E+00    0.000000E+00    0.000000E+00    0.000000E+00    0.000000E+00
    0.000000E+00    0.000000E+00    0.000000E+00    0.000000E+00    0.000000E+00    0.000000E+00
    0.000000E+00    0.000000E+00    0.000000E+00    0.000000E+00    0.000000E+00    0.000000E+00
    0.000000E+00    0.000000E+00    0.000000E+00    0.000000E+00    0.000000E+00    0.000000E+00
    0.000000E+00    0.000000E+00    0.000000E+00    0.000000E+00    0.000000E+00    0.000000E+00
    0.000000E+00    0.000000E+00    0.000000E+00    0.000000E+00    0.000000E+00    0.000000E+00
    0.000000E+00    0.000000E+00    0.000000E+00    0.000000E+00    0.000000E+00    0.000000E+00
    0.000000E+00    0.000000E+00    0.000000E+00    0.000000E+00    0.000000E+00    0.000000E+00
    0.000000E+00    0.000000E+00    0.000000E+00    0.000000E+00    0.000000E+00    0.000000E+00
    0.000000E+00    0.000000E+00    0.000000E+00    0.000000E+00    0.000000E+00    0.000000E+00
    0.000000E+00    0.000000E+00    0.000000E+00    0.000000E+00    0.000000E+00    0.000000E+00
    0.000000E+00    0.000000E+00    0.000000E+00    0.000000E+00    0.000000E+00    0.000000E+00
    0.000000E+00    0.000000E+00    0.000000E+00    0.000000E+00    0.000000E+00    0.000000E+00
    0.000000E+00    0.000000E+00    0.000000E+00    0.000000E+00    0.000000E+00    0.000000E+00
    0.000000E+00    0.000000E+00    0.000000E+00    0.000000E+00    0.000000E+00    0.000000E+00
    0.000000E+00    0.000000E+00    0.000000E+00    0.000000E+00    0.000000E+00    0.000000E+00
    0.000000E+00    0.000000E+00    0.000000E+00    0.000000E+00    0.000000E+00    0.000000E+00
    0.000000E+00    0.000000E+00    0.000000E+00    0.000000E+00    0.000000E+00    0.000000E+00
    0.000000E+00    0.000000E+00    0.000000E+00    0.000000E+00    0.000000E+00    0.000000E+00
    0.000000E+00    0.000000E+00    0.000000E+00    0.000000E+00    0.000000E+00    0.000000E+00
    0.000000E+00    0.000000E+00    0.000000E+00    0.000000E+00    0.000000E+00    0.000000E+00
    0.000000E+00    0.000000E+00    0.000000E+00    0.000000E+00    0.000000E+00    0.000000E+00
    0.000000E+00    0.000000E+00    0.000000E+00    0.000000E+00    0.000000E+00    0.000000E+00
    0.000000E+00    0.000000E+00    0.000000E+00    0.000000E+00    0.000000E+00    0.000000E+00
