    0.000000E+00    0.000000E+00    0.000000E+00    0.000000E+00    0.000000E+00    0.000000E+00
    1.504633E-36   -3.851860E-34    0.000000E+00    0.000000E+00    1.262177E-29    0.000000E+00
    0.000000E+00   -7.703720E-34    2.465190E-32    6.310887E-30    5.048710E-29    0.000000E+00
    0.000000E+00    1.540744E-33   -2.465190E-32    1.262177E-29   -5.048710E-29   -4.038968E-28
    1.203706E-35    0.000000E+00    4.930381E-32   -1.262177E-29   -1.009742E-28    8.077936E-28
    0.000000E+00   -3.081488E-33   -4.930381E-32    0.000000E+00   -2.019484E-28    8.077936E-28
    1.203706E-35   -6.162976E-33    0.000000E+00    2.524355E-29    0.000000E+00    3.231174E-27
    0.000000E+00   -6.162976E-33    0.000000E+00    0.000000E+00    2.019484E-28    0.000000E+00
    0.000000E+00    0.000000E+00   -1.972152E-31    1.009742E-28    0.000000E+00    1.615587E-27
    2.407412E-35   -1.232595E-32    1.972152E-31    0.000000E+00    4.038968E-28    0.000000E+00
    2.407412E-35   -1.232595E-32    0.000000E+00    0.000000E+00    0.000000E+00    0.000000E+00
    0.000000E+00   -1.232595E-32    3.944305E-31   -1.009742E-28    4.038968E-28    0.000000E+00
    0.000000E+00   -2.465190E-32    0.000000E+00   -1.009742E-28    0.000000E+00    0.000000E+00
    4.814825E-35    0.000000E+00   -3.944305E-31    0.000000E+00   -8.077936E-28    6.462349E-27
    0.000000E+00    0.000000E+00   -3.944305E-31   -2.019484E-28   -8.077936E-28    6.462349E-27
    9.629650E-35    0.000000E+00   -7.888609E-31    2.019484E-28    0.000000E+00    0.000000E+00
    9.629650E-35   -2.465190E-32   -1.577722E-30    2.019484E-28    0.000000E+00    0.000000E+00
    2.888895E-34    0.000000E+00    0.000000E+00    4.038968E-28    0.000000E+00    0.000000E+00
    1.925930E-34    0.000000E+00    0.000000E+00   -4.038968E-28   -1.615587E-27    0.000000E+00
    1.925930E-34    0.000000E+00    1.577722E-30    0.000000E+00    3.231174E-27    0.000000E+00
    1.925930E-34    0.000000E+00    0.000000E+00    0.000000E+00    0.000000E+00    0.000000E+00
   -3.851860E-34   -1.972152E-31    0.000000E+00   -8.077936E-28   -6.462349E-27   -2.584939E-26
    0.000000E+00   -9.860761E-32    0.000000E+00    0.000000E+00   -6.462349E-27   -2.584939E-26
    7.703720E-34   -1.972152E-31    0.000000E+00   -1.615587E-27   -6.462349E-27    0.000000E+00
    7.703720E-34    0.000000E+00   -3.155444E-30    0.000000E+00   -6.462349E-27   -5.169879E-26
    0.000000E+00    0.000000E+00   -6.310887E-30    0.000000E+00    0.000000E+00    0.000000E+00
    7.703720E-34    0.000000E+00    0.000000E+00    0.000000E+00    0.000000E+00    0.000000E+00
    0.000000E+00    0.000000E+00    0.000000E+00    0.000000E+00    0.000000E+00    0.000000E+00
    7.703720E-34   -1.972152E-31    0.000000E+00    0.000000E+00    0.000000E+00    0.000000E+00
    0.000000E+00   -3.944305E-31   -6.310887E-30   -3.231174E-27   -1.292470E-26    0.000000E+00
    0.000000E+00   -3.944305E-31    0.000000E+00    3.231174E-27    1.292470E-26    0.000000E+00
    0.000000E+00    0.000000E+00    0.000000E+00   -3.231174E-27    0.000000E+00   -2.067952E-25
    1.540744E-33   -7.888609E-31   -1.262177E-29    0.000000E+00    0.000000E+00    0.000000E+00
    1.540744E-33    0.000000E+00    1.262177E-29    0.000000E+00   -2.584939E-26    0.000000E+00
    3.081488E-33   -2.366583E-30   -1.262177E-29    6.462349E-27   -2.584939E-26   -4.135903E-25
    0.000000E+00   -7.888609E-31   -2.524355E-29    6.462349E-27   -2.584939E-26    0.000000E+00
    6.162976E-33   -7.888609E-31    0.000000E+00    0.000000E+00   -5.169879E-26    4.135903E-25
    0.000000E+00   -3.155444E-30   -2.524355E-29   -1.292470E-26   -5.169879E-26   -4.135903E-25
    0.000000E+00   -1.577722E-30   -2.524355E-29    0.000000E+00   -5.169879E-26    0.000000E+00
    6.162976E-33   -1.577722E-30   -5.048710E-29    1.292470E-26    0.000000E+00    0.000000E+00
    6.162976E-33   -1.577722E-30    0.000000E+00    1.292470E-26    0.000000E+00   -8.271806E-25
    6.162976E-33   -3.155444E-30    0.000000E+00    0.000000E+00    1.033976E-25   -8.271806E-25
    1.232595E-32   -3.155444E-30    5.048710E-29    0.000000E+00   -1.033976E-25    0.000000E+00
    1.232595E-32    0.000000E+00   -1.009742E-28   -2.584939E-26   -2.067952E-25    0.000000E+00
    0.000000E+00   -3.155444E-30    0.000000E+00    0.000000E+00   -2.067952E-25    0.000000E+00
    1.232595E-32    3.155444E-30    0.000000E+00    0.000000E+00    0.000000E+00    0.000000E+00
    0.000000E+00    0.000000E+00    0.000000E+00   -5.169879E-26    0.000000E+00   -1.654361E-24
    2.465190E-32    0.000000E+00   -1.009742E-28    0.000000E+00   -2.067952E-25   -1.654361E-24
    0.000000E+00   -6.310887E-30    0.000000E+00    0.000000E+00    0.000000E+00   -1.654361E-24
    4.930381E-32    0.000000E+00    2.019484E-28    0.000000E+00    0.000000E+00    3.308722E-24
    2.465190E-32    0.000000E+00    0.000000E+00    1.033976E-25    4.135903E-25    3.308722E-24
    4.930381E-32    0.000000E+00    0.000000E+00   -1.033976E-25    4.135903E-25    0.000000E+00
    0.000000E+00   -2.524355E-29   -4.038968E-28   -2.067952E-25   -4.135903E-25    3.308722E-24
    0.000000E+00   -1.262177E-29   -4.038968E-28   -1.033976E-25   -8.271806E-25   -6.617445E-24
    9.860761E-32    0.000000E+00    0.000000E+00    0.000000E+00   -8.271806E-25    0.000000E+00
    9.860761E-32    0.000000E+00   -4.038968E-28    2.067952E-25   -8.271806E-25    0.000000E+00
    9.860761E-32    0.000000E+00    0.000000E+00    0.000000E+00   -8.271806E-25    6.617445E-24
    0.000000E+00    0.000000E+00    0.000000E+00   -4.135903E-25    0.000000E+00   -1.323489E-23
    9.860761E-32   -5.048710E-29    0.000000E+00    0.000000E+00   -1.654361E-24    0.000000E+00
   -9.860761E-32   -5.048710E-29   -8.077936E-28    0.000000E+00    0.000000E+00    0.000000E+00
    3.944305E-31   -5.048710E-29    8.077936E-28    4.135903E-25    1.654361E-24    2.646978E-23
    1.972152E-31   -5.048710E-29   -1.615587E-27    4.135903E-25   -1.654361E-24    0.000000E+00
    1.972152E-31    0.000000E+00    1.615587E-27   -4.135903E-25   -3.308722E-24    0.000000E+00
    0.000000E+00    0.000000E+00    0.000000E+00    0.000000E+00   -3.308722E-24    0.000000E+00
    3.944305E-31    0.000000E+00    0.000000E+00    8.271806E-25   -3.308722E-24    0.000000E+00
    3.944305E-31   -1.009742E-28    0.000000E+00    0.000000E+00    3.308722E-24    0.000000E+00
    3.944305E-31   -2.019484E-28    0.000000E+00   -8.271806E-25   -6.617445E-24    0.000000E+00
    1.183291E-30   -1.009742E-28    0.000000E+00    0.000000E+00   -6.617445E-24    0.000000E+00
    3.944305E-31   -4.038968E-28   -6.462349E-27   -1.654361E-24   -6.617445E-24   -5.293956E-23
    7.888609E-31   -4.038968E-28   -3.231174E-27    0.000000E+00    0.000000E+00   -5.293956E-23
    7.888609E-31    2.019484E-28    0.000000E+00    0.000000E+00    0.000000E+00    0.000000E+00
    7.888609E-31   -2.019484E-28    0.000000E+00    0.000000E+00    0.000000E+00    1.058791E-22
    7.888609E-31   -8.077936E-28    0.000000E+00   -3.308722E-24    0.000000E+00    1.058791E-22
    3.155444E-30   -4.038968E-28    0.000000E+00    0.000000E+00    0.000000E+00    1.058791E-22
    1.577722E-30   -4.038968E-28    1.292470E-26    3.308722E-24   -1.323489E-23    1.058791E-22
    0.000000E+00    0.000000E+00    0.000000E+00   -6.617445E-24    0.000000E+00    0.000000E+00
    0.000000E+00   -8.077936E-28   -2.584939E-26   -6.617445E-24   -5.293956E-23    0.000000E+00
    0.000000E+00   -8.077936E-28    0.000000E+00    0.000000E+00    0.000000E+00    0.000000E+00
    3.155444E-30   -1.615587E-27    0.000000E+00    0.000000E+00   -2.646978E-23   -2.117582E-22
    3.155444E-30   -8.077936E-28   -2.584939E-26   -6.617445E-24   -5.293956E-23    0.000000E+00
    0.000000E+00    8.077936E-28    2.584939E-26    0.000000E+00   -5.293956E-23   -4.235165E-22
    9.466331E-30   -1.615587E-27    0.000000E+00    0.000000E+00    0.000000E+00    4.235165E-22
    6.310887E-30    0.000000E+00   -2.584939E-26   -1.323489E-23    0.000000E+00   -4.235165E-22
    0.000000E+00   -1.615587E-27   -5.169879E-26   -1.323489E-23   -1.058791E-22   -8.470329E-22
    0.000000E+00   -1.615587E-27    0.000000E+00    0.000000E+00   -1.058791E-22    0.000000E+00
    1.262177E-29    3.231174E-27   -5.169879E-26    2.646978E-23    1.058791E-22    0.000000E+00
    0.000000E+00   -3.231174E-27   -5.169879E-26   -2.646978E-23   -1.058791E-22    8.470329E-22
    0.000000E+00    0.000000E+00    0.000000E+00   -2.646978E-23   -1.058791E-22    0.000000E+00
    2.524355E-29   -3.231174E-27    1.033976E-25    0.000000E+00    0.000000E+00    0.000000E+00
    0.000000E+00   -6.462349E-27    0.000000E+00   -2.646978E-23   -2.117582E-22    0.000000E+00
    0.000000E+00   -6.462349E-27   -1.033976E-25    0.000000E+00   -2.117582E-22    0.000000E+00
    0.000000E+00   -6.462349E-27   -1.033976E-25    0.000000E+00    0.000000E+00   -1.694066E-21
    2.524355E-29    6.462349E-27    0.000000E+00    0.000000E+00    0.000000E+00   -1.694066E-21
    7.573065E-29   -1.292470E-26   -2.067952E-25    1.058791E-22   -4.235165E-22    3.388132E-21
    5.048710E-29    0.000000E+00   -2.067952E-25    1.058791E-22   -4.235165E-22    0.000000E+00
    5.048710E-29    1.292470E-26    0.000000E+00    0.000000E+00    4.235165E-22    3.388132E-21
    0.000000E+00   -2.584939E-26   -4.135903E-25   -1.058791E-22   -4.235165E-22   -3.388132E-21
    1.009742E-28   -1.292470E-26    0.000000E+00    0.000000E+00    0.000000E+00    6.776264E-21
    5.048710E-29   -2.584939E-26    0.000000E+00    1.058791E-22   -8.470329E-22    6.776264E-21
    1.009742E-28   -5.169879E-26   -4.135903E-25    0.000000E+00    0.000000E+00    6.776264E-21
    2.019484E-28   -5.169879E-26    0.000000E+00    0.000000E+00    8.470329E-22    6.776264E-21
    1.009742E-28   -2.584939E-26    8.271806E-25   -2.117582E-22    0.000000E+00    1.355253E-20
    2.019484E-28    0.000000E+00   -8.271806E-25    2.117582E-22    0.000000E+00    4.065758E-20
    1.009742E-28    0.000000E+00   -8.271806E-25    0.000000E+00    1.694066E-21    5.421011E-20
    0.000000E+00   -1.033976E-25    0.000000E+00   -4.235165E-22    0.000000E+00    8.131516E-20
    2.019484E-28   -5.169879E-26   -1.654361E-24    0.000000E+00    0.000000E+00    1.219727E-19
    2.019484E-28   -5.169879E-26    1.654361E-24    0.000000E+00    3.388132E-21    2.439455E-19
    2.019484E-28    0.000000E+00    0.000000E+00    0.000000E+00    3.388132E-21    3.523657E-19
    4.038968E-28   -1.033976E-25   -3.308722E-24    0.000000E+00    3.388132E-21    5.963112E-19
    4.038968E-28   -2.067952E-25   -3.308722E-24    8.470329E-22    1.016440E-20    9.215718E-19
    0.000000E+00   -1.033976E-25    0.000000E+00    8.470329E-22    3.388132E-20    1.572093E-18
    4.038968E-28   -1.033976E-25   -3.308722E-24    2.541099E-21    4.065758E-20    2.385245E-18
    4.038968E-28    0.000000E+00   -3.308722E-24    1.694066E-21    5.421011E-20    3.903128E-18
    0.000000E+00    0.000000E+00    0.000000E+00    5.082198E-21    9.486769E-20    6.234162E-18
    0.000000E+00   -4.135903E-25   -6.617445E-24    5.082198E-21    1.558541E-19    9.920450E-18
    0.000000E+00   -2.067952E-25   -6.617445E-24    5.082198E-21    2.574980E-19    1.582935E-17
    8.077936E-28    0.000000E+00    6.617445E-24    1.355253E-20    4.065758E-19    2.547875E-17
    1.615587E-27   -4.135903E-25   -1.323489E-23    2.371692E-20    6.369688E-19    4.065758E-17
    0.000000E+00   -4.135903E-25   -1.323489E-23    3.049319E-20    1.029992E-18    6.494371E-17
    1.615587E-27   -8.271806E-25   -2.646978E-23    5.759824E-20    1.653408E-18    1.043002E-16
    3.231174E-27   -4.135903E-25    0.000000E+00    1.016440E-19    2.656295E-18    1.665335E-16
    0.000000E+00    0.000000E+00   -1.323489E-23    1.490778E-19    4.282599E-18    2.660632E-16
    3.231174E-27    0.000000E+00    0.000000E+00    2.507218E-19    6.749159E-18    4.269588E-16
    0.000000E+00   -1.654361E-24    0.000000E+00    3.997996E-19    1.084202E-17    6.834810E-16
    3.231174E-27   -1.654361E-24    0.000000E+00    6.301925E-19    1.740144E-17    1.092876E-15
    3.231174E-27   -1.654361E-24   -2.646978E-23    1.016440E-18    2.791821E-17    1.749469E-15
    6.462349E-27    0.000000E+00    5.293956E-23    1.626303E-18    4.483176E-17    2.799410E-15
    6.462349E-27   -3.308722E-24    0.000000E+00    2.615638E-18    7.166576E-17    4.480791E-15
    0.000000E+00   -3.308722E-24    0.000000E+00    4.187731E-18    1.147086E-16    7.165275E-15
    1.292470E-26    0.000000E+00    5.293956E-23    6.694948E-18    1.837723E-16    1.146132E-14
    0.000000E+00    0.000000E+00    5.293956E-23    1.070650E-17    2.940356E-16    1.832562E-14
    1.292470E-26    0.000000E+00    0.000000E+00    1.718460E-17    4.706522E-16    2.929428E-14
    0.000000E+00   -3.308722E-24    1.058791E-22    2.753874E-17    7.533037E-16    4.681325E-14
    0.000000E+00   -6.617445E-24    4.235165E-22    4.407282E-17    1.205633E-15    7.478393E-14
    2.584939E-26   -6.617445E-24    6.352747E-22    7.047314E-17    1.929663E-15    1.194166E-13
    2.584939E-26   -1.323489E-23    9.529121E-22    1.129197E-16    3.086507E-15    1.905906E-13
    2.584939E-26   -1.323489E-23    1.482308E-21    1.806823E-16    4.938107E-15    3.040276E-13
    2.584939E-26    0.000000E+00    2.329341E-21    2.891567E-16    7.899063E-15    4.846644E-13
    5.169879E-26    1.323489E-23    3.811648E-21    4.626291E-16    1.263442E-14    7.720491E-13
    0.000000E+00    0.000000E+00    6.140989E-21    7.401848E-16    2.020172E-14    1.228781E-12
    5.169879E-26    2.646978E-23    1.016440E-20    1.183949E-15    3.229665E-14    1.953701E-12
    0.000000E+00    0.000000E+00    1.609363E-20    1.893884E-15    5.161930E-14    3.102629E-12
    5.169879E-26    3.970467E-23    2.498747E-20    3.028936E-15    8.248437E-14    4.920418E-12
    0.000000E+00    7.940934E-23    4.023406E-20    4.843348E-15    1.317644E-13    7.790588E-12
    0.000000E+00    1.323489E-22    6.522154E-20    7.742938E-15    2.104115E-13    1.231151E-11
    1.033976E-25    2.117582E-22    1.050321E-19    1.237682E-14    3.358815E-13    1.941244E-11
   -1.033976E-25    2.911676E-22    1.668655E-19    1.977997E-14    5.359307E-13    3.052815E-11
    0.000000E+00    4.764560E-22    2.685094E-19    3.160493E-14    8.547139E-13    4.785873E-11
    0.000000E+00    7.411538E-22    4.252105E-19    5.048522E-14    1.362349E-12    7.474886E-11
    0.000000E+00    1.164670E-21    6.810145E-19    8.062344E-14    2.170103E-12    1.162295E-10
    0.000000E+00    1.958764E-21    1.089284E-18    1.287152E-13    3.454261E-12    1.797655E-10
    4.135903E-25    3.123434E-21    1.738112E-18    2.054273E-13    5.493748E-12    2.762397E-10
    4.135903E-25    4.976319E-21    2.776574E-18    3.277370E-13    8.729045E-12    4.211473E-10
    4.135903E-25    7.940934E-21    4.433370E-18    5.226609E-13    1.385443E-11    6.358338E-10
    4.135903E-25    1.302313E-20    7.077807E-18    8.331426E-13    2.196158E-11    9.482964E-10
    0.000000E+00    2.054055E-20    1.129264E-17    1.327404E-12    3.476224E-11    1.392412E-09
    4.135903E-25    3.303428E-20    1.800453E-17    2.113724E-12    5.493190E-11    2.003199E-09
    1.654361E-24    5.293956E-20    2.872458E-17    3.363769E-12    8.663634E-11    2.803320E-09
    8.271806E-25    8.427978E-20    4.577366E-17    5.349421E-12    1.363328E-10    3.771767E-09
    2.481542E-24    1.342547E-19    7.295325E-17    8.500723E-12    2.139774E-10    4.778221E-09
    2.481542E-24    2.142993E-19    1.161994E-16    1.349689E-11    3.348224E-10    5.454149E-09
    3.308722E-24    3.400837E-19    1.850055E-16    2.140903E-11    5.220554E-10    4.952145E-09
    6.617445E-24    5.416776E-19    2.944287E-16    3.392309E-11    8.105959E-10    1.515798E-09
    9.926167E-24    8.614325E-19    4.683482E-16    5.368741E-11    1.252424E-09   -8.256324E-09
    1.323489E-23    1.370076E-18    7.445758E-16    8.485233E-11    1.923786E-09   -3.061172E-08
    2.646978E-23    2.177722E-18    1.183054E-15    1.339047E-10    2.934426E-09   -7.649343E-08
    4.632211E-23    3.459283E-18    1.878706E-15    2.109529E-10    4.438378E-09   -1.641723E-07
    6.286573E-23    5.487926E-18    2.981502E-15    3.316934E-10    6.644368E-09   -3.225515E-07
    9.595295E-23    8.704958E-18    4.728450E-15    5.204040E-10    9.820873E-09   -5.943705E-07
    1.522012E-22    1.379478E-17    7.493816E-15    8.144620E-10    1.428473E-08   -1.037068E-06
    2.415367E-22    2.184837E-17    1.186754E-14    1.271106E-09    2.035083E-08   -1.716293E-06
    3.838118E-22    3.457250E-17    1.877914E-14    1.977451E-09    2.819995E-08   -2.682540E-06
    6.088049E-22    5.466581E-17    2.969131E-14    3.065108E-09    3.758574E-08   -3.915380E-06
    9.661470E-22    8.636009E-17    4.690307E-14    4.731215E-09    4.724294E-08   -5.215083E-06
    1.528630E-21    1.363096E-16    7.402423E-14    7.268005E-09    5.376225E-08   -6.025873E-06
    2.388898E-21    2.149329E-16    1.167146E-13    1.110326E-08    4.955340E-08   -5.206551E-06
    3.758709E-21    3.385760E-16    1.838387E-13    1.685352E-08    1.931162E-08   -8.519503E-07
    5.929231E-21    5.327905E-16    2.892597E-13    2.538999E-08   -6.585883E-08    9.555444E-06
    9.330597E-21    8.374920E-16    4.546303E-13    3.791247E-08   -2.577786E-07    2.812763E-05
    1.462455E-20    1.314941E-15    7.137207E-13    5.601597E-08   -6.452338E-07    5.396433E-05
    2.292283E-20    2.062159E-15    1.119123E-12    8.171474E-08   -1.373634E-06    7.857872E-05
    3.586655E-20    3.230035E-15    1.752625E-12    1.173503E-07   -2.669729E-06    8.073154E-05
    5.614240E-20    5.052972E-15    2.741208E-12    1.652414E-07   -4.867024E-06    2.611428E-05
    8.769438E-20    7.894442E-15    4.281738E-12    2.268212E-07   -8.419580E-06   -1.171013E-04
    1.367694E-19    1.231733E-14    6.678915E-12    3.008098E-07   -1.387724E-05   -3.348944E-04
    2.131347E-19    1.919194E-14    1.040360E-11    3.796745E-07   -2.177184E-05   -5.026004E-04
    3.315605E-19    2.986168E-14    1.618227E-11    4.431605E-07   -3.233197E-05   -3.585889E-04
    5.152078E-19    4.639716E-14    2.513385E-11    4.470045E-07   -4.491072E-05    3.530945E-04
    7.992815E-19    7.198480E-14    3.897908E-11    3.040408E-07   -5.700389E-05    1.466732E-03
    1.238203E-18    1.115202E-13    6.035956E-11   -1.462293E-07   -6.280751E-05    1.930595E-03
    1.915353E-18    1.725136E-13    9.332419E-11   -1.184673E-06   -5.151832E-05    1.585328E-04
    2.958104E-18    2.664684E-13    1.440686E-10   -3.281979E-06   -6.146848E-06   -3.839472E-03
    4.561908E-18    4.109769E-13    2.220578E-10   -7.195612E-06    9.539257E-05   -5.781029E-03
    7.024232E-18    6.329053E-13    3.417291E-10   -1.409538E-05    2.738289E-04    6.423722E-04
    1.079946E-17    9.732177E-13    5.250676E-10   -2.570801E-05    5.326330E-04    1.247070E-02
    1.657792E-17    1.494292E-12    8.055031E-10   -4.444951E-05    8.296057E-04    1.015293E-02
    2.540898E-17    2.290984E-12    1.233795E-09   -7.347376E-05    1.038968E-03    4.039217E-01
    3.888696E-17    3.507476E-12    1.886966E-09   -1.165040E-04    9.216701E-04   -2.355961E-01
    5.945430E-17    5.364981E-12    2.882990E-09   -1.772858E-04    1.454000E-04   -6.207785E-01
   -1.490896E-08   -4.470517E-06   -1.023439E-04    1.215601E-02    1.129102E-01    2.169716E-01
   -1.512866E-08   -4.536383E-06   -1.038476E-04    1.216896E-02    1.133979E-01    2.641932E-01
   -1.537868E-08   -4.611346E-06   -1.055604E-04    1.221052E-02    1.138742E-01    3.107436E-01
   -1.564753E-08   -4.691957E-06   -1.074030E-04    1.226772E-02    1.143266E-01    3.565098E-01
   -1.592954E-08   -4.776513E-06   -1.093359E-04    1.233357E-02    1.147487E-01    4.013361E-01
   -1.622195E-08   -4.864188E-06   -1.113404E-04    1.240453E-02    1.151367E-01    4.450453E-01
   -1.652350E-08   -4.954602E-06   -1.134074E-04    1.247885E-02    1.154881E-01    4.874504E-01
   -1.683510E-08   -5.048032E-06   -1.155435E-04    1.255731E-02    1.158039E-01    5.283537E-01
   -1.716857E-08   -5.148020E-06   -1.178302E-04    1.265324E-02    1.161033E-01    5.675146E-01
   -1.752088E-08   -5.253657E-06   -1.202464E-04    1.276272E-02    1.163822E-01    6.047735E-01
   -1.788808E-08   -5.363758E-06   -1.227649E-04    1.288075E-02    1.166338E-01    6.399745E-01
   -1.826832E-08   -5.477772E-06   -1.253729E-04    1.300485E-02    1.168545E-01    6.729536E-01
   -1.866088E-08   -5.595479E-06   -1.280655E-04    1.313378E-02    1.170421E-01    7.035454E-01
   -1.906560E-08   -5.716830E-06   -1.308413E-04    1.326700E-02    1.171951E-01    7.315871E-01
   -1.948629E-08   -5.842972E-06   -1.337269E-04    1.340842E-02    1.173197E-01    7.569143E-01
   -1.997574E-08   -5.989734E-06   -1.370864E-04    1.361686E-02    1.175210E-01    7.793057E-01
   -2.052698E-08   -6.155027E-06   -1.408716E-04    1.388322E-02    1.177910E-01    7.987113E-01
   -2.112155E-08   -6.333316E-06   -1.449550E-04    1.418560E-02    1.180958E-01    8.150868E-01
   -2.175028E-08   -6.521848E-06   -1.492734E-04    1.451276E-02    1.184181E-01    8.283603E-01
   -2.240892E-08   -6.719347E-06   -1.537972E-04    1.485906E-02    1.187488E-01    8.384499E-01
   -2.309584E-08   -6.925328E-06   -1.585152E-04    1.522182E-02    1.190835E-01    8.452731E-01
   -2.381256E-08   -7.140245E-06   -1.634380E-04    1.560186E-02    1.194241E-01    8.487537E-01
   -2.461000E-08   -7.379368E-06   -1.689165E-04    1.605369E-02    1.198838E-01    8.488977E-01
   -2.548965E-08   -7.643145E-06   -1.749610E-04    1.657707E-02    1.204690E-01    8.457145E-01
   -2.643378E-08   -7.926261E-06   -1.814491E-04    1.715090E-02    1.211408E-01    8.391789E-01
   -2.743414E-08   -8.226235E-06   -1.883237E-04    1.776458E-02    1.218798E-01    8.292653E-01
   -2.848763E-08   -8.542145E-06   -1.955635E-04    1.841318E-02    1.226767E-01    8.159526E-01
   -2.959413E-08   -8.873947E-06   -2.031673E-04    1.909496E-02    1.235283E-01    7.992268E-01
   -3.075486E-08   -9.222012E-06   -2.111436E-04    1.980960E-02    1.244337E-01    7.790815E-01
   -3.193957E-08   -9.577268E-06   -2.192838E-04    2.052368E-02    1.253146E-01    7.553937E-01
   -3.314488E-08   -9.938695E-06   -2.275643E-04    2.123255E-02    1.261551E-01    7.281201E-01
   -3.438813E-08   -1.031150E-05   -2.361049E-04    2.195323E-02    1.269904E-01    6.973136E-01
   -3.568081E-08   -1.069913E-05   -2.449844E-04    2.269623E-02    1.278417E-01    6.630277E-01
   -3.703130E-08   -1.110409E-05   -2.542608E-04    2.346855E-02    1.287227E-01    6.253213E-01
   -3.844642E-08   -1.152843E-05   -2.639807E-04    2.427531E-02    1.296431E-01    5.842619E-01
   -3.993228E-08   -1.197398E-05   -2.741863E-04    2.512068E-02    1.306105E-01    5.399267E-01
   -4.146200E-08   -1.243268E-05   -2.846923E-04    2.597537E-02    1.315478E-01    4.922322E-01
   -4.302559E-08   -1.290153E-05   -2.954295E-04    2.682768E-02    1.324191E-01    4.411837E-01
   -4.464417E-08   -1.338688E-05   -3.065436E-04    2.769715E-02    1.332678E-01    3.869657E-01
   -4.633246E-08   -1.389312E-05   -3.181358E-04    2.859642E-02    1.341208E-01    3.297487E-01
   -4.810173E-08   -1.442365E-05   -3.302836E-04    2.953425E-02    1.349959E-01    2.697001E-01
   -4.996147E-08   -1.498131E-05   -3.430524E-04    3.051730E-02    1.359054E-01    2.069904E-01
   -5.192046E-08   -1.556872E-05   -3.565023E-04    3.155118E-02    1.368590E-01    1.417967E-01
   -5.393216E-08   -1.617194E-05   -3.703127E-04    3.258797E-02    1.377224E-01    7.401119E-02
   -5.595622E-08   -1.677886E-05   -3.842055E-04    3.358700E-02    1.383766E-01    3.593659E-03
   -5.802950E-08   -1.740053E-05   -3.984345E-04    3.458201E-02    1.389021E-01   -6.905682E-02
   -6.017737E-08   -1.804457E-05   -4.131745E-04    3.559492E-02    1.393489E-01   -1.435903E-01
   -6.241837E-08   -1.871654E-05   -4.285528E-04    3.664043E-02    1.397483E-01   -2.196831E-01
   -6.476721E-08   -1.942083E-05   -4.446706E-04    3.772908E-02    1.401207E-01   -2.970227E-01
   -6.723660E-08   -2.016128E-05   -4.616153E-04    3.886902E-02    1.404795E-01   -3.752991E-01
   -6.978892E-08   -2.092658E-05   -4.791277E-04    4.002200E-02    1.407087E-01   -4.544086E-01
   -7.236605E-08   -2.169933E-05   -4.968074E-04    4.113232E-02    1.406414E-01   -5.342654E-01
   -7.500556E-08   -2.249077E-05   -5.149129E-04    4.223203E-02    1.403546E-01   -6.143375E-01
   -7.773569E-08   -2.330938E-05   -5.336386E-04    4.334377E-02    1.398996E-01   -6.941369E-01
   -8.057777E-08   -2.416156E-05   -5.531311E-04    4.448314E-02    1.393084E-01   -7.732059E-01
   -8.354907E-08   -2.505248E-05   -5.735091E-04    4.566145E-02    1.386004E-01   -8.511033E-01
   -8.666465E-08   -2.598666E-05   -5.948760E-04    4.688743E-02    1.377872E-01   -9.273967E-01
   -8.989822E-08   -2.695622E-05   -6.170507E-04    4.813367E-02    1.367779E-01   -1.001748E+00
   -9.317898E-08   -2.793992E-05   -6.395457E-04    4.933558E-02    1.353761E-01   -1.073847E+00
   -9.654036E-08   -2.894779E-05   -6.625907E-04    5.051896E-02    1.336405E-01   -1.143094E+00
   -1.000111E-07   -2.998843E-05   -6.863834E-04    5.170464E-02    1.316155E-01   -1.208925E+00
   -1.036135E-07   -3.106858E-05   -7.110778E-04    5.290726E-02    1.293274E-01   -1.270803E+00
   -1.073663E-07   -3.219380E-05   -7.368012E-04    5.413748E-02    1.267906E-01   -1.328217E+00
   -1.112857E-07   -3.336896E-05   -7.636654E-04    5.540343E-02    1.240112E-01   -1.380668E+00
   -1.153599E-07   -3.459053E-05   -7.915890E-04    5.668994E-02    1.209298E-01   -1.427678E+00
   -1.195218E-07   -3.583841E-05   -8.201105E-04    5.793816E-02    1.173655E-01   -1.468725E+00
   -1.237957E-07   -3.711988E-05   -8.493968E-04    5.916359E-02    1.133460E-01   -1.503257E+00
   -1.282071E-07   -3.844255E-05   -8.796223E-04    6.038178E-02    1.088980E-01   -1.530759E+00
   -1.327766E-07   -3.981261E-05   -9.109285E-04    6.160374E-02    1.040348E-01   -1.550754E+00
   -1.375217E-07   -4.123531E-05   -9.434359E-04    6.283738E-02    9.875995E-02   -1.562797E+00
   -1.424580E-07   -4.271536E-05   -9.772517E-04    6.408851E-02    9.307041E-02   -1.566478E+00
   -1.475851E-07   -4.425260E-05   -1.012372E-03    6.535024E-02    8.692788E-02   -1.561394E+00
   -1.528510E-07   -4.583146E-05   -1.048440E-03    6.657755E-02    8.019334E-02   -1.547055E+00
   -1.582705E-07   -4.745636E-05   -1.085556E-03    6.777603E-02    7.286508E-02   -1.523121E+00
   -1.638636E-07   -4.913329E-05   -1.123858E-03    6.895454E-02    6.494932E-02   -1.489320E+00
   -1.696470E-07   -5.086728E-05   -1.163460E-03    7.011900E-02    5.644362E-02   -1.445438E+00
   -1.756354E-07   -5.266274E-05   -1.204463E-03    7.127318E-02    4.733918E-02   -1.391319E+00
   -1.818420E-07   -5.452361E-05   -1.246957E-03    7.241925E-02    3.762247E-02   -1.326872E+00
   -1.882728E-07   -5.645169E-05   -1.290983E-03    7.355397E-02    2.726590E-02   -1.252050E+00
   -1.949001E-07   -5.843867E-05   -1.336349E-03    7.465081E-02    1.618522E-02   -1.166775E+00
   -2.017313E-07   -6.048677E-05   -1.383108E-03    7.570794E-02    4.359777E-03   -1.071148E+00
   -2.087794E-07   -6.259993E-05   -1.431347E-03    7.672702E-02   -8.222418E-03   -9.653795E-01
   -2.160560E-07   -6.478154E-05   -1.481146E-03    7.770803E-02   -2.157741E-02   -8.497645E-01
   -2.235706E-07   -6.703455E-05   -1.532570E-03    7.864965E-02   -3.572416E-02   -7.246860E-01
   -2.313322E-07   -6.936156E-05   -1.585679E-03    7.954942E-02   -5.068377E-02   -5.906194E-01
   -2.393476E-07   -7.176469E-05   -1.640521E-03    8.040355E-02   -6.647964E-02   -4.481327E-01
   -2.476175E-07   -7.424409E-05   -1.697099E-03    8.120398E-02   -8.314340E-02   -2.978728E-01
   -2.561465E-07   -7.680118E-05   -1.755445E-03    8.194517E-02   -1.006994E-01   -1.406032E-01
   -2.649401E-07   -7.943757E-05   -1.815596E-03    8.262181E-02   -1.191699E-01    2.280830E-02
   -2.740024E-07   -8.215453E-05   -1.877579E-03    8.322780E-02   -1.385772E-01    1.913951E-01
   -2.833368E-07   -8.495303E-05   -1.941417E-03    8.375628E-02   -1.589429E-01    3.640937E-01
   -2.929453E-07   -8.783371E-05   -2.007124E-03    8.419970E-02   -1.802878E-01    5.397461E-01
   -3.028306E-07   -9.079737E-05   -2.074718E-03    8.455078E-02   -2.026293E-01    7.170986E-01
   -3.130223E-07   -9.385286E-05   -2.144399E-03    8.481716E-02   -2.259563E-01    8.947469E-01
   -3.235283E-07   -9.700259E-05   -2.216225E-03    8.499369E-02   -2.502807E-01    1.071277E+00
   -3.343454E-07   -1.002456E-04   -2.290170E-03    8.506878E-02   -2.756224E-01    1.245233E+00
   -3.454695E-07   -1.035806E-04   -2.366206E-03    8.503058E-02   -3.019974E-01    1.415099E+00
   -3.568954E-07   -1.070060E-04   -2.444297E-03    8.486690E-02   -3.294174E-01    1.579306E+00
   -3.686165E-07   -1.105200E-04   -2.524396E-03    8.456514E-02   -3.578899E-01    1.736248E+00
   -3.806265E-07   -1.141205E-04   -2.606462E-03    8.411321E-02   -3.874159E-01    1.884292E+00
   -3.929803E-07   -1.178241E-04   -2.690868E-03    8.352966E-02   -4.179536E-01    2.021730E+00
   -4.056972E-07   -1.216366E-04   -2.777747E-03    8.281379E-02   -4.494886E-01    2.146958E+00
   -4.187644E-07   -1.255540E-04   -2.867010E-03    8.194885E-02   -4.820221E-01    2.258442E+00
   -4.321679E-07   -1.295723E-04   -2.958561E-03    8.091817E-02   -5.155474E-01    2.354694E+00
   -4.458927E-07   -1.336868E-04   -3.052295E-03    7.970506E-02   -5.500501E-01    2.434289E+00
   -4.599214E-07   -1.378924E-04   -3.148093E-03    7.829269E-02   -5.855074E-01    2.495891E+00
   -4.742358E-07   -1.421837E-04   -3.245829E-03    7.666445E-02   -6.218874E-01    2.538271E+00
   -4.889080E-07   -1.465822E-04   -3.345997E-03    7.484404E-02   -6.591256E-01    2.560349E+00
   -5.039778E-07   -1.510998E-04   -3.448869E-03    7.283878E-02   -6.971749E-01    2.561259E+00
   -5.194224E-07   -1.557298E-04   -3.554287E-03    7.062835E-02   -7.359998E-01    2.540317E+00
   -5.352172E-07   -1.604648E-04   -3.662083E-03    6.819284E-02   -7.755538E-01    2.497025E+00
   -5.513357E-07   -1.652968E-04   -3.772073E-03    6.551259E-02   -8.157788E-01    2.431093E+00
   -5.677489E-07   -1.702171E-04   -3.884059E-03    6.256816E-02   -8.566050E-01    2.342461E+00
   -5.844250E-07   -1.752162E-04   -3.997820E-03    5.934029E-02   -8.979504E-01    2.231312E+00
   -6.014415E-07   -1.803172E-04   -4.113888E-03    5.585207E-02   -9.397292E-01    2.098200E+00
   -6.188690E-07   -1.855415E-04   -4.232746E-03    5.212130E-02   -9.818657E-01    1.943981E+00
   -6.366742E-07   -1.908790E-04   -4.354164E-03    4.812623E-02   -1.024273E+00    1.769699E+00
   -6.548217E-07   -1.963190E-04   -4.477900E-03    4.384585E-02   -1.066852E+00    1.576660E+00
   -6.732737E-07   -2.018503E-04   -4.603691E-03    3.925978E-02   -1.109488E+00    1.366442E+00
   -6.919889E-07   -2.074604E-04   -4.731256E-03    3.434825E-02   -1.152052E+00    1.140888E+00
   -7.109227E-07   -2.131361E-04   -4.860287E-03    2.909213E-02   -1.194404E+00    9.021013E-01
   -7.301444E-07   -2.188979E-04   -4.991258E-03    2.351002E-02   -1.236430E+00    6.525739E-01
   -7.497635E-07   -2.247789E-04   -5.124920E-03    1.763036E-02   -1.278045E+00    3.950626E-01
   -7.697378E-07   -2.307663E-04   -5.260981E-03    1.143270E-02   -1.319106E+00    1.323330E-01
   -7.900218E-07   -2.368465E-04   -5.399128E-03    4.897464E-03   -1.359455E+00   -1.326897E-01
   -8.105668E-07   -2.430050E-04   -5.539029E-03   -1.993828E-03   -1.398923E+00   -3.969492E-01
   -8.313208E-07   -2.492259E-04   -5.680323E-03   -9.258565E-03   -1.437323E+00   -6.572918E-01
   -8.522275E-07   -2.554926E-04   -5.822626E-03   -1.691297E-02   -1.474458E+00   -9.105050E-01
   -8.733393E-07   -2.618208E-04   -5.966297E-03   -2.494315E-02   -1.510188E+00   -1.153261E+00
   -8.948049E-07   -2.682549E-04   -6.112350E-03   -3.331334E-02   -1.544442E+00   -1.382232E+00
   -9.165775E-07   -2.747810E-04   -6.260467E-03   -4.203944E-02   -1.577034E+00   -1.594386E+00
   -9.386033E-07   -2.813830E-04   -6.410276E-03   -5.113698E-02   -1.607763E+00   -1.786839E+00
   -9.608252E-07   -2.880436E-04   -6.561387E-03   -6.061991E-02   -1.636416E+00   -1.956893E+00
   -9.831823E-07   -2.947448E-04   -6.713380E-03   -7.050061E-02   -1.662771E+00   -2.102090E+00
   -1.005610E-06   -3.014668E-04   -6.865810E-03   -8.078975E-02   -1.686597E+00   -2.220252E+00
   -1.028138E-06   -3.082190E-04   -7.018886E-03   -9.147638E-02   -1.707736E+00   -2.309497E+00
   -1.050949E-06   -3.150560E-04   -7.173853E-03   -1.025219E-01   -1.726166E+00   -2.368317E+00
   -1.073997E-06   -3.219641E-04   -7.330402E-03   -1.139350E-01   -1.741688E+00   -2.395747E+00
   -1.097224E-06   -3.289257E-04   -7.488125E-03   -1.257250E-01   -1.754087E+00   -2.391266E+00
   -1.120568E-06   -3.359220E-04   -7.646595E-03   -1.378992E-01   -1.763146E+00   -2.354812E+00
   -1.143961E-06   -3.429331E-04   -7.805355E-03   -1.504627E-01   -1.768642E+00   -2.286802E+00
   -1.167333E-06   -3.499379E-04   -7.963927E-03   -1.634188E-01   -1.770351E+00   -2.188138E+00
   -1.190693E-06   -3.569388E-04   -8.122359E-03   -1.767567E-01   -1.768127E+00   -2.060219E+00
   -1.214245E-06   -3.639974E-04   -8.282060E-03   -1.904392E-01   -1.762026E+00   -1.904968E+00
   -1.237954E-06   -3.711027E-04   -8.442776E-03   -2.044666E-01   -1.751886E+00   -1.724783E+00
   -1.261757E-06   -3.782363E-04   -8.604086E-03   -2.188406E-01   -1.737526E+00   -1.522482E+00
   -1.285590E-06   -3.853788E-04   -8.765550E-03   -2.335602E-01   -1.718770E+00   -1.301264E+00
   -1.309386E-06   -3.925100E-04   -8.926702E-03   -2.486227E-01   -1.695446E+00   -1.064665E+00
   -1.333073E-06   -3.996085E-04   -9.087055E-03   -2.640224E-01   -1.667392E+00   -8.165068E-01
   -1.356638E-06   -4.066704E-04   -9.246519E-03   -2.797462E-01   -1.634516E+00   -5.608478E-01
   -1.380298E-06   -4.137606E-04   -9.406574E-03   -2.957615E-01   -1.596975E+00   -3.019587E-01
   -1.404031E-06   -4.208723E-04   -9.567064E-03   -3.120606E-01   -1.554700E+00   -4.413357E-02
   -1.427775E-06   -4.279874E-04   -9.727577E-03   -3.286369E-01   -1.507596E+00    2.083505E-01
   -1.451468E-06   -4.350873E-04   -9.887684E-03   -3.454812E-01   -1.455580E+00    4.513031E-01
   -1.475046E-06   -4.421523E-04   -1.004694E-02   -3.625824E-01   -1.398584E+00    6.806980E-01
   -1.498438E-06   -4.491618E-04   -1.020487E-02   -3.799267E-01   -1.336557E+00    8.927488E-01
   -1.521618E-06   -4.561072E-04   -1.036128E-02   -3.974962E-01   -1.269509E+00    1.083977E+00
   -1.544798E-06   -4.630526E-04   -1.051763E-02   -4.152650E-01   -1.197713E+00    1.251262E+00
   -1.567973E-06   -4.699966E-04   -1.067389E-02   -4.332186E-01   -1.121236E+00    1.391988E+00
   -1.591089E-06   -4.769227E-04   -1.082967E-02   -4.513430E-01   -1.040112E+00    1.504057E+00
   -1.614088E-06   -4.838134E-04   -1.098459E-02   -4.696217E-01   -9.543935E-01    1.585921E+00
   -1.636908E-06   -4.906506E-04   -1.113823E-02   -4.880360E-01   -8.641543E-01    1.636615E+00
   -1.659488E-06   -4.974155E-04   -1.129016E-02   -5.065652E-01   -7.694892E-01    1.655781E+00
   -1.681789E-06   -5.040967E-04   -1.144011E-02   -5.251862E-01   -6.705411E-01    1.643672E+00
   -1.704009E-06   -5.107536E-04   -1.158945E-02   -5.438796E-01   -5.676985E-01    1.601165E+00
   -1.726165E-06   -5.173911E-04   -1.173829E-02   -5.626271E-01   -4.611853E-01    1.529745E+00
   -1.748208E-06   -5.239944E-04   -1.188627E-02   -5.814084E-01   -3.511834E-01    1.431459E+00
   -1.770085E-06   -5.305481E-04   -1.203307E-02   -6.002013E-01   -2.378955E-01    1.308864E+00
   -1.791744E-06   -5.370363E-04   -1.217830E-02   -6.189818E-01   -1.215465E-01    1.164973E+00
   -1.813131E-06   -5.434427E-04   -1.232160E-02   -6.377237E-01   -2.383012E-03    1.003193E+00
   -1.834203E-06   -5.497545E-04   -1.246268E-02   -6.563998E-01    1.193137E-01    8.272445E-01
   -1.855133E-06   -5.560239E-04   -1.260273E-02   -6.749958E-01    2.430645E-01    6.411124E-01
   -1.875960E-06   -5.622618E-04   -1.274199E-02   -6.934927E-01    3.685041E-01    4.489141E-01
   -1.896639E-06   -5.684556E-04   -1.288018E-02   -7.118660E-01    4.953170E-01    2.548064E-01
   -1.917128E-06   -5.745921E-04   -1.301700E-02   -7.300899E-01    6.231700E-01    6.290055E-02
   -1.937382E-06   -5.806581E-04   -1.315214E-02   -7.481371E-01    7.517127E-01   -1.228285E-01
   -1.957355E-06   -5.866398E-04   -1.328529E-02   -7.659786E-01    8.805781E-01   -2.986299E-01
   -1.977006E-06   -5.925248E-04   -1.341617E-02   -7.835847E-01    1.009379E+00   -4.610576E-01
   -1.996479E-06   -5.983563E-04   -1.354577E-02   -8.009444E-01    1.137592E+00   -6.070258E-01
   -2.015828E-06   -6.041503E-04   -1.367443E-02   -8.180407E-01    1.264764E+00   -7.339079E-01
   -2.035017E-06   -6.098963E-04   -1.380194E-02   -8.348474E-01    1.390495E+00   -8.395888E-01
   -2.054011E-06   -6.155839E-04   -1.392804E-02   -8.513371E-01    1.514378E+00   -9.224943E-01
   -2.072775E-06   -6.212021E-04   -1.405249E-02   -8.674817E-01    1.635998E+00   -9.816175E-01
   -2.091270E-06   -6.267399E-04   -1.417504E-02   -8.832518E-01    1.754933E+00   -1.016531E+00
   -2.109461E-06   -6.321862E-04   -1.429544E-02   -8.986173E-01    1.870756E+00   -1.027386E+00
   -2.127459E-06   -6.375745E-04   -1.441445E-02   -9.135688E-01    1.982967E+00   -1.014888E+00
   -2.145331E-06   -6.429247E-04   -1.453251E-02   -9.280936E-01    2.091106E+00   -9.802816E-01
   -2.163048E-06   -6.482286E-04   -1.464945E-02   -9.421657E-01    2.194771E+00   -9.253033E-01
   -2.180584E-06   -6.534778E-04   -1.476507E-02   -9.557585E-01    2.293560E+00   -8.521237E-01
   -2.197909E-06   -6.586639E-04   -1.487918E-02   -9.688451E-01    2.387078E+00   -7.632821E-01
   -2.214995E-06   -6.637781E-04   -1.499158E-02   -9.813978E-01    2.474940E+00   -6.616133E-01
   -2.231812E-06   -6.688117E-04   -1.510207E-02   -9.933884E-01    2.556766E+00   -5.501702E-01
   -2.248440E-06   -6.737882E-04   -1.521119E-02   -1.004808E+00    2.632155E+00   -4.321418E-01
   -2.264953E-06   -6.787303E-04   -1.531945E-02   -1.015649E+00    2.700741E+00   -3.107690E-01
   -2.281331E-06   -6.836315E-04   -1.542671E-02   -1.025888E+00    2.762204E+00   -1.892596E-01
   -2.297551E-06   -6.884855E-04   -1.553282E-02   -1.035501E+00    2.816246E+00   -7.070942E-02
   -2.313593E-06   -6.932858E-04   -1.563763E-02   -1.044464E+00    2.862584E+00    4.197287E-02
   -2.329435E-06   -6.980259E-04   -1.574099E-02   -1.052753E+00    2.900958E+00    1.461328E-01
   -2.345053E-06   -7.026990E-04   -1.584276E-02   -1.060343E+00    2.931129E+00    2.394291E-01
   -2.360500E-06   -7.073206E-04   -1.594328E-02   -1.067225E+00    2.952871E+00    3.198818E-01
   -2.375853E-06   -7.119137E-04   -1.604308E-02   -1.073398E+00    2.965993E+00    3.859130E-01
   -2.391095E-06   -7.164736E-04   -1.614204E-02   -1.078842E+00    2.970349E+00    4.363727E-01
   -2.406212E-06   -7.209957E-04   -1.624007E-02   -1.083537E+00    2.965820E+00    4.705507E-01
   -2.421187E-06   -7.254751E-04   -1.633704E-02   -1.087462E+00    2.952316E+00    4.881792E-01
   -2.436004E-06   -7.299071E-04   -1.643287E-02   -1.090600E+00    2.929779E+00    4.894223E-01
   -2.450647E-06   -7.342866E-04   -1.652742E-02   -1.092929E+00    2.898180E+00    4.748562E-01
   -2.465146E-06   -7.386231E-04   -1.662091E-02   -1.094444E+00    2.857522E+00    4.454397E-01
   -2.479573E-06   -7.429377E-04   -1.671383E-02   -1.095145E+00    2.807849E+00    4.024773E-01
   -2.493919E-06   -7.472277E-04   -1.680611E-02   -1.095020E+00    2.749241E+00    3.475716E-01
   -2.508171E-06   -7.514894E-04   -1.689766E-02   -1.094052E+00    2.681813E+00    2.825720E-01
   -2.522318E-06   -7.557196E-04   -1.698842E-02   -1.092227E+00    2.605712E+00    2.095206E-01
   -2.536348E-06   -7.599146E-04   -1.707830E-02   -1.089532E+00    2.521118E+00    1.305955E-01
   -2.550250E-06   -7.640709E-04   -1.716722E-02   -1.085953E+00    2.428246E+00    4.805461E-02
   -2.564040E-06   -7.681938E-04   -1.725530E-02   -1.081484E+00    2.327347E+00   -3.581996E-02
   -2.577781E-06   -7.723014E-04   -1.734295E-02   -1.076133E+00    2.218711E+00   -1.187735E-01
   -2.591465E-06   -7.763922E-04   -1.743013E-02   -1.069891E+00    2.102659E+00   -1.986309E-01
   -2.605086E-06   -7.804638E-04   -1.751679E-02   -1.062748E+00    1.979543E+00   -2.733404E-01
   -2.618636E-06   -7.845136E-04   -1.760288E-02   -1.054696E+00    1.849742E+00   -3.410128E-01
   -2.632105E-06   -7.885393E-04   -1.768833E-02   -1.045727E+00    1.713668E+00   -3.999552E-01
   -2.645485E-06   -7.925382E-04   -1.777309E-02   -1.035835E+00    1.571760E+00   -4.486980E-01
   -2.658786E-06   -7.965130E-04   -1.785722E-02   -1.025018E+00    1.424487E+00   -4.860170E-01
   -2.672055E-06   -8.004782E-04   -1.794105E-02   -1.013286E+00    1.272349E+00   -5.109484E-01
   -2.685291E-06   -8.044335E-04   -1.802456E-02   -1.000636E+00    1.115867E+00   -5.228002E-01
   -2.698489E-06   -8.083770E-04   -1.810772E-02   -9.870665E-01    9.555808E-01   -5.211575E-01
   -2.711643E-06   -8.123071E-04   -1.819048E-02   -9.725748E-01    7.920500E-01   -5.058836E-01
   -2.724746E-06   -8.162220E-04   -1.827281E-02   -9.571601E-01    6.258529E-01   -4.771176E-01
   -2.737794E-06   -8.201199E-04   -1.835467E-02   -9.408223E-01    4.575831E-01   -4.352683E-01
   -2.750789E-06   -8.240019E-04   -1.843608E-02   -9.235645E-01    2.878497E-01   -3.810062E-01
   -2.763768E-06   -8.278791E-04   -1.851729E-02   -9.054003E-01    1.172789E-01   -3.152526E-01
   -2.776733E-06   -8.317517E-04   -1.859830E-02   -8.863342E-01   -5.350008E-02   -2.391662E-01
   -2.789680E-06   -8.356187E-04   -1.867910E-02   -8.663702E-01   -2.238528E-01   -1.541284E-01
   -2.802604E-06   -8.394788E-04   -1.875964E-02   -8.455132E-01   -3.931414E-01   -6.172633E-02
   -2.815501E-06   -8.433307E-04   -1.883991E-02   -8.237692E-01   -5.607273E-01    3.626622E-02
   -2.828368E-06   -8.471731E-04   -1.891987E-02   -8.011447E-01   -7.259737E-01    1.379106E-01
   -2.841205E-06   -8.510064E-04   -1.899953E-02   -7.776489E-01   -8.882474E-01    2.411280E-01
   -2.854039E-06   -8.548387E-04   -1.907907E-02   -7.532992E-01   -1.046919E+00    3.437280E-01
   -2.866872E-06   -8.586708E-04   -1.915851E-02   -7.281070E-01   -1.201372E+00    4.434408E-01
   -2.879703E-06   -8.625018E-04   -1.923783E-02   -7.020832E-01   -1.351005E+00    5.379538E-01
   -2.892528E-06   -8.663308E-04   -1.931700E-02   -6.752395E-01   -1.495232E+00    6.249512E-01
   -2.905345E-06   -8.701570E-04   -1.939602E-02   -6.475889E-01   -1.633484E+00    7.021599E-01
   -2.918149E-06   -8.739796E-04   -1.947485E-02   -6.191449E-01   -1.765215E+00    7.673983E-01
   -2.930942E-06   -8.777982E-04   -1.955350E-02   -5.899229E-01   -1.889900E+00    8.186296E-01
   -2.943741E-06   -8.816189E-04   -1.963209E-02   -5.599447E-01   -2.007041E+00    8.540175E-01
   -2.956552E-06   -8.854425E-04   -1.971065E-02   -5.292285E-01   -2.116168E+00    8.719840E-01
   -2.969371E-06   -8.892686E-04   -1.978917E-02   -4.977921E-01   -2.216843E+00    8.712662E-01
   -2.982197E-06   -8.930965E-04   -1.986762E-02   -4.656539E-01   -2.308663E+00    8.509720E-01
   -2.995027E-06   -8.969256E-04   -1.994599E-02   -4.328336E-01   -2.391258E+00    8.106319E-01
   -3.007860E-06   -9.007552E-04   -2.002427E-02   -3.993517E-01   -2.464297E+00    7.502443E-01
   -3.020695E-06   -9.045851E-04   -2.010246E-02   -3.652297E-01   -2.527486E+00    6.703127E-01
   -3.033544E-06   -9.084193E-04   -2.018063E-02   -3.304943E-01   -2.580574E+00    5.718716E-01
   -3.046413E-06   -9.122590E-04   -2.025883E-02   -2.951700E-01   -2.623350E+00    4.564989E-01
   -3.059300E-06   -9.161038E-04   -2.033703E-02   -2.592811E-01   -2.655649E+00    3.263122E-01
   -3.072202E-06   -9.199532E-04   -2.041523E-02   -2.228526E-01   -2.677350E+00    1.839488E-01
   -3.085119E-06   -9.238067E-04   -2.049341E-02   -1.859103E-01   -2.688376E+00    3.252742E-02
   -3.098049E-06   -9.276639E-04   -2.057157E-02   -1.484811E-01   -2.688699E+00   -1.244100E-01
   -3.110991E-06   -9.315246E-04   -2.064969E-02   -1.105925E-01   -2.678336E+00   -2.829743E-01
   -3.123955E-06   -9.353914E-04   -2.072784E-02   -7.227590E-02   -2.657351E+00   -4.390232E-01
   -3.136944E-06   -9.392656E-04   -2.080604E-02   -3.356165E-02   -2.625858E+00   -5.882724E-01
   -3.149957E-06   -9.431469E-04   -2.088429E-02    5.520233E-03   -2.584014E+00   -7.264202E-01
   -3.162994E-06   -9.470349E-04   -2.096258E-02    4.493900E-02   -2.532025E+00   -8.492816E-01
   -3.176053E-06   -9.509294E-04   -2.104090E-02    8.466313E-02   -2.470143E+00   -9.529288E-01
   -3.189132E-06   -9.548299E-04   -2.111924E-02    1.246604E-01   -2.398663E+00   -1.033834E+00
   -3.202232E-06   -9.587362E-04   -2.119759E-02    1.648979E-01   -2.317926E+00   -1.089005E+00
   -3.215359E-06   -9.626503E-04   -2.127600E-02    2.053401E-01   -2.228316E+00   -1.116119E+00
   -3.228516E-06   -9.665731E-04   -2.135450E-02    2.459519E-01   -2.130256E+00   -1.113629E+00
   -3.241702E-06   -9.705047E-04   -2.143306E-02    2.866983E-01   -2.024211E+00   -1.080865E+00
   -3.254917E-06   -9.744446E-04   -2.151169E-02    3.275440E-01   -1.910680E+00   -1.018093E+00
   -3.268160E-06   -9.783926E-04   -2.159039E-02    3.684528E-01   -1.790200E+00   -9.265593E-01
   -3.281431E-06   -9.823486E-04   -2.166914E-02    4.093884E-01   -1.663338E+00   -8.084912E-01
   -3.294727E-06   -9.863122E-04   -2.174794E-02    4.503135E-01   -1.530694E+00   -6.670650E-01
   -3.308055E-06   -9.902847E-04   -2.182682E-02    4.911897E-01   -1.392893E+00   -5.063376E-01
   -3.321417E-06   -9.942673E-04   -2.190580E-02    5.319781E-01   -1.250587E+00   -3.311410E-01
   -3.334812E-06   -9.982598E-04   -2.198487E-02    5.726403E-01   -1.104446E+00   -1.469412E-01
   -3.348241E-06   -1.002262E-03   -2.206403E-02    6.131377E-01   -9.551617E-01    4.033239E-02
   -3.361702E-06   -1.006274E-03   -2.214328E-02    6.534313E-01   -8.034371E-01    2.244850E-01
   -3.375195E-06   -1.010295E-03   -2.222261E-02    6.934817E-01   -6.499884E-01    3.992739E-01
   -3.388720E-06   -1.014325E-03   -2.230202E-02    7.332492E-01   -4.955389E-01    5.586377E-01
   -3.402279E-06   -1.018365E-03   -2.238151E-02    7.726936E-01   -3.408168E-01    6.969292E-01
   -3.415875E-06   -1.022416E-03   -2.246112E-02    8.117741E-01   -1.865507E-01    8.091431E-01
   -3.429509E-06   -1.026478E-03   -2.254085E-02    8.504506E-01   -3.346539E-02    8.911274E-01
   -3.443179E-06   -1.030551E-03   -2.262068E-02    8.886830E-01    1.177211E-01    9.397707E-01
   -3.456886E-06   -1.034634E-03   -2.270061E-02    9.264310E-01    2.663014E-01    9.531556E-01
   -3.470629E-06   -1.038728E-03   -2.278064E-02    9.636545E-01    4.115825E-01    9.306708E-01
   -3.484407E-06   -1.042832E-03   -2.286077E-02    1.000313E+00    5.528894E-01    8.730740E-01
   -3.498222E-06   -1.046947E-03   -2.294100E-02    1.036366E+00    6.895681E-01    7.825037E-01
   -3.512078E-06   -1.051074E-03   -2.302135E-02    1.071774E+00    8.209897E-01    6.624332E-01
   -3.525974E-06   -1.055212E-03   -2.310183E-02    1.106496E+00    9.465538E-01    5.175694E-01
   -3.539909E-06   -1.059363E-03   -2.318242E-02    1.140493E+00    1.065692E+00    3.536966E-01
   -3.553884E-06   -1.063524E-03   -2.326313E-02    1.173725E+00    1.177870E+00    1.774702E-01
   -3.567898E-06   -1.067697E-03   -2.334396E-02    1.206154E+00    1.282591E+00   -3.832781E-03
   -3.581951E-06   -1.071882E-03   -2.342489E-02    1.237741E+00    1.379399E+00   -1.825981E-01
   -3.596044E-06   -1.076078E-03   -2.350593E-02    1.268447E+00    1.467881E+00   -3.511822E-01
   -3.610180E-06   -1.080287E-03   -2.358711E-02    1.298235E+00    1.547668E+00   -5.022311E-01
   -3.624358E-06   -1.084508E-03   -2.366842E-02    1.327067E+00    1.618438E+00   -6.289982E-01
   -3.638578E-06   -1.088741E-03   -2.374986E-02    1.354907E+00    1.679920E+00   -7.256449E-01
   -3.652841E-06   -1.092987E-03   -2.383142E-02    1.381718E+00    1.731892E+00   -7.875128E-01
   -3.667146E-06   -1.097245E-03   -2.391310E-02    1.407466E+00    1.774184E+00   -8.113525E-01
   -3.681492E-06   -1.101516E-03   -2.399490E-02    1.432115E+00    1.806679E+00   -7.954987E-01
   -3.695881E-06   -1.105798E-03   -2.407682E-02    1.455632E+00    1.829312E+00   -7.399816E-01
   -3.710315E-06   -1.110094E-03   -2.415888E-02    1.477983E+00    1.842074E+00   -6.465673E-01
   -3.724793E-06   -1.114403E-03   -2.424108E-02    1.499136E+00    1.845010E+00   -5.187235E-01
   -3.870227E-06   -1.157673E-03   -2.506006E-02    1.637570E+00    1.390996E+00    1.078906E+00
   -4.020266E-06   -1.202288E-03   -2.589233E-02    1.632894E+00    3.620331E-01   -3.675369E-01
   -4.175183E-06   -1.248327E-03   -2.673823E-02    1.474631E+00   -6.343643E-01   -1.107535E+00
   -4.335224E-06   -1.295861E-03   -2.759783E-02    1.169062E+00   -1.059210E+00    9.422459E-01
   -4.500631E-06   -1.344959E-03   -2.847106E-02    7.408213E-01   -7.431143E-01    1.562042E-01
   -4.671641E-06   -1.395688E-03   -2.935767E-02    2.321763E-01    4.164561E-02   -4.649216E-01
   -4.848485E-06   -1.448113E-03   -3.025726E-02   -3.003661E-01    7.832706E-01    4.933522E-01
   -5.031396E-06   -1.502300E-03   -3.116933E-02   -7.921664E-01    1.064497E+00   -3.191404E-01
   -5.220609E-06   -1.558314E-03   -3.209320E-02   -1.178832E+00    7.930003E-01   -5.440991E-01
   -5.416360E-06   -1.616221E-03   -3.302808E-02   -1.405915E+00    1.802964E-01    8.228361E-01
   -5.618892E-06   -1.676089E-03   -3.397305E-02   -1.438517E+00   -4.678080E-01    3.934862E-02
   -5.828447E-06   -1.737984E-03   -3.492705E-02   -1.269047E+00   -9.351499E-01   -6.716909E-01
   -6.045278E-06   -1.801976E-03   -3.588886E-02   -9.213620E-01   -1.102895E+00    6.909912E-01
   -6.269639E-06   -1.868134E-03   -3.685714E-02   -4.498062E-01   -8.602931E-01   -8.966547E-01
   -6.501793E-06   -1.936530E-03   -3.783036E-02    6.758663E-02   -1.404414E-01    8.714465E-01
   -6.742008E-06   -2.007236E-03   -3.880685E-02    5.414026E-01    8.573548E-01   -7.925556E-02
   -6.990560E-06   -2.080327E-03   -3.978476E-02    8.870498E-01    1.540039E+00   -6.160837E-01
   -7.247732E-06   -2.155878E-03   -4.076208E-02    1.042007E+00    1.255006E+00    5.620762E-01
   -7.513815E-06   -2.233967E-03   -4.173659E-02    9.804371E-01   -8.039828E-03   -4.811470E-01
   -7.789108E-06   -2.314674E-03   -4.270588E-02    7.213467E-01   -1.277448E+00    7.095015E-01
   -8.073918E-06   -2.398080E-03   -4.366735E-02    3.273437E-01   -1.303713E+00   -5.942410E-01
   -8.368562E-06   -2.484267E-03   -4.461816E-02   -1.071478E-01    8.329319E-02   -3.298063E-02
   -8.673366E-06   -2.573321E-03   -4.555528E-02   -4.767432E-01    1.453146E+00    4.142047E-01
   -8.988666E-06   -2.665329E-03   -4.647542E-02   -6.907976E-01    1.111000E+00   -3.107916E-01
   -9.314806E-06   -2.760380E-03   -4.737505E-02   -6.975729E-01   -8.205758E-01    2.926055E-01
   -9.652144E-06   -2.858564E-03   -4.825042E-02   -4.998227E-01   -2.137409E+00   -6.239258E-01
   -1.000105E-05   -2.959976E-03   -4.909747E-02   -1.561439E-01   -1.007909E+00    7.890032E-01
   -1.036189E-05   -3.064710E-03   -4.991191E-02    2.340041E-01    1.518564E+00   -4.781933E-01
   -1.073507E-05   -3.172864E-03   -5.068916E-02    5.587191E-01    2.445116E+00    8.179143E-02
   -1.112098E-05   -3.284540E-03   -5.142434E-02    7.276283E-01    5.971005E-01   -9.972326E-02
   -1.152004E-05   -3.399837E-03   -5.211229E-02    7.004119E-01   -1.661551E+00    4.070277E-01
   -1.193268E-05   -3.518863E-03   -5.274755E-02    4.993183E-01   -1.517302E+00   -5.408140E-01
   -1.235933E-05   -3.641723E-03   -5.332434E-02    1.997905E-01    4.384663E-01    2.761699E-01
   -1.280046E-05   -3.768527E-03   -5.383658E-02   -9.872856E-02    1.236554E+00    1.818326E-01
   -1.325653E-05   -3.899387E-03   -5.427787E-02   -3.112155E-01   -1.712363E-02   -5.657167E-01
   -1.372803E-05   -4.034418E-03   -5.464148E-02   -3.987883E-01   -1.100331E+00    7.249614E-01
   -1.421546E-05   -4.173737E-03   -5.492036E-02   -3.789776E-01   -4.101168E-01   -6.592024E-01
   -1.471933E-05   -4.317462E-03   -5.510716E-02   -3.084581E-01    8.424893E-01    4.631903E-01
   -1.524018E-05   -4.465717E-03   -5.519420E-02   -2.456434E-01    1.033379E+00   -3.348170E-01
   -1.577855E-05   -4.618624E-03   -5.517348E-02   -2.127388E-01    2.403458E-01    2.416835E-01
   -1.633501E-05   -4.776313E-03   -5.503672E-02   -1.804201E-01   -7.500730E-01    1.521891E-01
   -1.691015E-05   -4.938911E-03   -5.477531E-02   -8.871592E-02   -1.120639E+00   -8.351243E-01
   -1.750458E-05   -5.106552E-03   -5.438040E-02    1.030121E-01   -7.801581E-02    9.137885E-01
   -1.811891E-05   -5.279369E-03   -5.384285E-02    3.659364E-01    1.217201E+00    1.694551E-02
   -1.875378E-05   -5.457500E-03   -5.315330E-02    5.891329E-01    3.524752E-01   -7.613298E-01
   -1.940988E-05   -5.641084E-03   -5.230217E-02    6.270795E-01   -1.206903E+00    4.725816E-01
   -2.008787E-05   -5.830263E-03   -5.127970E-02    3.932471E-01    1.238577E-01   -1.721617E-02
   -2.078848E-05   -6.025180E-03   -5.007599E-02   -5.384955E-02    1.769869E+00   -3.130135E-01
   -2.151242E-05   -6.225984E-03   -4.868102E-02   -4.998157E-01   -5.349218E-01    3.288392E-01
   -2.226047E-05   -6.432821E-03   -4.708474E-02   -6.741579E-01   -2.232949E+00    6.582095E-01
   -2.303339E-05   -6.645843E-03   -4.527709E-02   -4.241751E-01    7.289429E-01   -5.364059E-01
   -2.383199E-05   -6.865203E-03   -4.324808E-02    1.440533E-01    1.854963E+00   -8.774180E-01
   -2.465710E-05   -7.091055E-03   -4.098786E-02    6.764838E-01   -9.573055E-01    5.723552E-01
   -2.550958E-05   -7.323555E-03   -3.848679E-02    7.730932E-01   -6.880045E-01    1.642838E-01
   -2.639032E-05   -7.562861E-03   -3.573552E-02    2.798799E-01    1.251560E+00   -2.942881E-01
   -2.730024E-05   -7.809133E-03   -3.272514E-02   -5.364088E-01   -2.901280E-01   -8.224647E-01
   -2.824027E-05   -8.062531E-03   -2.944720E-02   -1.105720E+00   -1.192976E+00    8.575206E-02
   -2.921139E-05   -8.323218E-03   -2.589391E-02   -9.456918E-01    3.953460E-01    7.033176E-01
   -3.021461E-05   -8.591355E-03   -2.205821E-02   -6.762978E-02    9.891607E-01    5.859491E-01
   -3.125097E-05   -8.867105E-03   -1.793395E-02    9.457933E-01    1.950170E-02    6.138863E-02
   -3.232155E-05   -9.150633E-03   -1.351601E-02    1.333131E+00   -9.727433E-01   -6.894771E-01
   -3.342745E-05   -9.442101E-03   -8.800477E-03    7.686591E-01    4.070064E-01   -6.808870E-01
   -3.456982E-05   -9.741672E-03   -3.784795E-03   -3.124018E-01    4.057493E-01   -6.997493E-01
   -3.574983E-05   -1.004951E-02    1.532021E-03   -1.027785E+00   -1.368533E+00   -1.555927E-01
   -3.696872E-05   -1.036578E-02    7.149212E-03   -8.063623E-01    1.499812E+00    6.761602E-02
   -3.822774E-05   -1.069063E-02    1.306407E-02    7.705589E-02    4.487453E-01    5.075859E-01
   -3.952820E-05   -1.102423E-02    1.927171E-02    7.439717E-01   -2.004313E+00    7.871970E-01
   -4.087143E-05   -1.136672E-02    2.576487E-02    5.654894E-01    1.484567E+00    8.245303E-01
   -4.225882E-05   -1.171828E-02    3.253368E-02   -2.079441E-01   -4.989025E-01    9.468379E-01
   -4.369181E-05   -1.207903E-02    3.956541E-02   -7.260951E-01   -2.945338E-01    3.673331E-01
   -4.517188E-05   -1.244913E-02    4.684425E-02   -4.630252E-01    1.281055E+00    7.516553E-01
   -4.670056E-05   -1.282872E-02    5.435105E-02    2.375549E-01   -1.150047E+00    5.797274E-01
   -4.827941E-05   -1.321793E-02    6.206313E-02    6.236444E-01   -1.684601E-01    9.152899E-01
   -4.991008E-05   -1.361689E-02    6.995399E-02    4.219940E-01    7.729784E-01    3.500884E-01
   -5.159424E-05   -1.402572E-02    7.799312E-02    3.345466E-02   -3.579147E-01   -1.104367E-01
   -5.333363E-05   -1.444454E-02    8.614581E-02   -1.403259E-01    1.499673E-01    1.547920E-01
   -5.513003E-05   -1.487344E-02    9.437290E-02   -1.968819E-01    2.298664E-01   -8.743734E-01
   -5.698531E-05   -1.531252E-02    1.026307E-01   -3.283649E-01   -1.329071E+00   -7.349372E-01
   -5.890138E-05   -1.576186E-02    1.108707E-01   -2.940034E-01    2.084419E+00    2.041572E-01
   -6.088019E-05   -1.622153E-02    1.190397E-01    1.540308E-01   -1.752239E+00    1.213318E-01
   -6.292380E-05   -1.669159E-02    1.270796E-01    5.340686E-01    1.363520E+00    7.945821E-01
   -6.503430E-05   -1.717208E-02    1.349273E-01    1.647009E-01   -1.404727E+00   -9.417575E-02
   -6.721387E-05   -1.766302E-02    1.425152E-01   -5.186119E-01    1.079948E+00   -7.122157E-01
   -6.946475E-05   -1.816442E-02    1.497706E-01   -3.090369E-01   -1.399608E-01   -1.806310E-01
   -7.178925E-05   -1.867627E-02    1.566167E-01    6.812226E-01   -4.614604E-01    1.035062E+00
   -7.418976E-05   -1.919852E-02    1.629724E-01    7.519341E-01    4.707817E-01   -4.629524E-01
   -7.666875E-05   -1.973113E-02    1.687529E-01   -5.566376E-01   -6.636850E-01   -4.674977E-01
   -7.922875E-05   -2.027401E-02    1.738701E-01   -1.190780E+00    1.408368E+00    5.151785E-01
   -8.187241E-05   -2.082704E-02    1.782334E-01    7.007750E-02   -1.966293E+00   -1.349541E-01
   -8.460243E-05   -2.139010E-02    1.817504E-01    1.145349E+00    1.843824E+00    7.454898E-02
   -8.742161E-05   -2.196299E-02    1.843279E-01    2.075165E-01   -1.423271E+00    2.235276E-01
   -9.033285E-05   -2.254553E-02    1.858726E-01   -8.533910E-01    1.258295E+00   -9.485550E-01
   -9.333912E-05   -2.313747E-02    1.862930E-01   -4.836724E-02   -1.172048E+00    8.722471E-01
   -9.644350E-05   -2.373851E-02    1.855002E-01    8.133518E-01    8.184028E-01   -3.252383E-01
   -9.964918E-05   -2.434835E-02    1.834099E-01   -4.778017E-02   -3.493010E-01    6.827882E-01
   -1.029594E-04   -2.496660E-02    1.799436E-01   -7.838835E-01    3.147584E-01   -8.305347E-01
   -1.063776E-04   -2.559284E-02    1.750312E-01   -7.236728E-02   -6.865005E-01    4.301988E-01
   -1.099073E-04   -2.622661E-02    1.686122E-01    4.401650E-01    7.370177E-01   -7.909425E-01
   -1.135520E-04   -2.686738E-02    1.606387E-01    1.898393E-01    1.463267E-01    2.839606E-01
   -1.173154E-04   -2.751455E-02    1.510770E-01    8.147897E-02   -1.407175E+00    1.937518E-01
   -1.212015E-04   -2.816749E-02    1.399105E-01   -1.982984E-01    1.832728E+00   -4.508633E-01
   -1.252141E-04   -2.882546E-02    1.271417E-01   -2.728676E-01   -1.043172E+00    7.528174E-01
   -1.293574E-04   -2.948768E-02    1.127949E-01    3.663877E-01    1.105147E-01    4.472133E-01
   -1.336355E-04   -3.015329E-02    9.691870E-02   -5.292824E-02    2.599577E-01   -4.896830E-01
   -1.380528E-04   -3.082134E-02    7.958784E-02   -6.534515E-01   -8.166720E-01   -1.173241E-01
   -1.426138E-04   -3.149080E-02    6.090581E-02    7.163147E-01    1.649890E+00    5.387488E-01
   -1.473230E-04   -3.216055E-02    4.100643E-02    6.055643E-01   -8.266041E-01    5.193051E-01
   -1.521853E-04   -3.282938E-02    2.005549E-02   -1.125204E+00   -1.435489E+00    1.214162E-01
   -1.572055E-04   -3.349596E-02   -1.748240E-03    1.114170E-01    1.702715E+00   -4.376688E-01
   -1.623887E-04   -3.415888E-02   -2.417246E-02    7.193336E-01   -3.721725E-02   -9.561515E-01
   -1.677401E-04   -3.481660E-02   -4.695147E-02   -8.214186E-01   -5.589101E-01   -7.844993E-01
   -1.732651E-04   -3.546748E-02   -6.978713E-02    3.043865E-01    1.033206E+00   -6.384787E-01
   -1.789692E-04   -3.610974E-02   -9.235064E-02    6.252186E-01   -6.162986E-01   -8.302804E-01
   -1.848580E-04   -3.674149E-02   -1.142854E-01   -6.684949E-01   -1.386514E+00   -3.312285E-01
   -1.909375E-04   -3.736068E-02   -1.352109E-01   -4.269121E-02   -2.632682E-01   -6.394266E-01
   -1.972136E-04   -3.796515E-02   -1.547279E-01    1.374569E-01    1.475184E+00   -2.470159E-01
   -2.036926E-04   -3.855258E-02   -1.724250E-01    1.716766E-01    5.101226E-01   -4.020405E-01
   -2.103808E-04   -3.912048E-02   -1.878862E-01   -1.619396E-01   -8.065269E-01    4.253999E-01
   -2.172847E-04   -3.966624E-02   -2.007001E-01    1.617070E-01    5.344126E-01    7.458393E-01
   -2.244112E-04   -4.018706E-02   -2.104702E-01    7.633452E-02    1.226448E+00   -3.424420E-01
   -2.317671E-04   -4.067998E-02   -2.168267E-01   -7.913285E-01    1.716537E+00   -6.919726E-01
   -2.393594E-04   -4.114186E-02   -2.194389E-01    1.086532E+00   -1.199725E-01    6.647590E-01
   -2.471956E-04   -4.156938E-02   -2.180289E-01   -5.741307E-01   -4.077777E-01    2.933755E-01
   -2.552830E-04   -4.195904E-02   -2.123857E-01    8.078087E-02   -6.990115E-01   -5.406736E-01
   -2.636292E-04   -4.230715E-02   -2.023790E-01    2.491698E-01    7.386676E-01    4.690731E-01
   -2.722421E-04   -4.260983E-02   -1.879736E-01   -7.123998E-01    1.162219E+00   -6.192505E-01
   -2.811297E-04   -4.286300E-02   -1.692419E-01    8.778951E-01    1.931639E+00    3.175247E-01
   -2.903001E-04   -4.306239E-02   -1.463760E-01   -4.333655E-01    1.126051E+00   -4.294940E-01
   -2.997615E-04   -4.320352E-02   -1.196961E-01    4.592185E-02    8.553116E-01    2.428326E-01
   -3.095226E-04   -4.328173E-02   -8.965766E-02   -2.040439E-02   -5.524644E-01    4.952715E-01
   -3.195918E-04   -4.329212E-02   -5.685328E-02   -7.432401E-02   -4.828853E-01   -7.288694E-01
   -3.299780E-04   -4.322965E-02   -2.201070E-02    3.023724E-01   -1.017122E+00    3.616832E-01
   -3.406899E-04   -4.308904E-02    1.401472E-02   -1.844546E-01    4.317571E-02    3.734778E-01
   -3.517366E-04   -4.286484E-02    5.025362E-02   -1.750144E-01   -3.372431E-01    1.415661E-01
   -3.631269E-04   -4.255143E-02    8.564282E-02    2.748805E-01   -5.969017E-01   -8.614808E-01
   -3.748701E-04   -4.214300E-02    1.190524E-01   -1.137363E-01   -9.513771E-01   -5.081221E-01
   -3.869752E-04   -4.163360E-02    1.493200E-01    1.265489E-01   -2.713160E-01   -4.189532E-01
   -3.994512E-04   -4.101712E-02    1.752909E-01   -2.759007E-01    1.156689E+00   -4.153492E-01
   -4.123072E-04   -4.028733E-02    1.958657E-01    2.164558E-01    1.989235E-01   -5.450590E-01
   -4.255520E-04   -3.943791E-02    2.100508E-01    3.751357E-02    9.197171E-01   -6.442516E-01
   -4.391944E-04   -3.846244E-02    2.170134E-01   -5.038045E-02    1.756010E+00   -4.537638E-01
   -4.532428E-04   -3.735445E-02    2.161367E-01   -3.030884E-01   -2.429923E-01    6.650582E-02
   -4.677055E-04   -3.610747E-02    2.070730E-01    7.212605E-01   -4.568812E-01    6.177222E-01
   -4.825903E-04   -3.471504E-02    1.897918E-01   -8.883019E-01   -7.537786E-01    4.937919E-02
   -4.979046E-04   -3.317075E-02    1.646189E-01    8.434141E-01   -1.268832E+00   -3.397559E-01
   -5.136550E-04   -3.146833E-02    1.322628E-01   -6.881351E-01    1.690801E+00    9.516596E-01
   -5.298476E-04   -2.960164E-02    9.382399E-02    4.206151E-01    4.381300E-01   -1.668191E-01
   -5.464878E-04   -2.756481E-02    5.078496E-02   -2.889936E-02   -3.778634E-01    5.470364E-01
   -5.635796E-04   -2.535222E-02    4.975819E-03   -2.455150E-01   -1.403093E+00   -4.800167E-01
   -5.811262E-04   -2.295865E-02   -4.148474E-02    1.974042E-01    1.629946E+00    9.844884E-01
   -5.991292E-04   -2.037931E-02   -8.627473E-02    2.825277E-03   -1.274818E-01   -3.043426E-01
   -6.175889E-04   -1.760994E-02   -1.269791E-01    1.335034E-01   -1.022993E+00   -2.479231E-01
   -6.365036E-04   -1.464692E-02   -1.612221E-01   -6.222943E-01    6.397412E-01    4.295392E-01
   -6.558696E-04   -1.148736E-02   -1.868156E-01    7.949781E-01    4.106888E-01    4.374420E-01
   -6.756809E-04   -8.129192E-03   -2.019163E-01   -1.818808E-01   -6.793019E-01   -2.396869E-01
   -6.959287E-04   -4.571309E-03   -2.051816E-01   -4.851478E-01    6.168744E-01   -1.068714E-01
   -7.166015E-04   -8.136729E-04   -1.959110E-01    3.579896E-01   -1.162516E+00    1.830386E-02
   -7.376842E-04    3.142567E-03   -1.741616E-01   -1.745607E-02    8.297044E-01   -1.942495E-01
   -7.591581E-04    7.294943E-03   -1.408212E-01    3.568749E-01    7.984847E-01    1.772305E-01
   -7.810003E-04    1.163954E-02   -9.762898E-02   -3.750287E-01   -6.215258E-01    8.488618E-01
   -8.031832E-04    1.617089E-02   -4.713151E-02   -6.023880E-01   -4.580202E-01    3.509770E-01
   -8.256745E-04    2.088181E-02    7.432286E-03    6.948276E-01   -6.580294E-01   -2.517170E-01
   -8.484360E-04    2.576332E-02    6.231756E-02    4.822521E-01    3.200747E-01   -8.330616E-02
   -8.714237E-04    3.080455E-02    1.135260E-01   -4.075830E-01    1.025059E+00    3.118418E-01
   -8.945872E-04    3.599261E-02    1.571108E-01   -2.717371E-01   -4.233835E-02   -5.139642E-01
   -9.178692E-04    4.131253E-02    1.895125E-01    2.724679E-02    1.566078E+00    6.631582E-01
   -9.412048E-04    4.674725E-02    2.078977E-01   -4.436080E-01   -7.993821E-01   -7.683438E-01
   -9.645218E-04    5.227756E-02    2.104670E-01    1.462134E-01    2.940379E-01    7.192914E-01
   -9.877397E-04    5.788213E-02    1.966965E-01    1.110835E+00    3.363092E-01   -2.613338E-01
   -1.010770E-03    6.353757E-02    1.674790E-01    4.255873E-02   -1.432470E+00   -5.213884E-01
   -1.033516E-03    6.921856E-02    1.251373E-01   -4.633572E-01    1.064577E-01    6.272632E-01
   -1.055871E-03    7.489794E-02    7.329349E-02   -1.365414E-01    5.124364E-01    3.651814E-01
   -1.077724E-03    8.054698E-02    1.659184E-02   -9.443170E-03   -9.923877E-01   -2.429818E-01
   -1.098952E-03    8.613561E-02   -3.970814E-02   -4.406137E-01   -2.412232E-01   -5.206749E-01
   -1.119427E-03    9.163278E-02   -9.023420E-02   -8.510260E-01    1.254085E+00   -6.554070E-01
   -1.139016E-03    9.700678E-02   -1.300492E-01    2.080650E-01    4.237114E-01   -5.509788E-01
   -1.157579E-03    1.022257E-01   -1.551824E-01    5.451842E-01   -1.080830E+00   -2.002046E-01
   -1.174972E-03    1.072580E-01   -1.630794E-01    3.986841E-01   -8.507200E-01    1.057057E-01
   -1.191052E-03    1.120727E-01   -1.529082E-01   -9.325996E-02    1.414198E-01    1.302044E-01
   -1.205672E-03    1.166405E-01   -1.256785E-01    2.030595E-01    4.027179E-03   -8.972242E-02
   -1.218691E-03    1.209335E-01   -8.414755E-02    8.469304E-01   -8.423829E-01   -3.516463E-01
   -1.229970E-03    1.249267E-01   -3.251963E-02    4.832656E-01   -7.389276E-01   -4.878483E-01
   -1.239379E-03    1.285977E-01    2.402846E-02    9.840486E-03    3.789690E-01   -4.725037E-01
   -1.246796E-03    1.319274E-01    7.993677E-02   -5.272354E-01    8.200864E-01   -4.070678E-01
   -1.252113E-03    1.349006E-01    1.298899E-01    8.180932E-02   -2.983986E-01   -4.226853E-01
   -1.255236E-03    1.375062E-01    1.694011E-01    1.123246E-01   -1.520432E+00   -5.551119E-01
   -1.256090E-03    1.397370E-01    1.952777E-01   -2.658925E-01   -1.011147E+00   -6.754139E-01
   -1.254617E-03    1.415905E-01    2.059106E-01   -7.384467E-01    4.923031E-01   -5.759194E-01
   -1.250783E-03    1.430683E-01    2.013592E-01   -4.753840E-01    5.956438E-01   -2.072228E-01
   -1.244573E-03    1.441762E-01    1.832319E-01    3.329947E-01   -5.075484E-01    1.982747E-01
   -1.235998E-03    1.449238E-01    1.543920E-01    9.496744E-02   -1.600460E-01    3.942370E-01
   -1.225092E-03    1.453244E-01    1.185416E-01   -2.442374E-02    9.491645E-01    3.109438E-01
   -1.211909E-03    1.453942E-01    7.974765E-02    1.532671E-01   -2.036479E-02   -1.902736E-01
   -1.196528E-03    1.451524E-01    4.197625E-02    6.471538E-01   -4.375272E-01   -3.128148E-01
   -1.179048E-03    1.446198E-01    8.691579E-03    1.092315E-01    1.000936E+00    4.449554E-01
   -1.159585E-03    1.438191E-01   -1.743851E-02   -6.258372E-01    4.962708E-02   -3.799277E-01
   -1.138272E-03    1.427738E-01   -3.471028E-02    4.168182E-03    4.507348E-01    3.552153E-01
   -1.115257E-03    1.415080E-01   -4.242385E-02    7.039130E-02    8.806464E-01   -2.948296E-01
   -1.090695E-03    1.400456E-01   -4.081081E-02   -1.030722E-01   -3.657005E-01    1.565539E-02
   -1.064754E-03    1.384102E-01   -3.087688E-02    4.286976E-01    2.709554E-01    2.953899E-01
