   4838534417.22933       -23.0258509299405     
  3.382200480889930E+016  -23.0028020301107     
  6.843261795806933E+016  -22.9797531302809     
  1.038502320407358E+017  -22.9567042304511     
  1.400936635508171E+017  -22.9336553306214     
  1.771821677181763E+017  -22.9106064307916     
  2.151354487384281E+017  -22.8875575309618     
  2.539736702412677E+017  -22.8645086311321     
  2.937174660028868E+017  -22.8414597313023     
  3.343879509081633E+017  -22.8184108314725     
  3.760067321684529E+017  -22.7953619316427     
  4.185959208009392E+017  -22.7723130318130     
  4.621781433756422E+017  -22.7492641319832     
  5.067765540363272E+017  -22.7262152321534     
  5.524148468016974E+017  -22.7031663323237     
  5.991172681534085E+017  -22.6801174324939     
  6.469086299175901E+017  -22.6570685326641     
  6.958143224467226E+017  -22.6340196328344     
  7.458603281088648E+017  -22.6109707330046     
  7.970732350914045E+017  -22.5879218331748     
  8.494802515266668E+017  -22.5648729333450     
  9.031092199468777E+017  -22.5418240335153     
  9.579886320761697E+017  -22.5187751336855     
  1.014147643967482E+018  -22.4957262338557     
  1.071616091492404E+018  -22.4726773340260     
  1.130424506192183E+018  -22.4496284341962     
  1.190604131498323E+018  -22.4265795343664     
  1.252186939331404E+018  -22.4035306345366     
  1.315205647086883E+018  -22.3804817347069     
  1.379693735017005E+018  -22.3574328348771     
  1.445685464017974E+018  -22.3343839350473     
  1.513215893831804E+018  -22.3113350352176     
  1.582320901672703E+018  -22.2882861353878     
  1.653037201287582E+018  -22.2652372355580     
  1.725402362461148E+018  -22.2421883357282     
  1.799454830975714E+018  -22.2191394358985     
  1.875233949036379E+018  -22.1960905360687     
  1.952779976172505E+018  -22.1730416362389     
  2.032134110626508E+018  -22.1499927364092     
  2.113338511241355E+018  -22.1269438365794     
  2.196436319858432E+018  -22.1038949367496     
  2.281471684237642E+018  -22.0808460369199     
  2.368489781511844E+018  -22.0577971370901     
  2.457536842188299E+018  -22.0347482372603     
  2.548660174709626E+018  -22.0116993374305     
  2.641908190587529E+018  -21.9886504376008     
  2.737330430122439E+018  -21.9656015377710     
  2.834977588722936E+018  -21.9425526379412     
  2.934901543838826E+018  -21.9195037381115     
  3.037155382522194E+018  -21.8964548382817     
  3.141793429631053E+018  -21.8734059384519     
  3.248871276690651E+018  -21.8503570386221     
  3.358445811427685E+018  -21.8273081387924     
  3.470575247993173E+018  -21.8042592389626     
  3.585319157889957E+018  -21.7812103391328     
  3.702738501621410E+018  -21.7581614393031     
  3.822895661078003E+018  -21.7351125394733     
  3.945854472679059E+018  -21.7120636396435     
  4.071680261287165E+018  -21.6890147398137     
  4.200439874913493E+018  -21.6659658399840     
  4.332201720232196E+018  -21.6429169401542     
  4.467035798922893E+018  -21.6198680403244     
  4.605013744860574E+018  -21.5968191404947     
  4.746208862172596E+018  -21.5737702406649     
  4.890696164183052E+018  -21.5507213408351     
  5.038552413265161E+018  -21.5276724410054     
  5.189856161622905E+018  -21.5046235411756     
  5.344687793023438E+018  -21.4815746413458     
  5.503129565502706E+018  -21.4585257415160     
  5.665265655066662E+018  -21.4354768416863     
  5.831182200411528E+018  -21.4124279418565     
  6.000967348686678E+018  -21.3893790420267     
  6.174711302324608E+018  -21.3663301421970     
  6.352506366962780E+018  -21.3432812423672     
  6.534447000482830E+018  -21.3202323425374     
  6.720629863193239E+018  -21.2971834427076     
  6.911153869181879E+018  -21.2741345428779     
  7.106120238866288E+018  -21.2510856430481     
  7.305632552768706E+018  -21.2280367432183     
  7.509796806545404E+018  -21.2049878433886     
  7.718721467298881E+018  -21.1819389435588     
  7.932517531203019E+018  -21.1588900437290     
  8.151298582471903E+018  -21.1358411438992     
  8.375180853703593E+018  -21.1127922440695     
  8.604283287630792E+018  -21.0897433442397     
  8.838727600311410E+018  -21.0666944444099     
  9.078638345792436E+018  -21.0436455445802     
  9.324142982281368E+018  -21.0205966447504     
  9.575371939860892E+018  -20.9975477449206     
  9.832458689781993E+018  -20.9744988450908     
  1.009553981537302E+019  -20.9514499452611     
  1.036475508460188E+019  -20.9284010454313     
  1.064024752433017E+019  -20.9053521456015     
  1.092216349629867E+019  -20.8823032457718     
  1.121065277488425E+019  -20.8592543459420     
  1.150586862667042E+019  -20.8362054461122     
  1.180796789187226E+019  -20.8131565462825     
  1.211711106766059E+019  -20.7901076464527     
  1.243346239342859E+019  -20.7670587466229     
  1.275718993804649E+019  -20.7440098467931     
  1.308846568915080E+019  -20.7209609469634     
  1.342746564451537E+019  -20.6979120471336     
  1.377436990555290E+019  -20.6748631473038     
  1.412936277299641E+019  -20.6518142474741     
  1.449263284481179E+019  -20.6287653476443     
  1.486437311639291E+019  -20.6057164478145     
  1.524478108309341E+019  -20.5826675479847     
  1.563405884514872E+019  -20.5596186481550     
  1.603241321504452E+019  -20.5365697483252     
  1.644005582738859E+019  -20.5135208484954     
  1.685720325134454E+019  -20.4904719486657     
  1.728407710568681E+019  -20.4674230488359     
  1.772090417653842E+019  -20.4443741490061     
  1.816791653785382E+019  -20.4213252491763     
  1.862535167471095E+019  -20.3982763493466     
  1.909345260947787E+019  -20.3752274495168     
  1.957246803092105E+019  -20.3521785496870     
  2.006265242632413E+019  -20.3291296498573     
  2.056426621668663E+019  -20.3060807500275     
  2.107757589507564E+019  -20.2830318501977     
  2.160285416820241E+019  -20.2599829503680     
  2.214038010130075E+019  -20.2369340505382     
  2.269043926638278E+019  -20.2138851507084     
  2.325332389395148E+019  -20.1908362508786     
  2.382933302825054E+019  -20.1677873510489     
  2.441877268613414E+019  -20.1447384512191     
  2.502195601964032E+019  -20.1216895513893     
  2.563920348235567E+019  -20.0986406515596     
  2.627084299965809E+019  -20.0755917517298     
  2.691721014292936E+019  -20.0525428519000     
  2.757864830782892E+019  -20.0294939520702     
  2.825550889672527E+019  -20.0064450522405     
  2.894815150537957E+019  -19.9833961524107     
  2.965694411398275E+019  -19.9603472525809     
  3.038226328264654E+019  -19.9372983527512     
  3.112449435145179E+019  -19.9142494529214     
  3.188403164516173E+019  -19.8912005530916     
  3.266127868270814E+019  -19.8681516532618     
  3.345664839156102E+019  -19.8451027534321     
  3.427056332709716E+019  -19.8220538536023     
  3.510345589708277E+019  -19.7990049537725     
  3.595576859139019E+019  -19.7759560539428     
  3.682795421707046E+019  -19.7529071541130     
  3.772047613890629E+019  -19.7298582542832     
  3.863380852557401E+019  -19.7068093544535     
  3.956843660154471E+019  -19.6837604546237     
  4.052485690485782E+019  -19.6607115547939     
  4.150357755090531E+019  -19.6376626549641     
  4.250511850236604E+019  -19.6146137551344     
  4.353001184543307E+019  -19.5915648553046     
  4.457880207248112E+019  -19.5685159554748     
  4.565204637132504E+019  -19.5454670556451     
  4.675031492122178E+019  -19.5224181558153     
  4.787419119577317E+019  -19.4993692559855     
  4.902427227289154E+019  -19.4763203561557     
  5.020116915199150E+019  -19.4532714563260     
  5.140550707857687E+019  -19.4302225564962     
  5.263792587639577E+019  -19.4071736566664     
  5.389908028733886E+019  -19.3841247568367     
  5.518964031926279E+019  -19.3610758570069     
  5.651029160192238E+019  -19.3380269571771     
  5.786173575120140E+019  -19.3149780573473     
  5.924469074183500E+019  -19.2919291575176     
  6.065989128882219E+019  -19.2688802576878     
  6.210808923772964E+019  -19.2458313578580     
  6.359005396409597E+019  -19.2227824580283     
  6.510657278214745E+019  -19.1997335581985     
  6.665845136304259E+019  -19.1766846583687     
  6.824651416286700E+019  -19.1536357585390     
  6.987160486060691E+019  -19.1305868587092     
  7.153458680633370E+019  -19.1075379588794     
  7.323634347983649E+019  -19.0844890590496     
  7.497777895994817E+019  -19.0614401592199     
  7.675981840481192E+019  -19.0383912593901     
  7.858340854334516E+019  -19.0153423595603     
  8.044951817816064E+019  -18.9922934597306     
  8.235913870021311E+019  -18.9692445599008     
  8.431328461544246E+019  -18.9461956600710     
  8.631299408369638E+019  -18.9231467602412     
  8.835932947021618E+019  -18.9000978604115     
  9.045337790997853E+019  -18.8770489605817     
  9.259625188519536E+019  -18.8540000607519     
  9.478908981627445E+019  -18.8309511609222     
  9.703305666656064E+019  -18.8079022610924     
  9.932934456117045E+019  -18.7848533612626     
  1.016791734202571E+020  -18.7618044614328     
  1.040837916070375E+020  -18.7387555616031     
  1.065444765909242E+020  -18.7157066617733     
  1.090625356261193E+020  -18.6926577619435     
  1.116393064460257E+020  -18.6696088621138     
  1.142761579738485E+020  -18.6465599622840     
  1.169744910497590E+020  -18.6235110624542     
  1.197357391750129E+020  -18.6004621626244     
  1.225613692734142E+020  -18.5774132627947     
  1.254528824705302E+020  -18.5543643629649     
  1.284118148910698E+020  -18.5313154631351     
  1.314397384748510E+020  -18.5082665633054     
  1.345382618117902E+020  -18.4852176634756     
  1.377090309963546E+020  -18.4621687636458     
  1.409537305019341E+020  -18.4391198638161     
  1.442740840755933E+020  -18.4160709639863     
  1.476718556536829E+020  -18.3930220641565     
  1.511488502987945E+020  -18.3699731643267     
  1.547069151585549E+020  -18.3469242644970     
  1.583479404467698E+020  -18.3238753646672     
  1.620738604474412E+020  -18.3008264648374     
  1.658866545421841E+020  -18.2777775650077     
  1.697883482615953E+020  -18.2547286651779     
  1.737810143611295E+020  -18.2316797653481     
  1.778667739220496E+020  -18.2086308655183     
  1.820477974780418E+020  -18.1855819656886     
  1.863263061680962E+020  -18.1625330658588     
  1.907045729162491E+020  -18.1394841660290     
  1.951849236388329E+020  -18.1164352661993     
  1.997697384798623E+020  -18.0933863663695     
  2.044614530752128E+020  -18.0703374665397     
  2.092625598462703E+020  -18.0472885667099     
  2.141756093237277E+020  -18.0242396668802     
  2.192032115022421E+020  -18.0011907670504     
  2.243480372266594E+020  -17.9781418672206     
  2.296128196105529E+020  -17.9550929673909     
  2.350003554878223E+020  -17.9320440675611     
  2.405135068981293E+020  -17.9089951677313     
  2.461552026069448E+020  -17.8859462679016     
  2.519284396610310E+020  -17.8628973680718     
  2.578362849801757E+020  -17.8398484682420     
  2.638818769860186E+020  -17.8167995684122     
  2.700684272688452E+020  -17.7937506685825     
  2.763992222932194E+020  -17.7707017687527     
  2.828776251433725E+020  -17.7476528689229     
  2.895070773092662E+020  -17.7246039690932     
  2.962911005142799E+020  -17.7015550692634     
  3.032332985854901E+020  -17.6785061694336     
  3.103373593675364E+020  -17.6554572696038     
  3.176070566810893E+020  -17.6324083697741     
  3.250462523269552E+020  -17.6093594699443     
  3.326588981368833E+020  -17.5863105701145     
  3.404490380721664E+020  -17.5632616702848     
  3.484208103711449E+020  -17.5402127704550     
  3.565784497467446E+020  -17.5171638706252     
  3.649262896352326E+020  -17.4941149707954     
  3.734687644973671E+020  -17.4710660709657     
  3.822104121731676E+020  -17.4480171711359     
  3.911558762915550E+020  -17.4249682713061     
  4.003099087361387E+020  -17.4019193714764     
  4.096773721684574E+020  -17.3788704716466     
  4.192632426100076E+020  -17.3558215718168     
  4.290726120844355E+020  -17.3327726719871     
  4.391106913212897E+020  -17.3097237721573     
  4.493828125227682E+020  -17.2866748723275     
  4.598944321949276E+020  -17.2636259724977     
  4.706511340448437E+020  -17.2405770726680     
  4.816586319452851E+020  -17.2175281728382     
  4.929227729684410E+020  -17.1944792730084     
  5.044495404903323E+020  -17.1714303731787     
  5.162450573675397E+020  -17.1483814733489     
  5.283155891879357E+020  -17.1253325735191     
  5.406675475971500E+020  -17.1022836736893     
  5.533074937025076E+020  -17.0792347738596     
  5.662421415562821E+020  -17.0561858740298     
  5.794783617200610E+020  -17.0331369742000     
  5.930231849121570E+020  -17.0100880743703     
  6.068838057399630E+020  -16.9870391745405     
  6.210675865192561E+020  -16.9639902747107     
  6.355820611824334E+020  -16.9409413748809     
  6.504349392778064E+020  -16.9178924750512     
  6.656341100620144E+020  -16.8948435752214     
  6.811876466877503E+020  -16.8717946753916     
  6.971038104890393E+020  -16.8487457755619     
  7.133910553662798E+020  -16.8256968757321     
  7.300580322734273E+020  -16.8026479759023     
  7.471135938096566E+020  -16.7795990760726     
  7.645667989179550E+020  -16.7565501762428     
  7.824269176931307E+020  -16.7335012764130     
  8.007034363017513E+020  -16.7104523765832     
  8.194060620166713E+020  -16.6874034767535     
  8.385447283687549E+020  -16.6643545769237     
  8.581296004185531E+020  -16.6413056770939     
  8.781710801507187E+020  -16.6182567772642     
  8.986798119940048E+020  -16.5952078774344     
  9.196666884697698E+020  -16.5721589776046     
  9.411428559719774E+020  -16.5491100777748     
  9.631197206817524E+020  -16.5260611779451     
  9.856089546195958E+020  -16.5030122781153     
  1.008622501838483E+021  -16.4799633782855     
  1.032172584761128E+021  -16.4569144784558     
  1.056271710664718E+021  -16.4338655786260     
  1.080932678316597E+021  -16.4108166787962     
  1.106168584764366E+021  -16.3877677789664     
  1.131992832283996E+021  -16.3647188791367     
  1.158419135489660E+021  -16.3416699793069     
  1.185461528608954E+021  -16.3186210794771     
  1.213134372927467E+021  -16.2955721796474     
  1.241452364406510E+021  -16.2725232798176     
  1.270430541478117E+021  -16.2494743799878     
  1.300084293021398E+021  -16.2264254801580     
  1.330429366524415E+021  -16.2033765803283     
  1.361481876435972E+021  -16.1803276804985     
  1.393258312711671E+021  -16.1572787806687     
  1.425775549558709E+021  -16.1342298808390     
  1.459050854384138E+021  -16.1111809810092     
  1.493101896951174E+021  -16.0881320811794     
  1.527946758748498E+021  -16.0650831813497     
  1.563603942577378E+021  -16.0420342815199     
  1.600092382361822E+021  -16.0189853816901     
  1.637431453186703E+021  -15.9959364818603     
  1.675640981569390E+021  -15.9728875820306     
  1.714741255970128E+021  -15.9498386822008     
  1.754753037546748E+021  -15.9267897823710     
  1.795697571159398E+021  -15.9037408825413     
  1.837596596631065E+021  -15.8806919827115     
  1.880472360269806E+021  -15.8576430828817     
  1.924347626658763E+021  -15.8345941830519     
  1.969245690720173E+021  -15.8115452832222     
  2.015190390059695E+021  -15.7884963833924     
  2.062206117597572E+021  -15.7654474835626     
  2.110317834493238E+021  -15.7423985837329     
  2.159551083370196E+021  -15.7193496839031     
  2.209932001848083E+021  -15.6963007840733     
  2.261487336389052E+021  -15.6732518842435     
  2.314244456465761E+021  -15.6502029844138     
  2.368231369058340E+021  -15.6271540845840     
  2.423476733488017E+021  -15.6041051847542     
  2.480009876595159E+021  -15.5810562849245     
  2.537860808269686E+021  -15.5580073850947     
  2.597060237341999E+021  -15.5349584852649     
  2.657639587842764E+021  -15.5119095854352     
  2.719631015640085E+021  -15.4888606856054     
  2.783067425462750E+021  -15.4658117857756     
  2.847982488318475E+021  -15.4427628859458     
  2.914410659316317E+021  -15.4197139861161     
  2.982387195902500E+021  -15.3966650862863     
  3.051948176519253E+021  -15.3736161864565     
  3.123130519696405E+021  -15.3505672866268     
  3.195972003585722E+021  -15.3275183867970     
  3.270511285948206E+021  -15.3044694869672     
  3.346787924604722E+021  -15.2814205871374     
  3.424842398360786E+021  -15.2583716873077     
  3.504716128416283E+021  -15.2353227874779     
  3.586451500271356E+021  -15.2122738876481     
  3.670091886139924E+021  -15.1892249878184     
  3.755681667882446E+021  -15.1661760879886     
  3.843266260469916E+021  -15.1431271881588     
  3.932892135991325E+021  -15.1200782883290     
  4.024606848217064E+021  -15.0970293884993     
  4.118459057731059E+021  -15.0739804886695     
  4.214498557644737E+021  -15.0509315888397     
  4.312776299906113E+021  -15.0278826890100     
  4.413344422217812E+021  -15.0048337891802     
  4.516256275577825E+021  -14.9817848893504     
  4.621566452457478E+021  -14.9587359895207     
  4.729330815631058E+021  -14.9356870896909     
  4.839606527672225E+021  -14.9126381898611     
  4.952452081132294E+021  -14.8895892900313     
  5.067927329416235E+021  -14.8665403902016     
  5.186093518372203E+021  -14.8434914903718     
  5.307013318610992E+021  -14.8204425905420     
  5.430750858572158E+021  -14.7973936907123     
  5.557371758353866E+021  -14.7743447908825     
  5.686943164323881E+021  -14.7512958910527     
  5.819533784529687E+021  -14.7282469912229     
  5.955213924925799E+021  -14.7051980913932     
  6.094055526437164E+021  -14.6821491915634     
  6.236132202877503E+021  -14.6591002917336     
  6.381519279742318E+021  -14.6360513919039     
  6.530293833896266E+021  -14.6130024920741     
  6.682534734175603E+021  -14.5899535922443     
  6.838322682926151E+021  -14.5669046924145     
  6.997740258498483E+021  -14.5438557925848     
  7.160871958721761E+021  -14.5208068927550     
  7.327804245378774E+021  -14.4977579929252     
  7.498625589704674E+021  -14.4747090930955     
  7.673426518932838E+021  -14.4516601932657     
  7.852299663911591E+021  -14.4286112934359     
  8.035339807816018E+021  -14.4055623936062     
  8.222643935979718E+021  -14.3825134937764     
  8.414311286871870E+021  -14.3594645939466     
  8.610443404245646E+021  -14.3364156941168     
  8.811144190484245E+021  -14.3133667942871     
  9.016519961171848E+021  -14.2903178944573     
  9.226679500916990E+021  -14.2672689946275     
  9.441734120456760E+021  -14.2442200947978     
  9.661797715070618E+021  -14.2211711949680     
  9.886986824333339E+021  -14.1981222951382     
  1.011742069323736E+022  -14.1750733953084     
  1.035322133471522E+022  -14.1520244954787     
  1.059451359359360E+022  -14.1289755956489     
  1.084142521201110E+022  -14.1059266958191     
  1.109408689633264E+022  -14.0828777959894     
  1.135263238559408E+022  -14.0598288961596     
  1.161719852151117E+022  -14.0367799963298     
  1.188792532008806E+022  -14.0137310965000     
  1.216495604486090E+022  -13.9906821966703     
  1.244843728181316E+022  -13.9676332968405     
  1.273851901600007E+022  -13.9445843970107     
  1.303535470992006E+022  -13.9215354971810     
  1.333910138367221E+022  -13.8984865973512     
  1.364991969693933E+022  -13.8754376975214     
  1.396797403283748E+022  -13.8523887976916     
  1.429343258367288E+022  -13.8293398978619     
  1.462646743864896E+022  -13.8062909980321     
  1.496725467356637E+022  -13.7832420982023     
  1.531597444256006E+022  -13.7601931983726     
  1.567281107191863E+022  -13.7371442985428     
  1.603795315603149E+022  -13.7140953987130     
  1.641159365551085E+022  -13.6910464988833     
  1.679392999753653E+022  -13.6679975990535     
  1.718516417847187E+022  -13.6449486992237     
  1.758550286880122E+022  -13.6218997993939     
  1.799515752043918E+022  -13.5988508995642     
  1.841434447646380E+022  -13.5758019997344     
  1.884328508332642E+022  -13.5527530999046     
  1.928220580559226E+022  -13.5297042000749     
  1.973133834326678E+022  -13.5066553002451     
  2.019091975176349E+022  -13.4836064004153     
  2.066119256457150E+022  -13.4605575005855     
  2.114240491867980E+022  -13.4375086007558     
  2.163481068281907E+022  -13.4144597009260     
  2.213866958858083E+022  -13.3914108010962     
  2.265424736447634E+022  -13.3683619012665     
  2.318181587299819E+022  -13.3453130014367     
  2.372165325074877E+022  -13.3222641016069     
  2.427404405170127E+022  -13.2992152017771     
  2.483927939366026E+022  -13.2761663019474     
  2.541765710798922E+022  -13.2531174021176     
  2.600948189267539E+022  -13.2300685022878     
  2.661506546880179E+022  -13.2070196024581     
  2.723472674049872E+022  -13.1839707026283     
  2.786879195844815E+022  -13.1609218027985     
  2.851759488701571E+022  -13.1378729029688     
  2.918147697508599E+022  -13.1148240031390     
  2.986078753067907E+022  -13.0917751033092     
  3.055588389942674E+022  -13.0687262034794     
  3.126713164698925E+022  -13.0456773036497     
  3.199490474549332E+022  -13.0226284038199     
  3.273958576407568E+022  -12.9995795039901     
  3.350156606361564E+022  -12.9765306041604     
  3.428124599574389E+022  -12.9534817043306     
  3.507903510621420E+022  -12.9304328045008     
  3.589535234272710E+022  -12.9073839046710     
  3.673062626729700E+022  -12.8843350048413     
  3.758529527325349E+022  -12.8612861050115     
  3.845980780697154E+022  -12.8382372051817     
  3.935462259442503E+022  -12.8151883053520     
  4.027020887266036E+022  -12.7921394055222     
  4.120704662628914E+022  -12.7690905056924     
  4.216562682909799E+022  -12.7460416058626     
  4.314645169087861E+022  -12.7229927060329     
  4.415003490957993E+022  -12.6999438062031     
  4.517690192888675E+022  -12.6768949063733     
  4.622759020133138E+022  -12.6538460065436     
  4.730264945704528E+022  -12.6307971067138     
  4.840264197826061E+022  -12.6077482068840     
  4.952814287967052E+022  -12.5846993070543     
  5.067974039476282E+022  -12.5616504072245     
  5.185803616823881E+022  -12.5386015073947     
  5.306364555463340E+022  -12.5155526075649     
  5.429719792325259E+022  -12.4925037077352     
  5.555933696954767E+022  -12.4694548079054     
  5.685072103304481E+022  -12.4464059080756     
  5.817202342195136E+022  -12.4233570082459     
  5.952393274456225E+022  -12.4003081084161     
  6.090715324758958E+022  -12.3772592085863     
  6.232240516154126E+022  -12.3542103087565     
  6.377042505327543E+022  -12.3311614089268     
  6.525196618585888E+022  -12.3081125090970     
  6.676779888585849E+022  -12.2850636092672     
  6.831871091819686E+022  -12.2620147094375     
  6.990550786870344E+022  -12.2389658096077     
  7.152901353449443E+022  -12.2159169097779     
  7.319007032231496E+022  -12.1928680099481     
  7.488953965498036E+022  -12.1698191101184     
  7.662830238605028E+022  -12.1467702102886     
  7.840725922287475E+022  -12.1237213104588     
  8.022733115814879E+022  -12.1006724106291     
  8.208945991011421E+022  -12.0776235107993     
  8.399460837155038E+022  -12.0545746109695     
  8.594376106768972E+022  -12.0315257111398     
  8.793792462320246E+022  -12.0084768113100     
  8.997812823838976E+022  -11.9854279114802     
  9.206542417472632E+022  -11.9623790116504     
  9.420088824989471E+022  -11.9393301118207     
  9.638562034245309E+022  -11.9162812119909     
  9.862074490627752E+022  -11.8932323121611     
  1.009074114949212E+023  -11.8701834123314     
  1.032467952960307E+023  -11.8471345125016     
  1.056400976759607E+023  -11.8240856126718     
  1.080885467347282E+023  -11.8010367128420     
  1.105933978714456E+023  -11.7779878130123     
  1.131559343603689E+023  -11.7549389131825     
  1.157774679377034E+023  -11.7318900133527     
  1.184593393993002E+023  -11.7088411135230     
  1.212029192093775E+023  -11.6857922136932     
  1.240096081204047E+023  -11.6627433138634     
  1.268808378042762E+023  -11.6396944140336     
  1.298180714949076E+023  -11.6166455142039     
  1.328228046423802E+023  -11.5935966143741     
  1.358965655787596E+023  -11.5705477145443     
  1.390409161957103E+023  -11.5474988147146     
  1.422574526340242E+023  -11.5244499148848     
  1.455478059851833E+023  -11.5014010150550     
  1.489136430050612E+023  -11.4783521152252     
  1.523566668398817E+023  -11.4553032153955     
  1.558786177645299E+023  -11.4322543155657     
  1.594812739333229E+023  -11.4092054157359     
  1.631664521433313E+023  -11.3861565159062     
  1.669360086103429E+023  -11.3631076160764     
  1.707918397575539E+023  -11.3400587162466     
  1.747358830170672E+023  -11.3170098164169     
  1.787701176442691E+023  -11.2939609165871     
  1.828965655451515E+023  -11.2709120167573     
  1.871172921166392E+023  -11.2478631169275     
  1.914344070999773E+023  -11.2248142170978     
  1.958500654472164E+023  -11.2017653172680     
  2.003664682008397E+023  -11.1787164174382     
  2.049858633865554E+023  -11.1556675176085     
  2.097105469192729E+023  -11.1326186177787     
  2.145428635222758E+023  -11.1095697179489     
  2.194852076595859E+023  -11.0865208181191     
  2.245400244815128E+023  -11.0634719182894     
  2.297098107833622E+023  -11.0404230184596     
  2.349971159772722E+023  -11.0173741186298     
  2.404045430771326E+023  -10.9943252188001     
  2.459347496965282E+023  -10.9712763189703     
  2.515904490596339E+023  -10.9482274191405     
  2.573744110249837E+023  -10.9251785193107     
  2.632894631220078E+023  -10.9021296194810     
  2.693384916002291E+023  -10.8790807196512     
  2.755244424909918E+023  -10.8560318198214     
  2.818503226815759E+023  -10.8329829199917     
  2.883192010015409E+023  -10.8099340201619     
  2.949342093211194E+023  -10.7868851203321     
  3.016985436614686E+023  -10.7638362205024     
  3.086154653165673E+023  -10.7407873206726     
  3.156883019865295E+023  -10.7177384208428     
  3.229204489220825E+023  -10.6946895210130     
  3.303153700799431E+023  -10.6716406211833     
  3.378765992888040E+023  -10.6485917213535     
  3.456077414256181E+023  -10.6255428215237     
  3.535124736018537E+023  -10.6024939216940     
  3.615945463593653E+023  -10.5794450218642     
  3.698577848755077E+023  -10.5563961220344     
  3.783060901770984E+023  -10.5333472222046     
  3.869434403628031E+023  -10.5102983223749     
  3.957738918335069E+023  -10.4872494225451     
  4.048015805302054E+023  -10.4642005227153     
  4.140307231789114E+023  -10.4411516228856     
  4.234656185420866E+023  -10.4181027230558     
  4.331106486760285E+023  -10.3950538232260     
  4.429702801936696E+023  -10.3720049233962     
  4.530490655321872E+023  -10.3489560235665     
  4.633516442248114E+023  -10.3259071237367     
  4.738827441761896E+023  -10.3028582239069     
  4.846471829406324E+023  -10.2798093240772     
  4.956498690025641E+023  -10.2567604242474     
  5.068958030584387E+023  -10.2337115244176     
  5.183900792993943E+023  -10.2106626245879     
  5.301378866938650E+023  -10.1876137247581     
  5.421445102693626E+023  -10.1645648249283     
  5.544153323926019E+023  -10.1415159250985     
  5.669558340471297E+023  -10.1184670252688     
  5.797715961075910E+023  -10.0954181254390     
  5.928683006097319E+023  -10.0723692256092     
  6.062517320152403E+023  -10.0493203257795     
  6.199277784704733E+023  -10.0262714259497     
  6.339024330581212E+023  -10.0032225261199     
  6.481817950408298E+023  -9.98017362629014     
  6.627720710957873E+023  -9.95712472646037     
  6.776795765392496E+023  -9.93407582663060     
  6.929107365399964E+023  -9.91102692680083     
  7.084720873206354E+023  -9.88797802697106     
  7.243702773457391E+023  -9.86492912714129     
  7.406120684956943E+023  -9.84188022731152     
  7.572043372252228E+023  -9.81883132748175     
  7.741540757054563E+023  -9.79578242765198     
  7.914683929484707E+023  -9.77273352782220     
  8.091545159131854E+023  -9.74968462799243     
  8.272197905915168E+023  -9.72663572816266     
  8.456716830736844E+023  -9.70358682833289     
  8.645177805915554E+023  -9.68053792850312     
  8.837657925389437E+023  -9.65748902867335     
  9.034235514677758E+023  -9.63444012884358     
  9.234990140590236E+023  -9.61139122901381     
  9.440002620673636E+023  -9.58834232918404     
  9.649355032384959E+023  -9.56529342935427     
  9.863130721981021E+023  -9.54224452952450     
  1.008141431311437E+024  -9.51919562969472     
  1.030429171512565E+024  -9.49614672986495     
  1.053185013102296E+024  -9.47309783003518     
  1.076417806513920E+024  -9.45004893020541     
  1.100136533045822E+024  -9.42700003037564     
  1.124350305560174E+024  -9.40395113054587     
  1.149068369146899E+024  -9.38090223071610     
  1.174300101752143E+024  -9.35785333088633     
  1.200055014770578E+024  -9.33480443105656     
  1.226342753600883E+024  -9.31175553122679     
  1.253173098163834E+024  -9.28870663139702     
  1.280555963382462E+024  -9.26565773156725     
  1.308501399623851E+024  -9.24260883173747     
  1.337019593102175E+024  -9.21955993190770     
  1.366120866242673E+024  -9.19651103207793     
  1.395815678006321E+024  -9.17346213224816     
  1.426114624175079E+024  -9.15041323241839     
  1.457028437597589E+024  -9.12736433258862     
  1.488567988395401E+024  -9.10431543275885     
  1.520744284129815E+024  -9.08126653292908     
  1.553568469929533E+024  -9.05821763309931     
  1.587051828579411E+024  -9.03516873326954     
  1.621205780570756E+024  -9.01211983343977     
  1.656041884113604E+024  -8.98907093360999     
  1.691571835111617E+024  -8.96602203378022     
  1.727807467100285E+024  -8.94297313395045     
  1.764760751149249E+024  -8.91992423412068     
  1.802443795729666E+024  -8.89687533429091     
  1.840868846547622E+024  -8.87382643446114     
  1.880048286344737E+024  -8.85077753463137     
  1.919994634667199E+024  -8.82772863480160     
  1.960720547604587E+024  -8.80467973497183     
  2.002238817499903E+024  -8.78163083514206     
  2.044562372632433E+024  -8.75858193531229     
  2.087704276875053E+024  -8.73553303548251     
  2.131677729327785E+024  -8.71248413565274     
  2.176496063929465E+024  -8.68943523582297     
  2.222172749049524E+024  -8.66638633599320     
  2.268721387061911E+024  -8.64333743616343     
  2.316155713903372E+024  -8.62028853633366     
  2.364489598618326E+024  -8.59723963650389     
  2.413737042892676E+024  -8.57419073667412     
  2.463912180578997E+024  -8.55114183684435     
  2.515029277215620E+024  -8.52809293701458     
  2.567102729542139E+024  -8.50504403718481     
  2.620147065014083E+024  -8.48199513735504     
  2.674176941319387E+024  -8.45894623752526     
  2.729207145899455E+024  -8.43589733769549     
  2.785252595477652E+024  -8.41284843786572     
  2.842328335598073E+024  -8.38979953803595     
  2.900449540177496E+024  -8.36675063820618     
  2.959631511073457E+024  -8.34370173837641     
  3.019889677671396E+024  -8.32065283854664     
  3.081239596493874E+024  -8.29760393871687     
  3.143696950834816E+024  -8.27455503888710     
  3.207277550421773E+024  -8.25150613905733     
  3.271997331109230E+024  -8.22845723922756     
  3.337872354605852E+024  -8.20540833939778     
  3.404918808238717E+024  -8.18235943956801     
  3.473153004757353E+024  -8.15931053973824     
  3.542591382180582E+024  -8.13626163990847     
  3.613250503688925E+024  -8.11321274007870     
  3.685147057565429E+024  -8.09016384024893     
  3.758297857187648E+024  -8.06711494041916     
  3.832719841073442E+024  -8.04406604058939     
  3.908430072983251E+024  -8.02101714075962     
  3.985445742081334E+024  -7.99796824092985     
  4.063784163158489E+024  -7.97491934110008     
  4.143462776918586E+024  -7.95187044127031     
  4.224499150331218E+024  -7.92882154144054     
  4.306910977052660E+024  -7.90577264161077     
  4.390716077917208E+024  -7.88272374178100     
  4.475932401500920E+024  -7.85967484195123     
  4.562578024759557E+024  -7.83662594212146     
  4.650671153742583E+024  -7.81357704229169     
  4.740230124384782E+024  -7.79052814246192     
  4.831273403377103E+024  -7.76747924263215     
  4.923819589118069E+024  -7.74443034280238     
  5.017887412747097E+024  -7.72138144297261     
  5.113495739260874E+024  -7.69833254314284     
  5.210663568713824E+024  -7.67528364331307     
  5.309410037503629E+024  -7.65223474348330     
  5.409754419742545E+024  -7.62918584365353     
  5.511716128715262E+024  -7.60613694382376     
  5.615314718423786E+024  -7.58308804399399     
  5.720569885219858E+024  -7.56003914416422     
  5.827501469525174E+024  -7.53699024433445     
  5.936129457639638E+024  -7.51394134450468     
  6.046473983637755E+024  -7.49089244467491     
  6.158555331353077E+024  -7.46784354484514     
  6.272393936450674E+024  -7.44479464501537     
  6.388010388587323E+024  -7.42174574518560     
  6.505425433659139E+024  -7.39869684535583     
  6.624659976136174E+024  -7.37564794552606     
  6.745735081483548E+024  -7.35259904569629     
  6.868671978668425E+024  -7.32955014586652     
  6.993492062752198E+024  -7.30650124603675     
  7.120216897567135E+024  -7.28345234620698     
  7.248868218476627E+024  -7.26040344637721     
  7.379467935218152E+024  -7.23735454654744     
  7.512038134827977E+024  -7.21430564671767     
  7.646601084646640E+024  -7.19125674688790     
  7.783179235404031E+024  -7.16820784705813     
  7.921795224383098E+024  -7.14515894722836     
  8.062471878660905E+024  -7.12211004739859     
  8.205232218425919E+024  -7.09906114756882     
  8.350099460370267E+024  -7.07601224773905     
  8.497097021155733E+024  -7.05296334790928     
  8.646248520952221E+024  -7.02991444807951     
  8.797577787047419E+024  -7.00686554824974     
  8.951108857526311E+024  -6.98381664841997     
  9.106865985019322E+024  -6.96076774859020     
  9.264873640517723E+024  -6.93771884876043     
  9.425156517255015E+024  -6.91466994893066     
  9.587739534653019E+024  -6.89162104910089     
  9.752647842331365E+024  -6.86857214927112     
  9.919906824179134E+024  -6.84552324944135     
  1.008954210248737E+025  -6.82247434961158     
  1.026157954214129E+025  -6.79942544978181     
  1.043604525487090E+025  -6.77637654995204     
  1.061296560355897E+025  -6.75332765012227     
  1.079236720660507E+025  -6.73027875029250     
  1.097427694234475E+025  -6.70722985046273     
  1.115872195352257E+025  -6.68418095063296     
  1.134572965181816E+025  -6.66113205080319     
  1.153532772242413E+025  -6.63808315097342     
  1.172754412867499E+025  -6.61503425114365     
  1.192240711672618E+025  -6.59198535131388     
  1.211994522028231E+025  -6.56893645148411     
  1.232018726537377E+025  -6.54588755165434     
  1.252316237518095E+025  -6.52283865182457     
  1.272889997490549E+025  -6.49978975199480     
  1.293742979668767E+025  -6.47674085216503     
  1.314878188456948E+025  -6.45369195233526     
  1.336298659950278E+025  -6.43064305250549     
  1.358007462440196E+025  -6.40759415267572     
  1.380007696924076E+025  -6.38454525284595     
  1.402302497619277E+025  -6.36149635301618     
  1.424895032481516E+025  -6.33844745318641     
  1.447788503727559E+025  -6.31539855335664     
  1.470986148362174E+025  -6.29234965352687     
  1.494491238709349E+025  -6.26930075369710     
  1.518307082947746E+025  -6.24625185386733     
  1.542437025650389E+025  -6.22320295403756     
  1.566884448328575E+025  -6.20015405420779     
  1.591652769980006E+025  -6.17710515437802     
  1.616745447641156E+025  -6.15405625454825     
  1.642165976943870E+025  -6.13100735471848     
  1.667917892676219E+025  -6.10795845488871     
  1.694004769347619E+025  -6.08490955505894     
  1.720430221758241E+025  -6.06186065522917     
  1.747197905572747E+025  -6.03881175539940     
  1.774311517898370E+025  -6.01576285556963     
  1.801774797867375E+025  -5.99271395573986     
  1.829591527223949E+025  -5.96966505591009     
  1.857765530915563E+025  -5.94661615608032     
  1.886300677688833E+025  -5.92356725625055     
  1.915200880689961E+025  -5.90051835642078     
  1.944470098069790E+025  -5.87746945659101     
  1.974112333593525E+025  -5.85442055676124     
  2.004131637255215E+025  -5.83137165693147     
  2.034532105897014E+025  -5.80832275710170     
  2.065317883833322E+025  -5.78527385727193     
  2.096493163479866E+025  -5.76222495744216     
  2.128062185987802E+025  -5.73917605761239     
  2.160029241882887E+025  -5.71612715778262     
  2.192398671709839E+025  -5.69307825795285     
  2.225174866681945E+025  -5.67002935812308     
  2.258362269335995E+025  -5.64698045829331     
  2.291965374192652E+025  -5.62393155846354     
  2.325988728422322E+025  -5.60088265863377     
  2.360436932516631E+025  -5.57783375880400     
  2.395314640965598E+025  -5.55478485897423     
  2.430626562940609E+025  -5.53173595914446     
  2.466377462983263E+025  -5.50868705931469     
  2.502572161700226E+025  -5.48563815948492     
  2.539215536464164E+025  -5.46258925965515     
  2.576312522120880E+025  -5.43954035982538     
  2.613868111702745E+025  -5.41649145999561     
  2.651887357148534E+025  -5.39344256016584     
  2.690375370029789E+025  -5.37039366033607     
  2.729337322283794E+025  -5.34734476050630     
  2.768778446953295E+025  -5.32429586067653     
  2.808704038933072E+025  -5.30124696084676     
  2.849119455723462E+025  -5.27819806101699     
  2.890030118190979E+025  -5.25514916118722     
  2.931441511336115E+025  -5.23210026135745     
  2.973359185068470E+025  -5.20905136152768     
  3.015788754989304E+025  -5.18600246169791     
  3.058735903181650E+025  -5.16295356186814     
  3.102206379008100E+025  -5.13990466203837     
  3.146205999916393E+025  -5.11685576220860     
  3.190740652252918E+025  -5.09380686237883     
  3.235816292084273E+025  -5.07075796254906     
  3.281438946026987E+025  -5.04770906271929     
  3.327614712085542E+025  -5.02466016288952     
  3.374349760498825E+025  -5.00161126305975     
  3.421650334595123E+025  -4.97856236322998     
  3.469522751655813E+025  -4.95551346340021     
  3.517973403787848E+025  -4.93246456357044     
  3.567008758805202E+025  -4.90941566374067     
  3.616635361119361E+025  -4.88636676391090     
  3.666859832639042E+025  -4.86331786408113     
  3.717688873679238E+025  -4.84026896425136     
  3.769129263879718E+025  -4.81722006442159     
  3.821187863133147E+025  -4.79417116459182     
  3.873871612522924E+025  -4.77112226476205     
  3.927187535270890E+025  -4.74807336493228     
  3.981142737695048E+025  -4.72502446510251     
  4.035744410177385E+025  -4.70197556527274     
  4.090999828141999E+025  -4.67892666544297     
  4.146916353043617E+025  -4.65587776561320     
  4.203501433366629E+025  -4.63282886578343     
  4.260762605634822E+025  -4.60977996595366     
  4.318707495431904E+025  -4.58673106612389     
  4.377343818432963E+025  -4.56368216629412     
  4.436679381447015E+025  -4.54063326646435     
  4.496722083470724E+025  -4.51758436663458     
  4.557479916753507E+025  -4.49453546680481     
  4.618960967874062E+025  -4.47148656697504     
  4.681173418828514E+025  -4.44843766714527     
  4.744125548130292E+025  -4.42538876731550     
  4.807825731921855E+025  -4.40233986748573     
  4.872282445098408E+025  -4.37929096765596     
  4.937504262443715E+025  -4.35624206782619     
  5.003499859778150E+025  -4.33319316799642     
  5.070278015119112E+025  -4.31014426816665     
  5.137847609853881E+025  -4.28709536833688     
  5.206217629925083E+025  -4.26404646850711     
  5.275397167028848E+025  -4.24099756867734     
  5.345395419825767E+025  -4.21794866884757     
  5.416221695164784E+025  -4.19489976901780     
  5.487885409320071E+025  -4.17185086918803     
  5.560396089241046E+025  -4.14880196935826     
  5.633763373815564E+025  -4.12575306952849     
  5.707997015146418E+025  -4.10270416969872     
  5.783106879841189E+025  -4.07965526986895     
  5.859102950315546E+025  -4.05660637003918     
  5.935995326110044E+025  -4.03355747020941     
  6.013794225220472E+025  -4.01050857037964     
  6.092509985441832E+025  -3.98745967054987     
  6.172153065725927E+025  -3.96441077072010     
  6.252734047552635E+025  -3.94136187089033     
  6.334263636314863E+025  -3.91831297106056     
  6.416752662717170E+025  -3.89526407123079     
  6.500212084188055E+025  -3.87221517140102     
  6.584652986305898E+025  -3.84916627157125     
  6.670086584238452E+025  -3.82611737174148     
  6.756524224195882E+025  -3.80306847191171     
  6.843977384897223E+025  -3.78001957208194     
  6.932457679050134E+025  -3.75697067225217     
  7.021976854843863E+025  -3.73392177242239     
  7.112546797455224E+025  -3.71087287259262     
  7.204179530567381E+025  -3.68782397276285     
  7.296887217901250E+025  -3.66477507293308     
  7.390682164759243E+025  -3.64172617310331     
  7.485576819581042E+025  -3.61867727327354     
  7.581583775511106E+025  -3.59562837344377     
  7.678715771977465E+025  -3.57257947361400     
  7.776985696281433E+025  -3.54953057378423     
  7.876406585197720E+025  -3.52648167395446     
  7.976991626584387E+025  -3.50343277412469     
  8.078754161002088E+025  -3.48038387429492     
  8.181707683341878E+025  -3.45733497446515     
  8.285865844460832E+025  -3.43428607463538     
  8.391242452824723E+025  -3.41123717480561     
  8.497851476156733E+025  -3.38818827497584     
  8.605707043091286E+025  -3.36513937514607     
  8.714823444831834E+025  -3.34209047531630     
  8.825215136811355E+025  -3.31904157548653     
  8.936896740354299E+025  -3.29599267565676     
  9.049883044338402E+025  -3.27294377582699     
  9.164189006854803E+025  -3.24989487599722     
  9.279829756864727E+025  -3.22684597616745     
  9.396820595850664E+025  -3.20379707633768     
  9.515176999460063E+025  -3.18074817650790     
  9.634914619139117E+025  -3.15769927667813     
  9.756049283754144E+025  -3.13465037684836     
  9.878597001197793E+025  -3.11160147701859     
  1.000257395997701E+026  -3.08855257718882     
  1.012799653077955E+026  -3.06550367735905     
  1.025488126801536E+026  -3.04245477752928     
  1.038324491132896E+026  -3.01940587769951     
  1.051310438707855E+026  -2.99635697786974     
  1.064447680977723E+026  -2.97330807803997     
  1.077737948349126E+026  -2.95025917821020     
  1.091182990318987E+026  -2.92721027838043     
  1.104784575604066E+026  -2.90416137855066     
  1.118544492264413E+026  -2.88111247872089     
  1.132464547820023E+026  -2.85806357889112     
  1.146546569359939E+026  -2.83501467906135     
  1.160792403642949E+026  -2.81196577923158     
  1.175203917189008E+026  -2.78891687940181     
  1.189782996360370E+026  -2.76586797957204     
  1.204531547431389E+026  -2.74281907974227     
  1.219451496645832E+026  -2.71977017991250     
  1.234544790260445E+026  -2.69672128008273     
  1.249813394573419E+026  -2.67367238025296     
  1.265259295936287E+026  -2.65062348042318     
  1.280884500747661E+026  -2.62757458059341     
  1.296691035427064E+026  -2.60452568076364     
  1.312680946367002E+026  -2.58147678093387     
  1.328856299861247E+026  -2.55842788110410     
  1.345219182007121E+026  -2.53537898127433     
  1.361771698579415E+026  -2.51233008144456     
  1.378515974873369E+026  -2.48928118161479     
  1.395454155513922E+026  -2.46623228178502     
  1.412588404228226E+026  -2.44318338195525     
  1.429920903578157E+026  -2.42013448212548     
  1.447453854649308E+026  -2.39708558229571     
  1.465189476692653E+026  -2.37403668246594     
  1.483130006714766E+026  -2.35098778263617     
  1.501277699012151E+026  -2.32793888280640     
  1.519634824644880E+026  -2.30488998297663     
  1.538203670844371E+026  -2.28184108314686     
  1.556986540349692E+026  -2.25879218331709     
  1.575985750666395E+026  -2.23574328348732     
  1.595203633241341E+026  -2.21269438365755     
  1.614642532546550E+026  -2.18964548382778     
  1.634304805064509E+026  -2.16659658399801     
  1.654192818166831E+026  -2.14354768416824     
  1.674308948877519E+026  -2.12049878433846     
  1.694655582511463E+026  -2.09744988450869     
  1.715235111178067E+026  -2.07440098467892     
  1.736049932139172E+026  -2.05135208484915     
  1.757102446009672E+026  -2.02830318501938     
  1.778395054788377E+026  -2.00525428518961     
  1.799930159705738E+026  -1.98220538535984     
  1.821710158874239E+026  -1.95915648553007     
  1.843737444726162E+026  -1.93610758570030     
  1.866014401222465E+026  -1.91305868587053     
  1.888543400815444E+026  -1.89000978604076     
  1.911326801146691E+026  -1.86696088621099     
  1.934366941460741E+026  -1.84391198638122     
  1.957666138713570E+026  -1.82086308655145     
  1.981226683353896E+026  -1.79781418672168     
  2.005050834753948E+026  -1.77476528689191     
  2.029140816265131E+026  -1.75171638706214     
  2.053498809872685E+026  -1.72866748723237     
  2.078126950422206E+026  -1.70561858740260     
  2.103027319389593E+026  -1.68256968757283     
  2.128201938164828E+026  -1.65952078774306     
  2.153652760818812E+026  -1.63647188791329     
  2.179381666321431E+026  -1.61342298808352     
  2.205390450178112E+026  -1.59037408825375     
  2.231680815451361E+026  -1.56732518842398     
  2.258254363133191E+026  -1.54427628859421     
  2.285112581834070E+026  -1.52122738876444     
  2.312256836753982E+026  -1.49817848893467     
  2.339688357901613E+026  -1.47512958910490     
  2.367408227528432E+026  -1.45208068927513     
  2.395417366745824E+026  -1.42903178944536     
  2.423716521295347E+026  -1.40598288961559     
  2.452306246444837E+026  -1.38293398978582     
  2.481186890986574E+026  -1.35988508995605     
  2.510358580318038E+026  -1.33683619012628     
  2.539821198591286E+026  -1.31378729029651     
  2.569574369923502E+026  -1.29073839046674     
  2.599617438669168E+026  -1.26768949063697     
  2.629949448763653E+026  -1.24464059080720     
  2.660569122158785E+026  -1.22159169097743     
  2.691474836383615E+026  -1.19854279114766     
  2.722664601277837E+026  -1.17549389131789     
  2.754136034961587E+026  -1.15244499148811     
  2.785886339123489E+026  -1.12939609165834     
  2.817912273729035E+026  -1.10634719182857     
  2.850210131273549E+026  -1.08329829199880     
  2.882775710728090E+026  -1.06024939216903     
  2.915604291352634E+026  -1.03720049233926     
  2.948690606578441E+026  -1.01415159250949     
  2.982028818190430E+026 -0.991102692679724     
  3.015612491070339E+026 -0.968053792849953     
  3.049434568791727E+026 -0.945004893020183     
  3.083487350388201E+026 -0.921955993190413     
  3.117762468645515E+026 -0.898907093360643     
  3.152250870295799E+026 -0.875858193530872     
  3.186942798517010E+026 -0.852809293701102     
  3.221827778161674E+026 -0.829760393871332     
  3.256894604154864E+026 -0.806711494041562     
  3.292131333511010E+026 -0.783662594211792     
  3.327525281420973E+026 -0.760613694382021     
  3.363063021853910E+026 -0.737564794552251     
  3.398730393101339E+026 -0.714515894722481     
  3.434512508662454E+026 -0.691466994892711     
  3.470393773829459E+026 -0.668418095062941     
  3.506357908278654E+026 -0.645369195233170     
  3.542387974907349E+026 -0.622320295403400     
  3.578466415078273E+026 -0.599271395573630     
  3.614575090343111E+026 -0.576222495743860     
  3.650695330616162E+026 -0.553173595914090     
  3.686807988659734E+026 -0.530124696084319     
  3.722893500627357E+026 -0.507075796254549     
  3.758931952291804E+026 -0.484026896424779     
  3.794903150465758E+026 -0.460977996595009     
  3.830786699007350E+026 -0.437929096765239     
  3.866562078694430E+026 -0.414880196935468     
  3.902208730154133E+026 -0.391831297105698     
  3.937706138951782E+026 -0.368782397275928     
  3.973033921878439E+026 -0.345733497446158     
  4.008171913432416E+026 -0.322684597616387     
  4.043100251468619E+026 -0.299635697786617     
  4.077799460991922E+026 -0.276586797956847     
  4.112250535097188E+026 -0.253537898127077     
  4.146435012108334E+026 -0.230488998297307     
  4.180335048040372E+026 -0.207440098467536     
  4.213933483599456E+026 -0.184391198637766     
  4.247213905043235E+026 -0.161342298807996     
  4.280160698343835E+026 -0.138293398978226     
  4.312759096224507E+026 -0.115244499148455     
  4.344995217774162E+026 -9.219559931868521E-002
  4.376856100477706E+026 -6.914669948891498E-002
  4.408329724630252E+026 -4.609779965914476E-002
  4.439405030226405E+026 -2.304889982937454E-002
  4.470071926529247E+026  3.956904248703097E-013
