  2.176720822276982E+029  -7.39719382086648     
  2.177130288599917E+029  -7.39229308517465     
  2.177539754922852E+029  -7.38739234948281     
  2.177949221245787E+029  -7.38249161379098     
  2.178358687568722E+029  -7.37759087809914     
  2.178766250882323E+029  -7.37269014240731     
  2.179172564140165E+029  -7.36778940671547     
  2.179578877398006E+029  -7.36288867102364     
  2.179985190655848E+029  -7.35798793533180     
  2.180391503913689E+029  -7.35308719963997     
  2.180794978829771E+029  -7.34818646394813     
  2.181198139746521E+029  -7.34328572825630     
  2.181601300663271E+029  -7.33838499256446     
  2.182004461580021E+029  -7.33348425687263     
  2.182407000977990E+029  -7.32858352118079     
  2.182807010827611E+029  -7.32368278548896     
  2.183207020677232E+029  -7.31878204979713     
  2.183607030526854E+029  -7.31388131410529     
  2.184007040376475E+029  -7.30898057841346     
  2.184405494214728E+029  -7.30407984272162     
  2.184802354815977E+029  -7.29917910702979     
  2.185199215417226E+029  -7.29427837133795     
  2.185596076018475E+029  -7.28937763564612     
  2.185992936619724E+029  -7.28447689995428     
  2.186387308223334E+029  -7.27957616426245     
  2.186781021934231E+029  -7.27467542857061     
  2.187174735645128E+029  -7.26977469287878     
  2.187568449356024E+029  -7.26487395718694     
  2.187961887062121E+029  -7.25997322149511     
  2.188352456774071E+029  -7.25507248580327     
  2.188743026486021E+029  -7.25017175011144     
  2.189133596197971E+029  -7.24527101441960     
  2.189524165909922E+029  -7.24037027872777     
  2.189913527638950E+029  -7.23546954303594     
  2.190300956770530E+029  -7.23056880734410     
  2.190688385902111E+029  -7.22566807165227     
  2.191075815033692E+029  -7.22076733596043     
  2.191463244165273E+029  -7.21586660026860     
  2.191848535720219E+029  -7.21096586457676     
  2.192232828210644E+029  -7.20606512888493     
  2.192617120701069E+029  -7.20116439319309     
  2.193001413191495E+029  -7.19626365750126     
  2.193385705681921E+029  -7.19136292180942     
  2.193766933843360E+029  -7.18646218611759     
  2.194148094145635E+029  -7.18156145042575     
  2.194529254447911E+029  -7.17666071473392     
  2.194910414750186E+029  -7.17175997904208     
  2.195290714489435E+029  -7.16685924335025     
  2.195668747563219E+029  -7.16195850765842     
  2.196046780637002E+029  -7.15705777196658     
  2.196424813710786E+029  -7.15215703627475     
  2.196802846784570E+029  -7.14725630058291     
  2.197179094103255E+029  -7.14235556489108     
  2.197554005407440E+029  -7.13745482919924     
  2.197928916711626E+029  -7.13255409350741     
  2.198303828015812E+029  -7.12765335781557     
  2.198678739319998E+029  -7.12275262212374     
  2.199050943345046E+029  -7.11785188643190     
  2.199422738830078E+029  -7.11295115074007     
  2.199794534315110E+029  -7.10805041504823     
  2.200166329800142E+029  -7.10314967935640     
  2.200537609963624E+029  -7.09824894366456     
  2.200906296063563E+029  -7.09334820797273     
  2.201274982163501E+029  -7.08844747228089     
  2.201643668263439E+029  -7.08354673658906     
  2.202012354363377E+029  -7.07864600089723     
  2.202379605320019E+029  -7.07374526520539     
  2.202745188944366E+029  -7.06884452951356     
  2.203110772568713E+029  -7.06394379382172     
  2.203476356193060E+029  -7.05904305812989     
  2.203841939817407E+029  -7.05414232243805     
  2.204205172933560E+029  -7.04924158674622     
  2.204567661458868E+029  -7.04434085105438     
  2.204930149984176E+029  -7.03944011536255     
  2.205292638509484E+029  -7.03453937967071     
  2.205654953289433E+029  -7.02963864397888     
  2.206014354550701E+029  -7.02473790828704     
  2.206373755811969E+029  -7.01983717259521     
  2.206733157073237E+029  -7.01493643690337     
  2.207092558334506E+029  -7.01003570121154     
  2.207450872324619E+029  -7.00513496551971     
  2.207807194606501E+029  -7.00023422982787     
  2.208163516888382E+029  -6.99533349413604     
  2.208519839170263E+029  -6.99043275844420     
  2.208876161452144E+029  -6.98553202275237     
  2.209230488142089E+029  -6.98063128706053     
  2.209583740169916E+029  -6.97573055136870     
  2.209936992197743E+029  -6.97082981567686     
  2.210290244225570E+029  -6.96592907998503     
  2.210643496253397E+029  -6.96102834429319     
  2.210993849957316E+029  -6.95612760860136     
  2.211344040887965E+029  -6.95122687290952     
  2.211694231818614E+029  -6.94632613721769     
  2.212044422749264E+029  -6.94142540152585     
  2.212393870103647E+029  -6.93652466583402     
  2.212741009516252E+029  -6.93162393014218     
  2.213088148928857E+029  -6.92672319445035     
  2.213435288341462E+029  -6.92182245875852     
  2.213782427754067E+029  -6.91692172306668     
  2.214127923151130E+029  -6.91202098737485     
  2.214472021037660E+029  -6.90712025168301     
  2.214816118924189E+029  -6.90221951599118     
  2.215160216810718E+029  -6.89731878029934     
  2.215504314697248E+029  -6.89241804460751     
  2.215845874398878E+029  -6.88751730891567     
  2.216186941154593E+029  -6.88261657322384     
  2.216528007910308E+029  -6.87771583753200     
  2.216869074666023E+029  -6.87281510184017     
  2.217209736027515E+029  -6.86791436614833     
  2.217547782441317E+029  -6.86301363045650     
  2.217885828855118E+029  -6.85811289476466     
  2.218223875268920E+029  -6.85321215907283     
  2.218561921682721E+029  -6.84831142338099     
  2.218898670932999E+029  -6.84341068768916     
  2.219233708177685E+029  -6.83850995199733     
  2.219568745422370E+029  -6.83360921630549     
  2.219903782667056E+029  -6.82870848061366     
  2.220238819911742E+029  -6.82380774492182     
  2.220571675129163E+029  -6.81890700922999     
  2.220903714751599E+029  -6.81400627353815     
  2.221235754374036E+029  -6.80910553784632     
  2.221567793996473E+029  -6.80420480215448     
  2.221899759667658E+029  -6.79930406646265     
  2.222228813578887E+029  -6.79440333077081     
  2.222557867490117E+029  -6.78950259507898     
  2.222886921401346E+029  -6.78460185938714     
  2.223215975312576E+029  -6.77970112369531     
  2.223544072911806E+029  -6.77480038800347     
  2.223870153377096E+029  -6.76989965231164     
  2.224196233842387E+029  -6.76499891661981     
  2.224522314307678E+029  -6.76009818092797     
  2.224848394772968E+029  -6.75519744523614     
  2.225172644060276E+029  -6.75029670954430     
  2.225495763689131E+029  -6.74539597385247     
  2.225818883317986E+029  -6.74049523816063     
  2.226142002946840E+029  -6.73559450246880     
  2.226465122575696E+029  -6.73069376677696     
  2.226785543952731E+029  -6.72579303108513     
  2.227105715688864E+029  -6.72089229539329     
  2.227425887424998E+029  -6.71599155970146     
  2.227746059161131E+029  -6.71109082400962     
  2.228065608274049E+029  -6.70619008831779     
  2.228382845385348E+029  -6.70128935262595     
  2.228700082496646E+029  -6.69638861693412     
  2.229017319607944E+029  -6.69148788124228     
  2.229334556719241E+029  -6.68658714555045     
  2.229650306980218E+029  -6.68168640985862     
  2.229964623048689E+029  -6.67678567416678     
  2.230278939117159E+029  -6.67188493847495     
  2.230593255185628E+029  -6.66698420278311     
  2.230907571254099E+029  -6.66208346709128     
  2.231219544553796E+029  -6.65718273139944     
  2.231530953465523E+029  -6.65228199570761     
  2.231842362377249E+029  -6.64738126001577     
  2.232153771288975E+029  -6.64248052432394     
  2.232464883058482E+029  -6.63757978863210     
  2.232773398993594E+029  -6.63267905294027     
  2.233081914928706E+029  -6.62777831724843     
  2.233390430863818E+029  -6.62287758155660     
  2.233698946798930E+029  -6.61797684586476     
  2.234006312593837E+029  -6.61307611017293     
  2.234311950016506E+029  -6.60817537448110     
  2.234617587439174E+029  -6.60327463878926     
  2.234923224861843E+029  -6.59837390309743     
  2.235228862284511E+029  -6.59347316740559     
  2.235532505347203E+029  -6.58857243171376     
  2.235835278995665E+029  -6.58367169602192     
  2.236138052644128E+029  -6.57877096033009     
  2.236440826292590E+029  -6.57387022463825     
  2.236743599941052E+029  -6.56896948894642     
  2.237043544022190E+029  -6.56406875325458     
  2.237343468898825E+029  -6.55916801756275     
  2.237643393775460E+029  -6.55426728187091     
  2.237943318652095E+029  -6.54936654617908     
  2.238242421504153E+029  -6.54446581048724     
  2.238539512865604E+029  -6.53956507479541     
  2.238836604227056E+029  -6.53466433910357     
  2.239133695588507E+029  -6.52976360341174     
  2.239430786949958E+029  -6.52486286771991     
  2.239726224259077E+029  -6.51996213202807     
  2.240020497606442E+029  -6.51506139633624     
  2.240314770953807E+029  -6.51016066064440     
  2.240609044301172E+029  -6.50525992495257     
  2.240903317648537E+029  -6.50035918926073     
  2.241195114326223E+029  -6.49545845356890     
  2.241486585395311E+029  -6.49055771787706     
  2.241778056464398E+029  -6.48565698218523     
  2.242069527533486E+029  -6.48075624649339     
  2.242360495240993E+029  -6.47585551080156     
  2.242649179992657E+029  -6.47095477510972     
  2.242937864744321E+029  -6.46605403941789     
  2.243226549495986E+029  -6.46115330372605     
  2.243515234247650E+029  -6.45625256803422     
  2.243802596246368E+029  -6.45135183234239     
  2.244088510856932E+029  -6.44645109665055     
  2.244374425467495E+029  -6.44155036095872     
  2.244660340078058E+029  -6.43664962526688     
  2.244946254688621E+029  -6.43174888957505     
  2.245230036918227E+029  -6.42684815388321     
  2.245513197769994E+029  -6.42194741819138     
  2.246750206112098E+029  -6.40046933318070     
  2.247976114761510E+029  -6.37899124817003     
  2.249190986595025E+029  -6.35751316315936     
  2.250394885094422E+029  -6.33603507814868     
  2.251587874318432E+029  -6.31455699313801     
  2.252769624294830E+029  -6.29307890812734     
  2.253940147632975E+029  -6.27160082311666     
  2.255099968426116E+029  -6.25012273810599     
  2.256249152886997E+029  -6.22864465309532     
  2.257387767659861E+029  -6.20716656808464     
  2.258515879794847E+029  -6.18568848307397     
  2.259633556722789E+029  -6.16421039806330     
  2.260740866230431E+029  -6.14273231305262     
  2.261837876436057E+029  -6.12125422804195     
  2.262924655765549E+029  -6.09977614303128     
  2.264001272928871E+029  -6.07829805802060     
  2.265067796896987E+029  -6.05681997300993     
  2.266124296879215E+029  -6.03534188799926     
  2.267170842301025E+029  -6.01386380298858     
  2.268207502782277E+029  -5.99238571797791     
  2.269233740508749E+029  -5.97090763296724     
  2.270250083284089E+029  -5.94942954795656     
  2.271256762972203E+029  -5.92795146294589     
  2.272253849783528E+029  -5.90647337793522     
  2.273241414013044E+029  -5.88499529292455     
  2.274219526021448E+029  -5.86351720791387     
  2.275188256216761E+029  -5.84203912290320     
  2.276147675036405E+029  -5.82056103789253     
  2.277097852929697E+029  -5.79908295288185     
  2.278038860340798E+029  -5.77760486787118     
  2.278970767692088E+029  -5.75612678286051     
  2.279893645367980E+029  -5.73464869784983     
  2.280807563699168E+029  -5.71317061283916     
  2.281712592947290E+029  -5.69169252782849     
  2.282608722011469E+029  -5.67021444281781     
  2.283495500414032E+029  -5.64873635780714     
  2.284373611914427E+029  -5.62725827279647     
  2.285243126312328E+029  -5.60578018778579     
  2.286104113262764E+029  -5.58430210277512     
  2.286956642263482E+029  -5.56282401776445     
  2.287800782642713E+029  -5.54134593275377     
  2.288636603547324E+029  -5.51986784774310     
  2.289464173931343E+029  -5.49838976273243     
  2.290283562544871E+029  -5.47691167772175     
  2.291094837923361E+029  -5.45543359271108     
  2.291898068377247E+029  -5.43395550770041     
  2.292693321981958E+029  -5.41247742268973     
  2.293480666568259E+029  -5.39099933767906     
  2.294260169712955E+029  -5.36952125266839     
  2.295031628631677E+029  -5.34804316765771     
  2.295795051328667E+029  -5.32656508264704     
  2.296550845063413E+029  -5.30508699763637     
  2.297299076226267E+029  -5.28360891262569     
  2.298039810909157E+029  -5.26213082761502     
  2.298773114898411E+029  -5.24065274260435     
  2.299499053667876E+029  -5.21917465759367     
  2.300217692372341E+029  -5.19769657258300     
  2.300929095841232E+029  -5.17621848757233     
  2.301633328572598E+029  -5.15474040256165     
  2.302330454727370E+029  -5.13326231755098     
  2.303020538123888E+029  -5.11178423254031     
  2.303703642232682E+029  -5.09030614752963     
  2.304379830171531E+029  -5.06882806251896     
  2.305049164700748E+029  -5.04734997750829     
  2.305711299203198E+029  -5.02587189249761     
  2.306366592860974E+029  -5.00439380748694     
  2.307015229652484E+029  -4.98291572247627     
  2.307657270759166E+029  -4.96143763746559     
  2.308292776983732E+029  -4.93995955245492     
  2.308921808746972E+029  -4.91848146744425     
  2.309544426084746E+029  -4.89700338243357     
  2.310160688645200E+029  -4.87552529742290     
  2.310770655686157E+029  -4.85404721241223     
  2.311374386072713E+029  -4.83256912740155     
  2.311971938275006E+029  -4.81109104239088     
  2.312563370366178E+029  -4.78961295738021     
  2.313148740020500E+029  -4.76813487236953     
  2.313728104511679E+029  -4.74665678735886     
  2.314301475103544E+029  -4.72517870234819     
  2.314868540258470E+029  -4.70370061733751     
  2.315429779165411E+029  -4.68222253232684     
  2.315985247367645E+029  -4.66074444731617     
  2.316535000001485E+029  -4.63926636230550     
  2.317079091795580E+029  -4.61778827729482     
  2.317617577070347E+029  -4.59631019228415     
  2.318150509737538E+029  -4.57483210727348     
  2.318677943299931E+029  -4.55335402226280     
  2.319199930851144E+029  -4.53187593725213     
  2.319716525075564E+029  -4.51039785224146     
  2.320227778248398E+029  -4.48891976723078     
  2.320733742235823E+029  -4.46744168222011     
  2.321234468495253E+029  -4.44596359720944     
  2.321730008075708E+029  -4.42448551219876     
  2.322220241277238E+029  -4.40300742718809     
  2.322705164262471E+029  -4.38152934217742     
  2.323185059699558E+029  -4.36005125716674     
  2.323659976895818E+029  -4.33857317215607     
  2.324129964753827E+029  -4.31709508714540     
  2.324595071772385E+029  -4.29561700213472     
  2.325055346047541E+029  -4.27413891712405     
  2.325510835273707E+029  -4.25266083211338     
  2.325961586744838E+029  -4.23118274710270     
  2.326407647355680E+029  -4.20970466209203     
  2.326849063603088E+029  -4.18822657708136     
  2.327285881587401E+029  -4.16674849207068     
  2.327718147013884E+029  -4.14527040706001     
  2.328145905194225E+029  -4.12379232204934     
  2.328569201048086E+029  -4.10231423703866     
  2.328987820051752E+029  -4.08083615202799     
  2.329401986409259E+029  -4.05935806701732     
  2.329811830243661E+029  -4.03787998200664     
  2.330217394815674E+029  -4.01640189699597     
  2.330618723003272E+029  -3.99492381198530     
  2.331015857303549E+029  -3.97344572697462     
  2.331408839834612E+029  -3.95196764196395     
  2.331797712337518E+029  -3.93048955695328     
  2.332182516178233E+029  -3.90901147194260     
  2.332563292349634E+029  -3.88753338693193     
  2.332940081473540E+029  -3.86605530192125     
  2.333312923802764E+029  -3.84457721691058     
  2.333681859223203E+029  -3.82309913189991     
  2.334046927255942E+029  -3.80162104688923     
  2.334408143593603E+029  -3.78014296187856     
  2.334765298779512E+029  -3.75866487686789     
  2.335118709478406E+029  -3.73718679185721     
  2.335468413674459E+029  -3.71570870684654     
  2.335814448998828E+029  -3.69423062183586     
  2.336156852731877E+029  -3.67275253682519     
  2.336495661805428E+029  -3.65127445181452     
  2.336830912805019E+029  -3.62979636680384     
  2.337162641972172E+029  -3.60831828179317     
  2.337490885206672E+029  -3.58684019678250     
  2.337815678068850E+029  -3.56536211177182     
  2.338137055781874E+029  -3.54388402676115     
  2.338455053234053E+029  -3.52240594175047     
  2.338769704981130E+029  -3.50092785673980     
  2.339081045248588E+029  -3.47944977172913     
  2.339389004305594E+029  -3.45797168671845     
  2.339693571316256E+029  -3.43649360170778     
  2.339994933177292E+029  -3.41501551669711     
  2.340293122727016E+029  -3.39353743168643     
  2.340588172485955E+029  -3.37205934667576     
  2.340880114659147E+029  -3.35058126166508     
  2.341168981138426E+029  -3.32910317665441     
  2.341454803504709E+029  -3.30762509164374     
  2.341737613030267E+029  -3.28614700663306     
  2.342017440680990E+029  -3.26466892162239     
  2.342294317118647E+029  -3.24319083661172     
  2.342568272703127E+029  -3.22171275160104     
  2.342839337494676E+029  -3.20023466659037     
  2.343107541256114E+029  -3.17875658157969     
  2.343372913455046E+029  -3.15727849656902     
  2.343635323286359E+029  -3.13580041155835     
  2.343894905311566E+029  -3.11432232654767     
  2.344151747241199E+029  -3.09284424153700     
  2.344405877304253E+029  -3.07136615652633     
  2.344657323446159E+029  -3.04988807151565     
  2.344906113330877E+029  -3.02840998650498     
  2.345152274342959E+029  -3.00693190149431     
  2.345395833589600E+029  -2.98545381648363     
  2.345636817902657E+029  -2.96397573147296     
  2.345875253840644E+029  -2.94249764646228     
  2.346111167690707E+029  -2.92101956145161     
  2.346344585470559E+029  -2.89954147644094     
  2.346575532930399E+029  -2.87806339143026     
  2.346804035554794E+029  -2.85658530641959     
  2.347030107442960E+029  -2.83510722140892     
  2.347253609255157E+029  -2.81362913639824     
  2.347474745283593E+029  -2.79215105138757     
  2.347693539896554E+029  -2.77067296637689     
  2.347910017206302E+029  -2.74919488136622     
  2.348124201070725E+029  -2.72771679635555     
  2.348336115094951E+029  -2.70623871134487     
  2.348545782632919E+029  -2.68476062633420     
  2.348753226788898E+029  -2.66328254132353     
  2.348958470418972E+029  -2.64180445631285     
  2.349161536132468E+029  -2.62032637130218     
  2.349362446293335E+029  -2.59884828629150     
  2.349561223021474E+029  -2.57737020128083     
  2.349757888194020E+029  -2.55589211627016     
  2.349952463446550E+029  -2.53441403125948     
  2.350144907939295E+029  -2.51293594624881     
  2.350335208419407E+029  -2.49145786123814     
  2.350523485970070E+029  -2.46997977622746     
  2.350709761205354E+029  -2.44850169121679     
  2.350894054503275E+029  -2.42702360620611     
  2.351076386006594E+029  -2.40554552119544     
  2.351256775623525E+029  -2.38406743618477     
  2.351435243028380E+029  -2.36258935117409     
  2.351611807662115E+029  -2.34111126616342     
  2.351786488732809E+029  -2.31963318115275     
  2.351959305216042E+029  -2.29815509614207     
  2.352130275855185E+029  -2.27667701113140     
  2.352299419161598E+029  -2.25519892612073     
  2.352466753414724E+029  -2.23372084111005     
  2.352632296662084E+029  -2.21224275609938     
  2.352795968161502E+029  -2.19076467108870     
  2.352957846819403E+029  -2.16928658607803     
  2.353117990124158E+029  -2.14780850106736     
  2.353276415127515E+029  -2.12633041605668     
  2.353433138647245E+029  -2.10485233104601     
  2.353588177266357E+029  -2.08337424603534     
  2.353741547332170E+029  -2.06189616102466     
  2.353893264955250E+029  -2.04041807601399     
  2.354043346008198E+029  -2.01893999100331     
  2.354191806124288E+029  -1.99746190599264     
  2.354338660695953E+029  -1.97598382098197     
  2.354483924873101E+029  -1.95450573597129     
  2.354627613561282E+029  -1.93302765096062     
  2.354769741419670E+029  -1.91154956594995     
  2.354910318114053E+029  -1.89007148093927     
  2.355049247719451E+029  -1.86859339592860     
  2.355186661296602E+029  -1.84711531091792     
  2.355322572422281E+029  -1.82563722590725     
  2.355456994412781E+029  -1.80415914089658     
  2.355589940320684E+029  -1.78268105588590     
  2.355721422931422E+029  -1.76120297087523     
  2.355851454759636E+029  -1.73972488586456     
  2.355980048045344E+029  -1.71824680085388     
  2.356107214749890E+029  -1.69676871584321     
  2.356232966551708E+029  -1.67529063083253     
  2.356357314841869E+029  -1.65381254582186     
  2.356480270719446E+029  -1.63233446081119     
  2.356601844986680E+029  -1.61085637580051     
  2.356722048143949E+029  -1.58937829078984     
  2.356840851392275E+029  -1.56790020577917     
  2.356958237189840E+029  -1.54642212076849     
  2.357074283068493E+029  -1.52494403575782     
  2.357188998173986E+029  -1.50346595074714     
  2.357302391320193E+029  -1.48198786573647     
  2.357414470983181E+029  -1.46050978072580     
  2.357525245295210E+029  -1.43903169571512     
  2.357634722038723E+029  -1.41755361070445     
  2.357742908640339E+029  -1.39607552569378     
  2.357849812164898E+029  -1.37459744068310     
  2.357955439309600E+029  -1.35311935567243     
  2.358059796398295E+029  -1.33164127066176     
  2.358162889375976E+029  -1.31016318565108     
  2.358264723803543E+029  -1.28868510064041     
  2.358365304852896E+029  -1.26720701562973     
  2.358464569311173E+029  -1.24572893061906     
  2.358562559971605E+029  -1.22425084560839     
  2.358659310955764E+029  -1.20277276059771     
  2.358754825726035E+029  -1.18129467558704     
  2.358849107339276E+029  -1.15981659057637     
  2.358942158446483E+029  -1.13833850556569     
  2.359033981293588E+029  -1.11686042055502     
  2.359124577723535E+029  -1.09538233554434     
  2.359213949179768E+029  -1.07390425053367     
  2.359302096711282E+029  -1.05242616552300     
  2.359389020979389E+029  -1.03094808051232     
  2.359474722266357E+029  -1.00946999550165     
  2.359559200486071E+029 -0.987991910490976     
  2.359642455196874E+029 -0.966513825480302     
  2.359724483717746E+029 -0.945035740469628     
  2.359805191912813E+029 -0.923557655458954     
  2.359884673004129E+029 -0.902079570448281     
  2.359962925237765E+029 -0.880601485437607     
  2.360039946619160E+029 -0.859123400426933     
  2.360115734943853E+029 -0.837645315416260     
  2.360190287831296E+029 -0.816167230405586     
  2.360263602761802E+029 -0.794689145394912     
  2.360335677116572E+029 -0.773211060384238     
  2.360406508220800E+029 -0.751732975373565     
  2.360476093389734E+029 -0.730254890362891     
  2.360544429977570E+029 -0.708776805352217     
  2.360611515429002E+029 -0.687298720341543     
  2.360677347333179E+029 -0.665820635330870     
  2.360741923479801E+029 -0.644342550320196     
  2.360805207488916E+029 -0.622864465309522     
  2.360867167068347E+029 -0.601386380298849     
  2.360927865951270E+029 -0.579908295288175     
  2.360987303470322E+029 -0.558430210277501     
  2.361045479481946E+029 -0.536952125266827     
  2.361102394425422E+029 -0.515474040256154     
  2.361158049380184E+029 -0.493995955245480     
  2.361212446120782E+029 -0.472517870234806     
  2.361265587168862E+029 -0.451039785224133     
  2.361317475841551E+029 -0.429561700213459     
  2.361368116295638E+029 -0.408083615202785     
  2.361417513567002E+029 -0.386605530192111     
  2.361465673604754E+029 -0.365127445181438     
  2.361512603299643E+029 -0.343649360170764     
  2.361558310506315E+029 -0.322171275160090     
  2.361602740194733E+029 -0.300693190149417     
  2.361645936636968E+029 -0.279215105138743     
  2.361687942203076E+029 -0.257737020128069     
  2.361728768963387E+029 -0.236258935117395     
  2.361768429953166E+029 -0.214780850106722     
  2.361806939150690E+029 -0.193302765096048     
  2.361844311449073E+029 -0.171824680085374     
  2.361880562622210E+029 -0.150346595074701     
  2.361915709285285E+029 -0.128868510064027     
  2.361949768850336E+029 -0.107390425053353     
  2.361982759477419E+029 -8.591234004267956E-002
  2.362014700021960E+029 -6.443425503200587E-002
  2.362045609978898E+029 -4.295617002133217E-002
  2.362075509424236E+029 -2.147808501065848E-002
  2.362104418954634E+029  1.521699433126855E-014
  2.362133328485031E+029  2.147808501068891E-002
