   1.332402E-275
   1.332016E-275
   1.330853E-275
   1.328898E-275
   1.326130E-275
   1.322514E-275
   1.318009E-275
   1.312565E-275
   1.306121E-275
   1.298610E-275
   1.289957E-275
   1.280078E-275
   1.268883E-275
   1.256276E-275
   1.242154E-275
   1.226412E-275
   1.208938E-275
   1.189621E-275
   1.168348E-275
   1.145007E-275
   1.119487E-275
   1.091685E-275
   1.061505E-275
   1.028860E-275
   9.936772E-276
   9.559028E-276
   9.155036E-276
   8.724732E-276
   8.268370E-276
   7.786586E-276
   7.280458E-276
   6.751589E-276
   6.202180E-276
   5.635135E-276
   5.054152E-276
   4.463844E-276
   3.869861E-276
   3.279030E-276
   2.699505E-276
   2.140938E-276
   1.614659E-276
   1.133880E-276
   7.139142E-277
   3.724168E-277
   1.296475E-277
   8.757263E-279
   3.609913E-278
   2.415673E-277
   6.589645E-277
   1.326369E-276
   2.281813E-276
   3.558073E-276
   5.184347E-276
   7.184397E-276
   9.575299E-276
   1.236621E-275
   1.555716E-275
   1.913795E-275
   2.308707E-275
   2.737089E-275
   3.194283E-275
   3.674300E-275
   4.169783E-275
   4.672027E-275
   5.171015E-275
   5.655513E-275
   6.113196E-275
   6.530847E-275
   6.894603E-275
   7.190277E-275
   7.403755E-275
   7.521476E-275
   7.531011E-275
   7.421736E-275
   7.185624E-275
   6.818156E-275
   6.319365E-275
   5.695027E-275
   4.958006E-275
   4.129763E-275
   3.242058E-275
   2.338834E-275
   1.478318E-275
   7.353439E-276
   2.039154E-276
   2.316354E-280
   2.619472E-276
   1.119592E-275
   2.669268E-275
   4.968994E-275
   8.032035E-275
   1.182221E-274
   1.625114E-274
   2.117757E-274
   2.640919E-274
   3.170697E-274
   3.679252E-274
   4.135862E-274
   4.508325E-274
   4.764741E-274
   4.875718E-274
   4.817015E-274
   4.572674E-274
   4.138674E-274
   3.527123E-274
   2.771065E-274
   1.929925E-274
   1.095623E-274
   3.994223E-275
   1.953503E-276
   1.895561E-275
   1.193431E-274
   3.258355E-274
   6.513322E-274
   1.097696E-273
   1.654364E-273
   2.297896E-273
   2.992407E-273
   3.690928E-273
   4.337786E-273
   4.872047E-273
   5.232126E-273
   5.361631E-273
   5.216518E-273
   4.773661E-273
   4.040908E-273
   3.068725E-273
   1.963522E-273
   9.027511E-274
   1.518889E-274
   8.340019E-275
   1.189591E-273
   3.906490E-273
   8.440729E-273
   1.476632E-272
   2.259840E-272
   3.139458E-272
   4.038149E-272
   4.860765E-272
   5.502404E-272
   5.859389E-272
   5.843337E-272
   5.398489E-272
   4.522479E-272
   3.290730E-272
   1.884658E-272
   6.238896E-273
   2.685338E-275
   7.307782E-273
   3.653161E-272
   9.224889E-272
   1.745869E-271
   2.789355E-271
   3.959654E-271
   5.122584E-271
   6.115429E-271
   6.765608E-271
   6.915904E-271
   6.456593E-271
   5.364770E-271
   3.751225E-271
   1.915215E-271
   4.074912E-272
   1.019562E-272
   2.268827E-271
   8.097858E-271
   1.789038E-270
   3.114924E-270
   4.654547E-270
   6.201662E-270
   7.499148E-270
   8.274389E-270
   8.288013E-270
   7.396506E-270
   5.629251E-270
   3.280602E-270
   1.017580E-270
   3.844901E-273
   2.040512E-270
   9.226303E-270
   2.219612E-269
   4.017608E-269
   6.100601E-269
   8.133090E-269
   9.704518E-269
   1.039880E-268
   9.889636E-269
   8.062429E-269
   5.163798E-269
   1.979589E-269
   4.248991E-271
   1.870276E-269
   1.083260E-268
   2.823995E-268
   5.284801E-268
   8.117953E-268
   1.078699E-267
   1.265078E-267
   1.309410E-267
   1.170569E-267
   8.505279E-268
   4.220840E-268
   6.178022E-269
   8.818577E-269
   9.953898E-268
   3.130246E-267
   6.361044E-267
   1.019755E-266
   1.383904E-266
   1.631254E-266
   1.669398E-266
   1.441362E-266
   9.647786E-267
   3.799040E-267
   6.743633E-269
   4.115397E-267
   2.380564E-266
   6.114621E-266
   1.111423E-265
   1.634646E-265
   2.040654E-265
   2.183500E-265
   1.957987E-265
   1.360629E-265
   5.656867E-266
   1.663866E-267
   5.334880E-266
   3.305483E-265
   8.630800E-265
   1.564903E-264
   2.269503E-264
   2.759818E-264
   2.824916E-264
   2.341303E-264
   1.379224E-264
   3.344625E-265
   8.617697E-266
   2.178085E-264
   8.063672E-264
   1.706441E-263
   2.709365E-263
   3.507456E-263
   3.772288E-263
   3.274296E-263
   2.043684E-263
   5.732902E-264
   6.416275E-265
   2.713585E-263
   1.084808E-262
   2.346005E-262
   3.729215E-262
   4.765811E-262
   4.975316E-262
   4.065066E-262
   2.197552E-262
   3.263096E-263
   6.015376E-263
   6.769605E-262
   2.094511E-261
   3.993454E-261
   5.772447E-261
   6.695296E-261
   6.152790E-261
   4.033600E-261
   1.205120E-261
   1.057125E-262
   5.448637E-261
   2.240974E-260
   4.797216E-260
   7.387325E-260
   8.929904E-260
   8.464363E-260
   5.706499E-260
   1.779376E-260
   1.214706E-261
   7.573098E-260
   3.187367E-259
   6.813304E-259
   1.034566E-258
   1.216734E-258
   1.095318E-258
   6.575891E-259
   1.289927E-259
   1.195811E-259
   1.787821E-258
   5.898693E-258
   1.117712E-257
   1.544283E-257
   1.634584E-257
   1.251460E-257
   5.141782E-258
   7.444497E-261
   9.943489E-258
   5.356126E-257
   1.243044E-256
   1.932904E-256
   2.250482E-256
   1.924105E-256
   9.872493E-257
   6.855596E-258
   7.502587E-257
   5.785883E-256
   1.532534E-255
   2.534646E-255
   3.063053E-255
   2.691944E-255
   1.421105E-255
   1.105316E-256
   1.020683E-255
   8.173616E-255
   2.177041E-254
   3.563367E-254
   4.202318E-254
   3.509565E-254
   1.610466E-254
   2.182970E-256
   2.496198E-254
   1.495468E-253
   3.516271E-253
   5.287230E-253
   5.683293E-253
   4.075470E-253
   1.196116E-253
   2.518093E-254
   8.274919E-253
   3.179338E-252
   6.073703E-252
   7.843723E-252
   7.048041E-252
   3.575650E-252
   1.390250E-253
   4.144912E-252
   2.825818E-251
   6.869223E-251
   1.024055E-250
   1.054394E-250
   6.730022E-251
   1.152738E-251
   2.197914E-251
   2.706152E-250
   8.117183E-250
   1.339617E-249
   1.489945E-249
   1.050858E-249
   2.556813E-250
   1.624282E-250
   3.101406E-249
   1.048856E-248
   1.813922E-248
   2.065000E-248
   1.474023E-248
   3.576073E-249
   2.414027E-249
   4.523639E-248
   1.513417E-247
   2.568715E-247
   2.829180E-247
   1.874770E-247
   3.206036E-248
   6.807443E-248
   8.260800E-247
   2.409125E-246
   3.756986E-246
   3.760489E-246
   2.056452E-246
   9.167119E-248
   2.479206E-246
   1.738167E-245
   4.057912E-245
   5.477630E-245
   4.599667E-245
   1.638257E-245
   1.602862E-246
   9.248556E-245
   3.783548E-244
   6.810634E-244
   7.485029E-244
   4.587333E-244
   4.203169E-245
   3.699054E-244
   3.139337E-243
   7.780455E-243
   1.057107E-242
   8.577259E-243
   2.566682E-243
   8.956849E-244
   2.422357E-242
   8.580920E-242
   1.400335E-241
   1.358582E-241
   6.207268E-242
   1.141999E-244
   1.912749E-241
   9.551348E-241
   1.821958E-240
   1.991723E-240
   1.117271E-240
   3.409575E-242
   1.709746E-240
   1.121141E-239
   2.401914E-239
   2.820181E-239
   1.738263E-239
   1.173415E-240
   1.882116E-239
   1.440669E-238
   3.271940E-238
   3.936628E-238
   2.458072E-238
   1.670585E-239
   2.699904E-238
   2.066153E-237
   4.639527E-237
   5.444747E-237
   3.181390E-237
   1.031999E-238
   4.997284E-237
   3.286493E-236
   6.806400E-236
   7.392057E-236
   3.654803E-236
   1.171148E-239
   1.114549E-235
   5.628736E-235
   1.013526E-234
   9.597939E-235
   3.384932E-235
   7.377957E-236
   2.753248E-234
   9.939199E-234
   1.484574E-233
   1.131495E-233
   1.836247E-234
   6.229217E-234
   6.875646E-233
   1.725472E-232
   2.042301E-232
   1.083445E-232
   5.863511E-236
   3.040029E-232
   1.589519E-231
   2.801843E-231
   2.446076E-231
   6.027291E-232
   7.029253E-232
   1.140336E-230
   3.227554E-230
   3.996404E-230
   2.163026E-230
   8.368276E-234
   6.273708E-230
   3.239473E-229
   5.527650E-229
   4.471808E-229
   7.484039E-230
   2.607131E-229
   2.878084E-228
   6.915450E-228
   7.400407E-228
   2.825375E-228
   5.665222E-229
   2.318416E-227
   8.130266E-227
   1.093070E-226
   6.207266E-227
   7.244919E-230
   1.784926E-226
   9.248483E-226
   1.519203E-225
   1.099877E-225
   8.142657E-227
   1.386248E-225
   1.046984E-224
   2.051715E-224
   1.747189E-224
   2.887152E-225
   1.136025E-224
   1.214650E-223
   2.752886E-223
   2.610287E-223
   6.086252E-224
   1.044737E-223
   1.484653E-222
   3.727538E-222
   3.758806E-222
   1.011434E-222
   1.164984E-222
   1.951707E-221
   5.143138E-221
   5.278601E-221
   1.430074E-221
   1.666318E-221
   2.785248E-220
   7.255731E-220
   7.246760E-220
   1.729257E-220
   3.033743E-220
   4.299708E-219
   1.043247E-218
   9.664685E-219
   1.685349E-219
   6.585897E-219
   7.069830E-218
   1.514002E-217
   1.231435E-217
   1.066178E-218
   1.579121E-217
   1.208161E-216
   2.182529E-216
   1.451017E-216
   1.081016E-218
   3.948500E-216
   2.084168E-215
   3.054812E-215
   1.481350E-215
   1.259310E-216
   9.865355E-215
   3.521857E-214
   4.016098E-214
   1.117428E-214
   1.454828E-214
   2.348200E-213
   5.654996E-213
   4.697698E-213
   3.265468E-214
   7.259577E-213
   5.082061E-212
   8.328819E-212
   4.376079E-212
   2.408338E-213
   2.663351E-211
   9.707351E-211
   1.066970E-210
   2.320317E-211
   6.400267E-211
   7.711436E-210
   1.596589E-209
   1.066511E-209
   1.478112E-213
   3.788959E-209
   1.743609E-208
   2.156730E-208
   5.948169E-209
   9.262534E-209
   1.393862E-207
   3.086398E-207
   2.110529E-207
   1.896410E-211
   7.679567E-207
   3.473839E-206
   4.118390E-206
   9.212149E-207
   2.615984E-206
   3.113778E-205
   6.107492E-205
   3.447298E-205
   1.887101E-206
   2.174618E-204
   7.551455E-204
   7.205600E-204
   5.778723E-205
   1.159863E-203
   8.024818E-203
   1.171132E-202
   3.833670E-203
   4.161998E-203
   7.381689E-202
   1.640563E-201
   9.935685E-202
   3.747168E-203
   5.910316E-201
   2.072125E-200
   1.882145E-200
   7.748374E-202
   4.179130E-200
   2.418067E-199
   3.043783E-199
   5.973956E-200
   2.607058E-199
   2.652233E-198
   4.482192E-198
   1.674243E-198
   1.350002E-198
   2.780879E-197
   6.222164E-197
   3.412601E-197
   4.742533E-198
   2.843081E-196
   8.326391E-196
   5.960580E-196
   3.845286E-198
   2.899032E-195
   1.092199E-194
   9.536339E-195
   9.880658E-197
   3.014104E-194
   1.422660E-193
   1.443947E-193
   6.946475E-195
   3.270412E-193
   1.864635E-192
   2.118438E-192
   1.865864E-193
   3.738354E-192
   2.464774E-191
   3.006822E-191
   3.339667E-192
   4.732736E-191
   3.387234E-190
   4.346694E-190
   5.928879E-191
   5.930662E-190
   4.480171E-189
   5.531926E-189
   4.556161E-190
   1.099976E-188
   7.422616E-188
   9.987874E-188
   2.136703E-188
   7.937981E-188
   6.366808E-187
   4.582461E-187
   2.092420E-187
   7.846979E-186
   3.504154E-185
   6.573669E-185
   7.366002E-185
   4.930589E-185
   1.076620E-184
   1.306038E-183
   8.528661E-183
   3.405149E-182
   1.157555E-181
   3.680931E-181
   1.014203E-180
   2.513675E-180
   8.874195E-180
   3.675491E-179
   1.258228E-178
   3.687470E-178
   1.303932E-177
   4.633727E-177
   1.389688E-176
   3.927028E-176
   1.452101E-175
   5.187331E-175
   1.543721E-174
   4.600499E-174
   1.691777E-173
   5.680265E-173
   1.607722E-172
   5.044112E-172
   1.845947E-171
   5.936192E-171
   1.650925E-170
   5.495994E-170
   1.948430E-169
   5.926352E-169
   1.660116E-168
   5.772197E-168
   1.961820E-167
   5.662651E-167
   1.662542E-166
   5.857455E-166
   1.885390E-165
   5.219534E-165
   1.642968E-164
   5.688655E-164
   1.724750E-163
   4.754394E-163
   1.586974E-162
   5.266432E-162
   1.502003E-161
   4.338368E-161
   1.478316E-160
   4.629040E-160
   1.264327E-159
   3.939086E-159
   1.315033E-158
   3.854569E-158
   1.062135E-157
   3.492768E-157
   1.109208E-156
   3.056661E-156
   9.002549E-156
   2.972200E-155
   8.835387E-155
   2.386269E-154
   7.555840E-154
   2.398300E-153
   6.652603E-153
   1.890472E-152
   6.124890E-152
   1.822791E-151
   4.877134E-151
   1.499601E-150
   4.710208E-150
   1.303758E-149
   3.634888E-149
   1.154677E-148
   3.403416E-148
   9.039550E-148
   2.730238E-147
   8.430994E-147
   2.307441E-146
   6.389513E-146
   1.993388E-145
   5.767348E-145
   1.521300E-144
   4.558393E-144
   1.376714E-143
   3.698562E-143
   1.027959E-142
   3.150597E-142
   8.877886E-142
   2.335138E-141
   6.979986E-141
   2.049942E-140
   5.389611E-140
   1.517533E-139
   4.553302E-139
   1.241004E-138
   3.288988E-138
   9.794047E-138
   2.777260E-137
   7.185843E-137
   2.058526E-136
   5.999890E-136
   1.576943E-135
   4.273198E-135
   1.255981E-134
   3.412657E-134
   8.849752E-134
   2.562156E-133
   7.178108E-133
   1.837250E-132
   5.127750E-132
   1.465131E-131
   3.804309E-131
   1.013984E-130
   2.911415E-130
   7.760414E-130
   1.993177E-129
   5.655257E-129
   1.544965E-128
   3.905657E-128
   1.078482E-127
   2.996934E-127
   7.612134E-127
   2.027928E-126
   5.675935E-126
   1.466047E-125
   3.773619E-125
   1.052276E-124
   2.771224E-124
   6.964880E-124
   1.914656E-123
   5.124626E-123
   1.275325E-122
   3.427659E-122
   9.272375E-122
   2.312470E-121
   6.050712E-121
   1.643981E-120
   4.138798E-120
   1.054933E-119
   2.860598E-119
   7.288242E-119
   1.818280E-118
   4.892096E-118
   1.260281E-117
   3.098821E-117
   8.232884E-117
   2.138910E-116
   5.219378E-116
   1.364798E-115
   3.564405E-115
   8.679795E-115
   2.230349E-114
   5.836902E-114
   1.423555E-113
   3.594838E-113
   9.399651E-113
   2.300210E-112
   5.716045E-112
   1.489584E-111
   3.659085E-111
   8.966846E-111
   2.324232E-110
   5.728296E-110
   1.387596E-109
   3.572254E-109
   8.824525E-109
   2.117761E-108
   5.409955E-108
   1.337889E-107
   3.186954E-107
   8.074831E-107
   1.996660E-106
   4.727774E-106
   1.188034E-105
   2.933915E-105
   6.912455E-105
   1.723146E-104
   4.245698E-104
   9.959487E-104
   2.463977E-103
   6.051922E-103
   1.413931E-102
   3.473672E-102
   8.498898E-102
   1.977956E-101
   4.828666E-101
   1.176118E-100
   2.726640E-100
   6.618583E-100
   1.603967E-099
   3.704020E-099
   8.945435E-099
   2.155843E-098
   4.958799E-098
   1.192161E-097
   2.855779E-097
   6.542917E-097
   1.566617E-096
   3.728342E-096
   8.509430E-096
   2.029929E-095
   4.797114E-095
   1.090972E-094
   2.593464E-094
   6.082768E-094
   1.379008E-093
   3.266979E-093
   7.600850E-093
   1.718770E-092
   4.057480E-092
   9.359481E-092
   2.112633E-091
   4.967943E-091
   1.135729E-090
   2.561155E-090
   5.995987E-090
   1.358196E-089
   3.062599E-089
   7.132609E-089
   1.600976E-088
   3.612463E-088
   8.361133E-088
   1.860595E-087
   4.203062E-087
   9.656581E-087
   2.132596E-086
   4.823203E-086
   1.098576E-085
   2.411653E-085
   5.458042E-085
   1.230855E-084
   2.691630E-084
   6.089212E-084
   1.358120E-083
   2.965681E-083
   6.695709E-083
   1.476205E-082
   3.226259E-082
   7.254332E-082
   1.581524E-081
   3.464887E-081
   7.740834E-081
   1.671382E-080
   3.672458E-080
   8.131963E-080
   1.743877E-079
   3.839658E-079
   8.408494E-079
   1.797496E-078
   3.957596E-078
   8.559529E-078
   1.830737E-077
   4.018609E-077
   8.585697E-077
   1.841972E-076
   4.017161E-076
   8.497528E-076
   1.829617E-075
   3.951002E-075
   8.309290E-075
   1.792511E-074
   3.823032E-074
   8.033055E-074
   1.730353E-073
   3.642790E-073
   7.676666E-073
   1.644075E-072
   3.424453E-072
   7.245412E-072
   1.536245E-071
   3.181696E-071
   6.745125E-071
   1.411766E-070
   2.924010E-070
   6.184787E-070
   1.277924E-069
   2.656755E-069
   5.578022E-069
   1.142265E-068
   2.383305E-068
   4.944865E-068
   1.009990E-067
   2.107100E-067
   4.313263E-067
   8.834849E-067
   1.832718E-066
   3.712391E-066
   7.635255E-066
   1.566418E-065
   3.160677E-065
   6.505416E-065
   1.316663E-064
   2.663105E-064
   5.452634E-064
   1.091806E-063
   2.217343E-063
   4.489597E-063
   8.957153E-063
   1.819887E-062
   3.635380E-062
   7.273204E-062
   1.468707E-061
   2.905438E-061
   5.834347E-061
   1.164031E-060
   2.298359E-060
   4.610147E-060
   9.078715E-060
   1.799102E-059
   3.578909E-059
   6.997143E-059
   1.389941E-058
   2.728793E-058
   5.339721E-058
   1.056365E-057
   2.050933E-057
   4.028594E-057
   7.881070E-057
   1.525433E-056
   2.994622E-056
   5.782662E-056
   1.122957E-055
   2.186112E-055
   4.192941E-055
   8.157041E-055
   1.567179E-054
   3.010475E-054
   5.823958E-054
   1.108308E-053
   2.135434E-053
   4.080383E-053
   7.760142E-053
   1.490262E-052
   2.815669E-052
   5.372956E-052
   1.020411E-051
   1.922967E-051
   3.663724E-051
   6.874171E-051
   1.299602E-050
   2.451501E-050
   4.580651E-050
   8.655501E-050
   1.612443E-049
   3.021326E-049
   5.657172E-049
   1.048453E-048
   1.964568E-048
   3.632448E-048
   6.748458E-048
   1.253576E-047
   2.304837E-047
   4.282463E-047
   7.855811E-047
   1.447562E-046
   2.666378E-046
   4.864086E-046
   8.961383E-046
   1.630316E-045
   2.980432E-045
   5.441349E-045
   9.849678E-045
   1.799167E-044
   3.245153E-044
   5.886888E-044
   1.064779E-043
   1.912818E-043
   3.463352E-043
   6.192287E-043
   1.114741E-042
   1.996632E-042
   3.560380E-042
   6.387237E-042
   1.132043E-041
   2.022123E-041
   3.585173E-041
   6.347195E-041
   1.127531E-040
   1.981425E-040
   3.510575E-040
   6.159700E-040
   1.082809E-039
   1.903280E-039
   3.317786E-039
   5.826168E-039
   1.011736E-038
   1.765604E-038
   3.068347E-038
   5.308257E-038
   9.228284E-038
   1.586795E-037
   2.747331E-037
   4.718469E-037
   8.104477E-037
   1.393071E-036
   2.374144E-036
   4.073345E-036
   6.915494E-036
   1.179133E-035
   2.001693E-035
   3.384644E-035
   5.744505E-035
   9.650548E-035
   1.631760E-034
   2.734633E-034
   4.589920E-034
   7.691552E-034
   1.280553E-033
   2.142781E-033
   3.547883E-033
   5.906733E-033
   9.761288E-033
   1.612322E-032
   2.663007E-032
   4.364077E-032
   7.190411E-032
   1.172299E-031
   1.920227E-031
   3.124295E-031
   5.075610E-031
   8.248667E-031
   1.329374E-030
   2.153722E-030
   3.452127E-030
   5.557469E-030
   8.884215E-030
   1.417976E-029
   2.262620E-029
   3.580388E-029
   5.692696E-029
   8.950237E-029
   1.413616E-028
   2.213983E-028
   3.464900E-028
   5.411553E-028
   8.386484E-028
   1.304386E-027
   2.004516E-027
   3.095516E-027
   4.728020E-027
   7.227192E-027
   1.098654E-026
   1.659438E-026
   2.508838E-026
   3.744910E-026
   5.614784E-026
   8.294833E-026
   1.228517E-025
   1.798630E-025
   2.621938E-025
   3.802738E-025
   5.442797E-025
   7.796233E-025
   1.094275E-024
   1.539181E-024
   2.116410E-024
   2.900139E-024
   3.895235E-024
   5.148386E-024
   6.702636E-024
   8.431300E-024
   1.046157E-023
   1.225325E-023
   1.398062E-023
   1.454052E-023
   1.396138E-023
   1.112265E-023
   6.297933E-024
   1.187782E-024
   1.622190E-024
   2.226501E-023
   1.000316E-022
   2.986846E-022
   7.755365E-022
   1.774418E-021
   3.839646E-021
   7.849150E-021
   1.547471E-020
   2.967973E-020
   5.529252E-020
   1.016183E-019
   1.822899E-019
   3.245327E-019
   5.667118E-019
   9.837342E-019
   1.683512E-018
   2.863097E-018
   4.822198E-018
   8.061941E-018
   1.339483E-017
   2.207317E-017
   3.623128E-017
   5.897650E-017
   9.572865E-017
   1.541824E-016
   2.476668E-016
   3.951835E-016
   6.286291E-016
   9.945877E-016
   1.567782E-015
   2.460963E-015
   3.846555E-015
   5.992756E-015
   9.293455E-015
   1.437397E-014
   2.212792E-014
   3.398340E-014
   5.195586E-014
   7.924293E-014
   1.203596E-013
   1.823394E-013
   2.752090E-013
   4.142034E-013
   6.213467E-013
   9.292158E-013
   1.385564E-012
   2.059295E-012
   3.052479E-012
   4.509478E-012
   6.645219E-012
   9.759476E-012
   1.429810E-011
   2.087805E-011
   3.041085E-011
   4.415439E-011
   6.394659E-011
   9.232606E-011
   1.329507E-010
   1.908877E-010
   2.733284E-010
   3.902681E-010
   5.556822E-010
   7.890434E-010
   1.117209E-009
   1.577633E-009
   2.221413E-009
   3.119972E-009
   4.369712E-009
   6.104593E-009
   8.504245E-009
   1.181703E-008
   1.637403E-008
   2.262989E-008
   3.118790E-008
   4.286985E-008
   5.876214E-008
   8.033155E-008
   1.095107E-007
   1.488848E-007
   2.018488E-007
   2.729015E-007
   3.679300E-007
   4.946640E-007
   6.631770E-007
   8.865777E-007
   1.181871E-006
   1.570995E-006
   2.082257E-006
   2.751876E-006
   3.626310E-006
   4.764528E-006
   6.241664E-006
   8.152358E-006
   1.061632E-005
   1.378319E-005
   1.784079E-005
   2.302211E-005
   2.961716E-005
   3.798297E-005
   4.856002E-005
   6.188635E-005
   7.861962E-005
   9.955662E-005
   1.256618E-004
   1.580938E-004
   1.982405E-004
   2.477542E-004
   3.085930E-004
   3.830650E-004
   4.738745E-004
   5.841756E-004
   7.176181E-004
   8.784107E-004
   1.071358E-003
   1.301929E-003
   1.576276E-003
   1.901355E-003
   2.284868E-003
   2.735308E-003
   3.261900E-003
   3.874648E-003
   4.584167E-003
   5.401699E-003
   6.338826E-003
   7.407434E-003
   8.619277E-003
   9.985874E-003
   1.151791E-002
   1.322504E-002
   1.511514E-002
   1.719401E-002
   1.946449E-002
   2.192611E-002
   2.457408E-002
   2.739900E-002
   3.038579E-002
   3.351354E-002
   3.675455E-002
   4.007439E-002
   4.343134E-002
   4.677667E-002
   5.005477E-002
   5.320378E-002
   5.615660E-002
   5.884195E-002
   6.118639E-002
   6.311587E-002
   6.455876E-002
   6.544773E-002
   6.572367E-002
   6.533764E-002
   6.425522E-002
   6.245816E-002
   5.994849E-002
   5.674936E-002
   5.290809E-002
   4.849554E-002
   4.360732E-002
   3.836119E-002
   3.289576E-002
   2.736566E-002
   2.193739E-002
   1.678254E-002
   1.207117E-002
   7.963719E-003
   4.603072E-003
   2.106377E-003
   5.576454E-004
   1.557892E-006
   4.386153E-004
   1.822183E-003
   4.057900E-003
   7.005997E-003
   1.048600E-002
   1.428509E-002
   1.816783E-002
   2.188988E-002
   2.521092E-002
   2.791126E-002
   2.980477E-002
   3.075446E-002
   3.068159E-002
   2.957554E-002
   2.749550E-002
   2.457096E-002
   2.099388E-002
   1.700832E-002
   1.289358E-002
   8.944946E-003
   5.451304E-003
   2.672427E-003
   8.171181E-004
   2.455843E-005
   3.502976E-004
   1.758707E-003
   4.122948E-003
   7.232528E-003
   1.080941E-002
   1.452970E-002
   1.805221E-002
   2.104795E-002
   2.323187E-002
   2.438994E-002
   2.440206E-002
   2.325592E-002
   2.105093E-002
   1.799178E-002
   1.436983E-002
   1.053660E-002
   6.868139E-003
   3.727265E-003
   1.424452E-003
   1.839249E-004
   1.174350E-004
   1.209818E-003
   3.318163E-003
   6.185326E-003
   9.467705E-003
   1.277244E-002
   1.570245E-002
   1.790182E-002
   1.910051E-002
   1.914612E-002
   1.802692E-002
   1.587316E-002
   1.294575E-002
   9.603696E-003
   6.261834E-003
   3.337473E-003
   1.197204E-003
   1.076388E-004
   1.989059E-004
   1.444974E-003
   3.664597E-003
   6.543866E-003
   9.676505E-003
   1.261964E-002
   1.495396E-002
   1.634413E-002
   1.658689E-002
   1.564222E-002
   1.364164E-002
   1.087035E-002
   7.728376E-003
   4.671272E-003
   2.143625E-003
   5.108982E-004
   3.354075E-006
   6.788832E-004
   2.412242E-003
   4.912969E-003
   7.768935E-003
   1.051186E-002
   1.269019E-002
   1.394458E-002
   1.406486E-002
   1.302851E-002
   1.100403E-002
   8.326069E-003
   5.439716E-003
   2.826346E-003
   9.216327E-004
   4.005793E-005
   3.193714E-004
   1.695001E-003
   3.909688E-003
   6.557615E-003
   9.155303E-003
   1.122924E-002
   1.239874E-002
   1.244854E-002
   1.136641E-002
   9.350076E-003
   6.769205E-003
   4.099767E-003
   1.833723E-003
   3.868846E-004
   1.858404E-005
   7.811341E-004
   2.508364E-003
   4.846452E-003
   7.322382E-003
   9.436465E-003
   1.076101E-002
   1.102755E-002
   1.017969E-002
   8.388647E-003
   6.016672E-003
   3.546700E-003
   1.481192E-003
   2.394048E-004
   6.838551E-005
   9.904271E-004
   2.796989E-003
   5.091274E-003
   7.372671E-003
   9.143129E-003
   1.001511E-002
   9.797167E-003
   8.535067E-003
   6.505545E-003
   4.153246E-003
   1.995294E-003
   5.038186E-004
   9.010226E-007
   5.843136E-004
   2.104547E-003
   4.198385E-003
   6.370864E-003
   8.110341E-003
   9.006765E-003
   8.847876E-003
   7.671172E-003
   5.753562E-003
   3.549316E-003
   1.579318E-003
   3.083842E-004
   3.140083E-005
   8.019903E-004
   2.418736E-003
   4.473243E-003
   6.450733E-003
   7.855938E-003
   8.336495E-003
   7.772060E-003
   6.303126E-003
   4.299399E-003
   2.263635E-003
   7.068354E-004
   1.568649E-005
   3.539589E-004
   1.619236E-003
   3.468647E-003
   5.408206E-003
   6.921344E-003
   7.604790E-003
   7.276871E-003
   6.023754E-003
   4.180719E-003
   2.239252E-003
   7.179456E-004
   2.019239E-005
   3.251694E-004
   1.537847E-003
   3.314271E-003
   5.155720E-003
   6.546645E-003
   7.096540E-003
   6.652003E-003
   5.336486E-003
   3.520294E-003
   1.712974E-003
   4.211917E-004
   3.042021E-006
   5.656390E-004
   1.933656E-003
   3.699756E-003
   5.341579E-003
   6.375643E-003
   6.495860E-003
   5.667764E-003
   4.135299E-003
   2.351857E-003
   8.442794E-004
   5.581474E-005
   2.132360E-004
   1.257955E-003
   2.862980E-003
   4.532909E-003
   5.752857E-003
   6.148057E-003
   5.596120E-003
   4.267298E-003
   2.571869E-003
   1.032318E-003
   1.223200E-004
   1.169407E-004
   1.006635E-003
   2.499691E-003
   4.113279E-003
   5.327918E-003
   5.752155E-003
   5.248511E-003
   3.979845E-003
   2.354657E-003
   8.985325E-004
   8.057648E-005
   1.616455E-004
   1.107378E-003
   2.598815E-003
   4.136762E-003
   5.207470E-003
   5.451610E-003
   4.787981E-003
   3.437510E-003
   1.853389E-003
   5.664513E-004
   6.477284E-006
   3.557517E-004
   1.486230E-003
   3.002134E-003
   4.376627E-003
   5.130924E-003
   5.002867E-003
   4.036346E-003
   2.567522E-003
   1.108975E-003
   1.683928E-004
   7.165740E-005
   8.461300E-004
   2.210430E-003
   3.674007E-003
   4.711170E-003
   4.948660E-003
   4.301721E-003
   3.001951E-003
   1.517940E-003
   3.828523E-004
   2.505182E-006
   5.066051E-004
   1.701532E-003
   3.140447E-003
   4.288700E-003
   4.718602E-003
   4.270818E-003
   3.111604E-003
   1.672303E-003
   4.893098E-004
   1.589211E-006
   3.867521E-004
   1.492857E-003
   2.895115E-003
   4.056910E-003
   4.533849E-003
   4.142344E-003
   3.033107E-003
   1.630444E-003
   4.723365E-004
   9.742952E-007
   3.918956E-004
   1.485040E-003
   2.847179E-003
   3.939603E-003
   4.331438E-003
   3.867219E-003
   2.730109E-003
   1.370332E-003
   3.252634E-004
   7.563911E-006
   5.386671E-004
   1.700135E-003
   3.020462E-003
   3.964866E-003
   4.149713E-003
   3.500696E-003
   2.280344E-003
   9.843250E-004
   1.381043E-004
   8.191696E-005
   8.311374E-004
   2.069613E-003
   3.279206E-003
   3.955261E-003
   3.815657E-003
   2.918068E-003
   1.638295E-003
   5.105110E-004
   5.345577E-006
   3.302325E-004
   1.342062E-003
   2.606947E-003
   3.585048E-003
   3.858016E-003
   3.309574E-003
   2.174168E-003
   9.368781E-004
   1.265789E-004
   8.651979E-005
   8.269152E-004
   2.019663E-003
   3.140870E-003
   3.698014E-003
   3.447101E-003
   2.497410E-003
   1.266422E-003
   2.952725E-004
   9.909220E-006
   5.327686E-004
   1.627449E-003
   2.802935E-003
   3.532345E-003
   3.488778E-003
   2.690774E-003
   1.497033E-003
   4.430400E-004
   9.952312E-007
   3.653799E-004
   1.364368E-003
   2.537070E-003
   3.344350E-003
   3.414655E-003
   2.714935E-003
   1.567703E-003
   5.009376E-004
   6.357328E-006
   3.102008E-004
   1.268066E-003
   2.430704E-003
   3.253941E-003
   3.351512E-003
   2.677459E-003
   1.548195E-003
   4.929025E-004
   5.772425E-006
   3.108559E-004
   1.256361E-003
   2.386010E-003
   3.157310E-003
   3.199321E-003
   2.492112E-003
   1.375881E-003
   3.868124E-004
   3.192346E-008
   3.988342E-004
   1.386111E-003
   2.478864E-003
   3.143513E-003
   3.054510E-003
   2.255459E-003
   1.137210E-003
   2.465585E-004
   1.824250E-005
   5.594473E-004
   1.596920E-003
   2.611458E-003
   3.096360E-003
   2.808459E-003
   1.891718E-003
   8.047923E-004
   9.167799E-005
   1.090056E-004
   8.451940E-004
   1.925827E-003
   2.801828E-003
   3.028293E-003
   2.489259E-003
   1.458926E-003
   4.615830E-004
   3.860437E-006
   3.157051E-004
   1.231354E-003
   2.274493E-003
   2.903183E-003
   2.791196E-003
   1.996042E-003
   9.309861E-004
   1.500130E-004
   5.856864E-005
   7.018421E-004
   1.739978E-003
   2.626138E-003
   2.892941E-003
   2.400034E-003
   1.407189E-003
   4.379083E-004
   2.302156E-006
   3.255498E-004
   1.228596E-003
   2.223356E-003
   2.774413E-003
   2.585032E-003
   1.757724E-003
   7.380106E-004
   7.442875E-005
   1.229879E-004
   8.537203E-004
   1.867075E-003
   2.610057E-003
   2.677858E-003
   2.033490E-003
   1.028639E-003
   2.114203E-004
   2.505982E-005
   5.651526E-004
   1.526696E-003
   2.373232E-003
   2.633087E-003
   2.161820E-003
   1.222229E-003
   3.376352E-004
   7.269697E-007
   3.971621E-004
   1.301765E-003
   2.204070E-003
   2.595643E-003
   2.255840E-003
   1.376281E-003
   4.532646E-004
   5.757849E-006
   2.817146E-004
   1.116954E-003
   2.029364E-003
   2.494130E-003
   2.244240E-003
   1.423948E-003
   5.048014E-004
   1.490534E-005
   2.337822E-004
   1.030958E-003
   1.941427E-003
   2.435283E-003
   2.225750E-003
   1.434995E-003
   5.234030E-004
   1.986432E-005
   2.124089E-004
   9.800899E-004
   1.864664E-003
   2.341336E-003
   2.127825E-003
   1.351542E-003
   4.729196E-004
   1.157394E-005
   2.379412E-004
   1.012258E-003
   1.868741E-003
   2.293593E-003
   2.032834E-003
   1.243572E-003
   3.987152E-004
   2.581933E-006
   2.865896E-004
   1.070772E-003
   1.873480E-003
   2.204420E-003
   1.862367E-003
   1.056623E-003
   2.791614E-004
   2.936842E-006
   3.927712E-004
   1.204753E-003
   1.936638E-003
   2.137160E-003
   1.683247E-003
   8.557168E-004
   1.642747E-004
   3.154779E-005
   5.316150E-004
   1.344972E-003
   1.959112E-003
   1.988487E-003
   1.415625E-003
   6.008443E-004
   5.491889E-005
   1.180392E-004
   7.456196E-004
   1.537509E-003
   1.991139E-003
   1.819610E-003
   1.132787E-003
   3.658524E-004
   2.232913E-006
   2.656135E-004
   9.785679E-004
   1.677723E-003
   1.911529E-003
   1.530285E-003
   7.807447E-004
   1.460437E-004
   3.323974E-005
   5.103058E-004
   1.263454E-003
   1.801436E-003
   1.774812E-003
   1.202020E-003
   4.559207E-004
   1.990842E-005
   1.717444E-004
   8.031250E-004
   1.492232E-003
   1.782112E-003
   1.481701E-003
   7.905770E-004
   1.662637E-004
   2.050937E-005
   4.463191E-004
   1.156971E-003
   1.677169E-003
   1.660083E-003
   1.117891E-003
   4.127226E-004
   1.367594E-005
   1.820514E-004
   7.970187E-004
   1.438119E-003
   1.669748E-003
   1.335421E-003
   6.625924E-004
   1.078178E-004
   4.608644E-005
   5.159674E-004
   1.194032E-003
   1.615810E-003
   1.493284E-003
   9.110187E-004
   2.672515E-004
   1.310611E-007
   2.865749E-004
   9.217891E-004
   1.461804E-003
   1.531082E-003
   1.082314E-003
   4.279420E-004
   2.235859E-005
   1.453643E-004
   7.076120E-004
   1.313874E-003
   1.539503E-003
   1.227404E-003
   5.968477E-004
   8.821459E-005
   5.319729E-005
   5.079546E-004
   1.123721E-003
   1.460600E-003
   1.279210E-003
   7.096962E-004
   1.576701E-004
   1.477495E-005
   3.797476E-004
   9.886800E-004
   1.404589E-003
   1.330039E-003
   8.193956E-004
   2.384378E-004
   3.334467E-007
   2.687477E-004
   8.414715E-004
   1.298466E-003
   1.306899E-003
   8.616648E-004
   2.876136E-004
   1.828277E-006
   2.093756E-004
   7.546858E-004
   1.236344E-003
   1.301406E-003
   9.032972E-004
   3.342413E-004
   9.301046E-006
   1.608222E-004
   6.686886E-004
   1.151252E-003
   1.248808E-003
   8.898226E-004
   3.423088E-004
   1.285998E-005
   1.436208E-004
   6.326189E-004
   1.111421E-003
   1.221368E-003
   8.812468E-004
   3.464511E-004
   1.552489E-005
   1.303083E-004
   5.955818E-004
   1.053253E-003
   1.154520E-003
   8.234872E-004
   3.127758E-004
   1.002332E-005
   1.426257E-004
   6.056691E-004
   1.043685E-003
   1.122321E-003
   7.827196E-004
   2.846248E-004
   5.965018E-006
   1.532631E-004
   6.047275E-004
   1.006216E-003
   1.045513E-003
   6.929376E-004
   2.229452E-004
   2.480782E-007
   1.964588E-004
   6.573320E-004
   1.023325E-003
   1.009671E-003
   6.277357E-004
   1.749360E-004
   1.581582E-006
   2.370567E-004
   6.897649E-004
   9.992723E-004
   9.205573E-004
   5.166124E-004
   1.076611E-004
   1.705977E-005
   3.151754E-004
   7.640484E-004
   1.006645E-003
   8.505601E-004
   4.203724E-004
   5.743753E-005
   4.725062E-005
   3.919590E-004
   8.100480E-004
   9.632356E-004
   7.282578E-004
   2.953111E-004
   1.390008E-005
   1.104185E-004
   5.055738E-004
   8.789833E-004
   9.286564E-004
   6.151437E-004
   1.922755E-004
   9.869559E-010
   1.881079E-004
   5.957679E-004
   8.848645E-004
   8.174382E-004
   4.498568E-004
   8.506967E-005
   2.254626E-005
   3.117173E-004
   7.120973E-004
   8.925195E-004
   7.046324E-004
   3.043643E-004
   2.112123E-005
   8.402770E-005
   4.328708E-004
   7.705751E-004
   8.126612E-004
   5.246900E-004
   1.493422E-004
   1.340674E-006
   2.028746E-004
   5.818971E-004
   8.182046E-004
   7.133598E-004
   3.566894E-004
   4.781492E-005
   4.225096E-005
   3.362046E-004
   6.725397E-004
   7.615559E-004
   5.278151E-004
   1.726632E-004
   1.191659E-007
   1.560817E-004
   5.042443E-004
   7.444073E-004
   6.707007E-004
   3.473898E-004
   5.166820E-005
   3.381224E-005
   3.021485E-004
   6.182212E-004
   7.051660E-004
   4.878441E-004
   1.565794E-004
   3.766110E-009
   1.532741E-004
   4.811033E-004
   6.968422E-004
   6.128435E-004
   3.032092E-004
   3.720390E-005
   4.269821E-005
   3.075589E-004
   5.927433E-004
   6.444384E-004
   4.174436E-004
   1.136711E-004
   2.620978E-006
   1.827842E-004
   4.947330E-004
   6.625238E-004
   5.380256E-004
   2.316491E-004
   1.373157E-005
   7.428964E-005
   3.547108E-004
   6.011294E-004
   5.917631E-004
   3.352109E-004
   6.244440E-005
   1.945191E-005
   2.461634E-004
   5.401280E-004
   6.379812E-004
   4.520077E-004
   1.490147E-004
   7.473847E-008
   1.362070E-004
   4.305286E-004
   6.136732E-004
   5.183761E-004
   2.315929E-004
   1.559141E-005
   6.908053E-005
   3.455069E-004
   5.945204E-004
   5.897158E-004
   3.353315E-004
   6.271560E-005
   1.900761E-005
   2.410245E-004
   5.217930E-004
   6.010987E-004
   4.053751E-004
   1.158969E-004
   1.655896E-006
   1.704817E-004
   4.683953E-004
   6.211334E-004
   4.877203E-004
   1.912265E-004
   4.836915E-006
   9.837176E-005
   3.807854E-004
   5.856941E-004
   5.204148E-004
   2.462909E-004
   2.136677E-005
   5.822515E-005
   3.237665E-004
   5.694954E-004
   5.647947E-004
   3.140580E-004
   5.266314E-005
   2.485204E-005
   2.530215E-004
   5.170525E-004
   5.638771E-004
   3.485934E-004
   7.748328E-005
   1.118466E-005
   2.151843E-004
   4.962032E-004
   5.863079E-004
   3.993235E-004
   1.137506E-004
   1.816158E-006
   1.681121E-004
   4.491949E-004
   5.715267E-004
   4.160614E-004
   1.338557E-004
   8.718535E-008
   1.469583E-004
   4.343640E-004
   5.847839E-004
   4.524692E-004
   1.654293E-004
   1.308309E-006
   1.171683E-004
   3.965052E-004
   5.634731E-004
   4.533551E-004
   1.745584E-004
   2.608496E-006
   1.092367E-004
   3.924787E-004
   5.756878E-004
   4.791932E-004
   1.974564E-004
   6.478954E-006
   9.190722E-005
   3.659998E-004
   5.548268E-004
   4.700610E-004
   1.961327E-004
   6.565163E-006
   9.227330E-005
   3.709580E-004
   5.676145E-004
   4.873037E-004
   2.093855E-004
   9.213200E-006
   8.417679E-005
   3.568313E-004
   5.522636E-004
   4.734434E-004
   1.994172E-004
   6.926566E-006
   9.261612E-005
   3.741470E-004
   5.710926E-004
   4.860416E-004
   2.038055E-004
   7.167198E-006
   9.245786E-005
   3.712804E-004
   5.595425E-004
   4.652212E-004
   1.839868E-004
   3.265852E-006
   1.103417E-004
   4.004182E-004
   5.811216E-004
   4.691212E-004
   1.775269E-004
   1.884208E-006
   1.192939E-004
   4.073438E-004
   5.690498E-004
   4.374256E-004
   1.478421E-004
   6.221862E-011
   1.496021E-004
   4.464688E-004
   5.872376E-004
   4.272298E-004
   1.303366E-004
   9.307394E-007
   1.699103E-004
   4.593250E-004
   5.668460E-004
   3.799770E-004
   9.375672E-005
   8.312909E-006
   2.157491E-004
   5.026881E-004
   5.712966E-004
   3.498761E-004
   6.860740E-005
   1.965441E-005
   2.514127E-004
   5.176540E-004
   5.364038E-004
   2.874411E-004
   3.462389E-005
   4.774128E-005
   3.163570E-004
   5.588872E-004
   5.194177E-004
   2.391824E-004
   1.405170E-005
   8.120284E-005
   3.669039E-004
   5.646397E-004
   4.620946E-004
   1.688745E-004
   4.845904E-007
   1.406284E-004
   4.427406E-004
   5.850390E-004
   4.150286E-004
   1.141880E-004
   4.298323E-006
   2.017709E-004
   4.918685E-004
   5.599273E-004
   3.316626E-004
   5.475984E-005
   3.165080E-005
   2.911342E-004
   5.550877E-004
   5.385076E-004
   2.588828E-004
   1.839023E-005
   7.638679E-005
   3.673339E-004
   5.719741E-004
   4.657215E-004
   1.647693E-004
   6.393628E-008
   1.552377E-004
   4.641418E-004
   5.909509E-004
   3.972466E-004
   9.408966E-005
   1.125605E-005
   2.360089E-004
   5.177710E-004
   5.441665E-004
   2.856680E-004
   2.896973E-005
   6.089062E-005
   3.505458E-004
   5.814138E-004
   4.997206E-004
   1.950625E-004
   2.113659E-006
   1.307800E-004
   4.340473E-004
   5.717627E-004
   3.894941E-004
   9.128196E-005
   1.275929E-005
   2.460887E-004
   5.351121E-004
   5.594443E-004
   2.918157E-004
   2.920894E-005
   6.157986E-005
   3.479675E-004
   5.631709E-004
   4.635817E-004
   1.617182E-004
   9.626654E-010
   1.645588E-004
   4.738331E-004
   5.815582E-004
   3.666779E-004
   7.028392E-005
   2.386028E-005
   2.751396E-004
   5.350293E-004
   5.063567E-004
   2.218449E-004
   7.020581E-006
   1.093396E-004
   4.152779E-004
   5.783945E-004
   4.135363E-004
   1.078796E-004
   7.358317E-006
   2.219195E-004
   5.009945E-004
   5.219201E-004
   2.606699E-004
   1.914366E-005
   7.728035E-005
   3.703579E-004
   5.627925E-004
   4.339195E-004
   1.317244E-004
   1.970447E-006
   1.896416E-004
   4.727835E-004
   5.207086E-004
   2.776492E-004
   2.721200E-005
   6.257481E-005
   3.450928E-004
   5.482981E-004
   4.368611E-004
   1.400047E-004
   8.377958E-007
   1.768489E-004
   4.574181E-004
   5.114115E-004
   2.753269E-004
   2.749578E-005
   6.106186E-005
   3.390924E-004
   5.370292E-004
   4.233268E-004
   1.311931E-004
   1.595235E-006
   1.821404E-004
   4.544898E-004
   4.937942E-004
   2.534302E-004
   1.978668E-005
   7.208231E-005
   3.504151E-004
   5.261546E-004
   3.915769E-004
   1.060418E-004
   6.009160E-006
   2.050453E-004
   4.602685E-004
   4.640585E-004
   2.121462E-004
   7.879353E-006
   9.781864E-005
   3.755672E-004
   5.091522E-004
   3.390670E-004
   6.890265E-005
   1.977772E-005
   2.446655E-004
   4.668518E-004
   4.156444E-004
   1.536665E-004
   7.840288E-008
   1.428558E-004
   4.101970E-004
   4.786623E-004
   2.655776E-004
   2.884026E-005
   5.272049E-005
   3.024022E-004
   4.683989E-004
   3.461950E-004
   8.655488E-005
   9.902679E-006
   2.123039E-004
   4.467756E-004
   4.262155E-004
   1.759615E-004
   2.206832E-006
   1.149730E-004
   3.702763E-004
   4.495125E-004
   2.541973E-004
   2.759538E-005
   5.248319E-005
   2.996670E-004
   4.636129E-004
   3.414256E-004
   8.451720E-005
   9.962333E-006
   2.062493E-004
   4.244460E-004
   3.901853E-004
   1.466854E-004
   8.796372E-008
   1.355791E-004
   3.849695E-004
   4.370242E-004
   2.270007E-004
   1.698280E-005
   6.660149E-005
   3.080697E-004
   4.336124E-004
   2.842200E-004
   4.954179E-005
   2.743368E-005
   2.473360E-004
   4.330691E-004
   3.514166E-004
   1.054335E-004
   2.792145E-006
   1.670296E-004
   3.837387E-004
   3.749943E-004
   1.524452E-004
   9.888784E-007
   1.151203E-004
   3.511741E-004
   4.102327E-004
   2.179679E-004
   1.769952E-005
   5.943705E-005
   2.826372E-004
   3.968202E-004
   2.548588E-004
   4.038031E-005
   3.041740E-005
   2.391489E-004
   3.999313E-004
   3.075680E-004
   8.051665E-005
   7.037820E-006
   1.748839E-004
   3.613312E-004
   3.231753E-004
   1.106737E-004
   4.823559E-007
   1.362679E-004
   3.429125E-004
   3.538383E-004
   1.555654E-004
   3.193725E-006
   8.872734E-005
   2.940088E-004
   3.477938E-004
   1.799991E-004
   1.121990E-005
   6.279078E-005
   2.675502E-004
   3.585260E-004
   2.177775E-004
   2.869619E-005
   3.433063E-005
   2.202810E-004
   3.371729E-004
   2.303086E-004
   4.182178E-005
   2.103995E-005
   1.951994E-004
   3.346611E-004
   2.563681E-004
   6.377605E-005
   8.053812E-006
   1.564828E-004
   3.066926E-004
   2.575291E-004
   7.536339E-005
   3.486568E-006
   1.374871E-004
   2.989119E-004
   2.735892E-004
   9.573639E-005
   2.216719E-007
   1.090207E-004
   2.709965E-004
   2.668535E-004
   1.027846E-004
   3.403393E-008
   9.669056E-005
   2.628417E-004
   2.759217E-004
   1.190163E-004
   1.562728E-006
   7.682563E-005
   2.376292E-004
   2.638906E-004
   1.204001E-004
   2.534071E-006
   7.023980E-005
   2.316914E-004
   2.686216E-004
   1.317095E-004
   5.524022E-006
   5.698872E-005
   2.104081E-004
   2.535028E-004
   1.275322E-004
   5.712025E-006
   5.496958E-005
   2.079351E-004
   2.559524E-004
   1.341208E-004
   8.224466E-006
   4.654190E-005
   1.908106E-004
   2.392826E-004
   1.251528E-004
   6.895191E-006
   4.812350E-005
   1.920362E-004
   2.406213E-004
   1.275189E-004
   8.047372E-006
   4.358537E-005
   1.796451E-004
   2.240203E-004
   1.147487E-004
   5.263136E-006
   4.943256E-005
   1.867119E-004
   2.266017E-004
   1.139868E-004
   5.036345E-006
   4.850598E-005
   1.788755E-004
   2.102868E-004
   9.836689E-005
   2.017868E-006
   5.885584E-005
   1.907180E-004
   2.132139E-004
   9.498700E-005
   1.327434E-006
   6.095643E-005
   1.854562E-004
   1.960881E-004
   7.775621E-005
   1.194577E-008
   7.550592E-005
   1.990885E-004
   1.964677E-004
   7.142616E-005
   1.462249E-007
   8.079927E-005
   1.949562E-004
   1.779112E-004
   5.432114E-005
   2.454293E-006
   9.839022E-005
   2.064319E-004
   1.728406E-004
   4.554865E-005
   5.159842E-006
   1.064281E-004
   2.010612E-004
   1.519726E-004
   3.038668E-005
   1.246878E-005
   1.249942E-004
   2.066757E-004
   1.404430E-004
   2.144057E-005
   1.916192E-005
   1.334698E-004
   1.965463E-004
   1.166309E-004
   1.027452E-005
   3.240547E-005
   1.514281E-004
   1.953016E-004
   1.008812E-004
   4.491781E-006
   4.331555E-005
   1.571434E-004
   1.780097E-004
   7.554834E-005
   2.404574E-007
   6.274659E-005
   1.722994E-004
   1.695664E-004
   5.885388E-005
   5.244228E-007
   7.623278E-005
   1.711984E-004
   1.444995E-004
   3.596441E-005
   6.267326E-006
   9.982817E-005
   1.796606E-004
   1.290205E-004
   2.226564E-005
   1.421006E-005
   1.125471E-004
   1.687904E-004
   9.913342E-005
   7.711301E-006
   3.099721E-005
   1.351702E-004
   1.665422E-004
   7.912265E-005
   1.634284E-006
   4.588935E-005
   1.421237E-004
   1.449538E-004
   5.041988E-005
   6.731790E-007
   7.080368E-005
   1.567255E-004
   1.307896E-004
   3.179370E-005
   5.930255E-006
   8.841652E-005
   1.525967E-004
   1.012335E-004
   1.227667E-005
   2.075535E-005
   1.150448E-004
   1.540929E-004
   7.947905E-005
   2.938218E-006
   3.775659E-005
   1.285756E-004
   1.362860E-004
   4.915654E-005
   4.497484E-007
   6.578461E-005
   1.476025E-004
   1.225181E-004
   2.838961E-005
   6.914292E-006
   8.861103E-005
   1.471006E-004
   9.240424E-005
   8.625276E-006
   2.547620E-005
   1.193232E-004
   1.481502E-004
   6.808476E-005
   7.027917E-007
   4.745152E-005
   1.347704E-004
   1.274508E-004
   3.673263E-005
   3.352748E-006
   8.077675E-005
   1.518021E-004
   1.078903E-004
   1.612231E-005
   1.636377E-005
   1.062847E-004
   1.455407E-004
   7.301595E-005
   1.622178E-006
   4.353253E-005
   1.357858E-004
   1.367313E-004
   4.488611E-005
   1.338564E-006
   7.152467E-005
   1.445143E-004
   1.060370E-004
   1.631331E-005
   1.617922E-005
   1.074385E-004
   1.492419E-004
   7.682865E-005
   2.316316E-006
   4.018440E-005
   1.292607E-004
   1.290273E-004
   3.983342E-005
   2.417361E-006
   7.703531E-005
   1.481592E-004
   1.048705E-004
   1.468648E-005
   1.784619E-005
   1.075058E-004
   1.411355E-004
   6.540114E-005
   4.457811E-007
   5.025800E-005
   1.378361E-004
   1.258264E-004
   3.305517E-005
   4.986992E-006
   8.421713E-005
   1.436845E-004
   8.849430E-005
   6.689095E-006
   2.949774E-005
   1.223723E-004
   1.389305E-004
   5.298613E-005
   1.962099E-007
   6.269327E-005
   1.390376E-004
   1.065678E-004
   1.740370E-005
   1.519023E-005
   1.051422E-004
   1.448554E-004
   7.124438E-005
   1.191927E-006
   4.479792E-005
   1.299065E-004
   1.187350E-004
   2.936229E-005
   6.524500E-006
   8.855654E-005
   1.450598E-004
   8.584632E-005
   5.475014E-006
   3.117696E-005
   1.188682E-004
   1.254221E-004
   4.021736E-005
   2.110409E-006
   7.443352E-005
   1.418118E-004
   9.603954E-005
   1.069352E-005
   2.199695E-005
   1.088781E-004
   1.284202E-004
   4.865836E-005
   3.989828E-007
   6.387396E-005
   1.374068E-004
   1.021747E-004
   1.519242E-005
   1.635136E-005
   1.010550E-004
   1.289997E-004
   5.418417E-005
   7.250944E-009
   5.673926E-005
   1.330132E-004
   1.047850E-004
   1.805024E-005
   1.330769E-005
   9.574774E-005
   1.279949E-004
   5.667299E-005
   3.888634E-008
   5.271771E-005
   1.292602E-004
   1.043694E-004
   1.888594E-005
   1.220973E-005
   9.288142E-005
   1.257453E-004
   5.613134E-005
   5.034530E-008
   5.151260E-005
   1.263539E-004
   1.012910E-004
   1.772043E-005
   1.269875E-005
   9.207598E-005
   1.221301E-004
   5.262650E-005
   1.874134E-011
   5.293847E-005
   1.243572E-004
   9.597559E-005
   1.487617E-005
   1.485541E-005
   9.379875E-005
   1.182187E-004
   4.699595E-005
   2.121646E-007
   5.776698E-005
   1.247720E-004
   8.968562E-005
   1.094221E-005
   1.920905E-005
   9.870513E-005
   1.144256E-004
   3.969337E-005
   1.342702E-006
   6.586196E-005
   1.263327E-004
   8.155905E-005
   6.463774E-006
   2.619261E-005
   1.055447E-004
   1.090923E-004
   3.073209E-005
   4.315498E-006
   7.660235E-005
   1.268878E-004
   7.054261E-005
   2.352266E-006
   3.624067E-005
   1.126439E-004
   1.004794E-004
   2.056042E-005
   1.023705E-005
   8.895309E-005
   1.241002E-004
   5.619468E-005
   7.294829E-008
   4.937843E-005
   1.176702E-004
   8.715515E-005
   1.044766E-005
   2.010599E-005
   1.009818E-004
   1.155808E-004
   3.912961E-005
   1.515038E-006
   6.467327E-005
   1.176749E-004
   6.862018E-005
   2.620627E-006
   3.443046E-005
   1.102117E-004
   1.000793E-004
   2.154036E-005
   8.628555E-006
   8.084825E-005
   1.110805E-004
   4.664228E-005
   8.439266E-008
   5.314143E-005
   1.145834E-004
   7.837635E-005
   7.125313E-006
   2.270707E-005
   9.514654E-005
   9.654172E-005
   2.459058E-005
   5.793260E-006
   7.384451E-005
   1.106422E-004
   5.235948E-005
   1.619087E-007
   4.295238E-005
   1.030571E-004
   7.398263E-005
   7.276987E-006
   2.100597E-005
   9.181326E-005
   9.596202E-005
   2.637414E-005
   4.148399E-006
   6.562235E-005
   1.001154E-004
   4.634527E-005
   1.975714E-008
   4.376397E-005
   1.009300E-004
   7.109058E-005
   6.809262E-006
   1.983552E-005
   8.415967E-005
   8.406106E-005
   1.991146E-005
   6.417817E-006
   6.811405E-005
   9.595279E-005
   4.092021E-005
   3.561559E-008
   4.345008E-005
   9.117529E-005
   5.725540E-005
   2.826003E-006
   2.582742E-005
   8.572156E-005
   7.605984E-005
   1.418141E-005
   9.284129E-006
   6.743689E-005
   8.249155E-005
   2.733890E-005
   1.813907E-006
   5.250708E-005
   8.894599E-005
   4.609096E-005
   4.938936E-007
   3.214476E-005
   8.157552E-005
   5.860643E-005
   5.157518E-006
   1.862522E-005
   7.540459E-005
   7.350195E-005
   1.647076E-005
   6.240506E-006
   5.894970E-005
   7.724802E-005
   2.774531E-005
   1.070191E-006
   4.649237E-005
   8.220190E-005
   4.377871E-005
   5.874460E-007
   2.927455E-005
   7.532842E-005
   5.383691E-005
   4.433280E-006
   1.812233E-005
   7.065686E-005
   6.674099E-005
   1.361058E-005
   7.085134E-006
   5.674965E-005
   6.997593E-005
   2.242554E-005
   2.024518E-006
   4.691563E-005
   7.537753E-005
   3.561668E-005
   2.592972E-008
   3.196231E-005
   7.049223E-005
   4.388130E-005
   1.678603E-006
   2.253524E-005
   6.871800E-005
   5.559946E-005
   7.327198E-006
   1.165972E-005
   5.834758E-005
   5.954573E-005
   1.310820E-005
   5.984874E-006
   5.230038E-005
   6.687183E-005
   2.292898E-005
   1.219845E-006
   4.007521E-005
   6.535415E-005
   2.951339E-005
   3.435844E-008
   3.291283E-005
   6.775685E-005
   4.009976E-005
   1.159403E-006
   2.198130E-005
   6.156441E-005
   4.483714E-005
   3.501902E-006
   1.604647E-005
   6.003520E-005
   5.376765E-005
   8.975158E-006
   8.390843E-006
   5.096674E-005
   5.519321E-005
   1.310397E-005
   4.856540E-006
   4.711505E-005
   6.121883E-005
   2.090005E-005
   1.223116E-006
   3.721795E-005
   5.906539E-005
   2.504674E-005
   2.124380E-007
   3.260450E-005
   6.191082E-005
   3.322569E-005
   3.207477E-007
   2.365101E-005
   5.689507E-005
   3.610803E-005
   1.249857E-006
   1.961293E-005
   5.736915E-005
   4.345081E-005
   4.137069E-006
   1.277396E-005
   5.086749E-005
   4.460311E-005
   6.120162E-006
   9.893434E-006
   4.988514E-005
   5.055950E-005
   1.069158E-005
   5.378173E-006
   4.287487E-005
   4.996560E-005
   1.295455E-005
   3.689357E-006
   4.111396E-005
   5.435232E-005
   1.825445E-005
   1.322152E-006
   3.435971E-005
   5.228582E-005
   2.023308E-005
   6.383340E-007
   3.235644E-005
   5.520519E-005
   2.553487E-005
   1.008754E-008
   2.633158E-005
   5.202981E-005
   2.684802E-005
   3.559497E-008
   2.447686E-005
   5.376481E-005
   3.167429E-005
   6.482540E-007
   1.941338E-005
   4.986004E-005
   3.210702E-005
   1.043775E-006
   1.793235E-005
   5.074789E-005
   3.618403E-005
   2.403359E-006
   1.389493E-005
   4.650424E-005
   3.569243E-005
   2.835282E-006
   1.296027E-005
   4.710566E-005
   3.905429E-005
   4.483264E-006
   1.000866E-005
   4.317529E-005
   3.791315E-005
   4.698347E-006
   9.635623E-006
   4.395533E-005
   4.079731E-005
   6.358657E-006
   7.494577E-006
   4.045222E-005
   3.919641E-005
   6.255759E-006
   7.530964E-006
   4.152663E-005
   4.175033E-005
   7.783856E-006
   5.960546E-006
   3.844892E-005
   3.981483E-005
   7.337005E-006
   6.296903E-006
   3.983943E-005
   4.211512E-005
   8.656804E-006
   5.118637E-006
   3.710789E-005
   3.987522E-005
   7.865220E-006
   5.699760E-006
   3.878863E-005
   4.192387E-005
   8.923646E-006
   4.798856E-006
   3.631419E-005
   3.936921E-005
   7.810028E-006
   5.607981E-006
   3.822559E-005
   4.111575E-005
   8.572391E-006
   4.910426E-006
   3.589989E-005
   3.820522E-005
   7.182531E-006
   5.968647E-006
   3.802820E-005
   3.966017E-005
   7.643544E-006
   5.474611E-006
   3.595954E-005
   3.654206E-005
   6.056320E-006
   6.908595E-006
   3.850502E-005
   3.782454E-005
   6.250239E-006
   6.622798E-006
   3.664930E-005
   3.449135E-005
   4.587009E-006
   8.496611E-006
   3.947623E-005
   3.547557E-005
   4.548033E-006
   8.421143E-006
   3.768660E-005
   3.186664E-005
   2.954273E-006
   1.080479E-005
   4.062449E-005
   3.241180E-005
   2.743979E-006
   1.096639E-005
   3.878823E-005
   2.855124E-005
   1.424173E-006
   1.385582E-005
   4.153450E-005
   2.848322E-005
   1.146996E-006
   1.427135E-005
   3.948907E-005
   2.439322E-005
   3.146649E-007
   1.763498E-005
   4.177063E-005
   2.366388E-005
   1.430659E-007
   1.826530E-005
   3.934979E-005
   1.948152E-005
   2.752680E-008
   2.189099E-005
   4.075685E-005
   1.807370E-005
   1.724881E-007
   2.275925E-005
   3.796783E-005
   1.402707E-005
   9.958924E-007
   2.669059E-005
   3.857271E-005
   1.220992E-005
   1.733164E-006
   2.778744E-005
   3.534166E-005
   8.559418E-006
   3.720221E-006
   3.171445E-005
   3.484564E-005
   6.632976E-006
   5.293191E-006
   3.269818E-005
   3.099922E-005
   3.769627E-006
   8.523387E-006
   3.610534E-005
   2.930301E-005
   2.249607E-006
   1.094154E-005
   3.635077E-005
   2.475025E-005
   6.372343E-007
   1.526803E-005
   3.865470E-005
   2.203195E-005
   8.054052E-008
   1.821432E-005
   3.752390E-005
   1.706905E-005
   2.222844E-007
   2.314985E-005
   3.819002E-005
   1.386408E-005
   1.041682E-006
   2.585691E-005
   3.513818E-005
   9.145535E-006
   3.256503E-006
   3.060914E-005
   3.394833E-005
   6.295697E-006
   5.434643E-006
   3.196596E-005
   2.890723E-005
   2.825547E-006
   9.634278E-006
   3.561880E-005
   2.616818E-005
   1.193715E-006
   1.266077E-005
   3.485383E-005
   1.998588E-005
   2.989261E-008
   1.821729E-005
   3.656183E-005
   1.636963E-005
   2.090542E-007
   2.120537E-005
   3.330488E-005
   1.040340E-005
   1.977278E-006
   2.681265E-005
   3.246609E-005
   6.999198E-006
   4.107599E-006
   2.853059E-005
   2.696720E-005
   2.848730E-006
   8.575432E-006
   3.257522E-005
   2.383475E-005
   9.839113E-007
   1.201591E-005
   3.181358E-005
   1.720239E-005
   1.802443E-009
   1.793772E-005
   3.298322E-005
   1.302404E-005
   6.139768E-007
   2.120275E-005
   2.917406E-005
   7.148326E-006
   3.271545E-006
   2.654869E-005
   2.712496E-005
   3.816445E-006
   6.238781E-006
   2.774713E-005
   2.092357E-005
   7.764852E-007
   1.162788E-005
   3.046854E-005
   1.674916E-005
   4.653801E-009
   1.546888E-005
   2.824185E-005
   1.016167E-005
   1.107207E-006
   2.153576E-005
   2.750037E-005
   6.148626E-006
   3.380606E-006
   2.388199E-005
   2.187073E-005
   1.829933E-006
   8.430989E-006
   2.814295E-005
   1.834815E-005
   2.675158E-007
   1.236485E-005
   2.670847E-005
   1.126694E-005
   5.201935E-007
   1.918159E-005
   2.716363E-005
   7.155560E-006
   2.411864E-006
   2.191067E-005
   2.158748E-005
   2.181485E-006
   7.441541E-006
   2.690471E-005
   1.828624E-005
   3.644055E-007
   1.152302E-005
   2.569733E-005
   1.098881E-005
   4.868894E-007
   1.849623E-005
   2.602476E-005
   6.619690E-006
   2.553283E-006
   2.147672E-005
   2.042747E-005
   1.794236E-006
   7.720088E-006
   2.586768E-005
   1.639150E-005
   1.351961E-007
   1.219721E-005
   2.454974E-005
   9.318591E-006
   8.612161E-007
   1.863257E-005
   2.349025E-005
   4.715517E-006
   3.638179E-006
   2.163415E-005
   1.783230E-005
   8.452085E-007
   9.178221E-006
   2.463543E-005
   1.283306E-005
   3.160711E-008
   1.426776E-005
   2.291664E-005
   6.398444E-006
   2.143649E-006
   2.014783E-005
   2.021538E-005
   2.200785E-006
   6.273872E-006
   2.267960E-005
   1.412067E-005
   3.087582E-008
   1.258084E-005
   2.378886E-005
   8.471535E-006
   1.025890E-006
   1.779587E-005
   2.043584E-005
   2.937509E-006
   5.218534E-006
   2.249450E-005
   1.585498E-005
   2.739337E-007
   1.065779E-005
   2.293091E-005
   9.036119E-006
   7.385367E-007
   1.727043E-005
   2.136913E-005
   3.775317E-006
   4.157453E-006
   2.102774E-005
   1.559034E-005
   3.260693E-007
   1.035501E-005
   2.313311E-005
   9.694605E-006
   4.800564E-007
   1.583721E-005
   2.008248E-005
   3.462748E-006
   4.251109E-006
   2.089576E-005
   1.550375E-005
   3.749356E-007
   9.545828E-006
   2.116847E-005
   8.316593E-006
   7.289820E-007
   1.604545E-005
   1.922175E-005
   3.033344E-006
   4.266054E-006
   1.916820E-005
   1.291055E-005
   7.664506E-008
   1.049596E-005
   2.023531E-005
   6.934308E-006
   1.061469E-006
   1.532848E-005
   1.603638E-005
   1.572122E-006
   5.702331E-006
   1.898607E-005
   1.076552E-005
   4.051123E-009
   1.094079E-005
   1.735963E-005
   4.202257E-006
   2.341372E-006
   1.630353E-005
   1.375537E-005
   6.303362E-007
   6.911426E-006
   1.708986E-005
   7.110625E-006
   5.128232E-007
   1.299481E-005
   1.562944E-005
   2.338615E-006
   3.725063E-006
   1.568267E-005
   9.765356E-006
   1.118162E-009
   9.627394E-006
   1.640870E-005
   4.607556E-006
   1.533855E-006
   1.356706E-005
   1.189390E-005
   5.096636E-007
   6.554510E-006
   1.627425E-005
   7.076135E-006
   3.279414E-007
   1.120735E-005
   1.353666E-005
   1.774425E-006
   4.041168E-006
   1.561281E-005
   9.600806E-006
   3.956201E-009
   8.863886E-006
   1.472818E-005
   3.599602E-006
   2.112096E-006
   1.448596E-005
   1.201158E-005
   4.516215E-007
   6.594954E-006
   1.537141E-005
   5.788052E-006
   7.941589E-007
   1.293029E-005
   1.409449E-005
   1.550557E-006
   4.518762E-006
   1.540243E-005
   8.102407E-006
   1.129557E-007
   1.105562E-005
   1.564770E-005
   3.118107E-006
   2.769897E-006
   1.482808E-005
   1.027437E-005
   3.673451E-008
   9.037090E-006
   1.653017E-005
   4.903136E-006
   1.452655E-006
   1.374215E-005
   1.204120E-005
   4.438082E-007
   7.085635E-006
   1.671300E-005
   6.621745E-006
   6.007232E-007
   1.232182E-005
   1.321378E-005
   1.129336E-006
   5.386176E-006
   1.629515E-005
   8.010349E-006
   1.668171E-007
   1.087545E-005
   1.380322E-005
   1.846389E-006
   4.124907E-006
   1.563538E-005
   8.972472E-006
   1.731011E-008
   9.685678E-006
   1.401067E-005
   2.441641E-006
   3.270284E-006
   1.496774E-005
   9.568000E-006
   4.019275E-009
   8.791453E-006
   1.399250E-005
   2.859968E-006
   2.728159E-006
   1.439957E-005
   9.875118E-006
   3.509562E-008
   8.178785E-006
   1.385652E-005
   3.096802E-006
   2.416921E-006
   1.396924E-005
   9.962266E-006
   6.336054E-008
   7.806561E-006
   1.365807E-005
   3.169691E-006
   2.275346E-006
   1.366894E-005
   9.876173E-006
   7.138822E-008
   7.624019E-006
   1.341386E-005
   3.105566E-006
   2.257003E-006
   1.345580E-005
   9.641569E-006
   5.954190E-008
   7.568203E-006
   1.310110E-005
   2.929289E-006
   2.325466E-006
   1.326662E-005
   9.262838E-006
   3.512779E-008
   7.618857E-006
   1.273033E-005
   2.651120E-006
   2.508103E-006
   1.317645E-005
   8.761956E-006
   7.610920E-009
   7.855856E-006
   1.234696E-005
   2.276030E-006
   2.832007E-006
   1.317270E-005
   8.124328E-006
   3.224470E-009
   8.250835E-006
   1.189611E-005
   1.822771E-006
   3.303458E-006
   1.319144E-005
   7.334416E-006
   5.916555E-008
   8.767209E-006
   1.132228E-005
   1.321587E-006
   3.930465E-006
   1.316376E-005
   6.387191E-006
   2.213469E-007
   9.362282E-006
   1.057726E-005
   8.187857E-007
   4.716722E-006
   1.302276E-005
   5.303740E-006
   5.386187E-007
   9.974408E-006
   9.627472E-006
   3.804470E-007
   5.641180E-006
   1.268645E-005
   4.127728E-006
   1.051213E-006
   1.050931E-005
   8.450190E-006
   8.331515E-008
   6.648089E-006
   1.206510E-005
   2.929051E-006
   1.775561E-006
   1.085653E-005
   7.069326E-006
   5.257742E-009
   7.681940E-006
   1.117529E-005
   1.823182E-006
   2.717984E-006
   1.101120E-005
   5.591654E-006
   2.120222E-007
   8.702194E-006
   1.001719E-005
   8.951330E-007
   3.868425E-006
   1.087386E-005
   4.050582E-006
   7.638815E-007
   9.603062E-006
   8.546660E-006
   2.440523E-007
   5.187636E-006
   1.035083E-005
   2.542565E-006
   1.708732E-006
   1.026408E-005
   6.801456E-006
   7.313050E-012
   6.586188E-006
   9.389017E-006
   1.234293E-006
   3.043419E-006
   1.053838E-005
   4.898463E-006
   2.808860E-007
   7.893057E-006
   7.975850E-006
   3.251792E-007
   4.665955E-006
   1.025678E-005
   3.018550E-006
   1.133243E-006
   8.853995E-006
   6.164569E-006
   1.480199E-010
   6.344291E-006
   9.272550E-006
   1.398431E-006
   2.479780E-006
   9.167832E-006
   4.107861E-006
   3.817196E-007
   7.765799E-006
   7.556343E-006
   2.975066E-007
   4.193913E-006
   8.697053E-006
   2.078759E-006
   1.567029E-006
   8.752720E-006
   5.318916E-006
   2.910659E-008
   6.079438E-006
   7.416214E-006
   5.470583E-007
   3.509687E-006
   8.972452E-006
   2.949503E-006
   8.461225E-007
   7.677998E-006
   5.427114E-006
   1.994412E-009
   5.844738E-006
   8.146931E-006
   9.943047E-007
   2.688717E-006
   8.429757E-006
   3.096135E-006
   7.391679E-007
   7.920344E-006
   6.269574E-006
   3.217130E-008
   5.102133E-006
   7.915906E-006
   1.056074E-006
   2.683273E-006
   8.994128E-006
   3.754007E-006
   4.595577E-007
   7.301626E-006
   6.116059E-006
   3.154683E-008
   5.287396E-006
   8.543355E-006
   1.393496E-006
   2.234852E-006
   8.427777E-006
   3.559706E-006
   5.122738E-007
   7.624463E-006
   6.593032E-006
   8.714553E-008
   4.772364E-006
   7.994869E-006
   1.213385E-006
   2.470988E-006
   8.921511E-006
   3.888734E-006
   4.095220E-007
   7.263767E-006
   6.224904E-006
   4.007506E-008
   5.281593E-006
   8.631039E-006
   1.413007E-006
   2.274034E-006
   8.577479E-006
   3.625433E-006
   5.136812E-007
   7.671252E-006
   6.584146E-006
   8.085808E-008
   4.768674E-006
   7.867307E-006
   1.175172E-006
   2.362473E-006
   8.335994E-006
   3.490306E-006
   4.182046E-007
   6.540951E-006
   5.259058E-006
   1.204761E-008
   4.608301E-006
   6.750793E-006
   8.134916E-007
   2.206722E-006
   6.518133E-006
   2.045260E-006
   8.059201E-007
   5.975312E-006
   3.662043E-006
   4.512717E-008
   4.418230E-006
   4.600257E-006
   1.044625E-007
   3.183513E-006
   5.579870E-006
   8.396827E-007
   1.699969E-006
   5.662085E-006
   1.887625E-006
   7.337694E-007
   5.715946E-006
   3.574524E-006
   5.724074E-008
   4.756901E-006
   5.075591E-006
   1.292574E-007
   3.622641E-006
   6.736755E-006
   1.195516E-006
   1.837439E-006
   7.144206E-006
   2.940233E-006
   5.452900E-007
   6.873206E-006
   5.421154E-006
   6.680888E-009
   4.998631E-006
   7.102769E-006
   6.899579E-007
   2.998515E-006
   8.204694E-006
   2.596616E-006
   9.439614E-007
   7.330225E-006
   4.570244E-006
   6.064743E-008
   5.883938E-006
   6.587375E-006
   3.245877E-007
   3.450219E-006
   7.077468E-006
   1.393863E-006
   1.686973E-006
   7.091041E-006
   3.135167E-006
   3.422712E-007
   5.642991E-006
   4.333890E-006
   1.853765E-010
   4.368770E-006
   5.604517E-006
   4.000771E-007
   2.541289E-006
   5.694690E-006
   1.158759E-006
   1.393466E-006
   5.861222E-006
   2.492655E-006
   3.584334E-007
   4.890246E-006
   3.460601E-006
   2.016509E-008
   4.192727E-006
   4.820953E-006
   2.093004E-007
   2.725878E-006
   5.240012E-006
   8.026800E-007
   1.734503E-006
   5.848378E-006
   2.077766E-006
   5.888864E-007
   5.205016E-006
   3.146038E-006
   1.023239E-007
   4.726222E-006
   4.688799E-006
   8.696048E-008
   3.262240E-006
   5.282925E-006
   5.563953E-007
   2.238907E-006
   6.070423E-006
   1.702952E-006
   9.358481E-007
   5.567429E-006
   2.711063E-006
   3.001396E-007
   5.265196E-006
   4.222099E-006
   1.368369E-009
   3.927209E-006
   4.927927E-006
   2.160978E-007
   3.010480E-006
   5.929345E-006
   1.026654E-006
   1.625375E-006
   5.778766E-006
   1.880557E-006
   8.292745E-007
   5.854317E-006
   3.294033E-006
   1.367893E-007
   4.827523E-006
   4.176999E-006
   1.953854E-009
   4.104790E-006
   5.415910E-006
   3.500411E-007
   2.682216E-006
   5.658409E-006
   9.476657E-007
   1.756447E-006
   6.100946E-006
   2.082241E-006
   6.999434E-007
   5.449182E-006
   2.947589E-006
   2.103120E-007
   5.040638E-006
   4.197375E-006
   2.759631E-009
   3.808524E-006
   4.713201E-006
   1.746784E-007
   2.985465E-006
   5.482649E-006
   7.761643E-007
   1.773606E-006
   5.316992E-006
   1.376862E-006
   1.070975E-006
   5.408953E-006
   2.379372E-006
   3.557144E-007
   4.641671E-006
   2.991437E-006
   7.982247E-008
   4.221209E-006
   3.944998E-006
   2.259708E-008
   3.172049E-006
   4.236660E-006
   1.935314E-007
   2.547552E-006
   4.842947E-006
   6.943838E-007
   1.571248E-006
   4.666554E-006
   1.143845E-006
   1.032424E-006
   4.815824E-006
   1.956913E-006
   4.038596E-007
   4.201395E-006
   2.432473E-006
   1.422556E-007
   3.950198E-006
   3.261658E-006
   8.482578E-011
   3.080235E-006
   3.524132E-006
   6.478515E-008
   2.630283E-006
   4.142472E-006
   3.776805E-007
   1.773573E-006
   4.074963E-006
   6.749148E-007
   1.333408E-006
   4.384582E-006
   1.293511E-006
   6.891059E-007
   3.986465E-006
   1.667554E-006
   3.992680E-007
   3.996674E-006
   2.409350E-006
   8.588625E-008
   3.355611E-006
   2.704752E-006
   8.645720E-009
   3.145830E-006
   3.402117E-006
   5.872455E-008
   2.398252E-006
   3.499783E-006
   1.827523E-007
   2.081475E-006
   4.027253E-006
   5.528472E-007
   1.377534E-006
   3.863911E-006
   8.080528E-007
   1.069739E-006
   4.152676E-006
   1.394940E-006
   5.431345E-007
   3.731545E-006
   1.673568E-006
   3.365960E-007
   3.778193E-006
   2.338816E-006
   7.435318E-008
   3.168850E-006
   2.526706E-006
   1.340755E-008
   3.030011E-006
   3.133028E-006
   3.343054E-008
   2.350373E-006
   3.149172E-006
   1.034947E-007
   2.130695E-006
   3.611513E-006
   3.510300E-007
   1.515729E-006
   3.449989E-006
   4.938742E-007
   1.301860E-006
   3.752690E-006
   8.835111E-007
   8.198729E-007
   3.448885E-006
   1.041644E-006
   6.538382E-007
   3.608570E-006
   1.496872E-006
   3.311478E-007
   3.210960E-006
   1.628387E-006
   2.288075E-007
   3.256989E-006
   2.090654E-006
   6.426422E-008
   2.811741E-006
   2.169328E-006
   2.570162E-008
   2.775356E-006
   2.597266E-006
   2.751013E-009
   2.320883E-006
   2.607983E-006
   1.920941E-008
   2.231360E-006
   2.973567E-006
   1.132019E-007
   1.798628E-006
   2.909297E-006
   1.702801E-007
   1.682987E-006
   3.196742E-006
   3.522368E-007
   1.295620E-006
   3.057160E-006
   4.317100E-007
   1.176394E-006
   3.260466E-006
   6.710794E-007
   8.509153E-007
   3.051673E-006
   7.528524E-007
   7.480843E-007
   3.184323E-006
   1.021293E-006
   5.005407E-007
   2.941565E-006
   1.092973E-006
   4.247433E-007
   3.023992E-006
   1.369360E-006
   2.523106E-007
   2.766115E-006
   1.425108E-006
   2.013704E-007
   2.806740E-006
   1.693827E-006
   9.514932E-008
   2.545223E-006
   1.729582E-006
   6.644644E-008
   2.552406E-006
   1.978625E-006
   1.625265E-008
   2.295957E-006
   1.991416E-006
   6.495261E-009
   2.277294E-006
   2.211009E-006
   1.470044E-009
   2.034239E-006
   2.199820E-006
   6.468304E-009
   1.998305E-006
   2.384750E-006
   3.516566E-008
   1.772433E-006
   2.346930E-006
   4.958926E-008
   1.729198E-006
   2.496638E-006
   1.010317E-007
   1.523326E-006
   2.431650E-006
   1.188503E-007
   1.478714E-006
   2.544376E-006
   1.820503E-007
   1.296842E-006
   2.454951E-006
   1.970885E-007
   1.259040E-006
   2.538321E-006
   2.619229E-007
   1.108444E-006
   2.432298E-006
   2.637299E-007
   1.100233E-006
   2.512729E-006
   3.243185E-007
   9.793238E-007
   2.398963E-006
   3.108784E-007
   9.972299E-007
   2.484263E-006
   3.655992E-007
   8.991364E-007
   2.367629E-006
   3.378596E-007
   9.405022E-007
   2.465793E-006
   3.890099E-007
   8.550700E-007
   2.341299E-006
   3.468493E-007
   9.191450E-007
   2.455840E-006
   3.955257E-007
   8.413752E-007
   2.324287E-006
   3.424557E-007
   9.225981E-007
   2.448329E-006
   3.871784E-007
   8.502370E-007
   2.309180E-006
   3.257771E-007
   9.459844E-007
   2.439141E-006
   3.668309E-007
   8.740972E-007
   2.286560E-006
   2.985396E-007
   9.818445E-007
   2.415319E-006
   3.344047E-007
   9.087936E-007
   2.248014E-006
   2.624491E-007
   1.023403E-006
   2.365046E-006
   2.911562E-007
   9.494427E-007
   2.185396E-006
   2.183272E-007
   1.072968E-006
   2.293061E-006
   2.383715E-007
   1.006159E-006
   2.111764E-006
   1.686076E-007
   1.138713E-006
   2.205787E-006
   1.796430E-007
   1.080048E-006
   2.023703E-006
   1.165564E-007
   1.220598E-006
   2.101419E-006
   1.203013E-007
   1.168496E-006
   1.917160E-006
   6.749303E-008
   1.314809E-006
   1.974453E-006
   6.593666E-008
   1.268979E-006
   1.788618E-006
   2.748145E-008
   1.417870E-006
   1.823033E-006
   2.390516E-008
   1.374883E-006
   1.633119E-006
   3.490252E-009
   1.525006E-006
   1.645700E-006
   1.682794E-009
   1.479726E-006
   1.450744E-006
   3.457846E-009
   1.626395E-006
   1.440743E-006
   6.928808E-009
   1.574727E-006
   1.242727E-006
   3.482980E-008
   1.712325E-006
   1.211918E-006
   4.666646E-008
   1.647886E-006
   1.013686E-006
   1.041614E-007
   1.774301E-006
   9.669741E-007
   1.282287E-007
   1.702235E-006
   7.757160E-007
   2.219366E-007
   1.822994E-006
   7.193505E-007
   2.617520E-007
   1.736884E-006
   5.409199E-007
   3.956178E-007
   1.842262E-006
   4.805924E-007
   4.507847E-007
   1.732208E-006
   3.247106E-007
   6.237969E-007
   1.810418E-006
   2.677953E-007
   6.902310E-007
   1.669178E-006
   1.471506E-007
   8.954429E-007
   1.710314E-006
   1.035817E-007
   9.632119E-007
   1.533135E-006
   3.178872E-008
   1.187376E-006
   1.530938E-006
   1.177598E-008
   1.242453E-006
   1.321167E-006
   1.756328E-009
   1.464731E-006
   1.275032E-006
   1.371507E-008
   1.489376E-006
   1.043975E-006
   7.305187E-008
   1.684349E-006
   9.622062E-007
   1.200411E-007
   1.658272E-006
   7.284970E-007
   2.472726E-007
   1.800364E-006
   6.281159E-007
   3.239024E-007
   1.710660E-006
   4.186925E-007
   5.094072E-007
   1.788944E-006
   3.217100E-007
   6.103848E-007
   1.643771E-006
   1.660386E-007
   8.365238E-007
   1.647521E-006
   9.592635E-008
   9.469480E-007
   1.450862E-006
   1.982692E-008
   1.180906E-006
   1.377379E-006
   8.186590E-010
   1.276623E-006
   1.144779E-006
   2.038482E-008
   1.476837E-006
   1.009473E-006
   6.939787E-008
   1.528635E-006
   7.693402E-007
   1.839607E-007
   1.653185E-006
   6.059040E-007
   3.022306E-007
   1.634310E-006
   3.965595E-007
   4.897183E-007
   1.653478E-006
   2.519451E-007
   6.567899E-007
   1.549298E-006
   1.140628E-007
   8.738754E-007
   1.456876E-006
   3.573157E-008
   1.047765E-006
   1.274556E-006
   3.125606E-010
   1.237096E-006
   1.095006E-006
   1.963874E-008
   1.362945E-006
   8.678670E-007
   9.470746E-008
   1.468924E-006
   6.550638E-007
   2.117624E-007
   1.499054E-006
   4.379338E-007
   3.772074E-007
   1.495294E-006
   2.604898E-007
   5.572678E-007
   1.406577E-006
   1.132106E-007
   7.682806E-007
   1.294992E-006
   2.879755E-008
   9.452471E-007
   1.098395E-006
   3.914841E-010
   1.138229E-006
   9.149749E-007
   3.426599E-008
   1.234931E-006
   6.643418E-007
   1.411288E-007
   1.347103E-006
   4.725036E-007
   2.719512E-007
   1.307844E-006
   2.525734E-007
   4.850064E-007
   1.304258E-006
   1.236844E-007
   6.469893E-007
   1.123159E-006
   1.929017E-008
   8.943942E-007
   1.013406E-006
   2.965806E-010
   9.972510E-007
   7.429754E-007
   5.651377E-008
   1.188569E-006
   5.812684E-007
   1.436201E-007
   1.158070E-006
   3.201073E-007
   3.419795E-007
   1.227378E-006
   1.872082E-007
   4.769093E-007
   1.046875E-006
   4.152369E-008
   7.379271E-007
   9.869978E-007
   3.122565E-009
   8.359526E-007
   7.140221E-007
   3.385486E-008
   1.063634E-006
   5.758770E-007
   1.083968E-007
   1.049616E-006
   3.083690E-007
   3.092566E-007
   1.152091E-006
   1.767939E-007
   4.570803E-007
   9.889861E-007
   3.189101E-008
   7.443782E-007
   9.346964E-007
   2.145124E-010
   8.691925E-007
   6.641814E-007
   5.699504E-008
   1.107378E-006
   5.091001E-007
   1.622572E-007
   1.100403E-006
   2.491350E-007
   4.029042E-007
   1.172985E-006
   1.155745E-007
   5.859984E-007
   9.885948E-007
   7.507491E-009
   8.874139E-007
   8.774140E-007
   1.002317E-008
   1.013980E-006
   5.850084E-007
   1.272589E-007
   1.207953E-006
   3.931117E-007
   2.817699E-007
   1.153037E-006
   1.531684E-007
   5.614380E-007
   1.135266E-006
   4.093615E-008
   7.535640E-007
   8.869579E-007
   3.783450E-009
   1.020366E-006
   7.003802E-007
   6.709723E-008
   1.081240E-006
   3.938290E-007
   2.572101E-007
   1.169146E-006
   2.030760E-007
   4.432997E-007
   1.009710E-006
   3.574261E-008
   7.253009E-007
   8.825057E-007
   3.068395E-010
   8.615395E-007
   5.810964E-007
   8.014270E-008
   1.032062E-006
   3.700076E-007
   2.181579E-007
   9.678240E-007
   1.299866E-007
   4.675546E-007
   9.182022E-007
   2.505868E-008
   6.325013E-007
   6.651279E-007
   1.237073E-008
   8.453416E-007
   4.745042E-007
   9.419956E-008
   8.531295E-007
   2.125749E-007
   2.929569E-007
   8.687275E-007
   7.324769E-008
   4.562929E-007
   6.730086E-007
   3.745532E-011
   6.801203E-007
   5.177581E-007
   3.672368E-008
   7.318962E-007
   2.627211E-007
   1.879278E-007
   7.922169E-007
   1.136923E-007
   3.362836E-007
   6.450031E-007
   6.760073E-009
   5.547535E-007
   5.257960E-007
   1.248776E-008
   6.316130E-007
   2.880759E-007
   1.285781E-007
   7.278539E-007
   1.424228E-007
   2.635979E-007
   6.176460E-007
   1.597865E-008
   4.870964E-007
   5.343512E-007
   3.990702E-009
   5.782144E-007
   3.031603E-007
   1.033942E-007
   7.085436E-007
   1.645400E-007
   2.288724E-007
   6.095423E-007
   2.215287E-008
   4.649024E-007
   5.534351E-007
   1.204206E-009
   5.566083E-007
   3.134181E-007
   9.478500E-008
   7.147622E-007
   1.811024E-007
   2.132111E-007
   6.084256E-007
   2.450043E-008
   4.641402E-007
   5.697669E-007
   4.689998E-010
   5.475172E-007
   3.129760E-007
   9.554687E-008
   7.219647E-007
   1.850579E-007
   2.090960E-007
   5.972103E-007
   2.167843E-008
   4.699751E-007
   5.622037E-007
   7.713877E-010
   5.377963E-007
   2.912471E-007
   1.045473E-007
   7.075118E-007
   1.660451E-007
   2.160984E-007
   5.611760E-007
   1.280572E-008
   4.776788E-007
   5.125555E-007
   4.244495E-009
   5.300474E-007
   2.411521E-007
   1.313078E-007
   6.744570E-007
   1.184698E-007
   2.511624E-007
   5.081438E-007
   1.813571E-009
   5.064143E-007
   4.283719E-007
   2.068319E-008
   5.375725E-007
   1.716929E-007
   1.851675E-007
   6.303148E-007
   5.987193E-008
   3.148436E-007
   4.397280E-007
   3.338426E-009
   5.462073E-007
   3.219975E-007
   6.271197E-008
   5.426580E-007
   9.718322E-008
   2.637356E-007
   5.638557E-007
   1.378728E-008
   3.933593E-007
   3.503737E-007
   3.180978E-008
   5.754574E-007
   2.058232E-007
   1.361253E-007
   5.216126E-007
   3.406934E-008
   3.550435E-007
   4.646863E-007
   7.862297E-010
   4.612378E-007
   2.410056E-007
   9.407552E-008
   5.671636E-007
   9.834563E-008
   2.305084E-007
   4.534823E-007
   1.370588E-009
   4.356022E-007
   3.346735E-007
   3.267616E-008
   4.918126E-007
   1.274886E-007
   1.881639E-007
   5.121564E-007
   2.238086E-008
   3.351897E-007
   3.480680E-007
   1.631528E-008
   4.963504E-007
   1.961431E-007
   1.149811E-007
   4.818295E-007
   3.745479E-008
   3.073855E-007
   4.130484E-007
   1.207176E-009
   4.293817E-007
   2.176706E-007
   9.041830E-008
   5.096368E-007
   7.385080E-008
   2.374517E-007
   4.103977E-007
   1.102943E-011
   4.198860E-007
   2.714681E-007
   5.206730E-008
   4.715593E-007
   8.840298E-008
   2.148267E-007
   4.462509E-007
   4.703761E-009
   3.624270E-007
   2.769972E-007
   4.028531E-008
   4.759630E-007
   1.192661E-007
   1.674138E-007
   4.237954E-007
   7.626824E-009
   3.474934E-007
   3.047704E-007
   2.250415E-008
   4.288134E-007
   1.200097E-007
   1.546139E-007
   4.305541E-007
   1.510999E-008
   3.005904E-007
   2.839355E-007
   2.152799E-008
   4.248541E-007
   1.309864E-007
   1.311846E-007
   3.921650E-007
   1.133972E-008
   3.052676E-007
   2.878561E-007
   1.742916E-008
   3.892213E-007
   1.094280E-007
   1.459176E-007
   3.971636E-007
   1.156380E-008
   2.867260E-007
   2.501715E-007
   2.832099E-008
   4.072222E-007
   1.061020E-007
   1.435312E-007
   3.575860E-007
   3.517030E-009
   3.197139E-007
   2.478045E-007
   3.133047E-008
   3.803130E-007
   7.440500E-008
   1.807220E-007
   3.668758E-007
   1.944866E-009
   3.107765E-007
   2.000440E-007
   5.594488E-008
   4.081381E-007
   6.617183E-008
   1.850028E-007
   3.171234E-007
   5.676805E-010
   3.545418E-007
   1.907516E-007
   6.350028E-008
   3.692355E-007
   3.460657E-008
   2.332247E-007
   3.150825E-007
   2.187120E-009
   3.336618E-007
   1.344089E-007
   1.020016E-007
   3.828998E-007
   2.477883E-008
   2.335470E-007
   2.483355E-007
   1.667164E-008
   3.703870E-007
   1.141001E-007
   1.158658E-007
   3.264699E-007
   4.322787E-009
   2.889558E-007
   2.286252E-007
   2.794775E-008
   3.399952E-007
   6.034433E-008
   1.740490E-007
   3.223653E-007
   3.008408E-010
   2.881930E-007
   1.556242E-007
   6.886369E-008
   3.620373E-007
   3.804431E-008
   1.943041E-007
   2.503518E-007
   8.101314E-009
   3.369659E-007
   1.224540E-007
   9.435960E-008
   3.096300E-007
   6.920388E-009
   2.598361E-007
   2.205179E-007
   2.260951E-008
   3.146564E-007
   5.841352E-008
   1.590860E-007
   2.976213E-007
   2.006424E-010
   2.670738E-007
   1.386847E-007
   6.773150E-008
   3.293993E-007
   2.935902E-008
   1.859080E-007
   2.168806E-007
   1.168556E-008
   3.089284E-007
   9.464637E-008
   9.992046E-008
   2.679145E-007
   1.760550E-009
   2.494930E-007
   1.714310E-007
   3.464023E-008
   2.814003E-007
   3.212425E-008
   1.716113E-007
   2.378437E-007
   2.631923E-009
   2.586580E-007
   8.834834E-008
   9.518824E-008
   2.789122E-007
   6.398009E-009
   2.090405E-007
   1.533659E-007
   3.619079E-008
   2.879165E-007
   4.042542E-008
   1.458995E-007
   2.112724E-007
   4.460335E-009
   2.657664E-007
   9.397354E-008
   8.338738E-008
   2.500057E-007
   3.040429E-009
   2.192677E-007
   1.537957E-007
   3.376020E-008
   2.627662E-007
   2.868183E-008
   1.592203E-007
   2.068643E-007
   5.337963E-009
   2.484906E-007
   7.303534E-008
   9.791516E-008
   2.426674E-007
   1.364563E-009
   2.116855E-007
   1.247296E-007
   4.652277E-008
   2.549858E-007
   1.963668E-008
   1.609358E-007
   1.718988E-007
   1.300803E-008
   2.439093E-007
   5.343605E-008
   1.079417E-007
   2.064420E-007
   2.401485E-010
   2.162506E-007
   9.457084E-008
   6.170954E-008
   2.251070E-007
   5.852230E-009
   1.782686E-007
   1.359239E-007
   2.709509E-008
   2.274912E-007
   2.552883E-008
   1.359710E-007
   1.719480E-007
   6.437069E-009
   2.152646E-007
   5.415205E-008
   9.465646E-008
   1.988916E-007
   4.332948E-012
   1.915504E-007
   8.660931E-008
   5.837587E-008
   2.144970E-007
   6.387678E-009
   1.603284E-007
   1.182858E-007
   2.997549E-008
   2.182665E-007
   2.294593E-008
   1.255447E-007
   1.452556E-007
   1.096847E-008
   2.109800E-007
   4.621126E-008
   9.121847E-008
   1.650281E-007
   1.471920E-009
   1.943211E-007
   7.234909E-008
   6.049567E-008
   1.760602E-007
   5.618510E-010
   1.711506E-007
   9.788321E-008
   3.552669E-008
   1.782953E-007
   6.311163E-009
   1.452377E-007
   1.198986E-007
   1.814444E-008
   1.750156E-007
   1.613845E-008
   1.211451E-007
   1.381168E-007
   7.393097E-009
   1.686111E-007
   2.811043E-008
   9.989770E-008
   1.532368E-007
   1.747618E-009
   1.608054E-007
   4.137226E-008
   8.123379E-008
   1.657474E-007
   1.770114E-012
   1.523015E-007
   5.546052E-008
   6.493151E-008
   1.762810E-007
   1.343337E-009
   1.431066E-007
   7.009807E-008
   5.054595E-008
   1.846756E-007
   5.262864E-009
   1.332661E-007
   8.505926E-008
   3.781188E-008
   1.905857E-007
   1.138073E-008
   1.224773E-007
   9.973180E-008
   2.675976E-008
   1.935182E-007
   1.927631E-008
   1.107250E-007
   1.134178E-007
   1.747347E-008
   1.928056E-007
   2.833416E-008
   9.818589E-008
   1.251903E-007
   1.015080E-008
   1.881076E-007
   3.776887E-008
   8.526039E-008
   1.341376E-007
   5.020389E-009
   1.806836E-007
   4.657373E-008
   7.382331E-008
   1.405654E-007
   2.048389E-009
   1.731348E-007
   5.429855E-008
   6.440853E-008
   1.451623E-007
   5.629340E-010
   1.660189E-007
   6.086677E-008
   5.682777E-008
   1.484709E-007
   3.337020E-011
   1.596122E-007
   6.633138E-008
   5.080012E-008
   1.508616E-007
   8.276100E-011
   1.539340E-007
   7.073193E-008
   4.606449E-008
   1.525555E-007
   4.553211E-010
   1.488878E-007
   7.411542E-008
   4.234680E-008
   1.535549E-007
   9.744262E-010
   1.443054E-007
   7.646456E-008
   3.943505E-008
   1.537700E-007
   1.515384E-009
   1.399500E-007
   7.769160E-008
   3.717541E-008
   1.530198E-007
   1.983324E-009
   1.356126E-007
   7.771063E-008
   3.541406E-008
   1.510123E-007
   2.301537E-009
   1.310648E-007
   7.636456E-008
   3.410059E-008
   1.476676E-007
   2.404359E-009
   1.265180E-007
   7.328943E-008
   3.410469E-008
   1.444906E-007
   2.235540E-009
   1.228247E-007
   6.855485E-008
   3.569759E-008
   1.417820E-007
   1.836426E-009
   1.200338E-007
   6.264361E-008
   3.869792E-008
   1.393125E-007
   1.290440E-009
   1.180621E-007
   5.595535E-008
   4.295920E-008
   1.367736E-007
   7.094419E-010
   1.167463E-007
   4.880464E-008
   4.833471E-008
   1.338007E-007
   2.278975E-010
   1.158859E-007
   4.146716E-008
   5.461443E-008
   1.299819E-007
   1.976508E-012
   1.152159E-007
   3.416456E-008
   6.152578E-008
   1.249180E-007
   2.049130E-010
   1.144223E-007
   2.708905E-008
   6.872715E-008
   1.182714E-007
   1.017209E-009
   1.131560E-007
   2.043616E-008
   7.576202E-008
   1.097538E-007
   2.617074E-009
   1.110800E-007
   1.441124E-008
   8.208734E-008
   9.924646E-008
   5.219376E-009
   1.084396E-007
   9.197915E-009
   8.814834E-008
   8.718035E-008
   9.429170E-009
   1.064005E-007
   4.938623E-009
   9.433331E-008
   7.410252E-008
   1.563743E-008
   1.042672E-007
   1.844790E-009
   1.002941E-007
   6.047995E-008
   2.402359E-008
   1.013312E-007
   1.942030E-010
   1.054893E-007
   4.676065E-008
   3.459940E-008
   9.709235E-008
   2.704728E-010
   1.091949E-007
   3.347784E-008
   4.712935E-008
   9.105790E-008
   2.304308E-009
   1.108926E-007
   2.146744E-008
   6.084524E-008
   8.267890E-008
   6.514921E-009
   1.102271E-007
   1.154270E-008
   7.466649E-008
   7.191240E-008
   1.295025E-008
   1.064941E-007
   4.331366E-009
   8.758123E-008
   5.932786E-008
   2.131642E-008
   9.919124E-008
   4.949491E-010
   9.812288E-008
   4.548598E-008
   3.119278E-008
   8.864610E-008
   4.712198E-010
   1.045462E-007
   3.120963E-008
   4.224529E-008
   7.548568E-008
   4.403904E-009
   1.067845E-007
   1.794444E-008
   5.404017E-008
   6.020737E-008
   1.246583E-008
   1.045510E-007
   7.453820E-009
   6.529902E-008
   4.389464E-008
   2.424395E-008
   9.718049E-008
   1.204777E-009
   7.469594E-008
   2.810980E-008
   3.861201E-008
   8.480454E-008
   3.713597E-010
   8.060881E-008
   1.444472E-008
   5.399783E-008
   6.851453E-008
   5.389573E-009
   8.164627E-008
   4.638383E-009
   6.831740E-008
   4.995518E-008
   1.575633E-008
   7.711594E-008
   1.703882E-010
   7.928979E-008
   3.141827E-008
   2.993813E-008
   6.705369E-008
   1.859272E-009
   8.499259E-008
   1.550464E-008
   4.548257E-008
   5.262727E-008
   9.576571E-009
   8.401625E-008
   4.514609E-009
   5.947268E-008
   3.603236E-008
   2.199285E-008
   7.606580E-008
   6.058591E-011
   6.915320E-008
   2.005475E-008
   3.706058E-008
   6.256880E-008
   2.684938E-009
   7.308381E-008
   7.422892E-009
   5.264897E-008
   4.568940E-008
   1.189441E-008
   7.006209E-008
   6.440400E-010
   6.585108E-008
   2.799065E-008
   2.595329E-008
   6.027160E-008
   1.413390E-009
   7.353934E-008
   1.250695E-008
   4.211106E-008
   4.539392E-008
   9.859042E-009
   7.362059E-008
   2.492159E-009
   5.662154E-008
   2.815587E-008
   2.449710E-008
   6.579070E-008
   2.186428E-010
   6.568501E-008
   1.243550E-008
   4.218681E-008
   5.132342E-008
   6.155414E-009
   6.671026E-008
   2.249334E-009
   5.850741E-008
   3.320370E-008
   1.880045E-008
   5.917705E-008
   4.037504E-010
   6.891169E-008
   1.583617E-008
   3.467826E-008
   4.470059E-008
   7.426134E-009
   7.016556E-008
   3.740159E-009
   4.898938E-008
   2.693467E-008
   2.137591E-008
   6.191292E-008
   4.903972E-011
   5.754710E-008
   1.087062E-008
   3.873493E-008
   4.637150E-008
   5.604466E-009
   5.793363E-008
   1.277990E-009
   5.443430E-008
   2.731367E-008
   1.883239E-008
   4.929651E-008
   1.360579E-009
   6.342144E-008
   1.033890E-008
   3.542386E-008
   3.381415E-008
   1.156448E-008
   6.203524E-008
   8.320996E-010
   4.955168E-008
   1.647221E-008
   2.878424E-008
   5.012470E-008
   2.195621E-009
   5.557175E-008
   3.505141E-009
   4.710666E-008
   3.155479E-008
   1.389877E-008
   5.058585E-008
   2.974109E-010
   5.938845E-008
   1.289984E-008
   3.125543E-008
   3.611832E-008
   8.688147E-009
   6.037238E-008
   1.443686E-009
   4.666508E-008
   1.777292E-008
   2.578981E-008
   4.931326E-008
   1.652024E-009
   5.291012E-008
   3.677920E-009
   4.428240E-008
   3.022394E-008
   1.287737E-008
   4.685606E-008
   3.797997E-010
   5.584665E-008
   1.138179E-008
   2.939137E-008
   3.118316E-008
   9.542455E-009
   5.523776E-008
   8.149161E-010
   4.282008E-008
   1.306315E-008
   2.704215E-008
   4.238914E-008
   2.623506E-009
   4.614225E-008
   1.356670E-009
   4.441749E-008
   2.301854E-008
   1.491159E-008
   3.715946E-008
   2.153772E-009
   5.285300E-008
   6.216911E-009
   3.045367E-008
   2.049709E-008
   1.533339E-008
   4.761875E-008
   7.314848E-012
   3.974499E-008
   5.023342E-009
   3.426479E-008
   3.125248E-008
   6.630935E-009
   3.708485E-008
   1.769168E-010
   4.818370E-008
   1.214046E-008
   2.102246E-008
   2.338456E-008
   9.661703E-009
   4.932430E-008
   8.421783E-010
   3.319495E-008
   7.351128E-009
   2.865084E-008
   3.592602E-008
   3.052265E-009
   3.462543E-008
   1.230727E-013
