  0.000000000000000E+000  0.000000000000000E+000  0.000000000000000E+000
  0.000000000000000E+000  0.000000000000000E+000  0.000000000000000E+000
  0.000000000000000E+000  0.000000000000000E+000  0.000000000000000E+000
  0.000000000000000E+000  0.000000000000000E+000  0.000000000000000E+000
  0.000000000000000E+000  0.000000000000000E+000  0.000000000000000E+000
  0.000000000000000E+000  0.000000000000000E+000  0.000000000000000E+000
  0.000000000000000E+000  0.000000000000000E+000  0.000000000000000E+000
  0.000000000000000E+000  0.000000000000000E+000  0.000000000000000E+000
  0.000000000000000E+000  0.000000000000000E+000  0.000000000000000E+000
  0.000000000000000E+000  0.000000000000000E+000  0.000000000000000E+000
  0.000000000000000E+000  0.000000000000000E+000  0.000000000000000E+000
  0.000000000000000E+000  0.000000000000000E+000  0.000000000000000E+000
  0.000000000000000E+000  0.000000000000000E+000  0.000000000000000E+000
  0.000000000000000E+000  0.000000000000000E+000  0.000000000000000E+000
  0.000000000000000E+000  0.000000000000000E+000  0.000000000000000E+000
  0.000000000000000E+000  0.000000000000000E+000  0.000000000000000E+000
  0.000000000000000E+000  0.000000000000000E+000  0.000000000000000E+000
  0.000000000000000E+000  0.000000000000000E+000  0.000000000000000E+000
  0.000000000000000E+000  0.000000000000000E+000  0.000000000000000E+000
  0.000000000000000E+000  0.000000000000000E+000  0.000000000000000E+000
  0.000000000000000E+000  0.000000000000000E+000  0.000000000000000E+000
  0.000000000000000E+000  0.000000000000000E+000  0.000000000000000E+000
  0.000000000000000E+000  0.000000000000000E+000  0.000000000000000E+000
  0.000000000000000E+000  0.000000000000000E+000  0.000000000000000E+000
  0.000000000000000E+000  0.000000000000000E+000  0.000000000000000E+000
  0.000000000000000E+000  0.000000000000000E+000  0.000000000000000E+000
  0.000000000000000E+000  0.000000000000000E+000  0.000000000000000E+000
  0.000000000000000E+000  0.000000000000000E+000  0.000000000000000E+000
  0.000000000000000E+000  0.000000000000000E+000  0.000000000000000E+000
  0.000000000000000E+000  0.000000000000000E+000  0.000000000000000E+000
  0.000000000000000E+000  0.000000000000000E+000  0.000000000000000E+000
  0.000000000000000E+000  0.000000000000000E+000  0.000000000000000E+000
  0.000000000000000E+000  0.000000000000000E+000  0.000000000000000E+000
  0.000000000000000E+000  0.000000000000000E+000  0.000000000000000E+000
  0.000000000000000E+000  0.000000000000000E+000  0.000000000000000E+000
  0.000000000000000E+000  0.000000000000000E+000  0.000000000000000E+000
  0.000000000000000E+000  0.000000000000000E+000  0.000000000000000E+000
  0.000000000000000E+000  0.000000000000000E+000  0.000000000000000E+000
  0.000000000000000E+000  0.000000000000000E+000  0.000000000000000E+000
  0.000000000000000E+000  0.000000000000000E+000  0.000000000000000E+000
  0.000000000000000E+000  0.000000000000000E+000  0.000000000000000E+000
  0.000000000000000E+000  0.000000000000000E+000  0.000000000000000E+000
  0.000000000000000E+000  0.000000000000000E+000  0.000000000000000E+000
  0.000000000000000E+000  0.000000000000000E+000  0.000000000000000E+000
  0.000000000000000E+000  0.000000000000000E+000  0.000000000000000E+000
  0.000000000000000E+000  0.000000000000000E+000  0.000000000000000E+000
  0.000000000000000E+000  0.000000000000000E+000  0.000000000000000E+000
  0.000000000000000E+000  0.000000000000000E+000  0.000000000000000E+000
  0.000000000000000E+000  0.000000000000000E+000  0.000000000000000E+000
  0.000000000000000E+000  0.000000000000000E+000  0.000000000000000E+000
  0.000000000000000E+000  0.000000000000000E+000  0.000000000000000E+000
  0.000000000000000E+000  0.000000000000000E+000  0.000000000000000E+000
  0.000000000000000E+000  0.000000000000000E+000  0.000000000000000E+000
  0.000000000000000E+000  0.000000000000000E+000  0.000000000000000E+000
  0.000000000000000E+000  0.000000000000000E+000  0.000000000000000E+000
  0.000000000000000E+000  0.000000000000000E+000  0.000000000000000E+000
  0.000000000000000E+000  0.000000000000000E+000  0.000000000000000E+000
  0.000000000000000E+000  0.000000000000000E+000  0.000000000000000E+000
  0.000000000000000E+000  0.000000000000000E+000  0.000000000000000E+000
  0.000000000000000E+000  0.000000000000000E+000  0.000000000000000E+000
  0.000000000000000E+000  0.000000000000000E+000  0.000000000000000E+000
  0.000000000000000E+000  0.000000000000000E+000  0.000000000000000E+000
  0.000000000000000E+000  0.000000000000000E+000  0.000000000000000E+000
  0.000000000000000E+000  0.000000000000000E+000  0.000000000000000E+000
  0.000000000000000E+000  0.000000000000000E+000  0.000000000000000E+000
  0.000000000000000E+000  0.000000000000000E+000  0.000000000000000E+000
  0.000000000000000E+000  0.000000000000000E+000  0.000000000000000E+000
  0.000000000000000E+000  0.000000000000000E+000  0.000000000000000E+000
  0.000000000000000E+000  0.000000000000000E+000  0.000000000000000E+000
  0.000000000000000E+000  0.000000000000000E+000  0.000000000000000E+000
  0.000000000000000E+000  0.000000000000000E+000  0.000000000000000E+000
  0.000000000000000E+000  0.000000000000000E+000  0.000000000000000E+000
  0.000000000000000E+000  0.000000000000000E+000  0.000000000000000E+000
  0.000000000000000E+000  0.000000000000000E+000  0.000000000000000E+000
  0.000000000000000E+000  0.000000000000000E+000  0.000000000000000E+000
  0.000000000000000E+000  0.000000000000000E+000  0.000000000000000E+000
  0.000000000000000E+000  0.000000000000000E+000  0.000000000000000E+000
  0.000000000000000E+000  0.000000000000000E+000  0.000000000000000E+000
  0.000000000000000E+000  0.000000000000000E+000  0.000000000000000E+000
  0.000000000000000E+000  0.000000000000000E+000  0.000000000000000E+000
  0.000000000000000E+000  0.000000000000000E+000  0.000000000000000E+000
  0.000000000000000E+000  0.000000000000000E+000  0.000000000000000E+000
  0.000000000000000E+000  0.000000000000000E+000  0.000000000000000E+000
  0.000000000000000E+000  0.000000000000000E+000  0.000000000000000E+000
  0.000000000000000E+000  0.000000000000000E+000  0.000000000000000E+000
  0.000000000000000E+000  0.000000000000000E+000  0.000000000000000E+000
  0.000000000000000E+000  0.000000000000000E+000  0.000000000000000E+000
  0.000000000000000E+000  0.000000000000000E+000  0.000000000000000E+000
  0.000000000000000E+000  0.000000000000000E+000  0.000000000000000E+000
  0.000000000000000E+000  0.000000000000000E+000  0.000000000000000E+000
  0.000000000000000E+000  0.000000000000000E+000  0.000000000000000E+000
  0.000000000000000E+000  0.000000000000000E+000  0.000000000000000E+000
  0.000000000000000E+000  0.000000000000000E+000  0.000000000000000E+000
  0.000000000000000E+000  0.000000000000000E+000  0.000000000000000E+000
  0.000000000000000E+000  0.000000000000000E+000  0.000000000000000E+000
  0.000000000000000E+000  0.000000000000000E+000  0.000000000000000E+000
  0.000000000000000E+000  0.000000000000000E+000  0.000000000000000E+000
  0.000000000000000E+000  0.000000000000000E+000  0.000000000000000E+000
  0.000000000000000E+000  0.000000000000000E+000  0.000000000000000E+000
  0.000000000000000E+000  0.000000000000000E+000  0.000000000000000E+000
  0.000000000000000E+000  0.000000000000000E+000  0.000000000000000E+000
  0.000000000000000E+000  0.000000000000000E+000  0.000000000000000E+000
  0.000000000000000E+000  0.000000000000000E+000  0.000000000000000E+000
  0.000000000000000E+000  0.000000000000000E+000  0.000000000000000E+000
  0.000000000000000E+000  0.000000000000000E+000  0.000000000000000E+000
  0.000000000000000E+000  0.000000000000000E+000  0.000000000000000E+000
  0.000000000000000E+000  0.000000000000000E+000  0.000000000000000E+000
  0.000000000000000E+000  0.000000000000000E+000  0.000000000000000E+000
  0.000000000000000E+000  0.000000000000000E+000  0.000000000000000E+000
  0.000000000000000E+000  0.000000000000000E+000  0.000000000000000E+000
  0.000000000000000E+000  0.000000000000000E+000  0.000000000000000E+000
  0.000000000000000E+000  0.000000000000000E+000  0.000000000000000E+000
  0.000000000000000E+000  0.000000000000000E+000  0.000000000000000E+000
  0.000000000000000E+000  0.000000000000000E+000  0.000000000000000E+000
  0.000000000000000E+000  0.000000000000000E+000  0.000000000000000E+000
  0.000000000000000E+000  0.000000000000000E+000  0.000000000000000E+000
  0.000000000000000E+000  0.000000000000000E+000  0.000000000000000E+000
  0.000000000000000E+000  0.000000000000000E+000  0.000000000000000E+000
  0.000000000000000E+000  0.000000000000000E+000  0.000000000000000E+000
  0.000000000000000E+000  0.000000000000000E+000  0.000000000000000E+000
  0.000000000000000E+000  0.000000000000000E+000  0.000000000000000E+000
  0.000000000000000E+000  0.000000000000000E+000  0.000000000000000E+000
  0.000000000000000E+000  0.000000000000000E+000  0.000000000000000E+000
  0.000000000000000E+000  0.000000000000000E+000  0.000000000000000E+000
  0.000000000000000E+000  0.000000000000000E+000  0.000000000000000E+000
  0.000000000000000E+000  0.000000000000000E+000  0.000000000000000E+000
  0.000000000000000E+000  0.000000000000000E+000  0.000000000000000E+000
  0.000000000000000E+000  0.000000000000000E+000  0.000000000000000E+000
  0.000000000000000E+000  0.000000000000000E+000  0.000000000000000E+000
  0.000000000000000E+000  0.000000000000000E+000  0.000000000000000E+000
  0.000000000000000E+000  0.000000000000000E+000  0.000000000000000E+000
  0.000000000000000E+000  0.000000000000000E+000  0.000000000000000E+000
  0.000000000000000E+000  0.000000000000000E+000  0.000000000000000E+000
  0.000000000000000E+000  0.000000000000000E+000  0.000000000000000E+000
  0.000000000000000E+000  0.000000000000000E+000  0.000000000000000E+000
  0.000000000000000E+000  0.000000000000000E+000  0.000000000000000E+000
  0.000000000000000E+000  0.000000000000000E+000  0.000000000000000E+000
  0.000000000000000E+000  0.000000000000000E+000  0.000000000000000E+000
  0.000000000000000E+000  0.000000000000000E+000  0.000000000000000E+000
  0.000000000000000E+000  0.000000000000000E+000  0.000000000000000E+000
  0.000000000000000E+000  0.000000000000000E+000  0.000000000000000E+000
  0.000000000000000E+000  0.000000000000000E+000  0.000000000000000E+000
  0.000000000000000E+000  0.000000000000000E+000  0.000000000000000E+000
  0.000000000000000E+000  0.000000000000000E+000  0.000000000000000E+000
  0.000000000000000E+000  0.000000000000000E+000  0.000000000000000E+000
  0.000000000000000E+000  0.000000000000000E+000  0.000000000000000E+000
  0.000000000000000E+000  0.000000000000000E+000  0.000000000000000E+000
  0.000000000000000E+000  0.000000000000000E+000  0.000000000000000E+000
  0.000000000000000E+000  0.000000000000000E+000  0.000000000000000E+000
  0.000000000000000E+000  0.000000000000000E+000  0.000000000000000E+000
  0.000000000000000E+000  0.000000000000000E+000  0.000000000000000E+000
  0.000000000000000E+000  0.000000000000000E+000  0.000000000000000E+000
  0.000000000000000E+000  0.000000000000000E+000  0.000000000000000E+000
  0.000000000000000E+000  0.000000000000000E+000  0.000000000000000E+000
  0.000000000000000E+000  0.000000000000000E+000  0.000000000000000E+000
  0.000000000000000E+000  0.000000000000000E+000  0.000000000000000E+000
  0.000000000000000E+000  0.000000000000000E+000  0.000000000000000E+000
  0.000000000000000E+000  0.000000000000000E+000  0.000000000000000E+000
  0.000000000000000E+000  0.000000000000000E+000  0.000000000000000E+000
  0.000000000000000E+000  0.000000000000000E+000  0.000000000000000E+000
  0.000000000000000E+000  0.000000000000000E+000  0.000000000000000E+000
  0.000000000000000E+000  0.000000000000000E+000  0.000000000000000E+000
  0.000000000000000E+000  0.000000000000000E+000  0.000000000000000E+000
  0.000000000000000E+000  0.000000000000000E+000  0.000000000000000E+000
  0.000000000000000E+000  0.000000000000000E+000  0.000000000000000E+000
  0.000000000000000E+000  0.000000000000000E+000  0.000000000000000E+000
  0.000000000000000E+000  0.000000000000000E+000  0.000000000000000E+000
  0.000000000000000E+000  0.000000000000000E+000  0.000000000000000E+000
  0.000000000000000E+000  0.000000000000000E+000  0.000000000000000E+000
  0.000000000000000E+000  0.000000000000000E+000  0.000000000000000E+000
  0.000000000000000E+000  0.000000000000000E+000  0.000000000000000E+000
  0.000000000000000E+000  0.000000000000000E+000  0.000000000000000E+000
  0.000000000000000E+000  0.000000000000000E+000  0.000000000000000E+000
  0.000000000000000E+000  0.000000000000000E+000  0.000000000000000E+000
  0.000000000000000E+000  0.000000000000000E+000  0.000000000000000E+000
  0.000000000000000E+000  0.000000000000000E+000  0.000000000000000E+000
  0.000000000000000E+000  0.000000000000000E+000  0.000000000000000E+000
  0.000000000000000E+000  0.000000000000000E+000  0.000000000000000E+000
  0.000000000000000E+000  0.000000000000000E+000  0.000000000000000E+000
  0.000000000000000E+000  0.000000000000000E+000  0.000000000000000E+000
  0.000000000000000E+000  0.000000000000000E+000  0.000000000000000E+000
  0.000000000000000E+000  0.000000000000000E+000  0.000000000000000E+000
  0.000000000000000E+000  0.000000000000000E+000  0.000000000000000E+000
  0.000000000000000E+000  0.000000000000000E+000  0.000000000000000E+000
  0.000000000000000E+000  0.000000000000000E+000  0.000000000000000E+000
  0.000000000000000E+000  0.000000000000000E+000  0.000000000000000E+000
  0.000000000000000E+000  0.000000000000000E+000  0.000000000000000E+000
  0.000000000000000E+000  0.000000000000000E+000  0.000000000000000E+000
  0.000000000000000E+000  0.000000000000000E+000  0.000000000000000E+000
  0.000000000000000E+000  0.000000000000000E+000  0.000000000000000E+000
  0.000000000000000E+000  0.000000000000000E+000  0.000000000000000E+000
  0.000000000000000E+000  0.000000000000000E+000  0.000000000000000E+000
  0.000000000000000E+000  0.000000000000000E+000  0.000000000000000E+000
  0.000000000000000E+000  0.000000000000000E+000  0.000000000000000E+000
  0.000000000000000E+000  0.000000000000000E+000  0.000000000000000E+000
  0.000000000000000E+000  0.000000000000000E+000  0.000000000000000E+000
  0.000000000000000E+000  0.000000000000000E+000  0.000000000000000E+000
  0.000000000000000E+000  0.000000000000000E+000  0.000000000000000E+000
  0.000000000000000E+000  0.000000000000000E+000  0.000000000000000E+000
  0.000000000000000E+000  0.000000000000000E+000  0.000000000000000E+000
  0.000000000000000E+000  0.000000000000000E+000  0.000000000000000E+000
  0.000000000000000E+000  0.000000000000000E+000  0.000000000000000E+000
  0.000000000000000E+000  0.000000000000000E+000  0.000000000000000E+000
  0.000000000000000E+000  0.000000000000000E+000  0.000000000000000E+000
  0.000000000000000E+000  0.000000000000000E+000  0.000000000000000E+000
  0.000000000000000E+000  0.000000000000000E+000  0.000000000000000E+000
  0.000000000000000E+000  0.000000000000000E+000  0.000000000000000E+000
  0.000000000000000E+000  0.000000000000000E+000  0.000000000000000E+000
  0.000000000000000E+000  0.000000000000000E+000  0.000000000000000E+000
  0.000000000000000E+000  0.000000000000000E+000  0.000000000000000E+000
  0.000000000000000E+000  0.000000000000000E+000  0.000000000000000E+000
  0.000000000000000E+000  0.000000000000000E+000  0.000000000000000E+000
  0.000000000000000E+000  0.000000000000000E+000  0.000000000000000E+000
  0.000000000000000E+000  0.000000000000000E+000  0.000000000000000E+000
  0.000000000000000E+000  0.000000000000000E+000  0.000000000000000E+000
  0.000000000000000E+000  0.000000000000000E+000  0.000000000000000E+000
  0.000000000000000E+000  0.000000000000000E+000  0.000000000000000E+000
  0.000000000000000E+000  0.000000000000000E+000  0.000000000000000E+000
  0.000000000000000E+000  0.000000000000000E+000  0.000000000000000E+000
  0.000000000000000E+000  0.000000000000000E+000  0.000000000000000E+000
  0.000000000000000E+000  0.000000000000000E+000  0.000000000000000E+000
  0.000000000000000E+000  0.000000000000000E+000  0.000000000000000E+000
  0.000000000000000E+000  0.000000000000000E+000  0.000000000000000E+000
  0.000000000000000E+000  0.000000000000000E+000  0.000000000000000E+000
  0.000000000000000E+000  0.000000000000000E+000  0.000000000000000E+000
  0.000000000000000E+000  0.000000000000000E+000  0.000000000000000E+000
  0.000000000000000E+000  0.000000000000000E+000  0.000000000000000E+000
  0.000000000000000E+000  0.000000000000000E+000  0.000000000000000E+000
  0.000000000000000E+000  0.000000000000000E+000  0.000000000000000E+000
  0.000000000000000E+000  0.000000000000000E+000  0.000000000000000E+000
  0.000000000000000E+000  0.000000000000000E+000  0.000000000000000E+000
  0.000000000000000E+000  0.000000000000000E+000  0.000000000000000E+000
  0.000000000000000E+000  0.000000000000000E+000  0.000000000000000E+000
  0.000000000000000E+000  0.000000000000000E+000  0.000000000000000E+000
  0.000000000000000E+000  0.000000000000000E+000  0.000000000000000E+000
  0.000000000000000E+000  0.000000000000000E+000  0.000000000000000E+000
  0.000000000000000E+000  0.000000000000000E+000  0.000000000000000E+000
  0.000000000000000E+000  0.000000000000000E+000  0.000000000000000E+000
  0.000000000000000E+000  0.000000000000000E+000  0.000000000000000E+000
  0.000000000000000E+000  0.000000000000000E+000  0.000000000000000E+000
  0.000000000000000E+000  0.000000000000000E+000  0.000000000000000E+000
  0.000000000000000E+000  0.000000000000000E+000  0.000000000000000E+000
  0.000000000000000E+000  0.000000000000000E+000  0.000000000000000E+000
  0.000000000000000E+000  0.000000000000000E+000  0.000000000000000E+000
  0.000000000000000E+000  0.000000000000000E+000  0.000000000000000E+000
  0.000000000000000E+000  0.000000000000000E+000  0.000000000000000E+000
  0.000000000000000E+000  0.000000000000000E+000  0.000000000000000E+000
  0.000000000000000E+000  0.000000000000000E+000  0.000000000000000E+000
  0.000000000000000E+000  0.000000000000000E+000  0.000000000000000E+000
  0.000000000000000E+000  0.000000000000000E+000  0.000000000000000E+000
  0.000000000000000E+000  0.000000000000000E+000  0.000000000000000E+000
  0.000000000000000E+000  0.000000000000000E+000  0.000000000000000E+000
  0.000000000000000E+000  0.000000000000000E+000  0.000000000000000E+000
  0.000000000000000E+000  0.000000000000000E+000  0.000000000000000E+000
  0.000000000000000E+000  0.000000000000000E+000  0.000000000000000E+000
  0.000000000000000E+000  0.000000000000000E+000  0.000000000000000E+000
  0.000000000000000E+000  0.000000000000000E+000  0.000000000000000E+000
  0.000000000000000E+000  0.000000000000000E+000  0.000000000000000E+000
  0.000000000000000E+000  0.000000000000000E+000  0.000000000000000E+000
  0.000000000000000E+000  0.000000000000000E+000  0.000000000000000E+000
  0.000000000000000E+000  0.000000000000000E+000  0.000000000000000E+000
  0.000000000000000E+000  0.000000000000000E+000  0.000000000000000E+000
  0.000000000000000E+000  0.000000000000000E+000  0.000000000000000E+000
  0.000000000000000E+000  0.000000000000000E+000  0.000000000000000E+000
  0.000000000000000E+000  0.000000000000000E+000  0.000000000000000E+000
  0.000000000000000E+000  0.000000000000000E+000  0.000000000000000E+000
  0.000000000000000E+000  0.000000000000000E+000  0.000000000000000E+000
  0.000000000000000E+000  0.000000000000000E+000  0.000000000000000E+000
  0.000000000000000E+000  0.000000000000000E+000  0.000000000000000E+000
  0.000000000000000E+000  0.000000000000000E+000  0.000000000000000E+000
  0.000000000000000E+000  0.000000000000000E+000  0.000000000000000E+000
  0.000000000000000E+000  0.000000000000000E+000  0.000000000000000E+000
  0.000000000000000E+000  0.000000000000000E+000  0.000000000000000E+000
  0.000000000000000E+000  0.000000000000000E+000  0.000000000000000E+000
  0.000000000000000E+000  0.000000000000000E+000  0.000000000000000E+000
  0.000000000000000E+000  0.000000000000000E+000  0.000000000000000E+000
  0.000000000000000E+000  0.000000000000000E+000  0.000000000000000E+000
  0.000000000000000E+000  0.000000000000000E+000  0.000000000000000E+000
  0.000000000000000E+000  0.000000000000000E+000  0.000000000000000E+000
  0.000000000000000E+000  0.000000000000000E+000  0.000000000000000E+000
  0.000000000000000E+000  0.000000000000000E+000  0.000000000000000E+000
  0.000000000000000E+000  0.000000000000000E+000  0.000000000000000E+000
  0.000000000000000E+000  0.000000000000000E+000  0.000000000000000E+000
  0.000000000000000E+000  0.000000000000000E+000  0.000000000000000E+000
  0.000000000000000E+000  0.000000000000000E+000  0.000000000000000E+000
  0.000000000000000E+000  0.000000000000000E+000  0.000000000000000E+000
  0.000000000000000E+000  0.000000000000000E+000  0.000000000000000E+000
  0.000000000000000E+000  0.000000000000000E+000  0.000000000000000E+000
  0.000000000000000E+000  0.000000000000000E+000  0.000000000000000E+000
  0.000000000000000E+000  0.000000000000000E+000  0.000000000000000E+000
  0.000000000000000E+000  0.000000000000000E+000  0.000000000000000E+000
  0.000000000000000E+000  0.000000000000000E+000  0.000000000000000E+000
  0.000000000000000E+000  0.000000000000000E+000  0.000000000000000E+000
  0.000000000000000E+000  0.000000000000000E+000  0.000000000000000E+000
  0.000000000000000E+000  0.000000000000000E+000  0.000000000000000E+000
  0.000000000000000E+000  0.000000000000000E+000  0.000000000000000E+000
  0.000000000000000E+000  0.000000000000000E+000  0.000000000000000E+000
  0.000000000000000E+000  0.000000000000000E+000  0.000000000000000E+000
  0.000000000000000E+000  0.000000000000000E+000  0.000000000000000E+000
  0.000000000000000E+000  0.000000000000000E+000  0.000000000000000E+000
  0.000000000000000E+000  0.000000000000000E+000  0.000000000000000E+000
  0.000000000000000E+000  0.000000000000000E+000  0.000000000000000E+000
  0.000000000000000E+000  0.000000000000000E+000  0.000000000000000E+000
  0.000000000000000E+000  0.000000000000000E+000  0.000000000000000E+000
  0.000000000000000E+000  0.000000000000000E+000  0.000000000000000E+000
  0.000000000000000E+000  0.000000000000000E+000  0.000000000000000E+000
  0.000000000000000E+000  0.000000000000000E+000  0.000000000000000E+000
  0.000000000000000E+000  0.000000000000000E+000  0.000000000000000E+000
  0.000000000000000E+000  0.000000000000000E+000  0.000000000000000E+000
  0.000000000000000E+000  0.000000000000000E+000  0.000000000000000E+000
  0.000000000000000E+000  0.000000000000000E+000  0.000000000000000E+000
  0.000000000000000E+000  0.000000000000000E+000  0.000000000000000E+000
  0.000000000000000E+000  0.000000000000000E+000  0.000000000000000E+000
  0.000000000000000E+000  0.000000000000000E+000  0.000000000000000E+000
  0.000000000000000E+000  0.000000000000000E+000  0.000000000000000E+000
  0.000000000000000E+000  0.000000000000000E+000  0.000000000000000E+000
  0.000000000000000E+000  0.000000000000000E+000  0.000000000000000E+000
  0.000000000000000E+000  0.000000000000000E+000  0.000000000000000E+000
  0.000000000000000E+000  0.000000000000000E+000  0.000000000000000E+000
  0.000000000000000E+000  0.000000000000000E+000  0.000000000000000E+000
  0.000000000000000E+000  0.000000000000000E+000  0.000000000000000E+000
  0.000000000000000E+000  0.000000000000000E+000  0.000000000000000E+000
  0.000000000000000E+000  0.000000000000000E+000  0.000000000000000E+000
  0.000000000000000E+000  0.000000000000000E+000  0.000000000000000E+000
  0.000000000000000E+000  0.000000000000000E+000  0.000000000000000E+000
  0.000000000000000E+000  0.000000000000000E+000  0.000000000000000E+000
  0.000000000000000E+000  0.000000000000000E+000  0.000000000000000E+000
  0.000000000000000E+000  0.000000000000000E+000  0.000000000000000E+000
  0.000000000000000E+000  0.000000000000000E+000  0.000000000000000E+000
  0.000000000000000E+000  0.000000000000000E+000  0.000000000000000E+000
  0.000000000000000E+000  0.000000000000000E+000  0.000000000000000E+000
  0.000000000000000E+000  0.000000000000000E+000  0.000000000000000E+000
  0.000000000000000E+000  0.000000000000000E+000  0.000000000000000E+000
  0.000000000000000E+000  0.000000000000000E+000  0.000000000000000E+000
  0.000000000000000E+000  0.000000000000000E+000  0.000000000000000E+000
  0.000000000000000E+000  0.000000000000000E+000  0.000000000000000E+000
  0.000000000000000E+000  0.000000000000000E+000  0.000000000000000E+000
  0.000000000000000E+000  0.000000000000000E+000  0.000000000000000E+000
  0.000000000000000E+000  0.000000000000000E+000  0.000000000000000E+000
  0.000000000000000E+000  0.000000000000000E+000  0.000000000000000E+000
  0.000000000000000E+000  0.000000000000000E+000  0.000000000000000E+000
  0.000000000000000E+000  0.000000000000000E+000  0.000000000000000E+000
  0.000000000000000E+000  0.000000000000000E+000  0.000000000000000E+000
  0.000000000000000E+000  0.000000000000000E+000  0.000000000000000E+000
  0.000000000000000E+000  0.000000000000000E+000  0.000000000000000E+000
  0.000000000000000E+000  0.000000000000000E+000  0.000000000000000E+000
  0.000000000000000E+000  0.000000000000000E+000  0.000000000000000E+000
  0.000000000000000E+000  0.000000000000000E+000  0.000000000000000E+000
  0.000000000000000E+000  0.000000000000000E+000  0.000000000000000E+000
  0.000000000000000E+000  0.000000000000000E+000  0.000000000000000E+000
  0.000000000000000E+000  0.000000000000000E+000  0.000000000000000E+000
  0.000000000000000E+000  0.000000000000000E+000  0.000000000000000E+000
  0.000000000000000E+000  0.000000000000000E+000  0.000000000000000E+000
  0.000000000000000E+000  0.000000000000000E+000  0.000000000000000E+000
  0.000000000000000E+000  0.000000000000000E+000  0.000000000000000E+000
  0.000000000000000E+000  0.000000000000000E+000  0.000000000000000E+000
  0.000000000000000E+000  0.000000000000000E+000  0.000000000000000E+000
  0.000000000000000E+000  0.000000000000000E+000  0.000000000000000E+000
  0.000000000000000E+000  0.000000000000000E+000  0.000000000000000E+000
  0.000000000000000E+000  0.000000000000000E+000  0.000000000000000E+000
  0.000000000000000E+000  0.000000000000000E+000  0.000000000000000E+000
  0.000000000000000E+000  0.000000000000000E+000  0.000000000000000E+000
  0.000000000000000E+000  0.000000000000000E+000  0.000000000000000E+000
  0.000000000000000E+000  0.000000000000000E+000  0.000000000000000E+000
  0.000000000000000E+000  0.000000000000000E+000  0.000000000000000E+000
  0.000000000000000E+000  0.000000000000000E+000  0.000000000000000E+000
  0.000000000000000E+000  0.000000000000000E+000  0.000000000000000E+000
  0.000000000000000E+000  0.000000000000000E+000  0.000000000000000E+000
  0.000000000000000E+000  0.000000000000000E+000  0.000000000000000E+000
  0.000000000000000E+000  0.000000000000000E+000  0.000000000000000E+000
  0.000000000000000E+000  0.000000000000000E+000  0.000000000000000E+000
  0.000000000000000E+000  0.000000000000000E+000  0.000000000000000E+000
  0.000000000000000E+000  0.000000000000000E+000  0.000000000000000E+000
  0.000000000000000E+000  0.000000000000000E+000  0.000000000000000E+000
  0.000000000000000E+000  0.000000000000000E+000  0.000000000000000E+000
  0.000000000000000E+000  0.000000000000000E+000  0.000000000000000E+000
  0.000000000000000E+000  0.000000000000000E+000  0.000000000000000E+000
  0.000000000000000E+000  0.000000000000000E+000  0.000000000000000E+000
  0.000000000000000E+000  0.000000000000000E+000  0.000000000000000E+000
  0.000000000000000E+000  0.000000000000000E+000  0.000000000000000E+000
  0.000000000000000E+000  0.000000000000000E+000  0.000000000000000E+000
  0.000000000000000E+000  0.000000000000000E+000  0.000000000000000E+000
  0.000000000000000E+000  0.000000000000000E+000  0.000000000000000E+000
  0.000000000000000E+000  0.000000000000000E+000  0.000000000000000E+000
  0.000000000000000E+000  0.000000000000000E+000  0.000000000000000E+000
  0.000000000000000E+000  0.000000000000000E+000  0.000000000000000E+000
  0.000000000000000E+000  0.000000000000000E+000  0.000000000000000E+000
  0.000000000000000E+000  0.000000000000000E+000  0.000000000000000E+000
  0.000000000000000E+000  0.000000000000000E+000  0.000000000000000E+000
  0.000000000000000E+000  0.000000000000000E+000  0.000000000000000E+000
  0.000000000000000E+000  0.000000000000000E+000  0.000000000000000E+000
  0.000000000000000E+000  0.000000000000000E+000  0.000000000000000E+000
  0.000000000000000E+000  0.000000000000000E+000  0.000000000000000E+000
  0.000000000000000E+000  0.000000000000000E+000  0.000000000000000E+000
  0.000000000000000E+000  0.000000000000000E+000  0.000000000000000E+000
  0.000000000000000E+000  0.000000000000000E+000  0.000000000000000E+000
  0.000000000000000E+000  0.000000000000000E+000  0.000000000000000E+000
  0.000000000000000E+000  0.000000000000000E+000  0.000000000000000E+000
  0.000000000000000E+000  0.000000000000000E+000  0.000000000000000E+000
  0.000000000000000E+000  0.000000000000000E+000  0.000000000000000E+000
  0.000000000000000E+000  0.000000000000000E+000  0.000000000000000E+000
  0.000000000000000E+000  0.000000000000000E+000  0.000000000000000E+000
  0.000000000000000E+000  0.000000000000000E+000  0.000000000000000E+000
  0.000000000000000E+000  0.000000000000000E+000  0.000000000000000E+000
  0.000000000000000E+000  0.000000000000000E+000  0.000000000000000E+000
  0.000000000000000E+000  0.000000000000000E+000  0.000000000000000E+000
  0.000000000000000E+000  0.000000000000000E+000  0.000000000000000E+000
  0.000000000000000E+000  0.000000000000000E+000  0.000000000000000E+000
  0.000000000000000E+000  0.000000000000000E+000  0.000000000000000E+000
  0.000000000000000E+000  0.000000000000000E+000  0.000000000000000E+000
  0.000000000000000E+000  0.000000000000000E+000  0.000000000000000E+000
  0.000000000000000E+000  0.000000000000000E+000  0.000000000000000E+000
  0.000000000000000E+000  0.000000000000000E+000  0.000000000000000E+000
  0.000000000000000E+000  0.000000000000000E+000  0.000000000000000E+000
  0.000000000000000E+000  0.000000000000000E+000  0.000000000000000E+000
  0.000000000000000E+000  0.000000000000000E+000  0.000000000000000E+000
  0.000000000000000E+000  0.000000000000000E+000  0.000000000000000E+000
  0.000000000000000E+000  0.000000000000000E+000  0.000000000000000E+000
  0.000000000000000E+000  0.000000000000000E+000  0.000000000000000E+000
  0.000000000000000E+000  0.000000000000000E+000  0.000000000000000E+000
  0.000000000000000E+000  0.000000000000000E+000  0.000000000000000E+000
  0.000000000000000E+000  0.000000000000000E+000  0.000000000000000E+000
  0.000000000000000E+000  0.000000000000000E+000  0.000000000000000E+000
  0.000000000000000E+000  0.000000000000000E+000 -6.836702060537089E-308
  0.000000000000000E+000  0.000000000000000E+000  2.551491944613525E-307
  0.000000000000000E+000  0.000000000000000E+000 -9.522297572400392E-307
  0.000000000000000E+000  2.364552026288267E-308  3.553769834498805E-306
  0.000000000000000E+000 -8.824628299247753E-308 -1.326284958075518E-305
  0.000000000000000E+000  3.293396117070276E-307  4.949762848852192E-305
  0.000000000000000E+000 -1.229112163835632E-306 -1.847276643733325E-304
  0.000000000000000E+000  4.587109043635502E-306  6.894130290048081E-304
  0.000000000000000E+000 -1.711932401070638E-305 -2.572924451645900E-303
  0.000000000000000E+000  6.389018699919003E-305  9.602284777578792E-303
  0.000000000000000E+000 -2.384414239860536E-304 -3.583621465866927E-302
  0.000000000000000E+000  8.898755089450247E-304  1.337425738570983E-301
  0.000000000000000E+000 -3.321060611794045E-303 -4.991340807697239E-301
  0.000000000000000E+000  1.239436693823116E-302  1.862793749221797E-300
  0.000000000000000E+000 -4.625640714113058E-302 -6.952040916117465E-300
  0.000000000000000E+000  1.726312616262911E-301  2.594536991524807E-299
  0.000000000000000E+000 -6.442686393640341E-301 -9.682943874487479E-299
  0.000000000000000E+000  2.404443295829845E-300  3.613723850642511E-298
  0.000000000000000E+000 -8.973504543955344E-300 -1.348660101512130E-297
  0.000000000000000E+000  3.348957487999155E-299  5.033268020984268E-297
  0.000000000000000E+000 -1.249847949760108E-298 -1.878441198242494E-296
  0.000000000000000E+000  4.664496050240519E-298  7.010437990871550E-296
  0.000000000000000E+000 -1.740813625120196E-297 -2.616331076524371E-295
  0.000000000000000E+000  6.496804895456735E-297  9.764280507010328E-295
  0.000000000000000E+000 -2.424640595670674E-296 -3.644079095151694E-294
  0.000000000000000E+000  9.048881893137022E-296  1.359988832990575E-293
  0.000000000000000E+000 -3.377088697687741E-295 -5.075547422447129E-293
  0.000000000000000E+000  1.260346660143726E-294  1.894220085679794E-292
  0.000000000000000E+000 -4.703677770806132E-294 -7.069325600474463E-292
  0.000000000000000E+000  1.755436442308080E-293  2.638308231621806E-291
  0.000000000000000E+000 -6.551377992151708E-293 -9.846300366439778E-291
  0.000000000000000E+000  2.445007552629875E-292  3.674689323413731E-290
  0.000000000000000E+000 -9.124892411304329E-292 -1.371412725701094E-289
  0.000000000000000E+000  3.405456209258745E-291  5.118181970463005E-289
  0.000000000000000E+000 -1.270933559590455E-290 -1.910131515615093E-288
  0.000000000000000E+000  4.743188617435945E-290  7.128707865414071E-288
  0.000000000000000E+000 -1.770182091015332E-289 -2.660469994604120E-287
  0.000000000000000E+000  6.606409502317734E-289  9.929009191875071E-287
  0.000000000000000E+000 -2.465545591825561E-288 -3.705556677289616E-286
  0.000000000000000E+000  9.201541417070469E-288  1.382932578997096E-285
  0.000000000000000E+000 -3.434062007645632E-287 -5.161174648259422E-285
  0.000000000000000E+000  1.281609388887548E-286  1.926176601404059E-284
  0.000000000000000E+000 -4.783031354785629E-286 -7.188588940790295E-284
  0.000000000000000E+000  1.785051603025497E-285  2.682817916175712E-283
  0.000000000000000E+000 -6.661903276623427E-285 -1.001241277062382E-282
  0.000000000000000E+000  2.486256150346821E-284  3.736683316631957E-282
  0.000000000000000E+000 -9.278834273724942E-284 -1.394549198946545E-281
  0.000000000000000E+000  3.462908094455295E-283  5.204528464122983E-281
  0.000000000000000E+000 -1.292374895044869E-282 -1.942356465754539E-280
  0.000000000000000E+000  4.823208770733945E-282  7.248973016605858E-280
  0.000000000000000E+000 -1.800046018789091E-281 -2.705353560066889E-279
  0.000000000000000E+000  6.717863198082970E-281  1.009651693860697E-278
  0.000000000000000E+000 -2.507140677354279E-280 -3.768071419436100E-278
  0.000000000000000E+000  9.356776389608819E-280  1.406263398388370E-277
  0.000000000000000E+000 -3.491996488108099E-279 -5.248246451609871E-277
  0.000000000000000E+000  1.303230831347152E-278  1.958672240805111E-276
  0.000000000000000E+000 -4.863723676577800E-278 -7.309864318059459E-276
  0.000000000000000E+000  1.815166387496404E-277  2.728078503143273E-275
  0.000000000000000E+000 -6.774293182327836E-277 -1.018132758076715E-274
  0.000000000000000E+000  2.528200634181495E-276  3.799723181992531E-274
  0.000000000000000E+000 -9.435373218493196E-276 -1.418075996989341E-273
  0.000000000000000E+000  3.521329223979129E-275  5.292331669758112E-273
  0.000000000000000E+000 -1.314177957406720E-274 -1.975125068204311E-272
  0.000000000000000E+000  4.904578907228966E-274  7.371267105841431E-272
  0.000000000000000E+000 -1.830413767150915E-273 -2.750994335516142E-271
  0.000000000000000E+000  6.831197177880763E-273  1.026685063148043E-270
  0.000000000000000E+000 -2.549437494437213E-272 -3.831640819040556E-270
  0.000000000000000E+000  9.514630259960778E-272  1.429987821301418E-269
  0.000000000000000E+000 -3.550908354540589E-271 -5.336787203301617E-269
  0.000000000000000E+000  1.325217039216628E-270  1.991716099190505E-268
  0.000000000000000E+000 -4.945777321412454E-270 -7.433185676431859E-268
  0.000000000000000E+000  1.845789224643318E-269  2.774102660653693E-267
  0.000000000000000E+000 -6.888579166432029E-269 -1.035309207497159E-266
  0.000000000000000E+000  2.570852744108480E-268  3.863826563923266E-266
  0.000000000000000E+000 -9.594553059790719E-268 -1.441999704819590E-265
  0.000000000000000E+000  3.580735949505438E-267  5.381616162886036E-265
  0.000000000000000E+000 -1.336348849204269E-266 -2.008446494672455E-264
  0.000000000000000E+000  4.987321801866531E-266  7.495624362401217E-264
  0.000000000000000E+000 -1.861293835826185E-265 -2.797405095493241E-263
  0.000000000000000E+000  6.946443163118089E-265  1.044005794573284E-262
  0.000000000000000E+000 -2.592447881664617E-264 -3.896282668743814E-262
  0.000000000000000E+000  9.675147210346659E-264  1.454112488040197E-261
  0.000000000000000E+000 -3.610814095972201E-263 -5.426821685286407E-261
  0.000000000000000E+000  1.347574166285414E-262  2.025317425310543E-260
  0.000000000000000E+000 -5.029215255544437E-262 -7.558587532713532E-260
  0.000000000000000E+000  1.876928685589234E-261  2.820903270554359E-259
  0.000000000000000E+000 -7.004793216802494E-261 -1.052775432894608E-258
  0.000000000000000E+000  2.614224418162073E-260  3.929011404522998E-258
  0.000000000000000E+000 -9.756418350968047E-260 -1.466327018519738E-257
  0.000000000000000E+000  3.641144898571010E-259  5.472406933626654E-257
  0.000000000000000E+000 -1.358893775918724E-258 -2.042330071598688E-256
  0.000000000000000E+000  5.071460613817795E-258  7.622079593032086E-256
  0.000000000000000E+000 -1.892694867935245E-257 -2.844598830052966E-255
  0.000000000000000E+000  7.063633410359204E-257  1.061618736090865E-254
  0.000000000000000E+000 -2.636183877350156E-256 -3.962015061358165E-254
  0.000000000000000E+000  9.838372168364710E-256  1.478644150934180E-253
  0.000000000000000E+000 -3.671730479610867E-255 -5.518375097600902E-253
  0.000000000000000E+000  1.370308470160700E-254  2.059485623946943E-252
  0.000000000000000E+000 -5.114060832681712E-254 -7.686104986027682E-252
  0.000000000000000E+000  1.908593486056615E-253  2.868493432016378E-251
  0.000000000000000E+000 -7.122967860958287E-253 -1.070536322946275E-250
  0.000000000000000E+000  2.658327795777655E-252  3.995295948583460E-250
  0.000000000000000E+000 -9.921014397014788E-252 -1.491064747138757E-249
  0.000000000000000E+000  3.702572979228150E-251  5.564729393696681E-249
  0.000000000000000E+000 -1.381819047721112E-250 -2.076785282764797E-248
  0.000000000000000E+000  5.157018892961632E-250  7.750668191689520E-248
  0.000000000000000E+000 -1.924625652412542E-249 -2.892588748399328E-247
  0.000000000000000E+000  7.182800720354005E-249  1.079528817442836E-246
  0.000000000000000E+000 -2.680657722900348E-248 -4.028856394931412E-246
  0.000000000000000E+000  1.000435081956600E-247  1.503589676228281E-245
  0.000000000000000E+000 -3.733674555536362E-247 -5.611473065419983E-245
  0.000000000000000E+000  1.393426314018885E-246  2.094230258545165E-244
  0.000000000000000E+000 -5.200337800521904E-246 -7.815773727638663E-244
  0.000000000000000E+000  1.940792488806873E-245  2.916886465200949E-243
  0.000000000000000E+000 -7.243136175175302E-245 -1.088596848803993E-242
  0.000000000000000E+000  2.703175221189433E-244  4.062698748695877E-242
  0.000000000000000E+000 -1.008838726724021E-243 -1.516219814597951E-241
  0.000000000000000E+000  3.765037384777139E-243  5.658609383522218E-241
  0.000000000000000E+000 -1.405131081238454E-242 -2.111821771949092E-240
  0.000000000000000E+000  5.244020586476100E-242  7.881426149444148E-240
  0.000000000000000E+000 -1.957095126466595E-241 -2.941388282582750E-239
  0.000000000000000E+000  7.303978447218770E-241  1.097741051538659E-238
  0.000000000000000E+000 -2.725881866240848E-240 -4.096825377896359E-238
  0.000000000000000E+000  1.017312962024151E-239  1.528956046004678E-237
  0.000000000000000E+000 -3.796663661472521E-239 -5.706141646229075E-237
  0.000000000000000E+000  1.416934168386593E-238  2.129561053891162E-236
  0.000000000000000E+000 -5.288070307399123E-238 -7.947630050941742E-236
  0.000000000000000E+000  1.973534706120989E-237  2.966095914987581E-235
  0.000000000000000E+000 -7.365331793744045E-237 -1.106962065485615E-234
  0.000000000000000E+000  2.748779246885520E-236  4.131238670443701E-234
  0.000000000000000E+000 -1.025858380816767E-235 -1.541799261628919E-233
  0.000000000000000E+000  3.828555598578519E-235  5.754073179471307E-233
  0.000000000000000E+000 -1.428836401349731E-234 -2.147449345625631E-232
  0.000000000000000E+000  5.332490045541069E-234  8.014390064555394E-232
  0.000000000000000E+000 -1.990112378081456E-233 -2.991011091259594E-231
  0.000000000000000E+000  7.427200507771716E-233  1.116260535858284E-230
  0.000000000000000E+000 -2.771868965300540E-232 -4.165941034307177E-230
  0.000000000000000E+000  1.034475581042499E-231  1.554750360137042E-229
  0.000000000000000E+000 -3.860715427639941E-231 -5.802407337117452E-229
  0.000000000000000E+000  1.440838612951727E-230  2.165487898833276E-228
  0.000000000000000E+000 -5.377282909042915E-230 -8.081710861621361E-228
  0.000000000000000E+000  2.006829302321993E-229  3.016135554765217E-227
  0.000000000000000E+000 -7.489588918383681E-229 -1.125637113289873E-226
  0.000000000000000E+000  2.795152637121274E-228  4.200934897682971E-226
  0.000000000000000E+000 -1.043165165664672E-227 -1.567810247744201E-225
  0.000000000000000E+000  3.893145398946562E-227  5.851147501208508E-225
  0.000000000000000E+000 -1.452941643012158E-226 -2.183677975708983E-224
  0.000000000000000E+000  5.422452032153976E-226  8.149597152715082E-224
  0.000000000000000E+000 -2.023686648560374E-225 -3.041471063515134E-223
  0.000000000000000E+000  7.552501391026100E-225  1.135092453878903E-222
  0.000000000000000E+000 -2.818631891554403E-224 -4.236222709164098E-222
  0.000000000000000E+000  1.051927742711500E-223  1.580979838277749E-221
  0.000000000000000E+000 -3.925847781690560E-223 -5.900297082194586E-221
  0.000000000000000E+000  1.465146338405074E-222  2.202020849050060E-220
  0.000000000000000E+000 -5.468000575451239E-222 -8.218053687980780E-220
  0.000000000000000E+000  2.040685596339989E-221  3.067019390287306E-219
  0.000000000000000E+000 -7.615942327814831E-221 -1.144627219235115E-218
  0.000000000000000E+000  2.842308371491933E-220  4.271806937911729E-218
  0.000000000000000E+000 -1.060763925318625E-219 -1.594260053241180E-217
  0.000000000000000E+000  3.958824864125307E-219  5.949859519173547E-217
  0.000000000000000E+000 -1.477453553118261E-218 -2.220517802345301E-216
  0.000000000000000E+000  5.513931726060512E-218  8.287085257463850E-216
  0.000000000000000E+000 -2.057827335112379E-217 -3.092782322751010E-215
  0.000000000000000E+000  7.679916167843463E-217  1.154242076525766E-214
  0.000000000000000E+000 -2.866183733626148E-216 -4.307690073827961E-214
  0.000000000000000E+000  1.069674331772024E-215  1.607651821878608E-213
  0.000000000000000E+000 -3.992078953725483E-215 -5.999838280131636E-213
  0.000000000000000E+000  1.489864148312991E-214  2.239170129864793E-212
  0.000000000000000E+000 -5.560248697879415E-214 -8.356696691446011E-212
  0.000000000000000E+000  2.075113064320467E-213  3.118761663591925E-211
  0.000000000000000E+000 -7.744427387493927E-213 -1.163937698522310E-210
  0.000000000000000E+000  2.890259648565524E-212  4.343874627730047E-210
  0.000000000000000E+000 -1.078659585551271E-211 -1.621156081239788E-209
  0.000000000000000E+000  4.025612377348531E-211  6.050236862186148E-209
  0.000000000000000E+000 -1.502378992384285E-210 -2.257979136750481E-208
  0.000000000000000E+000  5.606954731802285E-210  8.426892860783307E-208
  0.000000000000000E+000 -2.092543993482487E-209 -3.144959230638275E-207
  0.000000000000000E+000  7.809480500749718E-209  1.173714763647477E-206
  0.000000000000000E+000 -2.914537800951638E-208 -4.380363131526080E-206
  0.000000000000000E+000  1.087720315373158E-207  1.634773776245685E-205
  0.000000000000000E+000 -4.059427481397470E-207 -6.101058791830131E-205
  0.000000000000000E+000  1.514998961021672E-206  2.276946139107484E-204
  0.000000000000000E+000 -5.654053095946940E-206 -8.497678677246923E-204
  0.000000000000000E+000  2.110121342276609E-205  3.171376856988021E-203
  0.000000000000000E+000 -7.875080059511741E-205 -1.183573956022739E-202
  0.000000000000000E+000  2.939019889577037E-204  4.417158138392154E-202
  0.000000000000000E+000 -1.096857155235697E-203 -1.648505859754588E-201
  0.000000000000000E+000  4.093526631985086E-203  6.152307625179137E-201
  0.000000000000000E+000 -1.527724937270464E-202 -2.296072464096196E-200
  0.000000000000000E+000  5.701547085883352E-202  8.569059093866871E-200
  0.000000000000000E+000 -2.127846340626294E-201 -3.198016391137129E-199
  0.000000000000000E+000  7.941230653916839E-201  1.193515965516183E-198
  0.000000000000000E+000 -2.963707627504106E-200 -4.454262222951019E-198
  0.000000000000000E+000  1.106070744462474E-199  1.662353292628789E-197
  0.000000000000000E+000 -4.127912215099486E-199 -6.203986948220055E-197
  0.000000000000000E+000  1.540557811593547E-198  2.315359450025143E-196
  0.000000000000000E+000 -5.749440024864241E-198 -8.641039105278568E-196
  0.000000000000000E+000  2.145720228786341E-197  3.224879697108913E-195
  0.000000000000000E+000 -8.007936912658945E-197 -1.203541487790780E-194
  0.000000000000000E+000  2.988602742184942E-196  4.491677981452227E-194
  0.000000000000000E+000 -1.115361727747388E-195 -1.676317043801813E-193
  0.000000000000000E+000  4.162586636771057E-195  6.256100377062030E-193
  0.000000000000000E+000 -1.553498481933684E-194 -2.334808446444631E-192
  0.000000000000000E+000  5.797735264057631E-194  8.713623748072320E-192
  0.000000000000000E+000 -2.163744257429684E-193 -3.251968654584465E-191
  0.000000000000000E+000  8.075203503312973E-193  1.213651224353063E-190
  0.000000000000000E+000 -3.013706975582222E-192 -4.529408031953805E-190
  0.000000000000000E+000  1.124730755199759E-191  1.690398090346216E-189
  0.000000000000000E+000 -4.197552323240814E-191 -6.308651558189483E-189
  0.000000000000000E+000  1.566547853776350E-190  2.354420814241172E-188
  0.000000000000000E+000 -5.846436182781316E-190 -8.786818101145740E-188
  0.000000000000000E+000  2.181919687734892E-189  3.279285159034179E-187
  0.000000000000000E+000 -8.143035132661436E-189 -1.223845882602214E-186
  0.000000000000000E+000  3.039022084291086E-188  4.567455014505439E-186
  0.000000000000000E+000 -1.134178482389820E-187 -1.704597417541954E-185
  0.000000000000000E+000  4.232811721130170E-187  6.361644168717273E-185
  0.000000000000000E+000 -1.579706840213086E-186 -2.374197925732714E-184
  0.000000000000000E+000  5.895546188739330E-186  8.860627286059128E-184
  0.000000000000000E+000 -2.200247791474423E-185 -3.306831121850380E-183
  0.000000000000000E+000  8.211436547023758E-185  1.234126175879561E-182
  0.000000000000000E+000 -3.064549839662062E-184 -4.605821591333206E-182
  0.000000000000000E+000  1.143705570394587E-183  1.718916018945326E-181
  0.000000000000000E+000 -4.268367297612142E-183 -6.415081916647984E-181
  0.000000000000000E+000  1.592976362005398E-182  2.394141164764661E-180
  0.000000000000000E+000 -5.945068718260379E-182 -8.935056467393846E-180
  0.000000000000000E+000  2.218729851103612E-181  3.334608470481073E-179
  0.000000000000000E+000 -8.280412532588411E-181 -1.244492823518491E-178
  0.000000000000000E+000  3.090292027925003E-180  4.644510447025856E-178
  0.000000000000000E+000 -1.153312685844117E-179 -1.733354896458493E-177
  0.000000000000000E+000  4.304221540583890E-179  6.468968541131503E-177
  0.000000000000000E+000 -1.606357347649144E-178 -2.414251926806752E-176
  0.000000000000000E+000  5.995007236538189E-178  9.010110853113857E-176
  0.000000000000000E+000 -2.237367159850361E-177 -3.362619148564868E-175
  0.000000000000000E+000  8.349967915747629E-177  1.254946550894809E-174
  0.000000000000000E+000 -3.116250450314015E-176 -4.683524288722748E-174
  0.000000000000000E+000  1.163000500968130E-175  1.747915060399618E-173
  0.000000000000000E+000 -4.340376958841118E-175 -6.523307812726199E-173
  0.000000000000000E+000  1.619850733439634E-174  2.434531619050518E-172
  0.000000000000000E+000 -6.045365237874425E-174 -9.085795694929451E-172
  0.000000000000000E+000  2.256161021805807E-173  3.390865116066729E-171
  0.000000000000000E+000 -8.420107563435785E-173 -1.265488089477397E-170
  0.000000000000000E+000  3.142426923193734E-172  4.722865846302916E-170
  0.000000000000000E+000 -1.172769693643135E-171 -1.762597529573427E-169
  0.000000000000000E+000  4.376836082253169E-171  6.578103533663415E-169
  0.000000000000000E+000 -1.633457463536954E-170 -2.454981660508023E-168
  0.000000000000000E+000  6.096146245922500E-170  9.162116288665752E-168
  0.000000000000000E+000 -2.275112752015304E-169 -3.419348349415499E-167
  0.000000000000000E+000  8.490836383468967E-169  1.276118176879542E-166
  0.000000000000000E+000 -3.168823278186057E-168 -4.762537872576619E-166
  0.000000000000000E+000  1.182620947439733E-167  1.777403331342693E-165
  0.000000000000000E+000 -4.413601461940327E-167 -6.633359538113111E-165
  0.000000000000000E+000  1.647178490032157E-166  2.475603482110975E-164
  0.000000000000000E+000 -6.147353813934599E-166 -9.239077974632590E-164
  0.000000000000000E+000  2.294223676570623E-165  3.448070841641939E-163
  0.000000000000000E+000 -8.562159324889034E-165 -1.286837556910450E-162
  0.000000000000000E+000  3.195441362298552E-164  4.802543143477605E-162
  0.000000000000000E+000 -1.192554951670530E-163 -1.792333501699997E-161
  0.000000000000000E+000  4.450675670452265E-163  6.689079692452227E-161
  0.000000000000000E+000 -1.661014773013853E-162 -2.496398526810891E-160
  0.000000000000000E+000  6.198991525010186E-162  9.316686137998342E-160
  0.000000000000000E+000 -2.313495132702690E-161 -3.477034602518248E-159
  0.000000000000000E+000  8.634081378309741E-161  1.297646979627316E-158
  0.000000000000000E+000 -3.222283038053627E-160 -4.842884458257439E-158
  0.000000000000000E+000  1.202572401438354E-159  1.807389085340244E-157
  0.000000000000000E+000 -4.488061301948050E-159 -6.745267895535233E-157
  0.000000000000000E+000  1.674967280635386E-158  2.517368249680069E-156
  0.000000000000000E+000 -6.251062992346738E-158 -9.394946209166753E-156
  0.000000000000000E+000  2.332928468875157E-157  3.506241658698694E-155
  0.000000000000000E+000 -8.706607576265951E-157 -1.308547201387810E-154
  0.000000000000000E+000  3.249350183618865E-156  4.883564639681372E-154
  0.000000000000000E+000 -1.212673997684887E-155 -1.822571135733768E-153
  0.000000000000000E+000  4.525760972377661E-155  6.801928078966934E-153
  0.000000000000000E+000 -1.689036989182576E-154 -2.538514118013397E-152
  0.000000000000000E+000  6.303571859492536E-154  9.473863664156896E-152
  0.000000000000000E+000 -2.352525044878757E-153 -3.535694053861419E-151
  0.000000000000000E+000  8.779742993565776E-153  1.319538984902999E-150
  0.000000000000000E+000 -3.276644692938435E-152 -4.924586534225853E-150
  0.000000000000000E+000  1.222860447239716E-151  1.837880715200042E-149
  0.000000000000000E+000 -4.563777319665022E-151 -6.859064207377581E-149
  0.000000000000000E+000  1.703224883142037E-150  2.559837611431029E-148
  0.000000000000000E+000 -6.356521800601646E-150 -9.553444024986356E-148
  0.000000000000000E+000  2.372286231926455E-149  3.565393848851440E-147
  0.000000000000000E+000 -8.853492747645656E-149 -1.330623099290712E-146
  0.000000000000000E+000  3.304168475865617E-148  4.965953012277705E-146
  0.000000000000000E+000 -1.233132462869790E-147 -1.853318894982011E-145
  0.000000000000000E+000  4.602113003892599E-147  6.916680278700274E-145
  0.000000000000000E+000 -1.717531955270060E-146 -2.581340221981908E-144
  0.000000000000000E+000  6.409916520690982E-146  9.633692860057606E-144
  0.000000000000000E+000 -2.392213412749387E-145 -3.595343121824851E-143
  0.000000000000000E+000  8.927861998928449E-145  1.341800320129365E-142
  0.000000000000000E+000 -3.331923458296442E-144 -5.007666968334973E-142
  0.000000000000000E+000  1.243490763329292E-143  1.868886755321053E-141
  0.000000000000000E+000 -4.640770707487524E-143 -6.974780324450715E-141
  0.000000000000000E+000  1.731959206662081E-142  2.603023454248180E-140
  0.000000000000000E+000 -6.463759755899569E-142 -9.714615784547651E-140
  0.000000000000000E+000  2.412307981693620E-141  3.625543968394243E-139
  0.000000000000000E+000 -9.002855951184521E-141 -1.353071429512221E-138
  0.000000000000000E+000  3.359911582304447E-140  5.049731321209457E-138
  0.000000000000000E+000 -1.253936073409934E-139 -1.884585385532561E-137
  0.000000000000000E+000  4.679753135409290E-139  7.033368410009299E-137
  0.000000000000000E+000 -1.746507646822723E-138 -2.624888825450463E-136
  0.000000000000000E+000  6.518055273749962E-138  9.796218460800924E-136
  0.000000000000000E+000 -2.432571344817713E-137 -3.655998501775323E-135
  0.000000000000000E+000  9.078479851895855E-137  1.364437216102120E-134
  0.000000000000000E+000 -3.388134806276571E-136 -5.092149014230948E-134
  0.000000000000000E+000  1.264469123991670E-135  1.900415884082168E-133
  0.000000000000000E+000 -4.719063015339022E-135 -7.092448634905576E-133
  0.000000000000000E+000  1.761178293736442E-134  2.646937865554014E-132
  0.000000000000000E+000 -6.572806873411867E-134 -9.878506598725498E-132
  0.000000000000000E+000  2.453004919991102E-133  3.686708852934798E-131
  0.000000000000000E+000 -9.154738992623226E-133 -1.375898475186664E-130
  0.000000000000000E+000  3.416595105050180E-132  5.134923015453177E-130
  0.000000000000000E+000 -1.275090652093840E-131 -1.916379358662605E-129
  0.000000000000000E+000  4.758703097870340E-131  7.152025133105102E-129
  0.000000000000000E+000 -1.775972173938752E-130 -2.669172117375780E-128
  0.000000000000000E+000  6.628018385967975E-130  9.961485956192610E-128
  0.000000000000000E+000 -2.473610136993315E-129 -3.717677170739466E-127
  0.000000000000000E+000  9.231638709376461E-129  1.387456008733860E-126
  0.000000000000000E+000 -3.445294470051254E-128 -5.178056317861495E-126
  0.000000000000000E+000  1.285801400926737E-127  1.932476926271212E-125
  0.000000000000000E+000 -4.798676156701823E-127 -7.212102073298699E-125
  0.000000000000000E+000  1.790890322588055E-126  2.691593136692359E-124
  0.000000000000000E+000 -6.683693674682041E-126 -1.004516233943956E-123
  0.000000000000000E+000  2.494388437614010E-125  3.748905622106590E-123
  0.000000000000000E+000 -9.309184382987838E-125 -1.399110625448240E-122
  0.000000000000000E+000  3.474234909433734E-124  5.221551939582303E-122
  0.000000000000000E+000 -1.296602119943615E-123 -1.948709713288097E-121
  0.000000000000000E+000  4.838984988831088E-123  7.272683659194158E-121
  0.000000000000000E+000 -1.805933783538073E-122 -2.714202492348854E-120
  0.000000000000000E+000  6.739836635269185E-122  1.012954160347600E-119
  0.000000000000000E+000 -2.515341275753867E-121 -3.780396392155514E-119
  0.000000000000000E+000  9.387381439488549E-121  1.410863140827446E-118
  0.000000000000000E+000 -3.503418448220033E-120 -5.265412924094232E-118
  0.000000000000000E+000  1.307493564893128E-119  1.965078855554948E-117
  0.000000000000000E+000 -4.879632414750509E-119 -7.333774129810370E-117
  0.000000000000000E+000  1.821103609410891E-118  2.737001766368654E-116
  0.000000000000000E+000 -6.796451196168511E-118 -1.021462965249358E-115
  0.000000000000000E+000  2.536470117526316E-117  3.812151684360566E-115
  0.000000000000000E+000 -9.466235350488413E-117 -1.422714377219291E-114
  0.000000000000000E+000  3.532847128442733E-116  5.309642340441106E-114
  0.000000000000000E+000 -1.318476497872210E-115 -1.981585498454513E-113
  0.000000000000000E+000  4.920621278644564E-115  7.395377759773943E-113
  0.000000000000000E+000 -1.836400861670605E-114 -2.759992554064126E-112
  0.000000000000000E+000  6.853541318817963E-114  1.030043244027911E-111
  0.000000000000000E+000 -2.557776441360125E-113 -3.844173720705232E-111
  0.000000000000000E+000  9.545751633558703E-113  1.434665163879302E-110
  0.000000000000000E+000 -3.562523009287469E-112 -5.354243283446683E-110
  0.000000000000000E+000  1.329551687379400E-111  1.998230796990743E-109
  0.000000000000000E+000 -4.961954448588855E-111 -7.457498859618305E-109
  0.000000000000000E+000  1.851826610697603E-110  2.783176464148248E-108
  0.000000000000000E+000 -6.911110997931526E-110 -1.038695597063116E-107
  0.000000000000000E+000  2.579261738102850E-109  3.876464741837640E-107
  0.000000000000000E+000 -9.625935852618246E-109 -1.446716337028744E-106
  0.000000000000000E+000  3.592448167237014E-108  5.399218873931214E-106
  0.000000000000000E+000 -1.340719908368623E-107 -2.015015915869611E-105
  0.000000000000000E+000  5.003634816750791E-107  7.520141776085324E-105
  0.000000000000000E+000 -1.867381935863454E-106 -2.806555118847168E-104
  0.000000000000000E+000  6.969164261778736E-106  1.047420629778014E-103
  0.000000000000000E+000 -2.600927511125150E-105 -3.909027007227340E-103
  0.000000000000000E+000  9.706793618322722E-105  1.458868739913134E-102
  0.000000000000000E+000 -3.622624696216576E-104 -5.444572258929804E-102
  0.000000000000000E+000  1.351981942303403E-103  2.031942029580608E-101
  0.000000000000000E+000 -5.045665299591954E-103 -7.583310892429453E-101
  0.000000000000000E+000  1.883067925606441E-102  2.830130154013721E-100
  0.000000000000000E+000 -7.027705172466570E-102 -1.056218952681194E-099
  0.000000000000000E+000  2.622775276425984E-101  3.941862795323402E-099
  0.000000000000000E+000 -9.788330588457283E-101 -1.471123222861242E-098
  0.000000000000000E+000  3.653054707740314E-100  5.490306611912627E-098
  0.000000000000000E+000 -1.363338577211553E-099 -2.049010322478927E-097
  0.000000000000000E+000  5.088048838072179E-099  7.647010628724445E-097
  0.000000000000000E+000 -1.898885677507718E-098 -2.853903219241885E-096
  0.000000000000000E+000  7.086737826223650E-098  1.065091181409510E-095
  0.000000000000000E+000 -2.644806562738688E-097 -3.974974403713851E-095
  0.000000000000000E+000  9.870552468332386E-097  1.483480643344589E-094
  0.000000000000000E+000 -3.683740331059086E-096 -5.536425133006972E-094
  0.000000000000000E+000  1.374790607740310E-095  2.066221988868330E-093
  0.000000000000000E+000 -5.130788397855336E-095 -7.711245442172622E-093
  0.000000000000000E+000  1.914836298368102E-094  2.877875977982216E-092
  0.000000000000000E+000 -7.146266353686876E-094 -1.074037936771160E-091
  0.000000000000000E+000  2.667022911637941E-093  4.008364149286420E-091
  0.000000000000000E+000 -9.953465011183078E-093 -1.495941866037452E-090
  0.000000000000000E+000  3.714683713309438E-092  5.582931049221166E-090
  0.000000000000000E+000 -1.386338835211944E-091 -2.083578233084721E-089
  0.000000000000000E+000  5.173886969516831E-091  7.776019827416769E-089
  0.000000000000000E+000 -1.930920904285539E-090 -2.902050107658236E-088
  0.000000000000000E+000  7.206294920190471E-090  1.083059844789127E-087
  0.000000000000000E+000 -2.689425877647634E-089 -4.042034368390683E-087
  0.000000000000000E+000  1.003707401857149E-088  1.508507762877360E-086
  0.000000000000000E+000 -3.745887019663834E-088 -5.629827614670374E-086
  0.000000000000000E+000  1.397984067679818E-087  2.101080269580414E-085
  0.000000000000000E+000 -5.217347568752892E-087 -7.841338316854618E-085
  0.000000000000000E+000  1.947140620733175E-086  2.926427299783806E-084
  0.000000000000000E+000 -7.266827726057411E-086 -1.092157536744976E-083
  0.000000000000000E+000  2.712017028349647E-085  4.075987417001525E-083
  0.000000000000000E+000 -1.012138534079285E-084 -1.521179213126113E-082
  0.000000000000000E+000  3.777352433482174E-084  5.677118110804298E-082
  0.000000000000000E+000 -1.409727119984941E-083 -2.118729323009108E-081
  0.000000000000000E+000  5.261173236591549E-083  7.907205480956002E-081
  0.000000000000000E+000 -1.963496582638125E-082 -2.951009260081490E-080
  0.000000000000000E+000  7.327869006893348E-082  1.101331649223036E-079
  0.000000000000000E+000 -2.734797944493526E-081 -4.110225670883996E-079
  0.000000000000000E+000  1.020640487728477E-080  1.533957103431295E-078
  0.000000000000000E+000 -3.809082156464555E-080 -5.724805846636780E-078
  0.000000000000000E+000  1.421568813812987E-079  2.136526628311563E-077
  0.000000000000000E+000 -5.305367039605494E-079 -7.973625928582575E-077
  0.000000000000000E+000  1.979989934460899E-078  2.975797708601873E-076
  0.000000000000000E+000 -7.389423033883046E-078 -1.110582824154924E-075
  0.000000000000000E+000  2.757770220107129E-077  4.144751525759508E-075
  0.000000000000000E+000 -1.029213857704021E-076 -1.546842327888311E-074
  0.000000000000000E+000  3.841078408805372E-076  5.772894158977293E-074
  0.000000000000000E+000 -1.433509977751747E-075 -2.154473430802086E-073
  0.000000000000000E+000  5.349932070126449E-075  8.040604307310616E-073
  0.000000000000000E+000 -1.996621830275406E-074 -3.000794379844038E-072
  0.000000000000000E+000  7.451494114088976E-074  1.119911708864509E-071
  0.000000000000000E+000 -2.780935462608050E-073 -4.179567397473632E-071
  0.000000000000000E+000  1.037859243902330E-072  1.559835788103002E-070
  0.000000000000000E+000 -3.873343429348516E-072 -5.821386412664645E-070
  0.000000000000000E+000  1.445551447349173E-071  2.172570986255558E-069
  0.000000000000000E+000 -5.394871446461842E-071 -8.108145303755767E-069
  0.000000000000000E+000  2.013393433849820E-070  3.026001022876751E-068
  0.000000000000000E+000 -7.514086590753097E-070 -1.129318956113143E-067
  0.000000000000000E+000  2.804295292916257E-069  4.214675722164897E-067
  0.000000000000000E+000 -1.046577251258972E-068 -1.572938393254645E-066
  0.000000000000000E+000  3.905879475744261E-068  5.870286000802089E-066
  0.000000000000000E+000 -1.457694065171807E-067 -2.190820560995371E-065
  0.000000000000000E+000  5.440188313112804E-067  8.176253643901276E-065
  0.000000000000000E+000 -2.030305918727941E-066 -3.051419401460974E-064
  0.000000000000000E+000  7.577204843600484E-066  1.138805224145377E-063
  0.000000000000000E+000 -2.827851345567399E-065 -4.250078956435409E-063
  0.000000000000000E+000  1.055368489790955E-064  1.586151060159626E-062
  0.000000000000000E+000 -3.938688824607079E-064 -5.919596344994964E-062
  0.000000000000000E+000  1.469938680863737E-063  2.209223431982023E-061
  0.000000000000000E+000 -5.485885840994238E-063 -8.244934093428596E-061
  0.000000000000000E+000  2.047360468311322E-062  3.077051294173236E-060
  0.000000000000000E+000 -7.640853289145862E-062 -1.148371176735009E-059
  0.000000000000000E+000  2.851605268827213E-061  4.285779577522711E-059
  0.000000000000000E+000 -1.064233574639427E-060 -1.599474713335583E-058
  0.000000000000000E+000  3.971773771674985E-060  5.969320895590062E-058
  0.000000000000000E+000 -1.482286151206051E-059 -2.227780886902467E-057
  0.000000000000000E+000  5.531967227656707E-059  8.314191458050860E-057
  0.000000000000000E+000 -2.064558275942078E-058 -3.102898494530098E-056
  0.000000000000000E+000  7.705036381002639E-058  1.158017483231531E-055
  0.000000000000000E+000 -2.875558724806848E-057 -4.321780083473112E-055
  0.000000000000000E+000  1.073173126112713E-056  1.612910285066092E-054
  0.000000000000000E+000 -4.005136631970168E-056 -6.019463131917057E-054
  0.000000000000000E+000  1.494737340176796E-055  2.246494224260214E-053
  0.000000000000000E+000 -5.578435697510167E-055 -8.384030583849149E-053
  0.000000000000000E+000  2.081900544986388E-054  3.128962811113639E-052
  0.000000000000000E+000 -7.769758610194531E-054 -1.167744818606964E-051
  0.000000000000000E+000  2.899713389579174E-053  4.358082993316492E-051
  0.000000000000000E+000 -1.082187769729724E-052 -1.626458715465900E-050
  0.000000000000000E+000  4.038779739960980E-052  6.070026562531953E-050
  0.000000000000000E+000 -1.507293119011420E-051 -2.265364753466191E-049
  0.000000000000000E+000  5.625294502049580E-051  8.454456357611570E-049
  0.000000000000000E+000 -2.099388488918690E-050 -3.155246067698009E-048
  0.000000000000000E+000  7.835024505469805E-050  1.177553863503088E-047
  0.000000000000000E+000 -2.924070953296053E-049 -4.394690847242551E-047
  0.000000000000000E+000  1.091278136263723E-048  1.640120952546712E-046
  0.000000000000000E+000 -4.072705449725287E-048 -6.121014725462592E-046
  0.000000000000000E+000  1.519954366263742E-047  2.284393794930366E-045
  0.000000000000000E+000 -5.672546920082442E-047 -8.525473707175203E-045
  0.000000000000000E+000  2.117023331406602E-046  3.181750103377044E-044
  0.000000000000000E+000 -7.900838633618164E-046 -1.187445304279066E-043
  0.000000000000000E+000  2.948633120306606E-045  4.431606206778558E-043
  0.000000000000000E+000 -1.100444861786461E-044 -1.653897952283517E-042
  0.000000000000000E+000  4.106916135115183E-044  6.172431188456212E-042
  0.000000000000000E+000 -1.532721967867427E-043 -2.303582680154133E-041
  0.000000000000000E+000  5.720196257958190E-043  8.597087601770912E-041
  0.000000000000000E+000 -2.134806306396533E-042 -3.208476772692951E-040
  0.000000000000000E+000  7.967205599790317E-042  1.197419833059472E-039
  0.000000000000000E+000 -2.973401609276473E-041 -4.468831654968592E-039
  0.000000000000000E+000  1.109688587712686E-040  1.667790678681490E-038
  0.000000000000000E+000 -4.141414189923098E-040 -6.224279549229099E-038
  0.000000000000000E+000  1.545596817197970E-039  2.322932751823491E-037
  0.000000000000000E+000 -5.768245849799571E-039 -8.669303052371053E-037
  0.000000000000000E+000  2.152738658200031E-038  3.235427945766072E-036
  0.000000000000000E+000 -8.034130047820169E-038 -1.207478147782718E-035
  0.000000000000000E+000  2.998378153308064E-037  4.506369796554266E-035
  0.000000000000000E+000 -1.119009960845024E-036 -1.681800103843435E-034
  0.000000000000000E+000  4.176202028049290E-036  6.276563435718313E-034
  0.000000000000000E+000 -1.558579815135214E-035 -2.342445363902982E-033
  0.000000000000000E+000  5.816699057735925E-035  8.742125112040096E-033
  0.000000000000000E+000 -2.170821641580849E-034 -3.262605508425740E-032
  0.000000000000000E+000  8.101616660549804E-034  1.217620952249895E-031
  0.000000000000000E+000 -3.023564500061837E-033 -4.544223258157007E-031
  0.000000000000000E+000  1.128409633419237E-032  1.695927208037813E-030
  0.000000000000000E+000 -4.211282083670764E-032 -6.329286506335553E-030
  0.000000000000000E+000  1.571671870126382E-031  2.362121881730440E-029
  0.000000000000000E+000 -5.865559272138451E-031 -8.815558876288205E-029
  0.000000000000000E+000  2.189056521842743E-030  3.290011362342238E-028
  0.000000000000000E+000 -8.169670160157087E-030 -1.227848956174019E-027
  0.000000000000000E+000  3.048962411878561E-029  4.582394688461851E-027
  0.000000000000000E+000 -1.137888263149853E-028 -1.710172979767339E-026
  0.000000000000000E+000  4.246656811411559E-028  6.382452450223169E-026
  0.000000000000000E+000 -1.584873898249638E-027 -2.381963682112534E-025
  0.000000000000000E+000  5.914829911857394E-027  8.889609483427819E-025
  0.000000000000000E+000 -2.207444574917995E-026 -3.317647425159874E-024
  0.000000000000000E+000  8.238295308486239E-026  1.238162875229672E-023
  0.000000000000000E+000 -3.074573665902697E-025 -4.620886758402699E-023
  0.000000000000000E+000  1.147446513276216E-024  1.724538415838113E-022
  0.000000000000000E+000 -4.282328686514595E-024 -6.436064987512180E-022
  0.000000000000000E+000  1.598186823278217E-023  2.401972153421061E-021
  0.000000000000000E+000 -5.964514424461408E-023 -8.964282114933027E-021
  0.000000000000000E+000  2.225987087456742E-022  3.345515630631105E-020
  0.000000000000000E+000 -8.307496907380823E-022 -1.248563431103112E-019
  0.000000000000000E+000  3.100400054206657E-021  4.659702161349336E-019
  0.000000000000000E+000 -1.157085052608854E-020 -1.739024521429424E-018
  0.000000000000000E+000  4.318300205014751E-020  6.490127869582761E-018
  0.000000000000000E+000 -1.611611576745015E-019 -2.422148695690162E-017
  0.000000000000000E+000  6.014616286478586E-019  9.039581995802373E-017
  0.000000000000000E+000 -2.244685356916933E-018 -3.373617928751933E-016
  0.000000000000000E+000  8.377279799019873E-018  1.259051351542749E-015
  0.000000000000000E+000 -3.126443383916256E-017 -4.698843613295805E-015
  0.000000000000000E+000  1.166804555576304E-016  1.753632310164047E-014
  0.000000000000000E+000 -4.354573883913590E-016 -6.544644879326608E-014
  0.000000000000000E+000  1.625149098007805E-015  2.442494720714238E-013
  0.000000000000000E+000 -6.065139003639862E-015 -9.115514394924292E-013
  0.000000000000000E+000  2.263540691655165E-014  3.401956285898293E-012
  0.000000000000000E+000 -8.447648866256673E-014 -1.269627370410074E-011
  0.000000000000000E+000  3.152705477337152E-013  4.738313853050468E-011
  0.000000000000000E+000 -1.176605702272295E-012 -1.768362804179180E-010
  0.000000000000000E+000  4.391152261355462E-012  6.599619831411673E-010
  0.000000000000000E+000 -1.638800334314955E-011 -2.463011652146751E-009
  0.000000000000000E+000  6.116086111124276E-011  9.192084625445837E-009
  0.000000000000000E+000 -2.282554411018215E-010 -3.430532684963660E-008
  0.000000000000000E+000  8.518609032960433E-010  1.280292227731006E-007
  0.000000000000000E+000 -3.179188172082351E-009 -4.778115642427657E-007
  0.000000000000000E+000  1.186489178503337E-008  1.783217034197962E-006
  0.000000000000000E+000 -4.428037896805110E-008 -6.655056572549084E-006
  0.000000000000000E+000  1.652566240871710E-007  2.483700925599837E-005
  0.000000000000000E+000 -6.167461173806332E-007 -9.269298045144441E-005
  0.000000000000000E+000  2.301727845435362E-006  3.459349125497793E-004
  0.000000000000000E+000 -8.590165264360815E-006 -1.291046669747673E-003
  0.000000000000000E+000  3.205893321200790E-005  4.818251766440912E-003
  0.000000000000000E+000 -1.196455675836708E-004 -1.798196039601598E-002
  0.000000000000000E+000  4.465233371226754E-004  6.710958981762301E-002
  0.000000000000000E+000 -1.666447780907031E-003 -0.250456398874476     
  0.000000000000000E+000  6.219267786505448E-003  0.934716005680281     
  0.000000000000000E+000 -2.321062336511475E-002  -3.48840762384665     
  0.000000000000000E+000  8.662322567395360E-002   13.0189144897063     
  0.000000000000000E+000 -0.323282279330700       -48.5872503349786     
  0.000000000000000E+000   1.20650589164884        181.330086850208     
  0.000000000000000E+000  -4.50274128726468       -676.733097065854     
  0.000000000000000E+000   16.8044592574099        2525.60230141321     
  0.000000000000000E+000  -62.7150957423748       -9425.67610858698     
  0.000000000000000E+000   234.055923712089        35177.1021329347     
  0.000000000000000E+000  -873.508599105983       -131282.732423152     
  0.000000000000000E+000   3259.97847271184        489953.827559673     
  0.000000000000000E+000  -12166.4052917414       -1828532.57781554     
  0.000000000000000E+000   45405.6426942537        6824176.48370249     
  0.000000000000000E+000  -169456.165485273       -25468173.3569944     
  0.000000000000000E+000   632419.019246840        95048516.9442751     
  0.000000000000000E+000  -2360219.91150209       -354725894.420106     
  0.000000000000000E+000   8808460.62676151        1323855060.73615     
  0.000000000000000E+000  -32873622.5955439       -4940694348.52449     
  0.000000000000000E+000   122686029.755414        18438922333.3618     
  0.000000000000000E+000  -457870496.426113       -68814994984.9228     
  0.000000000000000E+000   1708795955.94904        256821057606.329     
  0.000000000000000E+000  -6377313327.37004       -958469235440.394     
  0.000000000000000E+000   23800457353.5311        3577055884155.25     
  0.000000000000000E+000  -88824516086.7545       -13349754301180.6     
  0.000000000000000E+000   331497606993.487        49821961320567.1     
  0.000000000000000E+000  -1237165911887.19       -185938090981088.     
  0.000000000000000E+000   4617166040555.28        693930402603785.     
  0.000000000000000E+000  -17231498250333.9      -2.589783519434052E+015
  0.000000000000000E+000   64308826960780.5       9.665203675132422E+015
  0.000000000000000E+000  -240003809592788.      -3.607103118109562E+016
  0.000000000000000E+000   895706411410372.       1.346189210492500E+017
  0.000000000000000E+000 -3.342821836048698E+015 -5.024046530159044E+017
  0.000000000000000E+000  1.247558093278442E+016  1.874999691014367E+018
  0.000000000000000E+000 -4.655950189508898E+016 -6.997594111041565E+018
  0.000000000000000E+000  1.737624266475715E+017  2.611537675315190E+019
  0.000000000000000E+000 -6.484902046951969E+017 -9.746391290156602E+019
  0.000000000000000E+000  2.420198392133216E+018  3.637402748531122E+020
  0.000000000000000E+000 -9.032303363837667E+018 -1.357497186510883E+021
  0.000000000000000E+000  3.370901506321746E+019  5.066248471190418E+021
  1.674106889978607E+018  9.209474182581471E+019  0.000000000000000E+000
