   2.06674186110929       -9999999999.00000        2.06674186110929     
   2.16424416079324       -10233165782.3025        2.16424416079324     
   2.26634630868178       -10471768193.8552        2.26634630868178     
   2.37326531097896       -10715933997.2267        2.37326531097896     
   2.48522841155125       -10965792911.6781        2.48522841155125     
   2.60247357490787       -11221477681.0798        2.60247357490787     
   2.72524999196664       -11483124144.4352        2.72524999196664     
   2.85381860968021       -11750871308.0481        2.85381860968021     
   2.98845268564840       -12024861419.3742        2.98845268564840     
   3.12943836889538       -12305240042.5927        3.12943836889538     
   3.27707530804606       -12592156135.9416        3.27707530804606     
   3.43167728819432       -12885762130.8553        3.43167728819432     
   3.59357289781664       -13186214012.9476        3.59357289781664     
   3.76310622714862       -13493671404.8832        3.76310622714862     
   3.94063759950868       -13808297651.1811        3.94063759950868     
   4.12654433712323       -14130259904.9955        4.12654433712323     
   4.32122156308112       -14459729216.9204        4.32122156308112     
   4.52508304112171       -14796880625.8641        4.52508304112171     
   4.73856205504145       -15141893252.0437        4.73856205504145     
   4.96211232958810       -15494950392.1465        4.96211232958810     
   5.19620899479980       -15856239616.7116        5.19620899479980     
   5.44134959583858       -16225952869.7811        5.44134959583858     
   5.69805515046459       -16604286570.8755        5.69805515046459     
   5.96687125639867       -16991441719.3465        5.96687125639867     
   6.24836925092667       -17387624001.1628        6.24836925092667     
   6.54314742521029       -17793043898.1861        6.54314742521029     
   6.85183229588518       -18207916799.9949        6.85183229588518     
   7.17507993664906       -18632463118.3159        7.17507993664906     
   7.51357737266985       -19066908404.1229        7.51357737266985     
   7.86804404077765       -19511483467.4665        7.86804404077765     
   8.23923331854381       -19966424500.0983        8.23923331854381     
   8.62793412549722       -20431973200.9531        8.62793412549722     
   9.03497259988074       -20908376904.5579        9.03497259988074     
   9.46121385451179       -21395888712.4347        9.46121385451179     
   9.90756381547884       -21894767627.5667        9.90756381547884     
   10.3749711475817       -22405278692.0007        10.3749711475817     
   10.8644292706078       -22927693127.6570        10.8644292706078     
   11.3769784707307       -23462288480.4232        11.3769784707307     
   11.9137081115165       -24009348767.6071        11.9137081115165     
   12.4757589492393       -24569164628.8285        12.4757589492393     
   13.0643255574260       -25142033480.4286        13.0643255574260     
   13.6806588657829       -25728259673.4800        13.6806588657829     
   14.3260688189009       -26328154655.4809        14.3260688189009     
   15.0019271603901       -26942037135.8196        15.0019271603901     
   15.7096703483612       -27570233255.0966        15.7096703483612     
   16.4508026084494       -28213076758.3955        16.4508026084494     
   17.2268991308711       -28870909172.5932        17.2268991308711     
   18.0396094183067       -29544079987.8047        18.0396094183067     
   18.8906607917269       -30232946843.0587        18.8906607917269     
   19.7818620616112       -30937875716.3024        19.7818620616112     
   20.7151073723647       -31659241118.8363        20.7151073723647     
   21.6923802281008       -32397426294.2831        21.6923802281008     
   22.7157577083479       -33152823422.1954        22.7157577083479     
   23.7874148826403       -33925833826.4111        23.7874148826403     
   24.9096294333747       -34716868188.2668        24.9096294333747     
   26.0847864967586       -35526346764.7827        26.0847864967586     
   27.3153837321397       -36354699611.9345        27.3153837321397     
   28.6040366304893       -37202366813.1321        28.6040366304893     
   29.9534840733239       -38069798713.0243        29.9534840733239     
   31.3665941538786       -38957456156.7565        31.3665941538786     
   32.8463702729048       -39865810734.8060        32.8463702729048     
   34.3959575220488       -40795345033.5261        34.3959575220488     
   36.0186493683771       -41746552891.5331        36.0186493683771     
   37.7178946542573       -42719939662.0695        37.7178946542573     
   39.4973049274704       -43716022481.4869        39.4973049274704     
   41.3606621171346       -44735330543.9866        41.3606621171346     
   43.3119265717551       -45778405382.7682        43.3119265717551     
   45.3552454764831       -46845801157.7325        45.3552454764831     
   47.4949616674747       -47938084949.8932        47.4949616674747     
   49.7356228620828       -49055837062.6527        49.7356228620828     
   52.0819913245007       -50199651330.1031        52.0819913245007     
   54.5390539873991       -51370135432.5158        54.5390539873991     
   57.1120330510709       -52567911219.1867        57.1120330510709     
   59.8063970826088       -53793615038.8096        59.8063970826088     
   62.6278726387078       -55047898077.5524        62.6278726387078     
   65.5824564367937       -56331426705.0163        65.5824564367937     
   68.6764281003472       -57644882828.2616        68.6764281003472     
   71.9163635055120       -58988964254.0879        71.9163635055120     
   75.3091487573529       -60364385059.7617        75.3091487573529     
   78.8619948254699       -61771875972.3881        78.8619948254699     
   82.5824528700734       -63212184757.1278        82.5824528700734     
   86.4784302910953       -64686076614.4667        86.4784302910953     
   90.5582075344463       -66194334586.7475        90.5582075344463     
   94.8304556911382       -67737759974.1812        94.8304556911382     
   99.3042549266778       -69317172760.5578        99.3042549266778     
   103.989113779900       -70933412048.8839        103.989113779900     
   108.894989372260       -72587336507.1766        108.894989372260     
   114.032308570532       -74279824824.6534        114.032308570532     
   119.411990147903       -76011776178.5576        119.411990147903     
   125.045467990550       -77784110711.8694        125.045467990550     
   130.944715399034       -79597770022.1545        130.944715399034     
   137.122270536154       -81453717661.8123        137.122270536154     
   143.591263075350       -83352939649.9869        143.591263075350     
   150.365442106299       -85296444996.4154        150.365442106299     
   157.459205356994       -87285266237.4891        157.459205356994     
   164.887629794445       -89320459984.8152        164.887629794445     
   172.666503669011       -91403107486.5680        172.666503669011     
   180.812360070487       -93534315201.9297        180.812360070487     
   189.342512067262       -95715215388.9247        189.342512067262     
   198.275089503223       -97946966705.9603        198.275089503223     
   207.629077530631       -100230754827.393        207.629077530631     
   217.424356960847       -102567793073.449        217.424356960847     
   227.681746518677       -104959323054.830        227.681746518677     
   238.423047090151       -107406615332.351        238.423047090151     
   249.671088057763       -109910970091.957        249.671088057763     
   261.449775821660       -112473717835.483        261.449775821660     
   273.784144609916       -115096220087.511        273.784144609916     
   286.700409685860       -117779870118.720        286.700409685860     
   300.226023065566       -120526093686.093        300.226023065566     
   314.389731863915       -123336349790.386        314.389731863915     
   329.221639393235       -126212131451.264        329.221639393235     
   344.753269144385       -129154966500.498        344.753269144385     
   361.017631786261       -132166418393.670        361.017631786261     
   378.049295326124       -135248087040.797        378.049295326124     
   395.884458579874       -138401609656.323        395.884458579874     
   414.561028108411       -141628661628.930        414.561028108411     
   434.118698783617       -144930957411.633        434.118698783617     
   454.599038155175       -148310251432.622        454.599038155175     
   476.045574797557       -151768339027.352        476.045574797557     
   498.503890824933       -155307057392.358        498.503890824933     
   522.021718770642       -158928286561.310        522.021718770642     
   546.649043037134       -162633950403.832        546.649043037134     
   572.438206131985       -166426017647.604        572.438206131985     
   599.444019915803       -170306502924.298        599.444019915803     
   627.723882098447       -174277467839.906        627.723882098447     
   657.337898231172       -178341022070.015        657.337898231172     
   688.349009453973       -182499324480.630        688.349009453973     
   720.823126269641       -186754584275.123        720.823126269641     
   754.829268628862       -191109062167.930        754.829268628862     
   790.439712624070       -195565071585.611        790.439712624070     
   827.730144103865       -200124979895.921        827.730144103865     
   866.779819534461       -204791209665.526        866.779819534461     
   907.671734450073       -209566239947.061        907.671734450073     
   950.492799850246       -214452607596.185        950.492799850246     
   995.334026919062       -219452908619.351        995.334026919062     
   1042.29072045880       -224569799552.997        1042.29072045880     
   1091.46268144920       -229805998874.905        1091.46268144920     
   1142.95441916279       -235164288448.456        1142.95441916279     
   1196.87537328719       -240647515000.564        1196.87537328719     
   1253.34014652641       -246258591634.077        1253.34014652641     
   1312.46874817552       -252000499375.432        1312.46874817552     
   1374.38684918646       -257876288758.404        1374.38684918646     
   1439.22604926697       -263889081444.775        1439.22604926697     
   1507.12415658044       -270042071882.802        1507.12415658044     
   1578.22548064111       -276338529004.343        1578.22548064111     
   1652.68113902712       -282781797961.561        1652.68113902712     
   1730.64937856332       -289375301904.123        1730.64937856332     
   1812.29591165643       -296122543797.832        1812.29591165643     
   1897.79426849748       -303027108285.669        1897.79426849748     
   1987.32616587999       -310092663592.223        1987.32616587999     
   2081.08189341784       -317322963472.529        2081.08189341784     
   2179.26071798369       -324721849206.345        2179.26071798369     
   2282.07130722744       -332293251638.930        2282.07130722744     
   2389.73217307507       -340041193269.405        2389.73217307507     
   2502.47213615024       -347969790387.804        2502.47213615024     
   2620.53081210585       -356083255261.964        2620.53081210585     
   2744.15912089921       -364385898375.391        2744.15912089921     
   2873.61982009315       -372882130717.322        2873.61982009315     
   3009.18806331662       -381576466126.164        3009.18806331662     
   3151.15198507164       -390473523687.596        3151.15198507164     
   3299.81331312962       -399578030188.569        3299.81331312962     
   3455.48800981856       -408894822628.529        3455.48800981856     
   3618.50694356419       -418428850789.202        3618.50694356419     
   3789.21659211221       -428185179864.287        3789.21659211221     
   3967.97977892640       -438168993150.466        3967.97977892640     
   4155.17644432756       -448385594801.167        4155.17644432756     
   4351.20445301246       -458840412644.525        4351.20445301246     
   4556.48043966880       -469539001067.057        4556.48043966880     
   4771.44069448375       -480487043964.566        4771.44069448375     
   4996.54209042790       -491690357761.857        4996.54209042790     
   5232.26305428545       -503154894502.861        5232.26305428545     
   5479.10458349467       -514886745012.807        5479.10458349467     
   5737.59131095951       -526892142134.126        5737.59131095951     
   6008.27262009574       -539177464037.811        6008.27262009574     
   6291.72381248134       -551749237611.975        6291.72381248134     
   6588.54733059298       -564614141929.431        6588.54733059298     
   6899.37403822732       -577779011796.116        6899.37403822732     
   7224.86456132844       -591250841382.256        7224.86456132844     
   7565.71069207134       -605036787938.192        7565.71069207134     
   7922.63685918559       -619144175596.856        7922.63685918559     
   8296.40166764412       -633580499264.899        8296.40166764412     
   8687.79951098977       -648353428604.549        8687.79951098977     
   9097.66225972611       -663470812108.313        9097.66225972611     
   9526.86102936129       -678940681268.692        9526.86102936129     
   9976.30803186256       -694771254845.107        9976.30803186256     
   10446.9585144564       -710970943230.329        10446.9585144564     
   10939.8127898954       -727548352918.711        10939.8127898954     
   11455.9183625062       -744512291078.604        11455.9183625062     
   11996.3721545378       -761871770231.393        11996.3721545378     
   12562.3228375425       -779636013039.619        12562.3228375425     
   13154.9732737428       -797814457206.761        13154.9732737428     
   13775.5830725751       -816416760491.248        13775.5830725751     
   14425.4712678430       -835452805837.391        14425.4712678430     
   15106.0191211695       -854932706625.945        15106.0191211695     
   15818.6730577080       -874866812047.101        15818.6730577080     
   16564.9477403503       -895265712598.753        16564.9477403503     
   17346.4292889658       -916140245712.968        17346.4292889658     
   18164.7786515149       -937501501513.649        18164.7786515149     
   19021.7351341999       -959360828708.438        19021.7351341999     
   19919.1200981580       -981729840618.011        19919.1200981580     
   20858.8408305518       -1004620421345.94        20858.8408305518     
   21842.8945982862       -1028044732092.44        21842.8945982862     
   22873.3728929662       -1052015217615.30        22873.3728929662     
   23952.4658761189       -1076544612841.46        23952.4658761189     
   25082.4670341262       -1101645949632.80        25082.4670341262     
   26265.7780527631       -1127332563709.64        26265.7780527631     
   27504.9139217009       -1153618101735.63        27504.9139217009     
   28802.5082798245       -1180516528567.96        28802.5082798245     
   30161.3190127252       -1208042134676.49        30161.3190127252     
   31584.2341142648       -1236209543735.94        31584.2341142648     
   33074.2778246704       -1265033720395.08        33074.2778246704     
   34634.6170582042       -1294529978227.09        34634.6170582042     
   36268.5681340709       -1324713987865.30        36268.5681340709     
   37979.6038248678       -1355601785328.56        37979.6038248678     
   39771.3607375579       -1387209780540.81        39771.3607375579     
   41647.6470426546       -1419554766049.30        41647.6470426546     
   43612.4505680441       -1452653925945.98        43612.4505680441     
   45669.9472746488       -1486524844997.07        45669.9472746488     
   47824.5101319459       -1521185517985.32        47824.5101319459     
   50080.7184122040       -1556654359270.28        50080.7184122040     
   52443.3674231933       -1592950212571.35        52443.3674231933     
   54917.4787000525       -1630092360978.97        54917.4787000525     
   57508.3106779774       -1668100537199.30        57508.3106779774     
   60221.3698684117       -1706994934037.65        60221.3698684117     
   63062.4225624954       -1746796215126.50        63062.4225624954     
   66037.5070866449       -1787525525903.50        66037.5070866449     
   69152.9466363117       -1829204504845.56        69152.9466363117     
   72415.3627151977       -1871855294964.85        72415.3627151977     
   75831.6892084897       -1915500555572.81        75831.6892084897     
   79409.1871200245       -1960163474318.48        79409.1871200245     
   83155.4600047057       -2005867779507.53        83155.4600047057     
   87078.4701289743       -2052637752708.56        87078.4701289743     
   91186.5553936779       -2100498241653.23        91186.5553936779     
   95488.4470553072       -2149474673437.31        95488.4470553072     
   99993.2882832642       -2199593068029.41        99993.2882832642     
   104710.653592603       -2250880052094.81        104710.653592603     
   109650.569193547       -2303362873141.48        109650.569193547     
   114823.534301028       -2357069413996.09        114823.534301028     
   120240.543449547       -2412028207617.38        120240.543449547     
   125913.109860773       -2468268452255.08        125913.109860773     
   131853.289913555       -2525820026962.18        131853.289913555     
   138073.708768353       -2584713507468.97        138073.708768353     
   144587.587200541       -2644980182427.14        144587.587200541     
   151408.769699627       -2706652070032.67        151408.769699627     
   158551.753894100       -2769761935036.33        158551.753894100     
   166031.721364453       -2834343306150.76        166031.721364453     
   173864.569909861       -2900430493863.45        173864.569909861     
   182066.947337100       -2968058608665.08        182066.947337100     
   190656.286843522       -3037263579702.80        190656.286843522     
   199650.844069282       -3108082173868.57        199650.844069282     
   209069.735897578       -3180552015332.44        209069.735897578     
   218932.981085353       -3254711605531.38        218932.981085353     
   229261.542810833       -3330600343624.13        229261.542810833     
   240077.373228320       -3408258547423.01        240077.373228320     
   251403.460124937       -3487727474813.75        251403.460124937     
   263263.875778490       -3569049345674.82        263263.875778490     
   275683.828120288       -3652267364307.78        275683.828120288     
   288689.714311667       -3737425742390.69        288689.714311667     
   302309.176848077       -3824569722466.64        302309.176848077     
   316571.162309988       -3913745601980.04        316571.162309988     
   331505.982885469       -4005000757873.29        331505.982885469     
   347145.380795215       -4098383671756.96        347145.380795215     
   363522.595756936       -4193943955666.90        363522.595756936     
   380672.435632506       -4291732378421.89        380672.435632506     
   398631.350408012       -4391800892595.84        398631.350408012     
   417437.509663958       -4494202662118.92        417437.509663958     
   437130.883700255       -4598992090522.23        437130.883700255     
   457753.328488440       -4706224849841.10        457753.328488440     
   479348.674631661       -4815957910192.19        479348.674631661     
   501962.820521520       -4928249570040.38        501962.820521520     
   525643.829889754       -5043159487171.24        525643.829889754     
   550442.033962097       -5160748710385.82        550442.033962097     
   576410.138431431       -5281079711934.26        576410.138431431     
   603603.335477599       -5404216420705.87        603603.335477599     
   632079.421071950       -5530224256192.88        632079.421071950     
   661898.917815938       -5659170163246.25        661898.917815938     
   693125.203574864       -5791122647641.80        693125.203574864     
   725824.646180136       -5926151812475.62        725824.646180136     
   760066.744486365       -6064329395408.16        760066.744486365     
   795924.276083083       -6205728806776.63        795924.276083083     
   833473.451975021       -6350425168596.12        833473.451975021     
   872794.078559728       -6498495354470.08        872794.078559728     
   913969.727246760       -6650018030431.34        913969.727246760     
   957087.912078978       -6805073696735.46        957087.912078978     
   1002240.27573344       -6963744730628.51        1002240.27573344     
   1049522.78429726       -7126115430112.07        1049522.78429726     
   1099035.93123227       -7292272058728.67        1099035.93123227     
   1150884.95096227       -7462302891391.50        1150884.95096227     
   1205180.04253644       -7636298261282.67        1205180.04253644     
   1262036.60384461       -7814350607845.01        1262036.60384461     
   1321575.47688204       -7996554525892.85        1321575.47688204     
   1383923.20458498       -8183006815867.94        1383923.20458498     
   1449212.29978295       -8373806535267.08        1449212.29978295     
   1517581.52683929       -8569055051268.98        1517581.52683929     
   1589176.19657867       -8768856094588.10        1589176.19657867     
   1664148.47512832       -8973315814584.24        1664148.47512832     
   1742657.70732936       -9182542835657.05        1742657.70732936     
   1824870.75540572       -9396648314955.51        1824870.75540572     
   1910962.35361037       -9615746001432.96        1910962.35361037     
   2001115.47960256       -9839952296279.14        2001115.47960256     
   2095521.74334556       -10069386314761.2        2095521.74334556     
   2194381.79435128       -10304169949506.9        2194381.79435128     
   2297905.74813744       -10544427935262.8        2297905.74813744     
   2406313.63280361       -10790287915163.0        2406313.63280361     
   2519835.85667528       -11041880508542.8        2519835.85667528     
   2638713.69800994       -11299339380333.5        2638713.69800994     
   2763199.81780586       -11562801312075.1        2763199.81780586     
   2893558.79680364       -11832406274585.1        2893558.79680364     
   3030067.69782170       -12108297502321.8        3030067.69782170     
   3173016.65462103       -12390621569480.6        3173016.65462103     
   3322709.48855071       -12679528467865.9        3322709.48855071     
   3479464.35428472       -12975171686577.5        3479464.35428472     
   3643614.41602271       -13277708293556.0        3643614.41602271     
   3815508.55559161       -13587299019028.9        3815508.55559161     
   3995512.11395332       -13904108340902.5        3995512.11395332     
   4184007.66769436       -14228304572145.4        4184007.66769436     
   4381395.84214780       -14560059950208.5        4381395.84214780     
   4588096.16287575       -14899550728530.6        4588096.16287575     
   4804547.94732200       -15246957270177.9        4804547.94732200     
   5031211.23853011       -15602464143665.9        5031211.23853011     
   5268567.78291126       -15966260221016.6        5268567.78291126     
   5517122.05414010       -16338538778101.0        5517122.05414010     
   5777402.32535475       -16719497597322.4        5777402.32535475     
   6049961.79193983       -17109339072692.7        6049961.79193983     
   6335379.74727876       -17508270317359.9        6335379.74727876     
   6634262.81397431       -17916503273641.8        6634262.81397431     
   6947246.23315432       -18334254825625.8        6947246.23315432     
   7274995.21460261       -18761746914394.2        7274995.21460261     
   7618206.35058490       -19199206655935.9        7618206.35058490     
   7977609.09637450       -19646866461807.7        7977609.09637450     
   8353967.32062445       -20104964162608.3        8353967.32062445     
   8748080.92888137       -20573743134332.5        8748080.92888137     
   9160787.56369144       -21053452427670.6        9160787.56369144     
   9592964.38491204       -21544346900322.5        9592964.38491204     
   10045529.9340128       -22046687352397.9        10045529.9340128     
   10519446.0863284       -22560740664972.5        10519446.0863284     
   11015720.0954127       -23086779941875.7        11015720.0954127     
   11535406.7338385       -23625084654783.6        11535406.7338385     
   12079610.5349940       -24175940791695.6        12079610.5349940     
   12649488.1406394       -24739641008872.6        12649488.1406394     
   13246250.7592147       -25316484786318.1        13246250.7592147     
   13871166.7401219       -25906778586884.8        13871166.7401219     
   14525564.2694534       -26510836019090.3        14525564.2694534     
   15210834.1928975       -27128978003729.7        15210834.1928975     
   15928432.9718182       -27761532944373.2        15928432.9718182     
   16679885.7787946       -28408836901838.4        16679885.7787946     
   17466789.7391972       -29071233772731.3        17466789.7391972     
   18290817.3256915       -29749075472150.1        18290817.3256915     
   19153719.9128845       -30442722120648.9        19153719.9128845     
   20057331.4996664       -31152542235560.9        20057331.4996664     
   21003572.6071625       -31878912926782.7        21003572.6071625     
   21994454.3605761       -32622220097123.1        21994454.3605761     
   23032082.7636013       -33382858647324.2        23032082.7636013     
   24118663.1744886       -34161232685862.1        24118663.1744886     
   25256504.9932761       -34957755743639.8        25256504.9932761     
   26448026.5701511       -35772850993686.0        26448026.5701511     
   27695760.3453707       -36606951475976.5        27695760.3453707     
   29002358.2316691       -37460500327497.6        29002358.2316691     
   30370597.2505890       -38333951017673.9        30370597.2505890     
   31803385.4347167       -39227767589285.3        31803385.4347167     
   33303768.0083674       -40142424905001.6        33303768.0083674     
   34874933.8598536       -41078408899665.1        34874933.8598536     
   36520222.3190965       -42036216838456.0        36520222.3190965     
   38243130.2549819       -43016357581077.1        38243130.2549819     
   40047319.5075480       -44019351852098.1        40047319.5075480     
   41936624.6707992       -45045732517604.2        41936624.6707992     
   43915061.2426895       -46096044868294.3        43915061.2426895     
   45986834.1595945       -47170846909180.4        45986834.1595945     
   48156346.7334145       -48270709656042.4        48156346.7334145     
   50428210.0103003       -49396217438794.0        50428210.0103003     
   52807252.5708945       -50547968211923.5        52807252.5708945     
   55298530.7929174       -51726573872171.6        55298530.7929174     
   57907339.5979080       -52932660583617.4        57907339.5979080     
   60639223.7049628       -54166869110343.6        60639223.7049628     
   63499989.4153906       -55429855156859.1        63499989.4153906     
   66495716.9533285       -56722289716458.2        66495716.9533285     
   69632773.3885505       -58044859427702.9        69632773.3885505     
   72917826.1689319       -59398266939217.1        72917826.1689319     
   76357857.2913326       -60783231282986.2        76357857.2913326     
   79960178.1410182       -62200488256361.4        79960178.1410182     
   83732445.0311573       -63650790812970.4        83732445.0311573     
   87682675.4754225       -65134909462743.1        87682675.4754225     
   91819265.2282819       -66653632681264.7        91819265.2282819     
   96151006.1291963       -68207767328672.8        96151006.1291963     
   100687104.788650       -69798139078323.0        100687104.788650     
   105437202.155728       -71425592855448.1        105437202.155728     
   110411394.008830       -73090993286046.4        110411394.008830     
   115620252.413071       -74795225156236.0        115620252.413071     
   121074848.189973       -76539193882319.8        121074848.189973     
   126786774.447206       -78323825991810.7        126786774.447206     
   132768171.218390       -80150069615673.0        132768171.218390     
   139031751.265318       -82018894992041.3        139031751.265318     
   145590827.097451       -83931294981683.1        145590827.097451     
   152459339.266106       -85888285595482.2        152459339.266106     
   159651885.993475       -87890906534219.5        159651885.993475     
   167183754.199441       -89940221740940.6        167183754.199441     
   175070951.992146       -92037319966202.6        175070951.992146     
   183330242.691363       -94183315346500.1        183330242.691363     
   191979180.456974       -96379347996178.7        191979180.456974     
   201036147.598292       -98626584613149.2        201036147.598292     
   210520393.643521       -100926219098726.        210520393.643521     
   220452076.252379       -103279473191917.        220452076.252379     
   230852304.058862       -105687597118502.        230852304.058862     
   241743181.535177       -108151870255251.        241743181.535177     
   253147855.972229       -110673601809619.        253147855.972229     
   265090566.676487       -113254131515303.        265090566.676487     
   277596696.487806       -115894830344004.        277596696.487806     
   290692825.727693       -118597101233790.        290692825.727693     
   304406788.692688       -121362379834447.        304406788.692688     
   318767732.812910       -124192135270201.        318767732.812910     
   333806180.601532       -127087870920229.        333806180.601532     
   349554094.526817       -130051125217364.        349554094.526817     
   366044944.944627       -133083472465431.        366044944.944627     
   383313781.235758       -136186523675632.        383313781.235758     
   401397306.299318       -139361927422438.        401397306.299318     
   420333954.560461       -142611370719437.        420333954.560461     
   440163973.658278       -145936579915600.        440163973.658278     
   460929509.987464       -149339321612450.        460929509.987464     
   482674698.275569       -152821403602612.        482674698.275569     
   505445755.386218       -156384675830250.        505445755.386218     
   529291078.547667       -160031031373895.        529291078.547667     
   554261348.215476       -163762407452194.        554261348.215476     
   580409635.787903       -167580786453102.        580409635.787903     
   607791516.402988       -171488196987079.        607791516.402988     
   636465187.057021       -175486714964841.        636465187.057021     
   666491590.295483       -179578464700235.        666491590.295483     
   697934543.739323       -183765620038843.        697934543.739323     
   730860875.721870       -188050405512884.        730860875.721870     
   765340567.324675       -192435097523059.        765340567.324675     
   801446901.114138       -196922025547943.        801446901.114138     
   839256616.895066       -201513573381582.        839256616.895066     
   878850074.812186       -206212180399940.        878850074.812186     
   920311426.146266       -211020342856885.        920311426.146266     
   963728792.167855       -215940615210383.        963728792.167855     
   1009194451.42878       -220975611479616.        1009194451.42878     
   1056805035.88944       -226128006633754.        1056805035.88944     
   1106661736.29880       -231400538013091.        1106661736.29880     
   1158870517.26350       -236796006783333.        1158870517.26350     
   1213542342.46334       -242317279423786.        1213542342.46334     
   1270793410.49157       -247967289250241.        1270793410.49157     
   1330745401.82151       -253749037973382.        1330745401.82151     
   1393525737.42422       -259665597293512.        1393525737.42422     
   1459267849.58689       -265720110532476.        1459267849.58689     
   1528111465.50765       -271915794303627.        1528111465.50765     
   1600202904.26943       -278255940220737.        1600202904.26943     
   1675695387.82412       -284743916646749.        1675695387.82412     
   1754749366.64798       -291383170483303.        1754749366.64798     
   1837532860.76042       -298177229001991.        1837532860.76042     
   1924221816.83097       -305129701718311.        1924221816.83097     
   2015000482.13345       -312244282309309.        2015000482.13345     
   2110061796.14204       -319524750575944.        2110061796.14204     
   2209607800.60165       -326974974451199.        2209607800.60165     
   2313850068.94416       -334598912055020.        2313850068.94416     
   2423010155.96301       -342400613797164.        2423010155.96301     
   2537320068.70217       -350384224529089.        2537320068.70217     
   2657022759.56003       -358553985746002.        2657022759.56003     
   2782372642.65641       -366914237840269.        2782372642.65641     
   2913636134.56015       -375469422407353.        2913636134.56015     
   3051092220.52646       -384224084605525.        3051092220.52646     
   3195033047.44759       -393182875570595.        3195033047.44759     
   3345764544.77696       -402350554886947.        3345764544.77696     
   3503607074.74661       -411731993116185.        3503607074.74661     
   3668896113.25977       -421332174384745.        3668896113.25977     
   3841982962.90580       -431156199031838.        3841982962.90580     
   4023235499.61288       -441209286319133.        4023235499.61288     
   4213038954.52547       -451496777203623.        4213038954.52547     
   4411796732.76820       -462024137175143.        4411796732.76820     
   4619931270.83641       -472796959160050.        4619931270.83641     
   4837884934.43577       -483820966492606.        4837884934.43577     
   5066120958.67894       -495102015955644.        5066120958.67894     
   5305124432.63792       -506646100892134.        5305124432.63792     
   5555403330.34427       -518459354389298.        5555403330.34427     
   5817489590.42873       -530548052536962.        5817489590.42873     
   6091940246.69482       -542918617761898.        6091940246.69482     
   6379338612.02924       -555577622239890.        6379338612.02924     
   6680295518.16547       -568531791387376.        6680295518.16547     
   6995450613.93539       -581788007434492.        6995450613.93539     
   7325473724.76839       -595353313081434.        7325473724.76839     
   7671066276.32719       -609234915240066.        7671066276.32719     
   8032962785.30640       -623440188862780.        8032962785.30640     
   8411932420.56215       -637976680860620.        8411932420.56215     
   8808780637.89085       -652852114112774.        8808780637.89085     
   9224350891.93159       -668074391569548.        9224350891.93159     
   9659526428.83075       -683651600451009.        9659526428.83075     
   10115232163.4787       -699592016543520.        10115232163.4787     
   10592436645.3086       -715904108596469.        10592436645.3086     
   11092154116.8355       -732596542821500.        11092154116.8355     
   11615446669.3104       -749678187496662.        11615446669.3104     
   12163426500.0715       -767158117677902.        12163426500.0715     
   12737258276.3901       -785045620020420.        12737258276.3901     
   13338161610.8351       -803350197712439.        13338161610.8351     
   13967413653.4174       -822081575524017.        13967413653.4174     
   14626351806.0235       -841249704973571.        14626351806.0235     
   15316376564.9072       -860864769614880.        15316376564.9072     
   16038954497.2813       -880937190447352.        16038954497.2813     
   16795621358.3352       -901477631452441.        16795621358.3352     
   17587985355.3038       -922497005259162.        17587985355.3038     
   18417730565.5240       -944006478941701.        18417730565.5240     
   19286620515.7459       -966017479952201.        19286620515.7459     
   20196501930.3020       -988541702191890.        20196501930.3020     
   21149308656.1059      -1.011591112223758E+015   21149308656.1059     
   22147065772.8177      -1.035177955630100E+015   22147065772.8177     
   23191893896.9149      -1.059314763518289E+015   23191893896.9149     
   24286013688.8160      -1.084014359178244E+015   24286013688.8160     
   25431750572.6351      -1.109289864895131E+015   25431750572.6351     
   26631539678.6000      -1.135154708920902E+015   26631539678.6000     
   27887931018.6377      -1.161622632608399E+015   27887931018.6377     
   29203594906.1276      -1.188707697711795E+015   29203594906.1276     
   30581327631.3411      -1.216424293857254E+015   30581327631.3411     
   32024057404.6312      -1.244787146187786E+015   32024057404.6312     
   33534850580.0023      -1.273811323186351E+015   33534850580.0023     
   35116918172.2877      -1.303512244681375E+015   35116918172.2877     
   36773622681.7882      -1.333905690038918E+015   36773622681.7882     
   38508485240.8743      -1.365007806545866E+015   38508485240.8743     
   40325193097.7425      -1.396835117988584E+015   40325193097.7425     
   42227607453.2321      -1.429404533431598E+015   42227607453.2321     
   44219771667.3572      -1.462733356200958E+015   44219771667.3572     
   46305919852.9976      -1.496839293077076E+015   46305919852.9976     
   48490485875.0120      -1.531740463701892E+015   48490485875.0120     
   50778112773.9011      -1.567455410205398E+015   50778112773.9011     
   53173662634.0492      -1.604003107056614E+015   53173662634.0492     
   55682226917.5181      -1.641402971144250E+015   55682226917.5181     
   58309137285.3560      -1.679674872092427E+015   58309137285.3560     
   61059976929.4220      -1.718839142816910E+015   61059976929.4220     
   63940592438.8096      -1.758916590327486E+015   63940592438.8096     
   66957106226.0907      -1.799928506782219E+015   66957106226.0907     
   70115929539.7900      -1.841896680799442E+015   70115929539.7900     
   73423776090.7462      -1.884843409033515E+015   73423776090.7462     
   76887676321.3226      -1.928791508020485E+015   76887676321.3226     
   80514992347.7928      -1.973764326299950E+015   80514992347.7928     
   84313433607.6606      -2.019785756819560E+015   84313433607.6606     
   88291073245.1714      -2.066880249628750E+015   88291073245.1714     
   92456365269.8395      -2.115072824868449E+015   92456365269.8395     
   96818162524.4598      -2.164389086063661E+015   96818162524.4598     
   101385735500.794      -2.214855233725985E+015   101385735500.794     
   106168792042.919      -2.266498079273303E+015   106168792042.919     
   111177497980.121      -2.319345059274022E+015   111177497980.121     
   116422498733.178      -2.373424250023444E+015   116422498733.178     
   121914941939.964      -2.428764382460012E+015   121914941939.964     
   127666501148.451      -2.485394857429342E+015   127666501148.451     
   133689400627.477      -2.543345761304174E+015   133689400627.477     
   139996441348.004      -2.602647881968512E+015   139996441348.004     
   146601028190.091      -2.663332725174469E+015   146601028190.091     
   153517198433.403      -2.725432531280496E+015   153517198433.403     
   160759651591.816      -2.788980292379888E+015   160759651591.816     
   168343780655.515      -2.854009769828664E+015   168343780655.515     
   176285704807.006      -2.920555512182150E+015   176285704807.006     
   184602303680.561      -2.988652873549765E+015   184602303680.561     
   193311253237.906      -3.058338032377791E+015   193311253237.906     
   202431063336.427      -3.129648010670086E+015   202431063336.427     
   211981117069.708      -3.202620693656960E+015   211981117069.708     
   221981711964.041      -3.277294849922667E+015   221981711964.041     
   232454103118.451      -3.353710152002188E+015   232454103118.451     
   243420548379.935      -3.431907197458274E+015   243420548379.935     
   254904355649.917      -3.511927530449931E+015   254904355649.917     
   266929932422.481      -3.593813663803800E+015   266929932422.481     
   279522837659.655      -3.677609101600175E+015   279522837659.655     
   292709836114.000      -3.763358362285646E+015   292709836114.000     
   306518955213.981      -3.851107002324650E+015   306518955213.981     
   320979544632.997      -3.940901640402496E+015   320979544632.997     
   336122338668.687      -4.032789982192720E+015   336122338668.687     
   351979521565.105      -4.126820845701932E+015   351979521565.105     
   368584795916.577      -4.223044187205616E+015   368584795916.577     
   385973454298.635      -4.321511127788669E+015   385973454298.635     
   404182454278.278      -4.422273980504766E+015   404182454278.278     
   423250496962.973      -4.525386278168996E+015   423250496962.973     
   443218109255.346      -4.630902801798526E+015   443218109255.346     
   464127729988.392      -4.738879609716398E+015   464127729988.392     
   486023800124.273      -4.849374067333937E+015   486023800124.273     
   508952857208.395      -4.962444877627572E+015   508952857208.395     
   532963634279.548      -5.078152112326284E+015   532963634279.548     
   558107163446.294      -5.196557243826223E+015   558107163446.294     
   584436884349.768      -5.317723177849483E+015   584436884349.768     
   612008757743.409      -5.441714286864354E+015   612008757743.409     
   640881384431.019      -5.568596444284823E+015   640881384431.019     
   671116129815.943      -5.698437059467497E+015   671116129815.943     
   702777254326.082      -5.831305113524525E+015   702777254326.082     
   735932049991.945      -5.967271195971560E+015   735932049991.945     
   770650983468.014      -6.106407542230227E+015   770650983468.014     
   807007845801.414      -6.248788072005019E+015   807007845801.414     
   845079909266.176      -6.394488428555005E+015   845079909266.176     
   884948091596.456      -6.543586018881234E+015   884948091596.456     
   926697127967.747      -6.696160054851154E+015   926697127967.747     
   970415751091.620      -6.852291595281928E+015   970415751091.620     
   1016196879806.76      -7.012063589004978E+015   1016196879806.76     
   1064137816567.14      -7.175560918934650E+015   1064137816567.14     
   1114340454247.04      -7.342870447164413E+015   1114340454247.04     
   1166911492702.45      -7.514081061114540E+015   1166911492702.45     
   1221962665549.24      -7.689283720755805E+015   1221962665549.24     
   1279610977639.89      -7.868571506934262E+015   1279610977639.89     
   1339978953743.68      -8.052039670822805E+015   1339978953743.68     
   1403194898958.83      -8.239785684525760E+015   1403194898958.83     
   1469393171409.99      -8.431909292863411E+015   1469393171409.99     
   1538714467810.84      -8.628512566363956E+015   1538714467810.84     
   1611306122498.50      -8.829699955491058E+015   1611306122498.50     
   1687322420575.51      -9.035578346135800E+015   1687322420575.51     
   1766924925824.85      -9.246257116402512E+015   1766924925824.85     
   1850282824094.94      -9.461848194718668E+015   1850282824094.94     
   1937573282884.41      -9.682466119299684E+015   1937573282884.41     
   2028981827890.99      -9.908228099000248E+015   2028981827890.99     
   2124702737324.78      -1.013925407558449E+016   2124702737324.78     
   2224939454823.93      -1.037566678744808E+016   2224939454823.93     
   2329905021850.34      -1.061759183482611E+016   2329905021850.34     
   2439822530484.56      -1.086515774652137E+016   2439822530484.56     
   2554925597581.91      -1.111849604818857E+016   2554925597581.91     
   2675458861297.95      -1.137774133221064E+016   2675458861297.95     
   2801678501038.31      -1.164303132920436E+016   2801678501038.31     
   2933852781938.23      -1.191450698119322E+016   2933852781938.23     
   3072262625028.80      -1.219231251648642E+016   3072262625028.80     
   3217202204301.86      -1.247659552630387E+016   3217202204301.86     
   3368979571942.60      -1.276750704318768E+016   3368979571942.60     
   3527917313058.51      -1.306520162124208E+016   3527917313058.51     
   3694353231296.48      -1.336983741824418E+016   3694353231296.48     
   3868641066805.07      -1.368157627966926E+016   3868641066805.07     
   4051151248067.97      -1.400058382467536E+016   4051151248067.97     
   4242271679206.58      -1.432702953409252E+016   4242271679206.58     
   4442408564425.00      -1.466108684046387E+016   4442408564425.00     
   4651987271349.77      -1.500293322018603E+016   4651987271349.77     
   4871453235099.14      -1.535275028779788E+016   4871453235099.14     
   5101272905003.52      -1.571072389246797E+016   5101272905003.52     
   5341934735989.20      -1.607704421673150E+016   5341934735989.20     
   5593950226732.35      -1.645190587752969E+016   5593950226732.35     
   5857855006789.84      -1.683550802960488E+016   5857855006789.84     
   6134209975017.47      -1.722805447130658E+016   6134209975017.47     
   6423602491695.09      -1.762975375286447E+016   6423602491695.09     
   6726647626892.48      -1.804081928718601E+016   6726647626892.48     
   7043989467729.03      -1.846146946323742E+016   7043989467729.03     
   7376302487305.93      -1.889192776206837E+016   7376302487305.93     
   7724292978220.10      -1.933242287554191E+016   7724292978220.10     
   8088700553706.80      -1.978318882783284E+016   8088700553706.80     
   8470299719601.39      -2.024446509975898E+016   8470299719601.39     
   8869901520461.21      -2.071649675601135E+016   8869901520461.21     
   9288355263346.28      -2.119953457535110E+016   9288355263346.28     
   9726550322922.47      -2.169383518384194E+016   9726550322922.47     
   10185418031723.7      -2.219966119118935E+016   10185418031723.7     
   10665933659590.9      -2.271728133025855E+016   10665933659590.9     
   11169118486493.8      -2.324697059984566E+016   11169118486493.8     
   11696041973143.4      -2.378901041077780E+016   11696041973143.4     
   12247824034005.4      -2.434368873541964E+016   12247824034005.4     
   12825637417548.0      -2.491130026066608E+016   12825637417548.0     
   13430710198782.3      -2.549214654450208E+016   13430710198782.3     
   14064328389392.5      -2.608653617621297E+016   14064328389392.5     
   14727838671003.8      -2.669478494033033E+016   14727838671003.8     
   15422651257397.5      -2.731721598440050E+016   15422651257397.5     
   16150242891755.8      -2.795415999066492E+016   16150242891755.8     
   16912159985307.3      -2.860595535174337E+016   16912159985307.3     
   17710021904044.3      -2.927294835041370E+016   17710021904044.3     
   18545524410495.9      -2.995549334358324E+016   18545524410495.9     
   19420443267874.0      -3.065395295054994E+016   19420443267874.0     
   20336638014251.1      -3.136869824565299E+016   20336638014251.1     
   21296055914791.7      -3.210010895541548E+016   21296055914791.7     
   22300736100437.2      -3.284857366028373E+016   22300736100437.2     
   23352813901841.6      -3.361449000107046E+016   23352813901841.6     
   24454525387767.6      -3.439826489021155E+016   24454525387767.6     
   25608212117590.2      -3.520031472794858E+016   25608212117590.2     
   26816326118008.5      -3.602106562355196E+016   26816326118008.5     
   28081435094542.4      -3.686095362170230E+016   28081435094542.4     
   29406227888891.8      -3.772042493415014E+016   29406227888891.8     
   30793520193755.9      -3.859993617677726E+016   30793520193755.9     
   32246260537260.2      -3.949995461218542E+016   32246260537260.2     
   33767536549709.4      -4.042095839794145E+016   33767536549709.4     
   35360581525985.5      -4.136343684061050E+016   35360581525985.5     
   37028781297539.7      -4.232789065571261E+016   37028781297539.7     
   38775681428582.2      -4.331483223374045E+016   38775681428582.2     
   40604994751766.2      -4.432478591237974E+016   40604994751766.2     
   42520609259380.5      -4.535828825507695E+016   42520609259380.5     
   44526596366824.4      -4.641588833610215E+016   44526596366824.4     
   46627219565926.4      -4.749814803225864E+016   46627219565926.4     
   48826943486499.4      -4.860564232139422E+016   48826943486499.4     
   51130443385391.4      -4.973895958787274E+016   51130443385391.4     
   53542615083198.3      -5.089870193516811E+016   53542615083198.3     
   56068585369760.7      -5.208548550574710E+016   56068585369760.7     
   58713722900558.0      -5.329994080841053E+016   58713722900558.0     
   61483649607160.0      -5.454271305326709E+016   61483649607160.0     
   64384252645987.6      -5.581446249451750E+016   64384252645987.6     
   67421696910777.0      -5.711586478123127E+016   67421696910777.0     
   70602438135343.8      -5.844761131630236E+016   70602438135343.8     
   73933236614492.0      -5.981040962377446E+016   73933236614492.0     
   77421171572233.7      -6.120498372473105E+016   77421171572233.7     
   81073656207853.9      -6.263207452194993E+016   81073656207853.9     
   84898453451802.4      -6.409244019352652E+016   84898453451802.4     
   88903692464897.4      -6.558685659567523E+016   88903692464897.4     
   93097885915909.5      -6.711611767492264E+016   93097885915909.5     
   97489948074247.3      -6.868103588991170E+016   97489948074247.3     
   102089213756198.      -7.028244264304099E+016   102089213756198.     
   106905458164992.      -7.192118872216819E+016   106905458164992.     
   111948917666858.      -7.359814475261274E+016   111948917666858.     
   117230311547226.      -7.531420165969752E+016   117230311547226.     
   122760864793320.      -7.707027114207550E+016   122760864793320.     
   128552331951560.      -7.886728615609269E+016   128552331951560.     
   134617022110481.      -8.070620141144483E+016   134617022110481.     
   140967825062264.      -8.258799387839106E+016   140967825062264.     
   147618238698492.      -8.451366330679411E+016   147618238698492.     
   154582397698341.      -8.648423275726267E+016   154582397698341.     
   161875103570193.      -8.850074914467826E+016   161875103570193.     
   169511856110523.      -9.056428379439525E+016   169511856110523.     
   177508886346904.      -9.267593301140952E+016   177508886346904.     
   185883191035166.      -9.483681866279830E+016   185883191035166.     
   194652568784023.      -9.704808877374040E+016   194652568784023.     
   203835657883939.      -9.931091813743358E+016   203835657883939.     
   213451975920640.      -1.016265089392333E+017   213451975920640.     
   223521961257475.      -1.039960913953440E+017   223521961257475.     
   234067016474766.      -1.064209244064025E+017   234067016474766.     
   245109553858509.      -1.089022962263012E+017   245109553858509.     
   256673043035067.      -1.114415251466049E+017   256673043035067.     
   268782060853130.      -1.140399601969274E+017   268782060853130.     
   281462343618942.      -1.166989818616367E+017   281462343618942.     
   294740841795823.      -1.194200028132730E+017   294740841795823.     
   308645777284233.      -1.222044686630664E+017   308645777284233.     
   323206703404137.      -1.250538587289544E+017   323206703404137.     
   338454567707142.      -1.279696868215071E+017   338454567707142.     
   354421777751910.      -1.309535020481773E+017   354421777751910.     
   371142269982647.      -1.340068896363031E+017   371142269982647.     
   388651581857062.      -1.371314717753000E+017   388651581857062.     
   406986927377092.      -1.403289084784902E+017   406986927377092.     
   426187276182925.      -1.436008984650263E+017   426187276182925.     
   446293436378430.      -1.469491800623792E+017   446293436378430.     
   467348141264024.      -1.503755321298684E+017   467348141264024.     
   489396140161328.      -1.538817750037263E+017   489396140161328.     
   512484293522626.      -1.574697714641974E+017   512484293522626.     
   536661672527304.      -1.611414277251876E+017   536661672527304.     
   561979663376919.      -1.648986944469890E+017   561979663376919.     
   588492076510582.      -1.687435677726169E+017   588492076510582.     
   616255260972776.      -1.726780903883116E+017   616255260972776.     
   645328224176687.      -1.767043526087672E+017   645328224176687.     
   675772757317578.      -1.808244934876643E+017   675772757317578.     
   707653566702778.      -1.850407019540957E+017   707653566702778.     
   741038411277395.      -1.893552179754913E+017   741038411277395.     
   775998246638060.      -1.937703337476569E+017   775998246638060.     
   812607375840780.      -1.982883949125613E+017   812607375840780.     
   850943607323418.      -2.029118018045180E+017   850943607323418.     
   891088420278466.      -2.076430107254236E+017   891088420278466.     
   933127137827575.      -2.124845352497301E+017   933127137827575.     
   977149108365902.      -2.174389475598455E+017   977149108365902.     
  1.023247895461710E+015 -2.225088798126700E+017  1.023247895461710E+015
  1.071521476714840E+015 -2.276970255379965E+017  1.071521476714840E+015
  1.122072451996667E+015 -2.330061410695164E+017  1.122072451996667E+015
  1.175008261514182E+015 -2.384390470091911E+017  1.175008261514182E+015
  1.230441414161624E+015 -2.439986297257692E+017  1.230441414161624E+015
  1.288489726645028E+015 -2.496878428882418E+017  1.288489726645028E+015
  1.349276573887900E+015 -2.555097090350546E+017  1.349276573887900E+015
  1.412931151250242E+015 -2.614673211799078E+017  1.412931151250242E+015
  1.479588749118234E+015 -2.675638444549976E+017  1.479588749118234E+015
  1.549391040448183E+015 -2.738025177925733E+017  1.549391040448183E+015
  1.622486381875879E+015 -2.801866556457012E+017  1.622486381875879E+015
  1.699030129031343E+015 -2.867196497491528E+017  1.699030129031343E+015
  1.779184966729104E+015 -2.934049709213484E+017  1.779184966729104E+015
  1.863121254735823E+015 -3.002461709083184E+017  1.863121254735823E+015
  1.951017389850119E+015 -3.072468842706574E+017  1.951017389850119E+015
  2.043060185064178E+015 -3.144108303144770E+017  2.043060185064178E+015
  2.139445266612991E+015 -3.217418150673809E+017  2.139445266612991E+015
  2.240377489755130E+015 -3.292437333005137E+017  2.240377489755130E+015
  2.346071374168716E+015 -3.369205705977564E+017  2.346071374168716E+015
  2.456751559888006E+015 -3.447764054731688E+017  2.456751559888006E+015
  2.572653284749598E+015 -3.528154115378033E+017  2.572653284749598E+015
  2.694022884363044E+015 -3.610418597170410E+017  2.694022884363044E+015
  2.821118315668484E+015 -3.694601205196296E+017  2.821118315668484E+015
  2.954209705194053E+015 -3.780746663596262E+017  2.954209705194053E+015
  3.093579923178347E+015 -3.868900739324804E+017  3.093579923178347E+015
  3.239525184778142E+015 -3.959110266465203E+017  3.239525184778142E+015
  3.392355679639198E+015 -4.051423171111304E+017  3.392355679639198E+015
  3.552396231168194E+015 -4.145888496829477E+017  3.552396231168194E+015
  3.719986986907036E+015 -4.242556430714251E+017  3.719986986907036E+015
  3.895484141476812E+015 -4.341478330051471E+017  3.895484141476812E+015
  4.079260693627946E+015 -4.442706749603165E+017  4.079260693627946E+015
  4.271707239005586E+015 -4.546295469528581E+017  4.271707239005586E+015
  4.473232800315114E+015 -4.652299523956269E+017  4.473232800315114E+015
  4.684265696652262E+015 -4.760775230222342E+017  4.684265696652262E+015
  4.905254453845412E+015 -4.871780218790497E+017  4.905254453845412E+015
  5.136668757744992E+015 -4.985373463869649E+017  5.136668757744992E+015
  5.379000452486007E+015 -5.101615314745475E+017  5.379000452486007E+015
  5.632764585845438E+015 -5.220567527842500E+017  5.632764585845438E+015
  5.898500503916265E+015 -5.342293299533757E+017  5.898500503916265E+015
  6.176772997424736E+015 -5.466857299715462E+017  6.176772997424736E+015
  6.468173502127241E+015 -5.594325706164533E+017  6.468173502127241E+015
  6.773321355838085E+015 -5.724766239697204E+017  6.773321355838085E+015
  7.092865114759834E+015 -5.858248200147429E+017  7.092865114759834E+015
  7.427483931913961E+015 -5.994842503184165E+017  7.427483931913961E+015
  7.777889000601422E+015 -6.134621717987123E+017  7.777889000601422E+015
  8.144825065961161E+015 -6.277660105800973E+017  8.144825065961161E+015
  8.529072007839103E+015 -6.424033659388516E+017  8.529072007839103E+015
  8.931446498331879E+015 -6.573820143403759E+017  8.931446498331879E+015
  9.352803737528208E+015 -6.727099135706355E+017  9.352803737528208E+015
  9.794039271137018E+015 -6.883952069639356E+017  9.794039271137018E+015
  1.025609089386549E+016 -7.044462277292733E+017  1.025609089386549E+016
  1.073994064259240E+016 -7.208715033775663E+017  1.073994064259240E+016
  1.124661688357312E+016 -7.376797602521087E+017  1.124661688357312E+016
  1.177719649811219E+016 -7.548799281646610E+017  1.177719649811219E+016
  1.233280717134906E+016 -7.724811451396398E+017  1.233280717134906E+016
  1.291462978902144E+016 -7.904927622689231E+017  1.291462978902144E+016
  1.352390094730036E+016 -8.089243486798559E+017  1.352390094730036E+016
  1.416191558103111E+016 -8.277856966190897E+017  1.416191558103111E+016
  1.483002971596651E+016 -8.470868266549626E+017  1.483002971596651E+016
  1.552966335084147E+016 -8.668379930011790E+017  1.552966335084147E+016
  1.626230347541493E+016 -8.870496889646208E+017  1.626230347541493E+016
  1.702950723089323E+016 -9.077326525201811E+017  1.702950723089323E+016
  1.783290521945234E+016 -9.288978720155862E+017  1.783290521945234E+016
  1.867420496989272E+016 -9.505565920092326E+017  1.867420496989272E+016
  1.955519456679284E+016 -9.727203192441437E+017  1.955519456679284E+016
  2.047774645087453E+016 -9.954008287612178E+017  2.047774645087453E+016
  2.144382139865757E+016 -1.018610170155016E+018  2.144382139865757E+016
  2.245547268986164E+016 -1.042360673975417E+018  2.245547268986164E+016
  2.351485047141314E+016 -1.066664958278529E+018  2.351485047141314E+016
  2.462420632733186E+016 -1.091535935330354E+018  2.462420632733186E+016
  2.578589806421045E+016 -1.116986818466758E+018  2.578589806421045E+016
  2.700239472245757E+016 -1.143031129113386E+018  2.700239472245757E+016
  2.827628182395556E+016 -1.169682703969263E+018  2.827628182395556E+016
  2.961026686728582E+016 -1.196955702357892E+018  2.961026686728582E+016
  3.100718508220168E+016 -1.224864613749750E+018  3.100718508220168E+016
  3.247000545557862E+016 -1.253424265460187E+018  3.247000545557862E+016
  3.400183704165013E+016 -1.282649830526815E+018  3.400183704165013E+016
  3.560593556993992E+016 -1.312556835770565E+018  3.560593556993992E+016
  3.728571036493582E+016 -1.343161170044705E+018  3.728571036493582E+016
  3.904473159221157E+016 -1.374479092676191E+018  3.904473159221157E+016
  4.088673784639768E+016 -1.406527242103855E+018  4.088673784639768E+016
  4.281564409712873E+016 -1.439322644717989E+018  4.281564409712873E+016
  4.483555000985499E+016 -1.472882723906047E+018  4.483555000985499E+016
  4.695074865920366E+016 -1.507225309309263E+018  4.695074865920366E+016
  4.916573565340866E+016 -1.542368646295095E+018  4.916573565340866E+016
  5.148521868920202E+016 -1.578331405650544E+018  5.148521868920202E+016
  5.391412755747474E+016 -1.615132693501476E+018  5.391412755747474E+016
  5.645762462097270E+016 -1.652792061463238E+018  5.645762462097270E+016
  5.912111578629725E+016 -1.691329517027947E+018  5.912111578629725E+016
  6.191026199352958E+016 -1.730765534193980E+018  6.191026199352958E+016
  6.483099124789922E+016 -1.771121064343297E+018  6.483099124789922E+016
  6.788951121906830E+016 -1.812417547372399E+018  6.788951121906830E+016
  7.109232243481007E+016 -1.854676923082812E+018  7.109232243481007E+016
  7.444623209712309E+016 -1.897921642837165E+018  7.444623209712309E+016
  7.795836855014574E+016 -1.942174681487039E+018  7.795836855014574E+016
  8.163619643062117E+016 -1.987459549578944E+018  8.163619643062117E+016
  8.548753253311254E+016 -2.033800305844889E+018  8.548753253311254E+016
  8.952056242368923E+016 -2.081221569984191E+018  8.952056242368923E+016
  9.374385783739333E+016 -2.129748535743317E+018  9.374385783739333E+016
  9.816639489646373E+016 -2.179406984300694E+018  9.816639489646373E+016
  1.027975731880379E+017 -2.230223297963618E+018  1.027975731880379E+017
  1.076472357418789E+017 -2.282224474184517E+018  1.076472357418789E+017
  1.127256899505881E+017 -2.335438139904035E+018  1.127256899505881E+017
  1.180437294767670E+017 -2.389892566228542E+018  1.180437294767670E+017
  1.236126571936894E+017 -2.445616683449873E+018  1.236126571936894E+017
  1.294443092082408E+017 -2.502640096415279E+018  1.294443092082408E+017
  1.355510800171850E+017 -2.560993100255750E+018  1.355510800171850E+017
  1.419459488502222E+017 -2.620706696481072E+018  1.419459488502222E+017
  1.486425072558292E+017 -2.681812609450162E+018  1.486425072558292E+017
  1.556549879885117E+017 -2.744343303225438E+018  1.556549879885117E+017
  1.629982952588656E+017 -2.808331998820168E+018  1.629982952588656E+017
  1.706880364107396E+017 -2.873812691847984E+018  1.706880364107396E+017
  1.787405550928260E+017 -2.940820170583901E+018  1.787405550928260E+017
  1.871729659951808E+017 -3.009390034446476E+018  1.871729659951808E+017
  1.960031912245037E+017 -3.079558712910897E+018  1.960031912245037E+017
  2.052499983954869E+017 -3.151363484863063E+018  2.052499983954869E+017
  2.149330405191929E+017 -3.224842498404936E+018  2.149330405191929E+017
  2.250728977732395E+017 -3.300034791121688E+018  2.250728977732395E+017
  2.356911212425692E+017 -3.376980310821401E+018  2.356911212425692E+017
  2.468102787237684E+017 -3.455719936758352E+018  2.468102787237684E+017
  2.584540026902890E+017 -3.536295501351157E+018  2.584540026902890E+017
  2.706470405205174E+017 -3.618749812407294E+018  2.706470405205174E+017
  2.834153070954425E+017 -3.703126675865837E+018  2.834153070954425E+017
  2.967859398777157E+017 -3.789470919070471E+018  2.967859398777157E+017
  3.107873565891654E+017 -3.877828414585152E+018  3.107873565891654E+017
  3.254493156093526E+017 -3.968246104565065E+018  3.254493156093526E+017
  3.408029792235391E+017 -4.060772025695833E+018  3.408029792235391E+017
  3.568809798544935E+017 -4.155455334714225E+018  3.568809798544935E+017
  3.737174894189023E+017 -4.252346334523911E+018  3.737174894189023E+017
  3.913482919557974E+017 -4.351496500920155E+018  3.913482919557974E+017
  4.098108596813604E+017 -4.452958509937634E+018  4.098108596813604E+017
  4.291444326317514E+017 -4.556786265835912E+018  4.291444326317514E+017
  4.493901020632329E+017 -4.663034929737446E+018  4.493901020632329E+017
  4.705908977868468E+017 -4.771760948933324E+018  4.705908977868468E+017
  4.927918796232630E+017 -4.883022086872317E+018  4.927918796232630E+017
  5.160402331721769E+017 -4.996877453849177E+018  5.160402331721769E+017
  5.403853700998033E+017 -5.113387538408471E+018  5.403853700998033E+017
  5.658790331576145E+017 -5.232614239480655E+018  5.658790331576145E+017
  5.925754061555286E+017 -5.354620899267445E+018  5.925754061555286E+017
  6.205312291232832E+017 -5.479472336893965E+018  6.205312291232832E+017
  6.498059189047566E+017 -5.607234882845548E+018  6.498059189047566E+017
  6.804616954415450E+017 -5.737976414207481E+018  6.804616954415450E+017
  7.125637140141978E+017 -5.871766390726430E+018  7.125637140141978E+017
  7.461802037221731E+017 -6.008675891712685E+018  7.461802037221731E+017
  7.813826124968383E+017 -6.148777653802840E+018  7.813826124968383E+017
  8.182457589557211E+017 -6.292146109602975E+018  8.182457589557211E+017
  8.568479914207628E+017 -6.438857427232860E+018  8.568479914207628E+017
  8.972713544385454E+017 -6.588989550792195E+018  8.972713544385454E+017
  9.396017631564155E+017 -6.742622241770387E+018  9.396017631564155E+017
  9.839291859251167E+017 -6.899837121421858E+018  9.839291859251167E+017
  1.030347835516035E+018 -7.060717714129402E+018  1.030347835516035E+018
  1.078956369359465E+018 -7.225349491778627E+018  1.078956369359465E+018
  1.129858099229482E+018 -7.393819919167057E+018  1.129858099229482E+018
  1.183161210821078E+018 -7.566218500472019E+018  1.183161210821078E+018
  1.238978993686246E+018 -7.742636826802000E+018  1.238978993686246E+018
  1.297430082017726E+018 -7.923168624856745E+018  1.297430082017726E+018
  1.358638706792152E+018 -8.107909806721932E+018  1.358638706792152E+018
  1.422734959808518E+018 -8.296958520824902E+018  1.422734959808518E+018
  1.489855070183135E+018 -8.490415204078483E+018  1.489855070183135E+018
  1.560141693888743E+018 -8.688382635240657E+018  1.560141693888743E+018
  1.633744216953156E+018 -8.890965989518360E+018  1.633744216953156E+018
  1.710819072961858E+018 -9.098272894444482E+018  1.710819072961858E+018
  1.791530075539354E+018 -9.310413487057713E+018  1.791530075539354E+018
  1.876048766515944E+018 -9.527500472415635E+018  1.876048766515944E+018
  1.964554780519888E+018 -9.749649183472132E+018  1.964554780519888E+018
  2.057236226769879E+018 -9.976977642350938E+018  2.057236226769879E+018
  2.154290088879262E+018 -1.020960662304789E+019  2.154290088879262E+018
  2.255922643521751E+018 -1.044765971559514E+019  2.255922643521751E+018
  2.362349898848461E+018 -1.069126339172153E+019  2.362349898848461E+018
  2.473798053588058E+018 -1.094054707204385E+019  2.473798053588058E+018
  2.590503977805798E+018 -1.119564319482486E+019  2.590503977805798E+018
  2.712715716343248E+018 -1.145668728633444E+019  2.712715716343248E+018
  2.840693016008691E+018 -1.172381803285134E+019  2.840693016008691E+018
  2.974707877638694E+018 -1.199717735434382E+019  2.974707877638694E+018
  3.115045134204191E+018 -1.227691047986818E+019  3.115045134204191E+018
  3.262003056189772E+018 -1.256316602472540E+019  3.262003056189772E+018
  3.415893985532833E+018 -1.285609606941674E+019  3.415893985532833E+018
  3.577044999469969E+018 -1.315585624044041E+019  3.577044999469969E+018
  3.745798605701524E+018 -1.346260579297204E+019  3.745798605701524E+018
  3.922513470351796E+018 -1.377650769547305E+019  3.922513470351796E+018
  4.107565180272080E+018 -1.409772871627172E+019  4.107565180272080E+018
  4.301347041306760E+018 -1.442643951216317E+019  4.301347041306760E+018
  4.504270914219040E+018 -1.476281471907502E+019  4.504270914219040E+018
  4.716768090053003E+018 -1.510703304484719E+019  4.716768090053003E+018
  4.939290206792467E+018 -1.545927736417492E+019  4.939290206792467E+018
  5.172310209264884E+018 -1.581973481576564E+019  5.172310209264884E+018
  5.416323354330455E+018 -1.618859690176109E+019  5.416323354330455E+018
  5.671848263492878E+018 -1.656605958947772E+019  5.671848263492878E+018
  5.939428025168908E+018 -1.695232341551923E+019  5.939428025168908E+018
  6.219631348959506E+018 -1.734759359231678E+019  6.219631348959506E+018
  6.513053774375814E+018 -1.775208011715324E+019  6.513053774375814E+018
  6.820318936588988E+018 -1.816599788372957E+019  6.820318936588988E+018
  7.142079891894081E+018 -1.858956679633256E+019  7.142079891894081E+018
  7.479020505705090E+018 -1.902301188666452E+019  7.479020505705090E+018
  7.831856906031197E+018 -1.946656343339705E+019  7.831856906031197E+018
  8.201339005523409E+018 -1.992045708451248E+019  8.201339005523409E+018
  8.588252095326493E+018 -2.038493398249773E+019  8.588252095326493E+018
  8.993418514123801E+018 -2.086024089245746E+019  8.993418514123801E+018
  9.417699395922299E+018 -2.134663033321415E+019  9.417699395922299E+018
  9.861996500292563E+018 -2.184436071146526E+019  9.861996500292563E+018
  1.032725412895364E+019 -2.235369645906820E+019  1.032725412895364E+019
  1.081446113277631E+019 -2.287490817352652E+019  1.081446113277631E+019
  1.132465301347041E+019 -2.340827276175164E+019  1.132465301347041E+019
  1.185891412442299E+019 -2.395407358717669E+019  1.185891412442299E+019
  1.241837997536511E+019 -2.451260062030048E+019  1.241837997536511E+019
  1.300423964576543E+019 -2.508415059274165E+019  1.300423964576543E+019
  1.361773831208008E+019 -2.566902715488489E+019  1.361773831208008E+019
  1.426017989423005E+019 -2.626754103720287E+019  1.426017989423005E+019
  1.493292982693110E+019 -2.688001021533966E+019  1.493292982693110E+019
  1.563741796176607E+019 -2.750676007904333E+019  1.563741796176607E+019
  1.637514160616785E+019 -2.814812360503752E+019  1.637514160616785E+019
  1.714766870577177E+019 -2.880444153392371E+019  1.714766870577177E+019
  1.795664117690136E+019 -2.947606255120832E+019  1.795664117690136E+019
  1.880377839627019E+019 -3.016334347255067E+019  1.880377839627019E+019
  1.969088085531664E+019 -3.086664943333039E+019  1.969088085531664E+019
  2.061983398693868E+019 -3.158635408263476E+019  2.061983398693868E+019
  2.159261217276176E+019 -3.232283978176927E+019  2.159261217276176E+019
  2.261128293945685E+019 -3.307649780739676E+019  2.261128293945685E+019
  2.367801135302749E+019 -3.384772855941300E+019  2.367801135302749E+019
  2.479506462040523E+019 -3.463694177366932E+019  2.479506462040523E+019
  2.596481690813374E+019 -3.544455673965511E+019  2.596481690813374E+019
  2.718975438838320E+019 -3.627100252325598E+019  2.718975438838320E+019
  2.847248052301942E+019 -3.711671819470588E+019  2.847248052301942E+019
  2.981572159695873E+019 -3.798215306185426E+019  2.981572159695873E+019
  3.122233251256880E+019 -3.886776690887222E+019  3.122233251256880E+019
  3.269530285743095E+019 -3.977403024052453E+019  3.269530285743095E+019
  3.423776325836019E+019 -4.070142453213713E+019  3.423776325836019E+019
  3.585299203518762E+019 -4.165044248539314E+019  3.585299203518762E+019
  3.754442216844725E+019 -4.262158829009304E+019  3.754442216844725E+019
  3.931564859577601E+019 -4.361537789201832E+019  3.931564859577601E+019
  4.117043585253486E+019 -4.463233926704067E+019  4.117043585253486E+019
  4.311272607288984E+019 -4.567301270162256E+019  4.311272607288984E+019
  4.514664736835898E+019 -4.673795107985807E+019  4.514664736835898E+019
  4.727652260163222E+019 -4.782772017720660E+019  4.727652260163222E+019
  4.950687857431224E+019 -4.894289896107533E+019  4.950687857431224E+019
  5.184245564810385E+019 -5.008407989841036E+019  5.184245564810385E+019
  5.428821781990022E+019 -5.125186927045974E+019  5.428821781990022E+019
  5.684936327217992E+019 -5.244688749487573E+019  5.684936327217992E+019
  5.953133542113798E+019 -5.366976945532740E+019  5.953133542113798E+019
  6.233983448603261E+019 -5.492116483879856E+019  6.233983448603261E+019
  6.528082960433699E+019 -5.620173848075053E+019  6.528082960433699E+019
  6.836057151844541E+019 -5.751217071833273E+019  6.836057151844541E+019
  7.158560586089769E+019 -5.885315775182898E+019  7.158560586089769E+019
  7.496278706635843E+019 -6.022541201453159E+019  7.496278706635843E+019
  7.849929293991907E+019 -6.162966255123951E+019  7.849929293991907E+019
  8.220263991268613E+019 -6.306665540558186E+019  8.220263991268613E+019
  8.608069901707964E+019 -6.453715401637249E+019  8.608069901707964E+019
  9.014171261579529E+019 -6.604193962320613E+019  9.014171261579529E+019
  9.439431191998577E+019 -6.758181168151172E+019  9.439431191998577E+019
  9.884753533389426E+019 -6.915758828728335E+019  9.884753533389426E+019
  1.035108476649294E+020 -7.077010661171442E+019  1.035108476649294E+020
  1.083941602400103E+020 -7.242022334596603E+019  1.083941602400103E+020
  1.135078519709372E+020 -7.410881515630585E+019  1.135078519709372E+020
  1.188627914135585E+020 -7.583677914985929E+019  1.188627914135585E+020
  1.244703598676203E+020 -7.760503335122025E+019  1.244703598676203E+020
  1.303424755663920E+020 -7.941451719017500E+019  1.303424755663920E+020
  1.364916190074828E+020 -8.126619200079806E+019  1.364916190074828E+020
  1.429308594786843E+020 -8.316104153218515E+019  1.429308594786843E+020
  1.496738828352196E+020 -8.510007247109485E+019  1.496738828352196E+020
  1.567350205874328E+020 -8.708431497677640E+019  1.567350205874328E+020
  1.641292803607445E+020 -8.911482322826787E+019  1.641292803607445E+020
  1.718723777926106E+020 -9.119267598445545E+019  1.718723777926106E+020
  1.799807699342787E+020 -9.331897715719137E+019  1.799807699342787E+020
  1.884716902283321E+020 -9.549485639777509E+019  1.884716902283321E+020
  1.973631851363638E+020 -9.772146969710902E+019  1.973631851363638E+020
  2.066741524946282E+020 -9.999999999984802E+019  2.066741524946282E+020
