   2.001975E-091
   2.000465E-091
   1.995925E-091
   1.988331E-091
   1.977640E-091
   1.963794E-091
   1.946720E-091
   1.926331E-091
   1.902526E-091
   1.875198E-091
   1.844227E-091
   1.809491E-091
   1.770862E-091
   1.728218E-091
   1.681439E-091
   1.630417E-091
   1.575061E-091
   1.515302E-091
   1.451101E-091
   1.382459E-091
   1.309426E-091
   1.232109E-091
   1.150690E-091
   1.065435E-091
   9.767119E-092
   8.850093E-092
   7.909531E-092
   6.953309E-092
   5.991161E-092
   5.034950E-092
   4.098975E-092
   3.200312E-092
   2.359181E-092
   1.599369E-092
   9.486791E-093
   4.394404E-093
   1.090599E-093
   6.325087E-096
   1.636101E-093
   6.545343E-093
   1.537838E-092
   2.886724E-092
   4.784116E-092
   7.323708E-092
   1.061109E-091
   1.476499E-091
   1.991861E-091
   2.622106E-091
   3.383895E-091
   4.295811E-091
   5.378534E-091
   6.647046E-091
   8.104180E-091
   9.755526E-091
   1.160331E-090
   1.364569E-090
   1.587624E-090
   1.828351E-090
   2.085051E-090
   2.355444E-090
   2.636636E-090
   2.925101E-090
   3.216679E-090
   3.506585E-090
   3.789434E-090
   4.059287E-090
   4.309720E-090
   4.533917E-090
   4.724790E-090
   4.875129E-090
   4.977795E-090
   5.025935E-090
   5.013256E-090
   4.934334E-090
   4.784973E-090
   4.562629E-090
   4.266877E-090
   3.899955E-090
   3.467370E-090
   2.978582E-090
   2.447761E-090
   1.894637E-090
   1.345437E-090
   8.339193E-091
   4.025124E-091
   1.035640E-091
   7.071021E-094
   1.696880E-091
   6.743442E-091
   1.545537E-090
   2.791327E-090
   4.395222E-090
   6.315411E-090
   8.484971E-090
   1.081311E-089
   1.318760E-089
   1.547843E-089
   1.754301E-089
   1.923278E-089
   2.040165E-089
   2.091622E-089
   2.066794E-089
   1.958756E-089
   1.766171E-089
   1.495196E-089
   1.161651E-089
   7.934660E-090
   4.334284E-090
   1.422387E-090
   1.905976E-092
   1.194925E-090
   6.312327E-090
   1.706379E-089
   3.451935E-089
   5.850435E-089
   8.841623E-089
   1.229904E-088
   1.603314E-088
   1.979926E-088
   2.331013E-088
   2.625311E-088
   2.831261E-088
   2.919793E-088
   2.867690E-088
   2.661575E-088
   2.302549E-088
   1.811526E-088
   1.235293E-088
   6.533540E-089
   1.855821E-089
   7.252364E-092
   3.258142E-089
   1.456510E-088
   3.713116E-088
   7.086274E-088
   1.141366E-087
   1.640677E-087
   2.164867E-087
   2.662230E-087
   3.075182E-087
   3.345701E-087
   3.422151E-087
   3.267530E-087
   2.869238E-087
   2.250423E-087
   1.482993E-087
   7.023639E-088
   1.240169E-088
   6.195956E-089
   9.491518E-088
   3.359968E-087
   7.734704E-087
   1.375667E-086
   2.091770E-086
   2.846803E-086
   3.547000E-086
   4.089298E-086
   4.373890E-086
   4.319864E-086
   3.884026E-086
   3.083029E-086
   2.018928E-086
   9.083250E-087
   1.152005E-087
   1.876103E-087
   1.898365E-086
   6.286378E-086
   1.382320E-085
   2.361881E-085
   3.449434E-085
   4.489813E-085
   5.307540E-085
   5.731106E-085
   5.623683E-085
   4.920279E-085
   3.671499E-085
   2.094119E-085
   6.286586E-086
   4.218155E-088
   1.310766E-085
   6.079129E-085
   1.594485E-084
   2.984496E-084
   4.565615E-084
   6.074351E-084
   7.214549E-084
   7.704426E-084
   7.336407E-084
   6.049449E-084
   4.013972E-084
   1.729651E-084
   1.363797E-085
   7.387289E-085
   5.744232E-084
   1.812830E-083
   3.791866E-083
   6.146919E-083
   8.455093E-083
   1.023523E-082
   1.102625E-082
   1.048892E-082
   8.529203E-083
   5.443151E-083
   2.083420E-083
   4.774660E-085
   1.889861E-083
   1.135335E-082
   2.963112E-082
   3.968640E-082
   2.934698E-082
   5.770491E-083
   9.823065E-083
   1.340677E-081
   5.437092E-081
   1.500479E-080
   3.389475E-080
   6.749001E-080
   1.230342E-079
   2.100967E-079
   5.202482E-079
   2.013095E-078
   7.057001E-078
   2.049821E-077
   5.075206E-077
   1.110502E-076
   2.208518E-076
   4.074202E-076
   7.075642E-076
   1.169547E-075
   1.855166E-075
   3.645253E-075
   1.237524E-074
   4.232349E-074
   1.234995E-073
   3.089296E-073
   6.828185E-073
   1.369772E-072
   2.545077E-072
   4.446040E-072
   7.384385E-072
   1.181433E-071
   2.648410E-071
   8.148495E-071
   2.411328E-070
   6.281790E-070
   1.447010E-069
   3.009831E-069
   5.765954E-069
   1.033418E-068
   1.753827E-068
   2.844763E-068
   5.443459E-068
   1.462675E-067
   4.050843E-067
   1.024018E-066
   2.326122E-066
   4.806189E-066
   9.177461E-066
   1.642316E-065
   2.785284E-065
   4.527226E-065
   8.984018E-065
   2.270586E-064
   5.788315E-064
   1.365411E-063
   2.941950E-063
   5.839031E-063
   1.080761E-062
   1.886832E-062
   3.136511E-062
   5.351877E-062
   1.182877E-061
   2.863403E-061
   6.677383E-061
   1.444675E-060
   2.894212E-060
   5.413488E-060
   9.547382E-060
   1.601861E-059
   2.666971E-059
   5.477805E-059
   1.251144E-058
   2.808565E-058
   5.930403E-058
   1.169262E-057
   2.163277E-057
   3.785506E-057
   6.314428E-057
   1.065749E-056
   2.164449E-056
   4.730405E-056
   1.012606E-055
   2.052050E-055
   3.912543E-055
   7.045380E-055
   1.206015E-054
   1.978065E-054
   3.534967E-054
   7.241317E-054
   1.519978E-053
   3.085661E-053
   5.944189E-053
   1.084379E-052
   1.880893E-052
   3.119551E-052
   5.237974E-052
   1.008801E-051
   2.046834E-051
   4.089117E-051
   7.826931E-051
   1.425623E-050
   2.474782E-050
   4.112311E-050
   6.786597E-050
   1.259585E-049
   2.474402E-049
   4.823758E-049
   9.069603E-049
   1.630474E-048
   2.802792E-048
   4.622475E-048
   7.626942E-048
   1.396369E-047
   2.672698E-047
   5.068051E-047
   9.293349E-047
   1.635353E-046
   2.761147E-046
   4.487142E-046
   7.522493E-046
   1.374107E-045
   2.569904E-045
   4.729240E-045
   8.417264E-045
   1.441580E-044
   2.376740E-044
   3.826987E-044
   6.613653E-044
   1.203035E-043
   2.192882E-043
   3.904205E-043
   6.720570E-043
   1.115921E-042
   1.791017E-042
   2.961293E-042
   5.222806E-042
   9.360748E-042
   1.653473E-041
   2.838448E-041
   4.713423E-041
   7.570572E-041
   1.221467E-040
   2.098865E-040
   3.691560E-040
   6.437640E-040
   1.095668E-039
   1.808940E-039
   2.893966E-039
   4.615226E-039
   7.787450E-039
   1.345807E-038
   2.311509E-038
   3.884892E-038
   6.348191E-038
   1.007068E-037
   1.597831E-037
   2.665904E-037
   4.535423E-037
   7.662921E-037
   1.268203E-036
   2.044008E-036
   3.204924E-036
   5.087495E-036
   8.426817E-036
   1.412643E-035
   2.345431E-035
   3.814196E-035
   6.047458E-035
   9.377446E-035
   1.496800E-034
   2.462642E-034
   4.065478E-034
   6.624278E-034
   1.056639E-033
   1.644716E-033
   2.544985E-033
   4.083529E-033
   6.657491E-033
   1.080302E-032
   1.724667E-032
   2.694184E-032
   4.123273E-032
   6.447447E-032
   1.034120E-031
   1.663761E-031
   2.647006E-031
   4.133625E-031
   6.317027E-031
   9.676106E-031
   1.525524E-030
   2.427304E-030
   3.836423E-030
   5.969662E-030
   9.106434E-030
   1.376836E-029
   2.136628E-029
   3.359297E-029
   5.264251E-029
   8.142410E-029
   1.236900E-028
   1.854418E-028
   2.839940E-028
   4.413518E-028
   6.850351E-028
   1.051400E-027
   1.587243E-027
   2.363108E-027
   3.581126E-027
   5.505684E-027
   8.460032E-027
   1.286855E-026
   1.927511E-026
   2.850286E-026
   4.283991E-026
   6.521398E-026
   9.918428E-026
   1.493877E-025
   2.217284E-025
   3.257357E-025
   4.863426E-025
   7.334989E-025
   1.103977E-024
   1.645264E-024
   2.417357E-024
   3.531563E-024
   5.242196E-024
   7.834446E-024
   1.166517E-023
   1.719050E-023
   2.498832E-023
   3.636882E-023
   5.367093E-023
   7.945901E-023
   1.169872E-022
   1.703665E-022
   2.452495E-022
   3.560729E-022
   5.220176E-022
   7.650698E-022
   1.113106E-021
   1.600916E-021
   2.290406E-021
   3.315429E-021
   4.822396E-021
   6.990121E-021
   1.004284E-020
   1.427253E-020
   2.037744E-020
   2.935297E-020
   4.229613E-020
   6.057815E-020
   8.589589E-020
   1.212264E-019
   1.727268E-019
   2.470121E-019
   3.520563E-019
   4.977388E-019
   6.974601E-019
   9.827683E-019
   1.393378E-018
   1.973627E-018
   2.778284E-018
   3.875220E-018
   5.404825E-018
   7.593758E-018
   1.067985E-017
   1.495261E-017
   2.076554E-017
   2.871485E-017
   3.997950E-017
   5.579959E-017
   7.763716E-017
   1.072722E-016
   1.472856E-016
   2.032747E-016
   2.814901E-016
   3.889959E-016
   5.343569E-016
   7.289698E-016
   9.977748E-016
   1.370839E-015
   1.880846E-015
   2.567175E-015
   3.480003E-015
   4.726234E-015
   6.442871E-015
   8.774690E-015
   1.189479E-014
   1.601934E-014
   2.159566E-014
   2.921419E-014
   3.948815E-014
   5.314513E-014
   7.108798E-014
   9.515358E-014
   1.277499E-013
   1.713597E-013
   2.289110E-013
   3.040583E-013
   4.041995E-013
   5.386420E-013
   7.169901E-013
   9.505100E-013
   1.253588E-012
   1.655204E-012
   2.189391E-012
   2.891657E-012
   3.803468E-012
   4.980424E-012
   6.531532E-012
   8.574626E-012
   1.123521E-011
   1.465923E-011
   1.905998E-011
   2.482397E-011
   3.233909E-011
   4.202952E-011
   5.438819E-011
   7.022822E-011
   9.081564E-011
   1.173746E-010
   1.512744E-010
   1.941452E-010
   2.489800E-010
   3.195755E-010
   4.096586E-010
   5.234477E-010
   6.664224E-010
   8.486808E-010
   1.080796E-009
   1.373698E-009
   1.739806E-009
   2.198215E-009
   2.778705E-009
   3.509501E-009
   4.421274E-009
   5.550228E-009
   6.960821E-009
   8.729218E-009
   1.092918E-008
   1.364263E-008
   1.698188E-008
   2.113377E-008
   2.627741E-008
   3.259946E-008
   4.031287E-008
   4.977588E-008
   6.143123E-008
   7.569368E-008
   9.301452E-008
   1.139917E-007
   1.395977E-007
   1.707550E-007
   2.084047E-007
   2.536113E-007
   3.081245E-007
   3.739865E-007
   4.530923E-007
   5.474754E-007
   6.599050E-007
   7.945026E-007
   9.550122E-007
   1.145250E-006
   1.369624E-006
   1.635228E-006
   1.949321E-006
   2.318728E-006
   2.750746E-006
   3.256010E-006
   3.847689E-006
   4.537411E-006
   5.337092E-006
   6.261546E-006
   7.331903E-006
   8.566979E-006
   9.985044E-006
   1.160622E-005
   1.345965E-005
   1.557350E-005
   1.797336E-005
   2.068541E-005
   2.374405E-005
   2.718591E-005
   3.104254E-005
   3.534455E-005
   4.012574E-005
   4.542269E-005
   5.126651E-005
   5.768539E-005
   6.470291E-005
   7.233530E-005
   8.059753E-005
   8.950102E-005
   9.904407E-005
   1.091899E-004
   1.199086E-004
   1.311725E-004
   1.429369E-004
   1.550755E-004
   1.674754E-004
   1.800464E-004
   1.926782E-004
   2.051184E-004
   2.171319E-004
   2.285524E-004
   2.392033E-004
   2.487063E-004
   2.567018E-004
   2.629757E-004
   2.673306E-004
   2.693319E-004
   2.685796E-004
   2.649232E-004
   2.582798E-004
   2.483448E-004
   2.349053E-004
   2.181114E-004
   1.982557E-004
   1.755026E-004
   1.502239E-004
   1.232443E-004
   9.561782E-005
   6.845467E-005
   4.322271E-005
   2.186645E-005
   6.635463E-006
   6.908228E-008
   5.164484E-006
   2.532454E-005
   6.428081E-005
   1.261898E-004
   2.155996E-004
   3.373136E-004
   4.963664E-004
   6.979547E-004
   9.474134E-004
   1.250177E-003
   1.611552E-003
   2.035966E-003
   2.527807E-003
   3.091495E-003
   3.730412E-003
   4.445129E-003
   5.236653E-003
   6.106086E-003
   7.051552E-003
   8.066313E-003
   9.145746E-003
   1.028548E-002
   1.147483E-002
   1.269809E-002
   1.394424E-002
   1.520229E-002
   1.645096E-002
   1.766761E-002
   1.883662E-002
   1.994158E-002
   2.095392E-002
   2.185055E-002
   2.261621E-002
   2.323354E-002
   2.367673E-002
   2.393102E-002
   2.398865E-002
   2.383984E-002
   2.347460E-002
   2.289390E-002
   2.210427E-002
   2.111420E-002
   1.993683E-002
   1.859124E-002
   1.710183E-002
   1.550008E-002
   1.381745E-002
   1.208615E-002
   1.034553E-002
   8.639094E-003
   7.001821E-003
   5.467102E-003
   4.074911E-003
   2.857444E-003
   1.835832E-003
   1.028985E-003
   4.534837E-004
   1.120398E-004
   2.231763E-012
   1.070810E-004
   4.123656E-004
   8.887019E-004
   1.505394E-003
   2.220854E-003
   2.990715E-003
   3.774482E-003
   4.529214E-003
   5.207206E-003
   5.771594E-003
   6.193774E-003
   6.447278E-003
   6.514727E-003
   6.391545E-003
   6.083835E-003
   5.608242E-003
   4.988800E-003
   4.257921E-003
   3.461841E-003
   2.649198E-003
   1.866044E-003
   1.163456E-003
   5.945518E-004
   1.992819E-004
   1.144862E-005
   5.799669E-005
   3.495489E-004
   8.864406E-004
   1.656949E-003
   2.626193E-003
   3.754372E-003
   4.998323E-003
   6.291367E-003
   7.563308E-003
   8.756754E-003
   9.809821E-003
   1.065456E-002
   1.124584E-002
   1.155365E-002
   1.155525E-002
   1.124520E-002
   1.063681E-002
   9.765293E-003
   8.680022E-003
   7.433588E-003
   6.093713E-003
   4.746073E-003
   3.459670E-003
   2.297814E-003
   1.331941E-003
   6.109042E-004
   1.613578E-004
   4.533617E-007
   1.224631E-004
   5.008480E-004
   1.097037E-003
   1.848265E-003
   2.685427E-003
   3.542676E-003
   4.342156E-003
   5.010723E-003
   5.496642E-003
   5.759677E-003
   5.772823E-003
   5.533239E-003
   5.061298E-003
   4.400455E-003
   3.603149E-003
   2.734190E-003
   1.879006E-003
   1.114061E-003
   5.055886E-004
   1.197738E-004
   8.862387E-007
   1.698202E-004
   6.292923E-004
   1.348868E-003
   2.282999E-003
   3.373007E-003
   4.525990E-003
   5.653296E-003
   6.677564E-003
   7.508515E-003
   8.073635E-003
   8.332246E-003
   8.262535E-003
   7.865094E-003
   7.167694E-003
   6.230515E-003
   5.134585E-003
   3.959326E-003
   2.800231E-003
   1.761214E-003
   9.150416E-004
   3.227954E-004
   3.074469E-005
   4.574227E-005
   3.525657E-004
   9.049110E-004
   1.631761E-003
   2.457911E-003
   3.286950E-003
   4.022182E-003
   4.591640E-003
   4.932778E-003
   5.002842E-003
   4.794677E-003
   4.333503E-003
   3.669572E-003
   2.868956E-003
   2.023200E-003
   1.233586E-003
   5.833296E-004
   1.521620E-004
   1.313279E-008
   1.508588E-004
   6.045560E-004
   1.318903E-003
   2.229831E-003
   3.259100E-003
   4.292451E-003
   5.227314E-003
   5.978787E-003
   6.459418E-003
   6.617080E-003
   6.439544E-003
   5.945511E-003
   5.181144E-003
   4.221868E-003
   3.177278E-003
   2.149769E-003
   1.236489E-003
   5.385773E-004
   1.171445E-004
   3.092994E-006
   1.969385E-004
   6.573350E-004
   1.322446E-003
   2.095723E-003
   2.870782E-003
   3.556336E-003
   4.057159E-003
   4.304773E-003
   4.272347E-003
   3.964144E-003
   3.416154E-003
   2.697081E-003
   1.908934E-003
   1.152356E-003
   5.251332E-004
   1.226401E-004
   1.530085E-006
   1.889721E-004
   6.708693E-004
   1.394534E-003
   2.286888E-003
   3.232373E-003
   4.118034E-003
   4.846862E-003
   5.318422E-003
   5.474139E-003
   5.300097E-003
   4.815910E-003
   4.076086E-003
   3.173465E-003
   2.226132E-003
   1.339943E-003
   6.227894E-004
   1.624425E-004
   6.586694E-008
   1.457434E-004
   5.614071E-004
   1.179904E-003
   1.904439E-003
   2.616024E-003
   3.216796E-003
   3.615200E-003
   3.745849E-003
   3.593734E-003
   3.183186E-003
   2.571758E-003
   1.848765E-003
   1.131402E-003
   5.252384E-004
   1.245582E-004
   1.132825E-006
   1.795300E-004
   6.476055E-004
   1.340488E-003
   2.170893E-003
   3.028824E-003
   3.783424E-003
   4.338130E-003
   4.614730E-003
   4.566652E-003
   4.203643E-003
   3.580783E-003
   2.782212E-003
   1.916965E-003
   1.114918E-003
   4.798220E-004
   9.430130E-005
   6.622329E-006
   2.127356E-004
   6.693692E-004
   1.286109E-003
   1.961888E-003
   2.580579E-003
   3.030979E-003
   3.245774E-003
   3.186761E-003
   2.860199E-003
   2.322878E-003
   1.668913E-003
   1.003713E-003
   4.435497E-004
   9.052190E-005
   6.837183E-006
   2.180961E-004
   6.957312E-004
   1.377098E-003
   2.153377E-003
   2.902330E-003
   3.516356E-003
   3.888307E-003
   3.961121E-003
   3.727867E-003
   3.221807E-003
   2.520413E-003
   1.740695E-003
   1.002642E-003
   4.154626E-004
   7.204476E-005
   1.281327E-005
   2.354852E-004
   6.843885E-004
   1.273205E-003
   1.888852E-003
   2.409495E-003
   2.746967E-003
   2.834389E-003
   2.653544E-003
   2.241851E-003
   1.675853E-003
   1.056813E-003
   5.060499E-004
   1.292675E-004
   2.240307E-007
   1.529583E-004
   5.676446E-004
   1.182405E-003
   1.886381E-003
   2.566379E-003
   3.103701E-003
   3.398380E-003
   3.406567E-003
   3.124082E-003
   2.597424E-003
   1.922079E-003
   1.216682E-003
   5.964313E-004
   1.701358E-004
   1.618482E-006
   1.085942E-004
   4.554056E-004
   9.650974E-004
   1.530951E-003
   2.030199E-003
   2.369104E-003
   2.474828E-003
   2.324769E-003
   1.953288E-003
   1.434542E-003
   8.713747E-004
   3.844195E-004
   7.399787E-005
   9.051391E-006
   2.111080E-004
   6.502767E-004
   1.248759E-003
   1.891629E-003
   2.466890E-003
   2.858111E-003
   2.992851E-003
   2.849243E-003
   2.450303E-003
   1.872514E-003
   1.229225E-003
   6.365495E-004
   2.042464E-004
   8.272401E-006
   7.300411E-005
   3.716750E-004
   8.293066E-004
   1.344539E-003
   1.795709E-003
   2.089387E-003
   2.159692E-003
   1.988812E-003
   1.617850E-003
   1.127676E-003
   6.240145E-004
   2.233135E-004
   1.583931E-005
   5.426386E-005
   3.379284E-004
   8.174100E-004
   1.396670E-003
   1.957420E-003
   2.391622E-003
   2.603020E-003
   2.552560E-003
   2.251418E-003
   1.758432E-003
   1.176599E-003
   6.251751E-004
   2.097300E-004
   1.155877E-005
   5.869937E-005
   3.284484E-004
   7.456655E-004
   1.211560E-003
   1.610812E-003
   1.848991E-003
   1.873669E-003
   1.675107E-003
   1.302107E-003
   8.443507E-004
   4.081807E-004
   1.012667E-004
   5.802520E-007
   1.373961E-004
   4.875930E-004
   9.813771E-004
   1.512654E-003
   1.963263E-003
   2.240320E-003
   2.277285E-003
   2.068964E-003
   1.662549E-003
   1.144596E-003
   6.295491E-004
   2.277893E-004
   1.905128E-005
   4.054993E-005
   2.732770E-004
   6.504542E-004
   1.069816E-003
   1.428206E-003
   1.630131E-003
   1.627989E-003
   1.422741E-003
   1.064145E-003
   6.449542E-004
   2.719776E-004
   4.108938E-005
   1.727379E-005
   2.138591E-004
   5.913218E-004
   1.063862E-003
   1.526913E-003
   1.867595E-003
   2.011025E-003
   1.921984E-003
   1.620563E-003
   1.180070E-003
   7.013297E-004
   2.935173E-004
   4.822145E-005
   1.230199E-005
   1.821439E-004
   5.024988E-004
   8.832584E-004
   1.217115E-003
   1.418318E-003
   1.429719E-003
   1.250112E-003
   9.285415E-004
   5.497662E-004
   2.180025E-004
   2.498075E-005
   2.763429E-005
   2.328754E-004
   5.968757E-004
   1.031385E-003
   1.430822E-003
   1.698458E-003
   1.764713E-003
   1.617043E-003
   1.290364E-003
   8.656120E-004
   4.485460E-004
   1.371100E-004
   2.806924E-006
   6.797955E-005
   3.035509E-004
   6.338638E-004
   9.644628E-004
   1.197819E-003
   1.269396E-003
   1.159576E-003
   8.982131E-004
   5.613655E-004
   2.447759E-004
   4.054986E-005
   1.193631E-005
   1.742702E-004
   4.902256E-004
   8.815906E-004
   1.247820E-003
   1.492172E-003
   1.553798E-003
   1.413908E-003
   1.111473E-003
   7.252952E-004
   3.539493E-004
   9.212456E-005
   9.088014E-009
   9.140434E-005
   3.283070E-004
   6.348975E-004
   9.146514E-004
   1.086032E-003
   1.095716E-003
   9.424854E-004
   6.724320E-004
   3.657887E-004
   1.167558E-004
   2.431868E-006
   6.303596E-005
   2.881729E-004
   6.217353E-004
   9.723998E-004
   1.247441E-003
   1.369432E-003
   1.306196E-003
   1.075782E-003
   7.405518E-004
   3.929698E-004
   1.247320E-004
   3.575268E-006
   5.320367E-005
   2.477926E-004
   5.185716E-004
   7.790166E-004
   9.449302E-004
   9.653854E-004
   8.343352E-004
   5.924278E-004
   3.170732E-004
   9.544099E-005
   7.206505E-007
   6.823063E-005
   2.852624E-004
   5.923726E-004
   9.050017E-004
   1.131973E-003
   1.209828E-003
   1.115690E-003
   8.768979E-004
   5.630531E-004
   2.622427E-004
   5.798116E-005
   1.802594E-006
   9.970017E-005
   3.102186E-004
   5.600084E-004
   7.633685E-004
   8.547336E-004
   8.029740E-004
   6.261772E-004
   3.828382E-004
   1.535622E-004
   1.679384E-005
   2.181911E-005
   1.741025E-004
   4.324726E-004
   7.219882E-004
   9.556942E-004
   1.064771E-003
   1.015042E-003
   8.232641E-004
   5.465053E-004
   2.675268E-004
   6.748367E-005
   1.581389E-007
   7.651364E-005
   2.617447E-004
   4.864191E-004
   6.716855E-004
   7.528939E-004
   7.024172E-004
   5.382792E-004
   3.168656E-004
   1.160596E-004
   7.277030E-006
   3.295390E-005
   1.912844E-004
   4.369618E-004
   6.942490E-004
   8.840584E-004
   9.456695E-004
   8.612237E-004
   6.567171E-004
   3.969021E-004
   1.619513E-004
   2.158380E-005
   1.301716E-005
   1.288157E-004
   3.201642E-004
   5.153408E-004
   6.424704E-004
   6.564076E-004
   5.522853E-004
   3.677464E-004
   1.700080E-004
   3.152983E-005
   5.905617E-006
   1.082467E-004
   3.097938E-004
   5.473567E-004
   7.444329E-004
   8.366052E-004
   7.944629E-004
   6.315484E-004
   4.018296E-004
   1.789581E-004
   3.282284E-005
   4.923020E-006
   9.525912E-005
   2.629302E-004
   4.419056E-004
   5.635467E-004
   5.830136E-004
   4.926969E-004
   3.271635E-004
   1.485340E-004
   2.539582E-005
   7.306642E-006
   1.069373E-004
   2.947640E-004
   5.098254E-004
   6.794797E-004
   7.470939E-004
   6.892458E-004
   5.264929E-004
   3.137003E-004
   1.219487E-004
   1.268021E-005
   1.637114E-005
   1.223969E-004
   2.840316E-004
   4.354388E-004
   5.175882E-004
   4.982261E-004
   3.855966E-004
   2.234475E-004
   7.579891E-005
   2.258062E-006
   3.580856E-005
   1.700177E-004
   3.612151E-004
   5.433662E-004
   6.533525E-004
   6.521720E-004
   5.410299E-004
   3.588622E-004
   1.693334E-004
   3.644808E-005
   1.719734E-006
   6.927551E-005
   2.053347E-004
   3.514623E-004
   4.478524E-004
   4.553528E-004
   3.715058E-004
   2.300987E-004
   8.901407E-005
   6.922752E-006
   2.088439E-005
   1.314225E-004
   3.018610E-004
   4.718349E-004
   5.800221E-004
   5.870929E-004
   4.908218E-004
   3.263457E-004
   1.531698E-004
   3.195112E-005
   2.041827E-006
   6.670403E-005
   1.927713E-004
   3.246189E-004
   4.060224E-004
   4.031985E-004
   3.173791E-004
   1.847888E-004
   6.155616E-005
   1.338219E-006
   3.352642E-005
   1.511177E-004
   3.127842E-004
   4.591514E-004
   5.352182E-004
   5.127400E-004
   4.001757E-004
   2.401977E-004
   9.194074E-005
   8.357722E-006
   1.525229E-005
   1.019189E-004
   2.263084E-004
   3.326080E-004
   3.745637E-004
   3.341357E-004
   2.290644E-004
   1.051341E-004
   1.722680E-005
   6.398661E-006
   8.257914E-005
   2.199160E-004
   3.670722E-004
   4.673027E-004
   4.820027E-004
   4.054195E-004
   2.677023E-004
   1.217662E-004
   2.235862E-005
   3.562904E-006
   6.566131E-005
   1.758242E-004
   2.823714E-004
   3.372588E-004
   3.159314E-004
   2.282257E-004
   1.134555E-004
   2.397151E-005
   2.356422E-006
   6.308947E-005
   1.858135E-004
   3.234429E-004
   4.214807E-004
   4.407932E-004
   3.737411E-004
   2.474069E-004
   1.120047E-004
   1.992976E-005
   3.824676E-006
   6.344895E-005
   1.666196E-004
   2.635632E-004
   3.092844E-004
   2.826711E-004
   1.962735E-004
   9.004480E-005
   1.416111E-005
   6.404554E-006
   7.538890E-005
   1.962588E-004
   3.207142E-004
   3.980808E-004
   3.962687E-004
   3.164212E-004
   1.913874E-004
   7.226161E-005
   5.709264E-006
   1.444654E-005
   8.782404E-005
   1.872990E-004
   2.644276E-004
   2.823076E-004
   2.327698E-004
   1.392590E-004
   4.677950E-005
   8.868324E-007
   2.712613E-005
   1.188925E-004
   2.397533E-004
   3.394517E-004
   3.756307E-004
   3.331203E-004
   2.299459E-004
   1.099419E-004
   2.264895E-005
   1.798590E-006
   5.046469E-005
   1.404567E-004
   2.259332E-004
   2.646125E-004
   2.377993E-004
   1.585085E-004
   6.588602E-005
   6.397020E-006
   1.228779E-005
   8.597160E-005
   1.982905E-004
   3.015324E-004
   3.506725E-004
   3.243700E-004
   2.340381E-004
   1.193095E-004
   2.922163E-005
   3.414282E-007
   4.005863E-005
   1.239232E-004
   2.078892E-004
   2.492024E-004
   2.273558E-004
   1.531663E-004
   6.427045E-005
   6.388813E-006
   1.166513E-005
   8.263646E-005
   1.903744E-004
   2.878785E-004
   3.313671E-004
   3.015270E-004
   2.116254E-004
   1.021676E-004
   2.106076E-005
   1.743251E-006
   4.754170E-005
   1.308551E-004
   2.072803E-004
   2.370574E-004
   2.051348E-004
   1.278098E-004
   4.527318E-005
   1.351193E-006
   2.201495E-005
   1.020895E-004
   2.070873E-004
   2.896061E-004
   3.116348E-004
   2.630909E-004
   1.664252E-004
   6.584945E-005
   6.104537E-006
   1.100366E-005
   7.247824E-005
   1.552484E-004
   2.147221E-004
   2.196365E-004
   1.673324E-004
   8.554992E-005
   1.788072E-005
   2.177400E-006
   5.091181E-005
   1.444086E-004
   2.402102E-004
   2.932740E-004
   2.787324E-004
   2.033052E-004
   1.027781E-004
   2.366063E-005
   7.628474E-007
   4.009363E-005
   1.165868E-004
   1.874700E-004
   2.142164E-004
   1.824970E-004
   1.094430E-004
   3.471754E-005
   1.651471E-007
   2.784196E-005
   1.082349E-004
   2.045533E-004
   2.706799E-004
   2.747857E-004
   2.146923E-004
   1.197512E-004
   3.522918E-005
   9.044262E-008
   2.719175E-005
   9.742390E-005
   1.702587E-004
   2.050411E-004
   1.826446E-004
   1.153892E-004
   4.060375E-005
   9.938929E-007
   2.172995E-005
   9.670689E-005
   1.910774E-004
   2.585947E-004
   2.658524E-004
   2.089547E-004
   1.163804E-004
   3.359076E-005
   2.660954E-008
   2.854623E-005
   9.930375E-005
   1.708265E-004
   2.024455E-004
   1.762785E-004
   1.070814E-004
   3.408867E-005
   1.413570E-007
   2.797979E-005
   1.074756E-004
   2.003735E-004
   2.598378E-004
   2.556352E-004
   1.896893E-004
   9.566147E-005
   2.085828E-005
   1.302456E-006
   4.281078E-005
   1.184274E-004
   1.834608E-004
   2.004653E-004
   1.594852E-004
   8.419313E-005
   1.831604E-005
   1.858520E-006
   4.839901E-005
   1.370166E-004
   2.230216E-004
   2.618530E-004
   2.330878E-004
   1.518582E-004
   6.025178E-005
   5.021058E-006
   1.195572E-005
   7.247264E-005
   1.489544E-004
   1.959642E-004
   1.860260E-004
   1.249251E-004
   4.850079E-005
   2.599950E-006
   1.689488E-005
   8.782364E-005
   1.799214E-004
   2.447629E-004
   2.479335E-004
   1.876218E-004
   9.601216E-005
   2.132262E-005
   1.193922E-006
   4.218387E-005
   1.167131E-004
   1.790942E-004
   1.920976E-004
   1.478744E-004
   7.289368E-005
   1.241986E-005
   4.587766E-006
   5.809340E-005
   1.466258E-004
   2.230547E-004
   2.460612E-004
   2.029492E-004
   1.173483E-004
   3.541643E-005
   1.081507E-007
   2.698774E-005
   9.600380E-005
   1.635777E-004
   1.884257E-004
   1.553609E-004
   8.459395E-005
   1.948579E-005
   1.354226E-006
   4.482279E-005
   1.287463E-004
   2.077314E-004
   2.382046E-004
   2.030646E-004
   1.220089E-004
   3.974403E-005
   5.587143E-007
   2.283553E-005
   8.900811E-005
   1.564117E-004
   1.830430E-004
   1.523132E-004
   8.333408E-005
   1.919238E-005
   1.374774E-006
   4.456217E-005
   1.272899E-004
   2.038476E-004
   2.310657E-004
   1.932948E-004
   1.120660E-004
   3.319246E-005
   3.071743E-008
   2.810492E-005
   9.641559E-005
   1.604972E-004
   1.797581E-004
   1.419481E-004
   7.093241E-005
   1.209340E-005
   4.611238E-006
   5.723275E-005
   1.422329E-004
   2.113434E-004
   2.246291E-004
   1.742574E-004
   8.940104E-005
   1.887738E-005
   1.757923E-006
   4.427026E-005
   1.165065E-004
   1.712036E-004
   1.731555E-004
   1.210996E-004
   4.844675E-005
   2.809021E-006
   1.604782E-005
   8.412399E-005
   1.687768E-004
   2.204998E-004
   2.085564E-004
   1.400696E-004
   5.542620E-005
   3.925411E-006
   1.349278E-005
   7.402631E-005
   1.442041E-004
   1.778742E-004
   1.529894E-004
   8.581430E-005
   2.047567E-005
   1.156922E-006
   4.384028E-005
   1.256138E-004
   1.982668E-004
   2.181669E-004
   1.732271E-004
   9.056016E-005
   1.967853E-005
   1.553658E-006
   4.344937E-005
   1.148865E-004
   1.675555E-004
   1.663869E-004
   1.122032E-004
   4.101084E-005
   1.064611E-006
   2.144738E-005
   9.296340E-005
   1.732364E-004
   2.133254E-004
   1.884519E-004
   1.139866E-004
   3.554226E-005
   1.388055E-007
   2.652289E-005
   9.370741E-005
   1.550851E-004
   1.690763E-004
   1.262690E-004
   5.553159E-005
   5.251544E-006
   1.137037E-005
   7.356173E-005
   1.547136E-004
   2.045351E-004
   1.917333E-004
   1.244181E-004
   4.464963E-005
   1.426131E-006
   1.908690E-005
   8.203051E-005
   1.455622E-004
   1.658580E-004
   1.290318E-004
   6.034831E-005
   7.446468E-006
   8.361783E-006
   6.594716E-005
   1.453084E-004
   1.963648E-004
   1.864685E-004
   1.220140E-004
   4.404874E-005
   1.427663E-006
   1.875781E-005
   8.063451E-005
   1.425155E-004
   1.610451E-004
   1.233385E-004
   5.566199E-005
   5.746927E-006
   1.021824E-005
   6.949482E-005
   1.467947E-004
   1.923843E-004
   1.765565E-004
   1.096564E-004
   3.505497E-005
   1.929182E-007
   2.498771E-005
   8.891757E-005
   1.455628E-004
   1.546431E-004
   1.097704E-004
   4.273689E-005
   1.747319E-006
   1.794721E-005
   8.359724E-005
   1.566740E-004
   1.891744E-004
   1.595580E-004
   8.745361E-005
   2.031403E-005
   1.060616E-006
   3.916587E-005
   1.047193E-004
   1.497503E-004
   1.417684E-004
   8.657256E-005
   2.405215E-005
   2.431887E-007
   3.484283E-005
   1.069168E-004
   1.688774E-004
   1.791452E-004
   1.308750E-004
   5.653281E-005
   5.486989E-006
   9.847669E-006
   6.268309E-005
   1.235564E-004
   1.475526E-004
   1.171621E-004
   5.464813E-005
   6.200434E-006
   8.853679E-006
   6.385960E-005
   1.351733E-004
   1.744782E-004
   1.549002E-004
   8.990348E-005
   2.373641E-005
   2.738333E-007
   3.243115E-005
   9.363383E-005
   1.374847E-004
   1.313082E-004
   7.977177E-005
   2.135029E-005
   4.373284E-007
   3.501166E-005
   1.031589E-004
   1.582896E-004
   1.621633E-004
   1.121712E-004
   4.302809E-005
   1.978531E-006
   1.511142E-005
   6.918197E-005
   1.219319E-004
   1.332960E-004
   9.478759E-005
   3.554902E-005
   9.027684E-007
   1.882362E-005
   7.905165E-005
   1.400488E-004
   1.589090E-004
   1.223727E-004
   5.630004E-005
   6.862095E-006
   6.994390E-006
   5.289814E-005
   1.075682E-004
   1.286945E-004
   1.001654E-004
   4.391723E-005
   3.470949E-006
   1.125323E-005
   6.415625E-005
   1.253410E-004
   1.511543E-004
   1.231303E-004
   6.146454E-005
   1.003597E-005
   4.005680E-006
   4.427005E-005
   9.752654E-005
   1.218468E-004
   9.838086E-005
   4.546566E-005
   4.597600E-006
   8.789790E-006
   5.732942E-005
   1.158571E-004
   1.418854E-004
   1.164597E-004
   5.823295E-005
   9.388632E-006
   3.987571E-006
   4.279876E-005
   9.341060E-005
   1.154726E-004
   9.166106E-005
   4.082642E-005
   3.375589E-006
   1.002122E-005
   5.795872E-005
   1.125995E-004
   1.336639E-004
   1.056379E-004
   4.937791E-005
   6.111559E-006
   6.052889E-006
   4.583117E-005
   9.184104E-005
   1.067912E-004
   7.877481E-005
   3.037034E-005
   8.689886E-007
   1.538677E-005
   6.498855E-005
   1.132107E-004
   1.239918E-004
   8.934720E-005
   3.532030E-005
   1.778888E-006
   1.172904E-005
   5.408751E-005
   9.310721E-005
   9.686140E-005
   6.241758E-005
   1.792132E-005
   1.560924E-007
   2.522343E-005
   7.549845E-005
   1.131456E-004
   1.095468E-004
   6.757148E-005
   1.912317E-005
   7.160583E-008
   2.236405E-005
   6.526390E-005
   9.250929E-005
   8.153113E-005
   4.149716E-005
   5.781716E-006
   4.973140E-006
   4.204984E-005
   8.955469E-005
   1.111330E-004
   9.021111E-005
   4.300489E-005
   5.520610E-006
   4.980747E-006
   3.861387E-005
   7.662146E-005
   8.677205E-005
   6.063653E-005
   2.026354E-005
   2.773277E-008
   1.838112E-005
   6.251267E-005
   9.835779E-005
   9.787644E-005
   6.154006E-005
   1.778844E-005
   4.155562E-008
   1.993909E-005
   5.851279E-005
   8.232204E-005
   7.114861E-005
   3.457529E-005
   3.874840E-006
   5.991664E-006
   4.107284E-005
   8.200940E-005
   9.641126E-005
   7.291570E-005
   3.027950E-005
   1.901802E-006
   8.567404E-006
   4.190839E-005
   7.203715E-005
   7.281821E-005
   4.369112E-005
   9.910052E-006
   1.175602E-006
   2.653223E-005
   6.651725E-005
   8.910879E-005
   7.613649E-005
   3.818812E-005
   5.633076E-006
   3.401520E-006
   3.064627E-005
   6.214861E-005
   7.007667E-005
   4.760130E-005
   1.448007E-005
   4.512778E-008
   1.807168E-005
   5.486209E-005
   8.058187E-005
   7.422978E-005
   4.113913E-005
   8.266865E-006
   1.435690E-006
   2.387312E-005
   5.414525E-005
   6.501436E-005
   4.691831E-005
   1.601498E-005
   2.995271E-008
   1.416516E-005
   4.780722E-005
   7.338515E-005
   6.975502E-005
   4.005677E-005
   8.809616E-006
   9.161643E-007
   2.067451E-005
   4.874718E-005
   5.945720E-005
   4.323724E-005
   1.479367E-005
   2.517565E-008
   1.320750E-005
   4.434298E-005
   6.761817E-005
   6.356458E-005
   3.569854E-005
   7.284013E-006
   1.191866E-006
   2.040331E-005
   4.603297E-005
   5.437758E-005
   3.789011E-005
   1.169698E-005
   3.554537E-008
   1.463324E-005
   4.410616E-005
   6.369734E-005
   5.680110E-005
   2.935984E-005
   4.531794E-006
   2.422746E-006
   2.275654E-005
   4.568021E-005
   4.981300E-005
   3.139273E-005
   7.524430E-006
   7.080002E-007
   1.849457E-005
   4.645692E-005
   6.075412E-005
   4.912310E-005
   2.163205E-005
   1.655437E-006
   5.201817E-006
   2.704794E-005
   4.595652E-005
   4.413662E-005
   2.335014E-005
   3.182786E-006
   3.120845E-006
   2.466498E-005
   4.967816E-005
   5.648512E-005
   3.920546E-005
   1.291330E-005
   2.562970E-008
   1.028785E-005
   3.244205E-005
   4.497331E-005
   3.599549E-005
   1.409284E-005
   2.709921E-007
   8.475048E-006
   3.255451E-005
   5.161484E-005
   4.888214E-005
   2.684077E-005
   4.844578E-006
   1.472866E-006
   1.784649E-005
   3.714415E-005
   4.056963E-005
   2.488439E-005
   5.286675E-006
   1.058226E-006
   1.739381E-005
   4.032517E-005
   4.945117E-005
   3.665238E-005
   1.344289E-005
   2.199012E-007
   7.503358E-006
   2.661422E-005
   3.831997E-005
   3.116454E-005
   1.221674E-005
   2.097001E-007
   7.638452E-006
   2.873519E-005
   4.465936E-005
   4.100751E-005
   2.116676E-005
   3.009878E-006
   2.149325E-006
   1.757471E-005
   3.313751E-005
   3.327236E-005
   1.790258E-005
   2.377679E-006
   2.596373E-006
   1.958196E-005
   3.825189E-005
   4.155343E-005
   2.650671E-005
   6.910790E-006
   2.158432E-007
   1.114928E-005
   2.766919E-005
   3.294495E-005
   2.172266E-005
   5.317873E-006
   5.108822E-007
   1.312430E-005
   3.215502E-005
   4.012178E-005
   2.967148E-005
   1.051638E-005
   8.642283E-008
   6.948012E-006
   2.293762E-005
   3.148263E-005
   2.392353E-005
   7.952960E-006
   3.827834E-009
   9.025836E-006
   2.747613E-005
   3.835273E-005
   3.149293E-005
   1.333686E-005
   6.829948E-007
   4.518882E-006
   1.965009E-005
   3.016155E-005
   2.527271E-005
   9.998705E-006
   1.501493E-007
   6.588154E-006
   2.424099E-005
   3.675795E-005
   3.231996E-005
   1.513521E-005
   1.329302E-006
   3.254351E-006
   1.762982E-005
   2.913951E-005
   2.585537E-005
   1.117261E-005
   4.020623E-007
   5.386574E-006
   2.243711E-005
   3.565181E-005
   3.243128E-005
   1.586060E-005
   1.667243E-006
   2.756165E-006
   1.666871E-005
   2.839380E-005
   2.565099E-005
   1.130692E-005
   4.622490E-007
   5.116865E-006
   2.182631E-005
   3.482186E-005
   3.157124E-005
   1.522709E-005
   1.475595E-006
   2.949177E-006
   1.681754E-005
   2.799184E-005
   2.464387E-005
   1.030438E-005
   2.545795E-007
   5.839435E-006
   2.263705E-005
   3.458683E-005
   3.002110E-005
   1.340436E-005
   8.528848E-007
   3.940476E-006
   1.821337E-005
   2.806779E-005
   2.296111E-005
   8.335374E-006
   1.136028E-008
   7.756686E-006
   2.491138E-005
   3.483905E-005
   2.773405E-005
   1.060907E-005
   1.846445E-007
   5.922554E-006
   2.060188E-005
   2.810000E-005
   2.030645E-005
   5.634958E-006
   2.549320E-007
   1.108362E-005
   2.821663E-005
   3.479842E-005
   2.425440E-005
   7.075065E-006
   6.963986E-008
   9.173322E-006
   2.361717E-005
   2.748205E-005
   1.654423E-005
   2.766914E-006
   1.677526E-006
   1.581125E-005
   3.163491E-005
   3.333728E-005
   1.918892E-005
   3.370992E-006
   1.304527E-006
   1.378668E-005
   2.651806E-005
   2.544463E-005
   1.173514E-005
   5.647553E-007
   4.927559E-006
   2.156336E-005
   3.397762E-005
   2.954911E-005
   1.276670E-005
   5.909457E-007
   4.746752E-006
   1.960583E-005
   2.845901E-005
   2.150872E-005
   6.422273E-006
   1.404125E-007
   1.059519E-005
   2.786263E-005
   3.435027E-005
   2.333919E-005
   6.159046E-006
   2.631223E-007
   1.082817E-005
   2.549169E-005
   2.785500E-005
   1.527260E-005
   1.777420E-006
   2.899215E-006
   1.866028E-005
   3.314340E-005
   3.129579E-005
   1.501812E-005
   1.204077E-006
   3.735163E-006
   1.876239E-005
   2.913844E-005
   2.321179E-005
   7.603621E-006
   3.355940E-008
   9.889179E-006
   2.765949E-005
   3.486985E-005
   2.391425E-005
   6.301047E-006
   2.885614E-007
   1.126193E-005
   2.616478E-005
   2.803347E-005
   1.473956E-005
   1.384031E-006
   3.641792E-006
   2.028461E-005
   3.412350E-005
   3.050981E-005
   1.326320E-005
   5.659451E-007
   5.238560E-006
   2.095769E-005
   2.952003E-005
   2.113888E-005
   5.370998E-006
   5.325392E-007
   1.322035E-005
   3.061037E-005
   3.423195E-005
   2.017867E-005
   3.459471E-006
   1.585939E-006
   1.545640E-005
   2.866196E-005
   2.597575E-005
   1.046310E-005
   1.058288E-007
   7.600759E-006
   2.583829E-005
   3.540090E-005
   2.593374E-005
   7.654893E-006
   1.069271E-007
   1.058837E-005
   2.629133E-005
   2.892281E-005
   1.542019E-005
   1.469092E-006
   3.776251E-006
   2.097616E-005
   3.474495E-005
   3.007590E-005
   1.204995E-005
   2.186518E-007
   6.818902E-006
   2.327885E-005
   3.019570E-005
   1.949471E-005
   3.665279E-006
   1.542421E-006
   1.669610E-005
   3.299715E-005
   3.256014E-005
   1.585858E-005
   1.214830E-006
   4.194493E-006
   2.022557E-005
   3.012498E-005
   2.222203E-005
   5.813561E-006
   5.019584E-007
   1.352976E-005
   3.109033E-005
   3.375329E-005
   1.852917E-005
   2.329389E-006
   2.759344E-006
   1.817800E-005
   2.989046E-005
   2.394560E-005
   7.392143E-006
   1.427921E-007
   1.174505E-005
   2.993742E-005
   3.442023E-005
   2.012289E-005
   3.097228E-006
   2.116164E-006
   1.718344E-005
   2.983319E-005
   2.486691E-005
   8.218739E-006
   5.257750E-008
   1.103918E-005
   2.950814E-005
   3.465705E-005
   2.061013E-005
   3.296137E-006
   2.022162E-006
   1.716937E-005
   3.005227E-005
   2.509037E-005
   8.256363E-006
   6.014514E-008
   1.123519E-005
   2.974282E-005
   3.454607E-005
   2.012994E-005
   2.976013E-006
   2.318837E-006
   1.777264E-005
   3.013675E-005
   2.435976E-005
   7.462594E-006
   1.700513E-007
   1.214293E-005
   3.021040E-005
   3.364548E-005
   1.849105E-005
   2.191188E-006
   3.057721E-006
   1.887335E-005
   2.991395E-005
   2.267311E-005
   6.010897E-006
   5.064092E-007
   1.371753E-005
   3.086748E-005
   3.214007E-005
   1.607368E-005
   1.246682E-006
   4.277119E-006
   2.034070E-005
   2.934204E-005
   2.021484E-005
   4.205405E-006
   1.254484E-006
   1.585026E-005
   3.136072E-005
   2.970638E-005
   1.284751E-005
   3.786454E-007
   6.166685E-006
   2.206219E-005
   2.812065E-005
   1.686077E-005
   2.262712E-006
   2.705059E-006
   1.852382E-005
   3.135601E-005
   2.609793E-005
   8.983738E-006
   1.130835E-009
   8.886812E-006
   2.373096E-005
   2.583329E-005
   1.260065E-005
   6.176730E-007
   5.236384E-006
   2.163378E-005
   3.046442E-005
   2.123810E-005
   4.958339E-006
   6.852258E-007
   1.249090E-005
   2.490550E-005
   2.221893E-005
   7.845706E-006
   1.048502E-008
   9.119593E-006
   2.471066E-005
   2.810197E-005
   1.522553E-005
   1.558119E-006
   3.105434E-006
   1.690408E-005
   2.505586E-005
   1.717185E-005
   3.316605E-006
   1.373247E-006
   1.456676E-005
   2.717759E-005
   2.388069E-005
   8.703166E-006
   4.318655E-009
   7.727568E-006
   2.128001E-005
   2.310411E-005
   1.085996E-005
   3.588144E-007
   5.549214E-006
   2.072494E-005
   2.741147E-005
   1.739179E-005
   2.974580E-006
   1.579720E-006
   1.402057E-005
   2.379851E-005
   1.820929E-005
   4.509882E-006
   6.537689E-007
   1.233287E-005
   2.548070E-005
   2.385115E-005
   9.473238E-006
   6.747070E-008
   6.700625E-006
   2.002340E-005
   2.249027E-005
   1.089136E-005
   4.280044E-007
   5.148928E-006
   1.977706E-005
   2.620477E-005
   1.642263E-005
   2.639747E-006
   1.716356E-006
   1.385183E-005
   2.271424E-005
   1.664678E-005
   3.648940E-006
   9.533746E-007
   1.269105E-005
   2.439271E-005
   2.139124E-005
   7.491915E-006
   2.925000E-009
   7.623233E-006
   1.961403E-005
   2.000259E-005
   8.311235E-006
   5.236368E-008
   6.484103E-006
   1.988784E-005
   2.339206E-005
   1.260425E-005
   1.133012E-006
   3.003093E-006
   1.479584E-005
   2.050372E-005
   1.254594E-005
   1.556521E-006
   2.343831E-006
   1.444140E-005
   2.258765E-005
   1.644170E-005
   3.860312E-006
   5.812711E-007
   9.901873E-006
   1.879625E-005
   1.527777E-005
   4.114237E-006
   3.867347E-007
   9.515157E-006
   2.002125E-005
   1.846064E-005
   6.883757E-006
   4.608530E-009
   5.966815E-006
   1.600504E-005
   1.638156E-005
   6.628602E-006
   1.555879E-008
   5.796536E-006
   1.682614E-005
   1.889528E-005
   9.370780E-006
   5.198036E-007
   3.294907E-006
   1.310665E-005
   1.630333E-005
   8.530479E-006
   4.693666E-007
   3.400355E-006
   1.395782E-005
   1.846425E-005
   1.105410E-005
   1.398990E-006
   1.780952E-006
   1.086113E-005
   1.581155E-005
   9.784542E-006
   1.142960E-006
   2.053580E-006
   1.188366E-005
   1.785119E-005
   1.210353E-005
   2.219779E-006
   9.959582E-007
   9.330350E-006
   1.530124E-005
   1.056487E-005
   1.743773E-006
   1.328368E-006
   1.049760E-005
   1.728993E-005
   1.269472E-005
   2.822377E-006
   6.091934E-007
   8.356698E-006
   1.486445E-005
   1.096721E-005
   2.151043E-006
   9.615666E-007
   9.630878E-006
   1.679545E-005
   1.288445E-005
   3.139696E-006
   4.397831E-007
   7.786014E-006
   1.445493E-005
   1.099183E-005
   2.306123E-006
   8.129045E-007
   9.130581E-006
   1.627218E-005
   1.263532E-005
   3.134908E-006
   4.014713E-007
   7.493985E-006
   1.396840E-005
   1.058841E-005
   2.181127E-006
   8.257549E-007
   8.914487E-006
   1.566417E-005
   1.193772E-005
   2.807965E-006
   4.783952E-007
   7.473353E-006
   1.343370E-005
   9.804303E-006
   1.804570E-006
   1.006314E-006
   8.996428E-006
   1.501437E-005
   1.085779E-005
   2.221814E-006
   6.963928E-007
   7.707988E-006
   1.283792E-005
   8.680403E-006
   1.254446E-006
   1.392140E-006
   9.338433E-006
   1.427999E-005
   9.438191E-006
   1.483456E-006
   1.111732E-006
   8.151116E-006
   1.212452E-005
   7.266899E-006
   6.577167E-007
   2.038861E-006
   9.864354E-006
   1.337802E-005
   7.734719E-006
   7.445014E-007
   1.788235E-006
   8.710412E-006
   1.119750E-005
   5.628774E-006
   1.776528E-007
   2.996087E-006
   1.044947E-005
   1.219744E-005
   5.827393E-006
   1.858237E-007
   2.775797E-006
   9.269788E-006
   9.983705E-006
   3.881894E-006
   2.057225E-009
   4.328968E-006
   1.104137E-005
   1.074281E-005
   3.865389E-006
   7.027195E-009
   4.197587E-006
   9.862652E-006
   8.536664E-006
   2.197651E-006
   3.558943E-007
   6.135188E-006
   1.156261E-005
   8.968234E-006
   2.028612E-006
   4.563914E-007
   6.027539E-006
   1.019975E-005
   6.718779E-006
   7.996005E-007
   1.465647E-006
   8.221016E-006
   1.157139E-005
   6.738782E-006
   6.043259E-007
   1.725021E-006
   7.974844E-006
   9.844849E-006
   4.519003E-006
   4.055388E-008
   3.418462E-006
   1.015040E-005
   1.063979E-005
   4.181854E-006
   1.139222E-009
   3.790131E-006
   9.509575E-006
   8.468892E-006
   2.242932E-006
   3.275322E-007
   5.989908E-006
   1.126000E-005
   8.545507E-006
   1.768728E-006
   5.864741E-007
   6.241654E-006
   9.939911E-006
   6.054301E-006
   5.049752E-007
   1.878310E-006
   8.526934E-006
   1.087092E-005
   5.513908E-006
   2.215596E-007
   2.411564E-006
   8.301548E-006
   8.785676E-006
   3.136929E-006
   3.846282E-008
   4.472201E-006
   1.014061E-005
   8.771479E-006
   2.385291E-006
   2.209280E-007
   5.001814E-006
   9.097990E-006
   6.184632E-006
   7.672978E-007
   1.289706E-006
   7.296210E-006
   1.001278E-005
   5.452406E-006
   3.228446E-007
   1.925598E-006
   7.328203E-006
   8.044374E-006
   2.979744E-006
   2.199450E-008
   3.963596E-006
   9.130550E-006
   7.882967E-006
   2.088290E-006
   2.332189E-007
   4.646073E-006
   8.198186E-006
   5.334573E-006
   5.414606E-007
   1.401033E-006
   6.913537E-006
   8.920678E-006
   4.442725E-006
   1.389465E-007
   2.171446E-006
   6.976872E-006
   6.935744E-006
   2.125776E-006
   1.424458E-007
   4.342146E-006
   8.580821E-006
   6.517374E-006
   1.251863E-006
   5.687363E-007
   5.103549E-006
   7.551354E-006
   4.043608E-006
   1.345458E-007
   2.171355E-006
   7.367690E-006
   7.943917E-006
   3.028964E-006
   2.864282E-009
   3.189341E-006
   7.315977E-006
   5.809629E-006
   1.058662E-006
   7.055866E-007
   5.681286E-006
   8.577334E-006
   4.999085E-006
   3.656045E-007
   1.574956E-006
   6.407771E-006
   7.104526E-006
   2.547274E-006
   4.478137E-008
   3.871257E-006
   8.422504E-006
   6.778636E-006
   1.439411E-006
   4.841412E-007
   5.070100E-006
   7.746932E-006
   4.221705E-006
   1.472236E-007
   2.237214E-006
   7.594651E-006
   8.064095E-006
   2.917666E-006
   2.008511E-008
   3.587224E-006
   7.696214E-006
   5.721590E-006
   8.373096E-007
   1.007403E-006
   6.322429E-006
   8.685290E-006
   4.448407E-006
   1.383194E-007
   2.230616E-006
   7.066037E-006
   6.780057E-006
   1.834288E-006
   2.849665E-007
   4.923228E-006
   8.694380E-006
   5.745682E-006
   6.566091E-007
   1.214207E-006
   6.169045E-006
   7.377865E-006
   2.873507E-006
   1.469997E-008
   3.675849E-006
   8.327922E-006
   6.715591E-006
   1.361336E-006
   5.572367E-007
   5.225948E-006
   7.605241E-006
   3.799258E-006
   5.105601E-008
   2.665630E-006
   7.762126E-006
   7.357658E-006
   2.090640E-006
   1.928024E-007
   4.357013E-006
   7.568656E-006
   4.535940E-006
   2.567770E-007
   1.901900E-006
   7.125459E-006
   7.712325E-006
   2.737077E-006
   3.444914E-008
   3.620500E-006
   7.362393E-006
   5.055025E-006
   5.212036E-007
   1.360005E-006
   6.509675E-006
   7.840378E-006
   3.239935E-006
   1.361576E-010
   3.038745E-006
   7.071526E-006
   5.370247E-006
   7.696101E-007
   9.942090E-007
   5.967360E-006
   7.812199E-006
   3.583830E-006
   2.388882E-008
   2.616094E-006
   6.784765E-006
   5.532922E-006
   9.564854E-007
   7.758158E-007
   5.583536E-006
   7.739254E-006
   3.780641E-006
   5.755088E-008
   2.369629E-006
   6.587134E-006
   5.590921E-006
   1.056941E-006
   6.719603E-007
   5.371026E-006
   7.656799E-006
   3.838037E-006
   7.365501E-008
   2.271321E-006
   6.476412E-006
   5.554819E-006
   1.064468E-006
   6.547390E-007
   5.301919E-006
   7.552741E-006
   3.753822E-006
   6.341726E-008
   2.298425E-006
   6.425456E-006
   5.409324E-006
   9.768349E-007
   7.163543E-007
   5.349792E-006
   7.398009E-006
   3.520365E-006
   3.305095E-008
   2.438918E-006
   6.399842E-006
   5.132772E-006
   8.029407E-007
   8.612039E-007
   5.480863E-006
   7.148484E-006
   3.132449E-006
   3.781837E-009
   2.683520E-006
   6.355389E-006
   4.702728E-006
   5.642536E-007
   1.110054E-006
   5.683520E-006
   6.790060E-006
   2.607784E-006
   1.272980E-008
   3.060219E-006
   6.306430E-006
   4.141420E-006
   3.040007E-007
   1.502683E-006
   5.965085E-006
   6.322003E-006
   1.985864E-006
   1.149589E-007
   3.561218E-006
   6.195692E-006
   3.446380E-006
   8.816480E-008
   2.056779E-006
   6.247235E-006
   5.687259E-006
   1.317885E-006
   3.715069E-007
   4.139615E-006
   5.937154E-006
   2.633069E-006
   8.197519E-011
   2.766751E-006
   6.427820E-006
   4.850044E-006
   6.879298E-007
   8.307817E-007
   4.710222E-006
   5.447721E-006
   1.757886E-006
   1.281740E-007
   3.579529E-006
   6.379426E-006
   3.809964E-006
   2.076377E-007
   1.503416E-006
   5.142528E-006
   4.666220E-006
   9.231430E-007
   5.420545E-007
   4.385093E-006
   5.982783E-006
   2.634263E-006
   1.257757E-009
   2.344350E-006
   5.308470E-006
   3.627727E-006
   2.858922E-007
   1.265864E-006
   5.073692E-006
   5.248736E-006
   1.500841E-006
   1.708610E-007
   3.275044E-006
   5.159828E-006
   2.471902E-006
   3.964881E-009
   2.259023E-006
   5.503164E-006
   4.193480E-006
   5.784491E-007
   7.584899E-007
   4.125873E-006
   4.588488E-006
   1.324803E-006
   1.963266E-007
   3.387179E-006
   5.482364E-006
   2.880955E-006
   5.489103E-008
   1.718837E-006
   4.674880E-006
   3.583754E-006
   4.125108E-007
   9.176008E-007
   4.411787E-006
   4.886701E-006
   1.526911E-006
   1.084044E-007
   2.863766E-006
   4.688546E-006
   2.286119E-006
   4.421564E-009
   2.064283E-006
   5.000011E-006
   3.720091E-006
   4.552748E-007
   7.849232E-007
   3.840069E-006
   4.011089E-006
   9.962286E-007
   2.898539E-007
   3.319273E-006
   4.835421E-006
   2.193620E-006
   1.612883E-009
   1.913096E-006
   4.242858E-006
   2.710969E-006
   1.302086E-007
   1.281089E-006
   4.253020E-006
   3.817419E-006
   7.527018E-007
   3.977218E-007
   3.112905E-006
   3.797001E-006
   1.193604E-006
   1.259952E-007
   2.688468E-006
   4.387801E-006
   2.211411E-006
   1.895601E-008
   1.555666E-006
   3.784469E-006
   2.544389E-006
   1.472005E-007
   1.107199E-006
   3.843307E-006
   3.486883E-006
   6.810879E-007
   3.794402E-007
   2.886351E-006
   3.445641E-006
   1.016989E-006
   1.563396E-007
   2.608568E-006
   4.037637E-006
   1.886091E-006
   2.067222E-009
   1.618181E-006
   3.551348E-006
   2.163971E-006
   6.422322E-008
   1.260120E-006
   3.722024E-006
   3.034929E-006
   4.400473E-007
   5.378298E-007
   2.917174E-006
   3.049109E-006
   6.909499E-007
   3.010332E-007
   2.759143E-006
   3.677594E-006
   1.405504E-006
   2.077835E-008
   1.861990E-006
   3.344703E-006
   1.672033E-006
   1.975722E-009
   1.568097E-006
   3.642001E-006
   2.488108E-006
   1.916254E-007
   8.147288E-007
   2.995312E-006
   2.584509E-006
   3.620774E-007
   5.610711E-007
   2.973506E-006
   3.260851E-006
   9.070907E-007
   1.429020E-007
   2.174127E-006
   3.071580E-006
   1.137080E-006
   4.610480E-008
   1.971497E-006
   3.482469E-006
   1.838680E-006
   2.247012E-008
   1.218509E-006
   3.004205E-006
   1.968290E-006
   8.613338E-008
   9.936855E-007
   3.147969E-006
   2.633411E-006
   3.935373E-007
   4.532248E-007
   2.487917E-006
   2.557861E-006
   5.343154E-007
   3.085979E-007
   2.444780E-006
   3.061076E-006
   1.033259E-006
   5.514655E-008
   1.753304E-006
   2.760416E-006
   1.138790E-006
   1.736979E-008
   1.641032E-006
   3.081573E-006
   1.688107E-006
   2.720005E-008
   1.051968E-006
   2.628996E-006
   1.685719E-006
   5.594417E-008
   9.589667E-007
   2.825441E-006
   2.202398E-006
   2.493436E-007
   5.312957E-007
   2.319231E-006
   2.089125E-006
   2.926098E-007
   4.743540E-007
   2.441129E-006
   2.549067E-006
   5.981921E-007
   2.017730E-007
   1.937088E-006
   2.343198E-006
   6.234125E-007
   1.749770E-007
   2.014763E-006
   2.741041E-006
   9.908660E-007
   3.690472E-008
   1.545480E-006
   2.465242E-006
   9.805252E-007
   2.941020E-008
   1.597405E-006
   2.803571E-006
   1.375230E-006
   1.638666E-009
   1.180102E-006
   2.479137E-006
   1.321989E-006
   2.630707E-009
   1.215212E-006
   2.760203E-006
   1.718540E-006
   6.195269E-008
   8.563768E-007
   2.400650E-006
   1.616352E-006
   6.210691E-008
   8.811349E-007
   2.627129E-006
   1.994057E-006
   1.860870E-007
   5.860752E-007
   2.251760E-006
   1.842903E-006
   1.749390E-007
   6.139661E-007
   2.449813E-006
   2.198282E-006
   3.402737E-007
   3.853508E-007
   2.085260E-006
   2.009996E-006
   3.105201E-007
   4.177568E-007
   2.268083E-006
   2.343887E-006
   5.000612E-007
   2.443966E-007
   1.921916E-006
   2.127127E-006
   4.485724E-007
   2.784282E-007
   2.094595E-006
   2.438951E-006
   6.488940E-007
   1.496832E-007
   1.770379E-006
   2.200308E-006
   5.743697E-007
   1.831623E-007
   1.935826E-006
   2.488790E-006
   7.743485E-007
   8.921286E-008
   1.633838E-006
   2.230991E-006
   6.748116E-007
   1.218084E-007
   1.797534E-006
   2.497915E-006
   8.660731E-007
   5.354217E-008
   1.517668E-006
   2.225128E-006
   7.422049E-007
   8.489021E-008
   1.682081E-006
   2.470843E-006
   9.182449E-007
   3.443626E-008
   1.425006E-006
   2.190622E-006
   7.729224E-007
   6.626579E-008
   1.602902E-006
   2.428121E-006
   9.296450E-007
   2.819465E-008
   1.381254E-006
   2.155910E-006
   7.672839E-007
   6.442864E-008
   1.582012E-006
   2.391530E-006
   9.034659E-007
   3.217534E-008
   1.388268E-006
   2.125739E-006
   7.290511E-007
   7.727996E-008
   1.612429E-006
   2.359631E-006
   8.454177E-007
   4.658441E-008
   1.436455E-006
   2.094101E-006
   6.629951E-007
   1.058508E-007
   1.680484E-006
   2.319109E-006
   7.576070E-007
   7.497135E-008
   1.513410E-006
   2.046224E-006
   5.709434E-007
   1.542277E-007
   1.771274E-006
   2.250849E-006
   6.404341E-007
   1.235090E-007
   1.607153E-006
   1.965963E-006
   4.558215E-007
   2.285594E-007
   1.871202E-006
   2.139646E-006
   4.999100E-007
   1.985702E-007
   1.701716E-006
   1.838588E-006
   3.259736E-007
   3.341069E-007
   1.962657E-006
   1.973428E-006
   3.472303E-007
   3.064960E-007
   1.785175E-006
   1.660735E-006
   1.956969E-007
   4.773301E-007
   2.037788E-006
   1.754801E-006
   1.998569E-007
   4.534039E-007
   1.847808E-006
   1.435333E-006
   8.409105E-008
   6.609125E-007
   2.081051E-006
   1.486670E-006
   7.920183E-008
   6.398219E-007
   1.872362E-006
   1.168568E-006
   1.340115E-008
   8.801604E-007
   2.072630E-006
   1.179111E-006
   9.138853E-009
   8.564924E-007
   1.836165E-006
   8.719774E-007
   6.018378E-009
   1.121633E-006
   1.991676E-006
   8.494641E-007
   1.136169E-008
   1.085541E-006
   1.721449E-006
   5.694841E-007
   8.103724E-008
   1.359461E-006
   1.819367E-006
   5.242955E-007
   1.028489E-007
   1.302060E-006
   1.520914E-006
   2.957737E-007
   2.487282E-007
   1.562730E-006
   1.557510E-006
   2.464746E-007
   2.891636E-007
   1.474215E-006
   1.243130E-006
   9.192218E-008
   5.133252E-007
   1.718356E-006
   1.234847E-006
   5.870262E-008
   5.701043E-007
   1.587159E-006
   9.170346E-007
   1.352383E-009
   8.617755E-007
   1.782190E-006
   8.623570E-007
   1.407242E-009
   9.210038E-007
   1.589048E-006
   5.638601E-007
   6.296980E-008
   1.248459E-006
   1.701350E-006
   4.807571E-007
   1.109618E-007
   1.278044E-006
   1.432659E-006
   2.394474E-007
   3.003968E-007
   1.593161E-006
   1.445421E-006
   1.637596E-007
   3.952417E-007
   1.552591E-006
   1.117262E-006
   3.244749E-008
   6.906120E-007
   1.788041E-006
   1.035518E-006
   5.469992E-009
   8.038129E-007
   1.636491E-006
   6.917126E-007
   2.632093E-008
   1.149104E-006
   1.743658E-006
   5.640582E-007
   7.473676E-008
   1.212571E-006
   1.456362E-006
   2.753907E-007
   2.592282E-007
   1.527654E-006
   1.424501E-006
   1.687117E-007
   3.734311E-007
   1.486342E-006
   1.053643E-006
   2.520137E-008
   6.835414E-007
   1.686515E-006
   9.142642E-007
   4.576848E-010
   8.177270E-007
   1.505010E-006
   5.491236E-007
   5.662245E-008
   1.163907E-006
   1.540147E-006
   3.874732E-007
   1.409029E-007
   1.226921E-006
   1.216423E-006
   1.346196E-007
   3.871430E-007
   1.498574E-006
   1.105020E-006
   4.767759E-008
   5.364713E-007
   1.403569E-006
   7.180804E-007
   3.294514E-009
   8.835741E-007
   1.506387E-006
   5.408884E-007
   4.513746E-008
   9.955338E-007
   1.232583E-006
   2.303483E-007
   2.291719E-007
   1.297756E-006
   1.149465E-006
   1.056477E-007
   3.730530E-007
   1.261395E-006
   7.735881E-007
   1.907970E-009
   6.956650E-007
   1.389651E-006
   5.897053E-007
   1.563893E-008
   8.312693E-007
   1.158716E-006
   2.646486E-007
   1.606807E-007
   1.135045E-006
   1.087998E-006
   1.241407E-007
   3.001837E-007
   1.128990E-006
   7.289590E-007
   4.004244E-009
   6.137821E-007
   1.267666E-006
   5.473492E-007
   1.334297E-008
   7.586015E-007
   1.052897E-006
   2.313086E-007
   1.591841E-007
   1.055244E-006
   9.746833E-007
   9.530258E-008
   3.065870E-007
   1.050028E-006
   6.277864E-007
   2.243442E-010
   6.176568E-007
   1.156409E-006
   4.387563E-007
   3.012676E-008
   7.590257E-007
   9.295908E-007
   1.543993E-007
   2.083361E-007
   1.026065E-006
   8.178146E-007
   4.260089E-008
   3.713037E-007
   9.879619E-007
   4.767967E-007
   8.825292E-009
   6.874628E-007
   1.040068E-006
   2.910769E-007
   8.146795E-008
   8.049285E-007
   7.808597E-007
   6.570699E-008
   3.122972E-007
   1.021002E-006
   6.311186E-007
   3.474916E-009
   4.854716E-007
   9.234717E-007
   3.092546E-007
   5.833253E-008
   7.916906E-007
   9.005448E-007
   1.446455E-007
   1.833829E-007
   8.579458E-007
   6.013374E-007
   6.374274E-009
   4.699781E-007
   9.972696E-007
   4.179387E-007
   1.677687E-008
   6.378758E-007
   8.165610E-007
   1.392726E-007
   1.840879E-007
   9.091859E-007
   7.072837E-007
   2.855218E-008
   3.616884E-007
   8.863663E-007
   3.817693E-007
   2.159681E-008
   6.845587E-007
   9.132512E-007
   1.967946E-007
   1.269458E-007
   7.982424E-007
   6.368507E-007
   1.849208E-008
   4.047449E-007
   9.723353E-007
   4.522988E-007
   7.682771E-009
   5.919319E-007
   8.133977E-007
   1.553706E-007
   1.616901E-007
   8.759196E-007
   7.026071E-007
   3.151871E-008
   3.454496E-007
   8.598083E-007
   3.677357E-007
   2.282848E-008
   6.709639E-007
   8.725166E-007
   1.735697E-007
   1.392466E-007
   7.846306E-007
   5.846221E-007
   8.842849E-009
   4.340734E-007
   9.398043E-007
   3.858970E-007
   2.048691E-008
   6.250997E-007
   7.566046E-007
   1.061920E-007
   2.126685E-007
   8.869782E-007
   6.102476E-007
   8.638787E-009
   4.106596E-007
   8.234168E-007
   2.729781E-007
   5.842627E-008
   7.196083E-007
   7.626330E-007
   9.168638E-008
   2.104534E-007
   7.652939E-007
   4.291428E-007
   1.669020E-009
   5.158318E-007
   8.065997E-007
   2.084033E-007
   8.365662E-008
   6.516364E-007
   5.326171E-007
   1.317398E-008
   3.557926E-007
   8.003592E-007
   3.207706E-007
   2.335088E-008
   5.575265E-007
   6.206117E-007
   5.974407E-008
   2.451455E-007
   8.089802E-007
   4.555206E-007
   4.726972E-010
   4.805881E-007
   7.334873E-007
   1.515718E-007
   1.434261E-007
   8.097958E-007
   6.376834E-007
   1.996596E-008
   3.687650E-007
   8.346496E-007
   3.090084E-007
   4.644986E-008
   7.292942E-007
   8.186070E-007
   1.086522E-007
   2.156353E-007
   8.346776E-007
   4.888179E-007
   6.686117E-010
   5.553603E-007
   8.984164E-007
   2.421820E-007
   8.645643E-008
   7.203099E-007
   6.057739E-007
   1.911010E-008
   3.710326E-007
   8.610547E-007
   3.524376E-007
   2.175425E-008
   5.756301E-007
   6.415357E-007
   6.201825E-008
   2.428961E-007
   7.847995E-007
   4.195542E-007
   1.954561E-009
   4.675500E-007
   6.487983E-007
   1.044115E-007
   1.670257E-007
   7.301201E-007
   4.747999E-007
   1.204302E-009
   3.956161E-007
   6.661456E-007
   1.523055E-007
   1.132028E-007
   6.915857E-007
   5.368851E-007
   1.267033E-008
   3.298951E-007
   6.807453E-007
   2.085872E-007
   6.750477E-008
   6.387437E-007
   5.882278E-007
   3.542716E-008
   2.613688E-007
   6.693512E-007
   2.587434E-007
   3.520211E-008
   5.738541E-007
   6.121409E-007
   6.057723E-008
   2.059818E-007
   6.410797E-007
   2.914056E-007
   1.781143E-008
   5.176814E-007
   6.157235E-007
   7.978611E-008
   1.703889E-007
   6.150868E-007
   3.100265E-007
   9.805641E-009
   4.817837E-007
   6.165110E-007
   9.301457E-008
   1.503400E-007
   6.019197E-007
   3.245330E-007
   5.854261E-009
   4.620148E-007
   6.224383E-007
   1.039934E-007
   1.374741E-007
   5.961019E-007
   3.376224E-007
   3.510248E-009
   4.479202E-007
   6.274710E-007
   1.129575E-007
   1.271827E-007
   5.875578E-007
   3.441404E-007
   2.224585E-009
   4.335951E-007
   6.217558E-007
   1.161536E-007
   1.202182E-007
   5.725076E-007
   3.382493E-007
   2.001312E-009
   4.215704E-007
   6.036443E-007
   1.109854E-007
   1.194349E-007
   5.568082E-007
   3.212454E-007
   3.069395E-009
   4.203382E-007
   5.820284E-007
   9.811810E-008
   1.284920E-007
   5.502775E-007
   2.980738E-007
   6.306470E-009
   4.329914E-007
   5.616115E-007
   8.087135E-008
   1.460865E-007
   5.504135E-007
   2.708546E-007
   1.271583E-008
   4.540683E-007
   5.388622E-007
   6.132963E-008
   1.706229E-007
   5.510516E-007
   2.383419E-007
   2.381375E-008
   4.796550E-007
   5.096656E-007
   4.092696E-008
   2.017912E-007
   5.480131E-007
   2.003562E-007
   4.134244E-008
   5.064907E-007
   4.713240E-007
   2.183891E-008
   2.393453E-007
   5.384284E-007
   1.583800E-007
   6.683783E-008
   5.314860E-007
   4.237049E-007
   7.300842E-009
   2.809432E-007
   5.187963E-007
   1.151649E-007
   1.004887E-007
   5.489123E-007
   3.665099E-007
   2.919495E-010
   3.223250E-007
   4.854060E-007
   7.369062E-008
   1.420657E-007
   5.554019E-007
   3.011902E-007
   3.391970E-009
   3.640122E-007
   4.398683E-007
   3.719827E-008
   1.938387E-007
   5.519747E-007
   2.308304E-007
   1.988848E-008
   4.043706E-007
   3.825366E-007
   1.078459E-008
   2.547417E-007
   5.349628E-007
   1.600212E-007
   5.232210E-008
   4.383020E-007
   3.149007E-007
   4.301412E-011
   3.202370E-007
   5.002897E-007
   9.482497E-008
   1.006996E-007
   4.583296E-007
   2.395009E-007
   9.299229E-009
   3.828493E-007
   4.449703E-007
   4.201534E-008
   1.616431E-007
   4.563807E-007
   1.611235E-007
   4.088558E-008
   4.329707E-007
   3.685545E-007
   8.429384E-009
   2.293822E-007
   4.278088E-007
   8.822668E-008
   9.445648E-008
   4.620345E-007
   2.772622E-007
   7.999682E-010
   2.951269E-007
   3.727162E-007
   3.208350E-008
   1.649452E-007
   4.624051E-007
   1.819899E-007
   2.253953E-008
   3.483995E-007
   2.966106E-007
   2.727094E-009
   2.425397E-007
   4.293731E-007
   9.508718E-008
   7.233631E-008
   3.781717E-007
   2.069180E-007
   6.462306E-009
   3.143976E-007
   3.624209E-007
   3.009501E-008
   1.438643E-007
   3.755599E-007
   1.167978E-007
   4.560135E-008
   3.666902E-007
   2.703914E-007
   7.792649E-010
   2.237216E-007
   3.360390E-007
   4.339068E-008
   1.152648E-007
   3.858316E-007
   1.685658E-007
   1.443992E-008
   2.928745E-007
   2.631344E-007
   3.653688E-009
   2.011359E-007
   3.621330E-007
   7.668282E-008
   6.805895E-008
   3.305221E-007
   1.694031E-007
   8.930888E-009
   2.821234E-007
   2.961342E-007
   1.561189E-008
   1.473203E-007
   3.225457E-007
   7.779557E-008
   6.050924E-008
   3.344979E-007
   2.009897E-007
   1.309769E-009
   2.290952E-007
   2.682055E-007
   1.509527E-008
   1.464004E-007
   3.423370E-007
   1.021999E-007
   3.813219E-008
   2.888787E-007
   1.821619E-007
   2.041724E-009
   2.408547E-007
   2.965390E-007
   2.672792E-008
   1.143377E-007
   2.997974E-007
   8.597358E-008
   4.583986E-008
   3.086550E-007
   2.024751E-007
   2.019187E-010
   2.044885E-007
   2.513901E-007
   1.478180E-008
   1.380697E-007
   3.229429E-007
   9.289851E-008
   4.001205E-008
   2.766092E-007
   1.604846E-007
   5.327463E-009
   2.509103E-007
   2.761058E-007
   1.531800E-008
   1.378655E-007
   2.990812E-007
   6.459839E-008
   7.065930E-008
   3.373391E-007
   1.820884E-007
   5.064152E-009
   2.503686E-007
   2.534229E-007
   5.746827E-009
   1.837623E-007
   3.495198E-007
   7.628897E-008
   6.515337E-008
   3.160125E-007
   1.523234E-007
   1.357032E-008
   2.879944E-007
   2.721675E-007
   7.381423E-009
   1.650616E-007
   2.967926E-007
   4.665982E-008
   9.186287E-008
   3.335580E-007
   1.435143E-007
   1.541343E-008
   2.577655E-007
   2.022821E-007
   3.332476E-013
   2.116148E-007
   2.949596E-007
   3.201258E-008
   1.050359E-007
   2.914547E-007
   8.131720E-008
   5.049115E-008
   3.107278E-007
   1.847781E-007
   2.624217E-009
   2.287636E-007
   2.382195E-007
   4.964732E-009
   1.775349E-007
   3.243031E-007
   6.072262E-008
   7.571934E-008
   3.053635E-007
   1.218015E-007
   2.698255E-008
   3.044781E-007
   2.339698E-007
   2.807278E-010
   2.050087E-007
   2.762322E-007
   1.941624E-008
   1.425106E-007
   3.422615E-007
   9.401213E-008
   4.852574E-008
   2.986555E-007
   1.554971E-007
   1.112373E-008
   2.764017E-007
   2.581631E-007
   4.770600E-009
   1.720936E-007
   2.808847E-007
   3.214158E-008
   1.124444E-007
   3.276257E-007
   1.086925E-007
   3.341086E-008
   2.746621E-007
   1.613501E-007
   5.983520E-009
   2.494647E-007
   2.513886E-007
   6.888763E-009
   1.548083E-007
   2.670254E-007
   3.302795E-008
   1.027524E-007
   3.084794E-007
   1.028525E-007
   3.198255E-008
   2.599810E-007
   1.493120E-007
   6.861041E-009
   2.397508E-007
   2.316754E-007
   4.440959E-009
   1.543038E-007
   2.477902E-007
   2.513298E-008
   1.076127E-007
   2.893808E-007
   8.385768E-008
   3.952038E-008
   2.506175E-007
   1.250206E-007
   1.255390E-008
   2.385694E-007
   2.000355E-007
   6.877942E-010
   1.640737E-007
   2.204111E-007
   1.261394E-008
   1.238833E-007
   2.665950E-007
   5.664883E-008
   5.630522E-008
   2.422300E-007
   9.251025E-008
   2.556586E-008
   2.417039E-007
   1.604363E-007
   9.994351E-010
   1.797789E-007
   1.866891E-007
   2.531196E-009
   1.473644E-007
   2.382344E-007
   2.951471E-008
   8.103644E-008
   2.287663E-007
   5.724523E-008
   4.829468E-008
   2.424958E-007
   1.145142E-007
   1.094521E-008
   1.967586E-007
   1.434208E-007
   9.676735E-010
   1.775704E-007
   1.988903E-007
   7.083126E-009
   1.166590E-007
   2.049201E-007
   2.288209E-008
   8.614264E-008
   2.356661E-007
   6.468254E-008
   3.723529E-008
   2.091112E-007
   9.203938E-008
   1.704783E-008
   2.086221E-007
   1.476463E-007
   4.565992E-010
   1.576887E-007
   1.659064E-007
   1.911102E-009
   1.352525E-007
   2.107111E-007
   2.227420E-008
   8.027957E-008
   2.035550E-007
   4.191004E-008
   5.479661E-008
   2.223865E-007
   8.740684E-008
   1.809952E-008
   1.868723E-007
   1.095731E-007
   5.912213E-009
   1.799282E-007
   1.595724E-007
   7.075197E-010
   1.282776E-007
   1.673817E-007
   6.680770E-009
   1.077876E-007
   2.042184E-007
   3.194706E-008
   5.957851E-008
   1.895482E-007
   4.992697E-008
   3.983913E-008
   2.041160E-007
   9.370359E-008
   1.102928E-008
   1.679997E-007
   1.111971E-007
   2.948870E-009
   1.618530E-007
   1.568940E-007
   1.774822E-009
   1.146384E-007
   1.611895E-007
   8.181190E-009
   9.727679E-008
   1.943034E-007
   3.246102E-008
   5.412758E-008
   1.787971E-007
   4.775019E-008
   3.749210E-008
   1.924236E-007
   8.672465E-008
   1.135744E-008
   1.592036E-007
   1.006239E-007
   3.964813E-009
   1.554349E-007
   1.406918E-007
   5.934164E-010
   1.134378E-007
   1.436327E-007
   4.248784E-009
   1.001397E-007
   1.739144E-007
   2.134921E-008
   6.084179E-008
   1.611242E-007
   3.165552E-008
   4.703959E-008
   1.766521E-007
   6.106395E-008
   2.003522E-008
   1.501812E-007
   7.051801E-008
   1.212809E-008
   1.537926E-007
   1.031061E-007
   1.267756E-009
   1.204107E-007
   1.058667E-007
   6.031238E-011
   1.173282E-007
   1.359273E-007
   4.012037E-009
   8.325546E-008
   1.293607E-007
   7.191933E-009
   7.789888E-008
   1.543470E-007
   2.289197E-008
   4.801090E-008
   1.384583E-007
   2.727795E-008
   4.306937E-008
   1.576918E-007
   5.134603E-008
   2.059787E-008
   1.339255E-007
   5.395514E-008
   1.734184E-008
   1.475611E-007
   8.309955E-008
   4.264648E-009
   1.182341E-007
   8.147595E-008
   2.993658E-009
   1.269516E-007
   1.125964E-007
   1.552508E-010
   9.497729E-008
   1.050760E-007
   4.292307E-010
   9.964249E-008
   1.352601E-007
   7.571835E-009
   6.814048E-008
   1.209141E-007
   8.421338E-009
   6.989693E-008
   1.476000E-007
   2.410140E-008
   4.208709E-008
   1.267883E-007
   2.415484E-008
   4.245396E-008
   1.488245E-007
   4.581465E-008
   2.120304E-008
   1.238286E-007
   4.394707E-008
   2.110657E-008
   1.409241E-007
   6.885370E-008
   7.340232E-009
   1.139560E-007
   6.456724E-008
   7.136985E-009
   1.262163E-007
   9.028434E-008
   7.367660E-010
   9.919834E-008
   8.343071E-008
   6.484112E-010
   1.071497E-007
   1.079508E-007
   8.113150E-010
   8.166077E-008
   9.863962E-008
   9.131964E-010
   8.612529E-008
   1.205043E-007
   6.392461E-009
   6.334016E-008
   1.090396E-007
   6.609748E-009
   6.526485E-008
   1.273787E-007
   1.595455E-008
   4.589978E-008
   1.141217E-007
   1.605596E-008
   4.625670E-008
   1.286542E-007
   2.781589E-008
   3.063304E-008
   1.140240E-007
   2.744605E-008
   3.025394E-008
   1.249598E-007
   4.034343E-008
   1.835440E-008
   1.094473E-007
   3.908312E-008
   1.797329E-008
   1.179192E-007
   5.220614E-008
   9.704895E-009
   1.027952E-007
   4.978517E-008
   9.725315E-009
   1.102734E-007
   6.294485E-008
   4.293846E-009
   9.570195E-008
   5.937034E-008
   4.522787E-009
   1.026993E-007
   7.258478E-008
   1.290326E-009
   8.860010E-008
   6.783147E-008
   1.547102E-009
   9.542085E-008
   8.117321E-008
   8.409731E-011
   8.164421E-008
   7.516150E-008
   2.057616E-010
   8.843475E-008
   8.864212E-008
   2.253877E-010
   7.487981E-008
   8.128521E-008
   6.435749E-011
   8.166408E-008
   9.479333E-008
   1.343315E-009
   6.832869E-008
   8.603622E-008
   7.716520E-010
   7.508821E-008
   9.937583E-008
   3.086318E-009
   6.206560E-008
   8.927626E-008
   2.012791E-009
   6.868443E-008
   1.021151E-007
   5.110310E-009
   5.608319E-008
   9.071297E-008
   3.463947E-009
   6.258257E-008
   1.028502E-007
   7.044513E-009
   5.070197E-008
   9.049871E-008
   4.773477E-009
   5.741265E-008
   1.020369E-007
   8.507842E-009
   4.650955E-008
   8.925657E-008
   5.718676E-009
   5.337497E-008
   1.001290E-007
   9.354246E-009
   4.347284E-008
   8.732857E-008
   6.216704E-009
   5.039793E-008
   9.743514E-008
   9.567213E-009
   4.145241E-008
   8.487446E-008
   6.243530E-009
   4.841672E-008
   9.421259E-008
   9.210126E-009
   4.028821E-008
   8.198022E-008
   5.841481E-009
   4.730220E-008
   9.057828E-008
   8.381475E-009
   3.983405E-008
   7.868592E-008
   5.096484E-009
   4.688447E-008
   8.651534E-008
   7.187138E-009
   3.996369E-008
   7.499872E-008
   4.117330E-009
   4.702266E-008
   8.207399E-008
   5.792470E-009
   4.044074E-008
   7.080161E-008
   3.023626E-009
   4.750693E-008
   7.714557E-008
   4.313869E-009
   4.125766E-008
   6.630610E-008
   1.909778E-009
   4.893405E-008
   7.252463E-008
   2.769326E-009
   4.358048E-008
   6.245869E-008
   8.710721E-010
   5.218110E-008
   6.860908E-008
   1.372527E-009
   4.730604E-008
   5.888081E-008
   1.596685E-010
   5.685053E-008
   6.481560E-008
   3.587598E-010
   5.219922E-008
   5.521463E-008
   4.480784E-011
   6.259023E-008
   6.074770E-008
   1.986123E-012
   5.785269E-008
   5.106900E-008
   7.956392E-010
   6.886663E-008
   5.593349E-008
   5.721371E-010
   6.378552E-008
   4.609253E-008
   2.682221E-009
   7.514672E-008
   5.011255E-008
   2.334156E-009
   6.943842E-008
   4.018398E-008
   5.902472E-009
   8.060449E-008
   4.316764E-008
   5.454681E-009
   7.382293E-008
   3.319153E-008
   1.058860E-008
   8.433256E-008
   3.512415E-008
   9.995192E-009
   7.610365E-008
   2.540813E-008
   1.662466E-008
   8.513600E-008
   2.620931E-008
   1.579509E-008
   7.502236E-008
   1.712282E-008
   2.376729E-008
   8.198186E-008
   1.703118E-008
   2.255803E-008
   7.024009E-008
   9.414783E-009
   3.150919E-008
   7.499336E-008
   8.903256E-009
   2.966738E-008
   6.205568E-008
   3.479254E-009
   3.915343E-008
   6.471904E-008
   2.977391E-009
   3.644292E-008
   5.131540E-008
   3.291476E-010
   4.591869E-008
   5.226956E-008
   1.673305E-010
   4.200913E-008
   3.918714E-008
   5.518384E-010
   5.075236E-008
   3.879267E-008
   8.237953E-010
   4.537497E-008
   2.678949E-008
   4.161202E-009
   5.292334E-008
   2.565169E-008
   4.743235E-009
   4.606910E-008
   1.563229E-008
   1.060753E-008
   5.200723E-008
   1.433298E-008
   1.111536E-008
   4.370664E-008
   6.930346E-009
   1.879633E-008
   4.782805E-008
   5.886003E-009
   1.880628E-008
   3.866686E-008
   1.585254E-009
   2.774332E-008
   4.157729E-008
   1.081530E-009
   2.728580E-008
   3.248949E-008
   1.646743E-011
   3.710437E-008
   3.425735E-008
   1.341173E-010
   3.587086E-008
   2.530880E-008
   2.364049E-009
   4.580725E-008
   2.578767E-008
   3.231010E-009
   4.336031E-008
   1.731953E-008
   8.789386E-009
   5.252846E-008
   1.671523E-008
   1.042745E-008
   4.830579E-008
   9.404844E-009
   1.905106E-008
   5.560580E-008
   8.193386E-009
   2.118198E-008
   4.907089E-008
   2.991793E-009
   3.217130E-008
   5.359314E-008
   1.961279E-009
   3.410627E-008
   4.466981E-008
   3.122345E-011
   4.609807E-008
   4.594351E-008
   6.096504E-011
   4.658576E-008
   3.512625E-008
   2.325514E-009
   5.764254E-008
   3.344032E-008
   3.969061E-009
   5.520609E-008
   2.218288E-008
   1.064115E-008
   6.321244E-008
   1.879320E-008
   1.369367E-008
   5.669187E-008
   9.311742E-009
   2.399602E-008
   6.024490E-008
   6.133500E-009
   2.737539E-008
   4.966578E-008
   1.085186E-009
   3.921369E-008
   4.857988E-008
   1.279009E-010
   4.066540E-008
   3.534721E-008
   1.284349E-009
   5.092837E-008
   3.089884E-008
   3.347153E-009
   4.835729E-008
   1.811615E-008
   1.069098E-008
   5.461243E-008
   1.322643E-008
   1.474942E-008
   4.700238E-008
   4.623952E-009
   2.577857E-008
   4.771609E-008
   1.910025E-009
   2.907341E-008
   3.578837E-008
   4.473168E-011
   4.021660E-008
   3.218736E-008
   1.035461E-009
   4.017186E-008
   1.972420E-008
   6.504735E-009
   4.786772E-008
   1.498378E-008
   1.023519E-008
   4.211264E-008
   5.772725E-009
   2.037343E-008
   4.385520E-008
   2.657162E-009
   2.413999E-008
   3.338357E-008
   1.473058E-012
   3.526867E-008
   3.082686E-008
   5.661216E-010
   3.597214E-008
   1.931742E-008
   5.142871E-009
   4.384396E-008
   1.495527E-008
   8.575265E-009
   3.895814E-008
   5.858418E-009
   1.836239E-008
   4.149084E-008
   2.778660E-009
   2.242524E-008
   3.206904E-008
   7.560465E-012
   3.373165E-008
   3.007090E-008
   4.894184E-010
   3.462229E-008
   1.868473E-008
   5.042836E-009
   4.261836E-008
   1.426731E-008
   8.652872E-009
   3.792973E-008
   5.306333E-009
   1.874537E-008
   4.045781E-008
   2.351820E-009
   2.281321E-008
   3.077207E-008
   5.357917E-012
   3.391352E-008
   2.814376E-008
   7.975159E-010
   3.432438E-008
   1.653377E-008
   6.096798E-009
   4.161955E-008
   1.189761E-008
   1.003190E-008
   3.607776E-008
   3.662360E-009
   2.041029E-008
   3.720094E-008
   1.176747E-009
   2.397321E-008
   2.660335E-008
   3.172475E-010
   3.411876E-008
   2.277745E-008
   2.012595E-009
   3.334383E-008
   1.168662E-008
   8.874071E-009
   3.867414E-008
   7.134332E-009
   1.334631E-008
   3.169753E-008
   1.098201E-009
   2.411211E-008
   3.050154E-008
   1.246168E-011
   2.704628E-008
   1.948252E-008
   2.463693E-009
   3.567648E-008
   1.455976E-008
   6.005683E-009
   3.276598E-008
   5.295611E-009
   1.542630E-008
   3.474005E-008
   1.883728E-009
   2.021747E-008
   2.547299E-008
   1.141127E-010
   3.057030E-008
   2.137679E-008
   1.799525E-009
   3.105123E-008
   1.060455E-008
   8.756479E-009
   3.586188E-008
   5.688109E-009
   1.393921E-008
   2.903643E-008
   4.955934E-010
   2.461073E-008
   2.641894E-008
   1.270064E-010
   2.743119E-008
   1.546888E-008
   4.178893E-009
   3.419552E-008
   9.859416E-009
   8.735122E-009
   2.975709E-008
   2.309590E-009
   1.861959E-008
   2.876652E-008
   2.018664E-010
   2.273701E-008
   1.855074E-008
   1.628974E-009
   3.078458E-008
   1.301325E-008
   5.241959E-009
   2.856975E-008
   4.227551E-009
   1.416664E-008
   2.914784E-008
   9.581730E-010
   1.916113E-008
   2.012728E-008
   5.761171E-010
   2.788689E-008
   1.485272E-008
   3.439299E-009
   2.733794E-008
   5.617258E-009
   1.151375E-008
   2.890458E-008
   1.664441E-009
   1.691423E-008
   2.081853E-008
   2.017797E-010
   2.591828E-008
   1.578012E-008
   2.540880E-009
   2.631459E-008
   6.403306E-009
   1.001997E-008
   2.834376E-008
   2.077829E-009
   1.558971E-008
   2.086658E-008
   8.386985E-011
   2.449674E-008
   1.585796E-008
   2.153917E-009
   2.533581E-008
   6.584397E-009
   9.202690E-009
   2.725873E-008
   2.126777E-009
   1.472822E-008
   2.006863E-008
   6.627336E-011
   2.318534E-008
   1.498015E-008
   2.091059E-009
   2.394098E-008
   5.963032E-009
   9.049533E-009
   2.552048E-008
   1.700884E-009
   1.450011E-008
   1.821393E-008
   2.016942E-010
   2.275593E-008
   1.299364E-008
   2.743475E-009
   2.296098E-008
   4.425123E-009
   1.035442E-008
   2.375525E-008
   8.309241E-010
   1.575116E-008
   1.586938E-008
   7.739124E-010
   2.351773E-008
   1.034225E-008
   4.322115E-009
   2.251490E-008
   2.603457E-009
   1.292460E-008
   2.198404E-008
   1.334392E-010
   1.791831E-008
   1.319241E-008
   2.125413E-009
   2.480607E-008
   7.502977E-009
   6.764969E-009
   2.189219E-008
   1.028547E-009
   1.625486E-008
   1.976819E-008
   7.172945E-011
   2.018671E-008
   1.018192E-008
   4.363483E-009
   2.553583E-008
   4.706047E-009
   9.747174E-009
   2.034790E-008
   1.187937E-010
   1.940006E-008
   1.662082E-008
   8.590677E-010
   2.147201E-008
   6.906593E-009
   7.216101E-009
   2.464586E-008
   2.242875E-009
   1.269017E-008
   1.741569E-008
   1.445320E-010
   2.157915E-008
   1.246562E-008
   2.602392E-009
   2.140303E-008
   3.674906E-009
   1.058140E-008
   2.201557E-008
   4.841797E-010
   1.545282E-008
   1.332180E-008
   1.388328E-009
   2.256390E-008
   7.810656E-009
   5.364719E-009
   1.972910E-008
   1.106446E-009
   1.411065E-008
   1.770435E-008
   4.545178E-011
   1.739598E-008
   8.516758E-009
   4.019738E-009
   2.171031E-008
   3.498625E-009
   8.832981E-009
   1.625295E-008
   3.886995E-012
   1.698302E-008
   1.211731E-008
   1.380434E-009
   1.770254E-008
   3.906180E-009
   7.756257E-009
   1.860672E-008
   6.275375E-010
   1.215861E-008
   1.123673E-008
   9.875858E-010
   1.816161E-008
   6.305160E-009
   4.391646E-009
   1.568609E-008
   7.284850E-010
   1.169589E-008
   1.349363E-008
   1.356928E-010
   1.422178E-008
   5.812405E-009
   4.111912E-009
   1.707558E-008
   1.846649E-009
   8.357294E-009
   1.181988E-008
   1.324314E-010
   1.491610E-008
   7.811785E-009
   2.299269E-009
   1.443728E-008
   1.631494E-009
   8.717334E-009
   1.381759E-008
   8.896029E-012
   1.206358E-008
   6.882862E-009
   2.528000E-009
   1.600418E-008
   2.763939E-009
   6.485915E-009
   1.200520E-008
   5.825376E-013
   1.318003E-008
   8.592488E-009
   1.446218E-009
   1.359667E-008
   2.182423E-009
   7.285286E-009
   1.372837E-008
   9.947777E-011
   1.080867E-008
   7.140704E-009
   1.929053E-009
   1.509198E-008
   3.061652E-009
   5.602259E-009
   1.145748E-008
   4.149570E-012
   1.210745E-008
   8.269897E-009
   1.226683E-009
   1.249017E-008
   2.008231E-009
   6.760263E-009
   1.253989E-008
   6.748458E-011
   9.960542E-009
   6.093937E-009
   2.098270E-009
   1.376351E-008
   2.269947E-009
   5.755127E-009
   9.784553E-009
   4.879889E-011
   1.189822E-008
   6.326611E-009
   1.974260E-009
   1.149869E-008
   9.019983E-010
   8.124824E-009
   1.043073E-008
   8.585366E-011
   1.079083E-008
   3.890297E-009
   3.995545E-009
   1.311831E-008
   7.021175E-010
   8.124980E-009
   7.738601E-009
   9.482044E-010
   1.353861E-008
   3.621526E-009
   4.532961E-009
   1.101788E-008
   2.017557E-011
   1.156130E-008
   7.936048E-009
   1.386172E-009
   1.251071E-008
   1.582054E-009
   7.824264E-009
   1.220396E-008
   5.337500E-012
   1.157458E-008
   5.148126E-009
   3.657185E-009
   1.484136E-008
   1.164458E-009
   8.476228E-009
   9.388682E-009
   6.848127E-010
   1.476055E-008
   4.650153E-009
   4.416963E-009
   1.253957E-008
   1.128245E-010
   1.194926E-008
   9.193676E-009
   1.148949E-009
   1.334451E-008
   2.073945E-009
   7.602781E-009
   1.306221E-008
   2.218620E-012
   1.164693E-008
   5.646147E-009
   3.355339E-009
   1.491146E-008
   1.300057E-009
   8.204368E-009
   9.375108E-009
   6.187862E-010
   1.425979E-008
   4.446100E-009
   4.322968E-009
   1.190855E-008
   7.424083E-011
   1.150422E-008
   8.263036E-009
   1.316413E-009
   1.249466E-008
   1.570707E-009
   7.654703E-009
   1.150092E-008
   2.529888E-011
   1.111538E-008
   4.346754E-009
   3.876974E-009
   1.321804E-008
   6.399550E-010
   8.349607E-009
   7.366026E-009
   1.161264E-009
   1.306370E-008
   2.754887E-009
   5.092137E-009
   9.675558E-009
   2.884010E-011
   1.126351E-008
   5.610560E-009
   2.242926E-009
   1.068136E-008
   4.761651E-010
   8.401557E-009
   8.342005E-009
   4.637399E-010
   1.026833E-008
   2.098118E-009
   5.304617E-009
   1.031975E-008
   1.513800E-011
   8.794046E-009
   4.288377E-009
   2.677335E-009
   1.127601E-008
   7.660648E-010
   6.706098E-009
   6.503573E-009
   8.752216E-010
   1.118818E-008
   2.415750E-009
   4.455314E-009
   8.366900E-009
   4.998023E-011
   1.017163E-008
   4.619350E-009
   2.393687E-009
   9.574269E-009
   2.278668E-010
   8.413877E-009
   6.976347E-009
   8.509696E-010
   9.930383E-009
   1.295588E-009
   6.236744E-009
   9.091939E-009
   7.060415E-011
   9.428543E-009
   3.021901E-009
   3.988181E-009
   1.063524E-008
   1.602579E-010
   8.140566E-009
   5.063315E-009
   2.024900E-009
   1.134112E-008
   1.087586E-009
   6.309097E-009
   7.024111E-009
   6.459192E-010
   1.108271E-008
   2.643380E-009
   4.282273E-009
   8.525722E-009
   3.107186E-011
   9.953787E-009
   4.497815E-009
   2.419147E-009
   9.296979E-009
   1.722170E-010
   8.262418E-009
   6.268885E-009
   1.042444E-009
   9.351955E-009
   8.900309E-010
   6.350261E-009
   7.688773E-009
   2.470811E-010
   8.803969E-009
   1.941067E-009
   4.517727E-009
   8.653189E-009
   3.119971E-015
   7.834775E-009
   3.107482E-009
   2.931132E-009
   9.123844E-009
   2.020287E-010
   6.641015E-009
   4.225724E-009
   1.684725E-009
   9.156130E-009
   7.263695E-010
   5.367368E-009
   5.179712E-009
   8.051912E-010
   8.835863E-009
   1.449671E-009
   4.140898E-009
   5.928907E-009
   2.646914E-010
   8.242008E-009
   2.269230E-009
   3.024950E-009
   6.435780E-009
   2.467366E-011
   7.468842E-009
   3.106619E-009
   2.065526E-009
   6.705306E-009
   3.046650E-011
   6.570541E-009
   3.890141E-009
   1.289422E-009
   6.749950E-009
   2.282487E-010
   5.619885E-009
   4.581208E-009
   7.087531E-010
   6.623282E-009
   5.539081E-010
   4.753882E-009
   5.184778E-009
   3.287189E-010
   6.433294E-009
   9.568694E-010
   4.001621E-009
   5.726192E-009
   1.054364E-010
   6.207468E-009
   1.413655E-009
   3.343119E-009
   6.224036E-009
   7.890808E-012
   5.947955E-009
   1.911135E-009
   2.755306E-009
   6.674592E-009
   1.897390E-011
   5.653732E-009
   2.438243E-009
   2.225705E-009
   7.073406E-009
   1.287353E-010
   5.312694E-009
   2.982278E-009
   1.740635E-009
   7.383875E-009
   3.272540E-010
   4.919232E-009
   3.512884E-009
   1.311779E-009
   7.604800E-009
   6.062926E-010
   4.469620E-009
   4.008962E-009
   9.314764E-010
   7.670679E-009
   9.369638E-010
   3.982052E-009
   4.423070E-009
   6.219653E-010
   7.604915E-009
   1.298687E-009
   3.467555E-009
   4.732123E-009
   3.769231E-010
   7.359800E-009
   1.636274E-009
   2.977769E-009
   4.907151E-009
   2.146667E-010
   7.050070E-009
   1.914710E-009
   2.571350E-009
   4.986802E-009
   1.143644E-010
   6.705133E-009
   2.115867E-009
   2.246942E-009
   4.979948E-009
   5.891878E-011
   6.375138E-009
   2.241371E-009
   2.007182E-009
   4.934989E-009
   2.889347E-011
   6.069157E-009
   2.304299E-009
   1.827916E-009
   4.844878E-009
   1.490219E-011
   5.805760E-009
   2.309462E-009
   1.711839E-009
   4.749440E-009
   8.327645E-012
   5.577684E-009
   2.272142E-009
   1.637550E-009
   4.634846E-009
   6.124149E-012
   5.387286E-009
   2.198692E-009
   1.601279E-009
   4.512896E-009
   6.296328E-012
   5.228829E-009
   2.100652E-009
   1.590163E-009
   4.376540E-009
   8.596133E-012
   5.090544E-009
   1.980548E-009
   1.597936E-009
   4.220615E-009
   1.382133E-011
   4.969711E-009
   1.845365E-009
   1.622015E-009
   4.053447E-009
   2.341924E-011
   4.873340E-009
   1.695590E-009
   1.672636E-009
   3.882498E-009
   4.029832E-011
   4.804801E-009
   1.532938E-009
   1.749805E-009
   3.704610E-009
   6.796522E-011
   4.761476E-009
   1.361832E-009
   1.850275E-009
   3.516021E-009
   1.099889E-010
   4.730011E-009
   1.180650E-009
   1.974671E-009
   3.311001E-009
   1.722131E-010
   4.712950E-009
   9.959532E-010
   2.120058E-009
   3.090070E-009
   2.582080E-010
   4.691260E-009
   8.073132E-010
   2.285794E-009
   2.846858E-009
   3.754238E-010
   4.666457E-009
   6.224675E-010
   2.468184E-009
   2.583362E-009
   5.274748E-010
   4.622886E-009
   4.465615E-010
   2.659519E-009
   2.293180E-009
   7.224218E-010
   4.555931E-009
   2.870978E-010
   2.856460E-009
   1.982690E-009
   9.629987E-010
