   5.459223E-091
   5.455575E-091
   5.444606E-091
   5.426248E-091
   5.400385E-091
   5.366859E-091
   5.325469E-091
   5.275976E-091
   5.218104E-091
   5.151546E-091
   5.075970E-091
   4.991021E-091
   4.896335E-091
   4.791539E-091
   4.676268E-091
   4.550173E-091
   4.412936E-091
   4.264281E-091
   4.103995E-091
   3.931949E-091
   3.748114E-091
   3.552594E-091
   3.345647E-091
   3.127723E-091
   2.899501E-091
   2.661922E-091
   2.416246E-091
   2.164092E-091
   1.907506E-091
   1.649015E-091
   1.391705E-091
   1.139296E-091
   8.962300E-092
   6.677683E-092
   4.600971E-092
   2.804455E-092
   1.372145E-092
   4.011946E-093
   3.460502E-095
   3.072150E-093
   1.459018E-092
   3.625764E-092
   6.996919E-092
   1.178696E-091
   1.823801E-091
   2.662277E-091
   3.724759E-091
   5.045594E-091
   6.659931E-091
   8.584997E-091
   1.083738E-090
   1.342986E-090
   1.636877E-090
   1.965299E-090
   2.327295E-090
   2.720970E-090
   3.143408E-090
   3.590602E-090
   4.057398E-090
   4.537465E-090
   5.023286E-090
   5.506175E-090
   5.976336E-090
   6.422956E-090
   6.834341E-090
   7.198109E-090
   7.501435E-090
   7.731364E-090
   7.875189E-090
   7.920917E-090
   7.857809E-090
   7.677030E-090
   7.372394E-090
   6.941219E-090
   6.385321E-090
   5.712122E-090
   4.935921E-090
   4.079311E-090
   3.174765E-090
   2.266411E-090
   1.411992E-090
   6.850357E-091
   1.772569E-091
   1.182377E-093
   2.917583E-091
   1.166699E-090
   2.691516E-090
   4.891874E-090
   7.749070E-090
   1.119752E-089
   1.512417E-089
   1.936996E-089
   2.373357E-089
   2.797781E-089
   3.183876E-089
   3.503801E-089
   3.729834E-089
   3.836309E-089
   3.801947E-089
   3.612627E-089
   3.264617E-089
   2.768309E-089
   2.152496E-089
   1.469204E-089
   7.991430E-090
   2.578226E-090
   2.355424E-092
   2.390015E-090
   1.231493E-089
   3.275042E-089
   6.468587E-089
   1.079704E-088
   1.613448E-088
   2.223297E-088
   2.872950E-088
   3.516191E-088
   4.099413E-088
   4.565125E-088
   4.856542E-088
   4.923298E-088
   4.728390E-088
   4.256410E-088
   3.523165E-088
   2.586761E-088
   1.560238E-088
   6.258527E-089
   5.110447E-090
   2.065891E-089
   1.585792E-088
   4.760625E-088
   9.850031E-088
   1.667548E-087
   2.482232E-087
   3.363033E-087
   4.223557E-087
   4.963808E-087
   5.479600E-087
   5.674743E-087
   5.476155E-087
   4.852040E-087
   3.833319E-087
   2.538475E-087
   1.201989E-087
   2.065464E-088
   1.192077E-088
   1.731722E-087
   6.081508E-087
   1.357552E-086
   2.372775E-086
   3.566194E-086
   4.805894E-086
   5.927159E-086
   6.750266E-086
   7.104453E-086
   6.858189E-086
   5.956074E-086
   4.462630E-086
   2.613292E-086
   8.729279E-087
   2.214556E-089
   1.132215E-086
   5.847503E-086
   1.565347E-085
   2.981352E-085
   4.677216E-085
   6.423363E-085
   7.935611E-085
   8.912684E-085
   9.086693E-085
   8.286707E-085
   6.515787E-085
   4.041956E-085
   1.503648E-085
   3.015953E-087
   1.377712E-085
   8.081694E-085
   2.280924E-084
   4.415217E-084
   6.901272E-084
   9.319610E-084
   1.118055E-083
   1.200486E-083
   1.142998E-083
   9.341680E-084
   6.031848E-084
   2.382980E-084
   8.034202E-086
   1.852664E-084
   1.174232E-083
   3.423283E-083
   6.687844E-083
   1.041338E-082
   1.388927E-082
   1.631954E-082
   1.697138E-082
   1.536815E-082
   1.152628E-082
   6.236935E-083
   1.393174E-083
   3.640279E-084
   8.416674E-083
   3.153094E-082
   5.267704E-082
   4.763669E-082
   1.601581E-082
   3.927738E-083
   1.343557E-081
   6.436303E-081
   1.924046E-080
   4.572712E-080
   9.446778E-080
   1.772518E-079
   3.099171E-079
   7.853291E-079
   3.096040E-078
   1.101518E-077
   3.241461E-077
   8.121693E-077
   1.796786E-076
   3.610207E-076
   6.724119E-076
   1.178312E-075
   1.964179E-075
   3.148774E-075
   7.594288E-075
   2.724829E-074
   9.067383E-074
   2.557924E-073
   6.232108E-073
   1.351722E-072
   2.676066E-072
   4.926979E-072
   8.553571E-072
   1.414806E-071
   2.571394E-071
   7.416022E-071
   2.316184E-070
   6.487499E-070
   1.595031E-069
   3.503822E-069
   7.024107E-069
   1.307897E-068
   2.293090E-068
   3.825398E-068
   6.919765E-068
   1.817260E-067
   5.152605E-067
   1.347258E-066
   3.160622E-066
   6.718214E-066
   1.314789E-065
   2.403817E-065
   4.154462E-065
   6.878548E-065
   1.413411E-064
   3.645051E-064
   9.394943E-064
   2.233775E-063
   4.847015E-063
   9.686132E-063
   1.805006E-062
   3.172429E-062
   5.309072E-062
   9.860071E-062
   2.321515E-061
   5.684010E-061
   1.315826E-060
   2.815522E-060
   5.584260E-060
   1.036305E-059
   1.817127E-059
   3.038571E-059
   5.666815E-059
   1.277126E-058
   2.959461E-058
   6.533073E-058
   1.346461E-057
   2.593699E-057
   4.703897E-057
   8.097544E-057
   1.357603E-056
   2.685079E-056
   5.918611E-056
   1.297589E-055
   2.703046E-055
   5.293248E-055
   9.768035E-055
   1.709455E-054
   2.858512E-054
   5.156836E-054
   1.069909E-053
   2.278688E-053
   4.693265E-053
   9.165487E-053
   1.693455E-052
   2.972349E-052
   4.984926E-052
   8.693638E-052
   1.728364E-051
   3.559380E-051
   7.156942E-051
   1.374211E-050
   2.508415E-050
   4.363553E-050
   7.270702E-050
   1.268189E-049
   2.467346E-049
   4.926171E-049
   9.610175E-049
   1.797474E-048
   3.209874E-048
   5.483209E-048
   9.050052E-048
   1.613756E-047
   3.103163E-047
   6.012246E-047
   1.133453E-046
   2.052527E-046
   3.561848E-046
   5.935565E-046
   9.915012E-046
   1.813586E-045
   3.436159E-045
   6.439523E-045
   1.168844E-044
   2.040798E-044
   3.426676E-044
   5.602605E-044
   9.804410E-044
   1.807336E-043
   3.338115E-043
   6.018578E-043
   1.048430E-042
   1.760527E-042
   2.862007E-042
   4.864686E-042
   8.748534E-042
   1.586967E-041
   2.825324E-041
   4.878327E-041
   8.140436E-041
   1.316161E-040
   2.204784E-040
   3.890578E-040
   6.928281E-040
   1.213660E-039
   2.067228E-039
   3.410771E-039
   5.473323E-039
   9.128421E-039
   1.588317E-038
   2.777540E-038
   4.776644E-038
   7.998465E-038
   1.299824E-037
   2.073993E-037
   3.463334E-037
   5.954308E-037
   1.022146E-036
   1.722589E-036
   2.828458E-036
   4.514748E-036
   7.226049E-036
   1.208492E-035
   2.050883E-035
   3.451097E-035
   5.689271E-035
   9.141781E-035
   1.437374E-034
   2.330093E-034
   3.884906E-034
   6.486879E-034
   1.067671E-033
   1.718792E-033
   2.699138E-033
   4.261939E-033
   6.965471E-033
   1.149609E-032
   1.881019E-032
   3.021284E-032
   4.743011E-032
   7.370834E-032
   1.182112E-031
   1.925304E-031
   3.122918E-031
   4.988516E-031
   7.805115E-031
   1.201859E-030
   1.897184E-030
   3.049490E-030
   4.895945E-030
   7.759815E-030
   1.206904E-029
   1.845267E-029
   2.877232E-029
   4.568828E-029
   7.255540E-029
   1.139186E-028
   1.757710E-028
   2.668516E-028
   4.122731E-028
   6.475193E-028
   1.016877E-027
   1.579864E-027
   2.414459E-027
   3.639440E-027
   5.583730E-027
   8.682417E-027
   1.348195E-026
   2.071003E-026
   3.131223E-026
   4.690148E-026
   7.155124E-026
   1.101943E-025
   1.691420E-025
   2.567089E-025
   3.836236E-025
   5.721972E-025
   8.681670E-025
   1.323946E-024
   2.007810E-024
   3.008606E-024
   4.445426E-024
   6.617946E-024
   9.978457E-024
   1.505673E-023
   2.254459E-023
   3.333021E-023
   4.887021E-023
   7.261517E-023
   1.086403E-022
   1.620271E-022
   2.393395E-022
   3.490905E-022
   5.107671E-022
   7.558266E-022
   1.119916E-021
   1.648864E-021
   2.400972E-021
   3.471719E-021
   5.075029E-021
   7.457154E-021
   1.092173E-020
   1.585588E-020
   2.277653E-020
   3.289190E-020
   4.787743E-020
   6.965341E-020
   1.006603E-019
   1.439792E-019
   2.056858E-019
   2.964723E-019
   4.280400E-019
   6.150308E-019
   8.758104E-019
   1.240296E-018
   1.770547E-018
   2.535664E-018
   3.619486E-018
   5.126969E-018
   7.209039E-018
   1.019744E-017
   1.448451E-017
   2.052899E-017
   2.890300E-017
   4.037630E-017
   5.662959E-017
   7.978210E-017
   1.122347E-016
   1.569652E-016
   2.178541E-016
   3.031429E-016
   4.236685E-016
   5.914487E-016
   8.212935E-016
   1.132261E-015
   1.563875E-015
   2.168574E-015
   3.003861E-015
   4.140151E-015
   5.668145E-015
   7.773541E-015
   1.069658E-014
   1.470017E-014
   2.010447E-014
   2.732860E-014
   3.722292E-014
   5.082981E-014
   6.929828E-014
   9.402041E-014
   1.268908E-013
   1.716635E-013
   2.326257E-013
   3.145802E-013
   4.233157E-013
   5.673015E-013
   7.622512E-013
   1.024946E-012
   1.374588E-012
   1.834260E-012
   2.441572E-012
   3.257720E-012
   4.345663E-012
   5.778848E-012
   7.646875E-012
   1.011229E-011
   1.339462E-011
   1.772210E-011
   2.336359E-011
   3.067036E-011
   4.029483E-011
   5.297111E-011
   6.949747E-011
   9.081599E-011
   1.183514E-010
   1.544217E-010
   2.013844E-010
   2.619215E-010
   3.392781E-010
   4.391494E-010
   5.687432E-010
   7.354881E-010
   9.480017E-010
   1.218055E-009
   1.565637E-009
   2.011459E-009
   2.578301E-009
   3.293060E-009
   4.200182E-009
   5.357857E-009
   6.824732E-009
   8.667794E-009
   1.097623E-008
   1.389693E-008
   1.758085E-008
   2.219175E-008
   2.792193E-008
   3.508375E-008
   4.406322E-008
   5.524847E-008
   6.907873E-008
   8.615721E-008
   1.073971E-007
   1.337034E-007
   1.660631E-007
   2.056619E-007
   2.544013E-007
   3.143621E-007
   3.876817E-007
   4.767818E-007
   5.852335E-007
   7.176082E-007
   8.783786E-007
   1.072475E-006
   1.306304E-006
   1.589117E-006
   1.929999E-006
   2.338674E-006
   2.826641E-006
   3.410995E-006
   4.109557E-006
   4.940578E-006
   5.924582E-006
   7.090758E-006
   8.472183E-006
   1.010155E-005
   1.201460E-005
   1.425836E-005
   1.688997E-005
   1.996497E-005
   2.354280E-005
   2.769588E-005
   3.251491E-005
   3.808848E-005
   4.450968E-005
   5.188490E-005
   6.034507E-005
   7.002076E-005
   8.104724E-005
   9.357155E-005
   1.077624E-004
   1.237930E-004
   1.418422E-004
   1.620960E-004
   1.847399E-004
   2.099701E-004
   2.379944E-004
   2.690180E-004
   3.031894E-004
   3.406756E-004
   3.816703E-004
   4.263487E-004
   4.747230E-004
   5.268334E-004
   5.827831E-004
   6.426292E-004
   7.060962E-004
   7.729625E-004
   8.431335E-004
   9.164283E-004
   9.920979E-004
   1.069521E-003
   1.148301E-003
   1.227896E-003
   1.306929E-003
   1.384317E-003
   1.459322E-003
   1.531018E-003
   1.597430E-003
   1.657148E-003
   1.709226E-003
   1.752427E-003
   1.784453E-003
   1.803952E-003
   1.810143E-003
   1.801915E-003
   1.777434E-003
   1.736110E-003
   1.677986E-003
   1.602892E-003
   1.510586E-003
   1.402115E-003
   1.279189E-003
   1.143678E-003
   9.979878E-004
   8.455373E-004
   6.904268E-004
   5.374105E-004
   3.918324E-004
   2.596064E-004
   1.472866E-004
   6.208192E-005
   1.121539E-005
   2.107190E-006
   4.237411E-005
   1.390740E-004
   2.988555E-004
   5.282747E-004
   8.322996E-004
   1.213575E-003
   1.674914E-003
   2.218402E-003
   2.840651E-003
   3.536355E-003
   4.301589E-003
   5.129727E-003
   6.004860E-003
   6.913388E-003
   7.843744E-003
   8.777694E-003
   9.689701E-003
   1.056145E-002
   1.137611E-002
   1.210746E-002
   1.273102E-002
   1.323071E-002
   1.359095E-002
   1.379146E-002
   1.382080E-002
   1.367404E-002
   1.334864E-002
   1.284564E-002
   1.217276E-002
   1.134361E-002
   1.038036E-002
   9.307240E-003
   8.150397E-003
   6.944706E-003
   5.731930E-003
   4.546951E-003
   3.425243E-003
   2.410909E-003
   1.540300E-003
   8.409194E-004
   3.399638E-004
   5.973123E-005
   9.329744E-006
   1.920452E-004
   6.012177E-004
   1.217694E-003
   2.018284E-003
   2.971432E-003
   4.028274E-003
   5.142358E-003
   6.269075E-003
   7.350541E-003
   8.330060E-003
   9.164014E-003
   9.811782E-003
   1.023357E-002
   1.040524E-002
   1.031581E-002
   9.968153E-003
   9.375285E-003
   8.559946E-003
   7.564605E-003
   6.445604E-003
   5.253921E-003
   4.048752E-003
   2.906470E-003
   1.887202E-003
   1.041968E-003
   4.255332E-004
   7.587578E-005
   1.146946E-005
   2.406527E-004
   7.494222E-004
   1.508253E-003
   2.479403E-003
   3.598650E-003
   4.793565E-003
   5.998733E-003
   7.137227E-003
   8.126932E-003
   8.907450E-003
   9.430368E-003
   9.655043E-003
   9.562070E-003
   9.153925E-003
   8.461357E-003
   7.526347E-003
   6.400748E-003
   5.167305E-003
   3.915086E-003
   2.717850E-003
   1.659592E-003
   8.238157E-004
   2.612820E-004
   1.068853E-005
   9.227819E-005
   4.947038E-004
   1.191262E-003
   2.124885E-003
   3.216678E-003
   4.390438E-003
   5.553217E-003
   6.601849E-003
   7.457995E-003
   8.056005E-003
   8.339918E-003
   8.283121E-003
   7.889179E-003
   7.194806E-003
   6.249580E-003
   5.122779E-003
   3.921476E-003
   2.742776E-003
   1.674443E-003
   8.181465E-004
   2.476283E-004
   6.013257E-006
   1.190391E-004
   5.733084E-004
   1.331203E-003
   2.329585E-003
   3.467081E-003
   4.646738E-003
   5.768706E-003
   6.716621E-003
   7.404296E-003
   7.773454E-003
   7.785586E-003
   7.433817E-003
   6.747665E-003
   5.801008E-003
   4.676252E-003
   3.469059E-003
   2.309412E-003
   1.303931E-003
   5.386522E-004
   9.606138E-005
   1.400686E-005
   2.974804E-004
   9.162900E-004
   1.798010E-003
   2.859895E-003
   3.988513E-003
   5.054481E-003
   5.955862E-003
   6.597451E-003
   6.902061E-003
   6.837373E-003
   6.414039E-003
   5.676536E-003
   4.692607E-003
   3.574642E-003
   2.450559E-003
   1.428061E-003
   6.251556E-004
   1.350416E-004
   4.623159E-006
   2.529174E-004
   8.469326E-004
   1.724325E-003
   2.789078E-003
   3.906632E-003
   4.959311E-003
   5.828984E-003
   6.403062E-003
   6.618557E-003
   6.454194E-003
   5.925796E-003
   5.086004E-003
   4.040280E-003
   2.915626E-003
   1.828993E-003
   9.172193E-004
   2.896324E-004
   1.016827E-005
   1.141430E-004
   5.796491E-004
   1.350841E-003
   2.325577E-003
   3.369914E-003
   4.363571E-003
   5.172869E-003
   5.686431E-003
   5.845258E-003
   5.629142E-003
   5.059731E-003
   4.206762E-003
   3.193001E-003
   2.142353E-003
   1.186457E-003
   4.642693E-004
   6.274901E-005
   3.682545E-005
   3.900857E-004
   1.075211E-003
   2.007244E-003
   3.047563E-003
   4.064699E-003
   4.924936E-003
   5.498301E-003
   5.712535E-003
   5.541766E-003
   5.004054E-003
   4.166853E-003
   3.156134E-003
   2.106813E-003
   1.153120E-003
   4.386376E-004
   5.278979E-005
   4.501853E-005
   4.108473E-004
   1.090960E-003
   1.988724E-003
   2.955949E-003
   3.856442E-003
   4.558760E-003
   4.946345E-003
   4.966300E-003
   4.619018E-003
   3.951305E-003
   3.058453E-003
   2.087223E-003
   1.177144E-003
   4.633033E-004
   6.401775E-005
   3.455184E-005
   3.843611E-004
   1.054652E-003
   1.950433E-003
   2.933570E-003
   3.842316E-003
   4.549964E-003
   4.940632E-003
   4.948442E-003
   4.577555E-003
   3.888150E-003
   2.978386E-003
   1.994048E-003
   1.094304E-003
   4.063943E-004
   4.259796E-005
   5.206795E-005
   4.278536E-004
   1.098243E-003
   1.946305E-003
   2.836399E-003
   3.603580E-003
   4.124893E-003
   4.315217E-003
   4.134462E-003
   3.613924E-003
   2.848933E-003
   1.963124E-003
   1.106016E-003
   4.341708E-004
   5.524420E-005
   4.018504E-005
   3.908109E-004
   1.054036E-003
   1.912547E-003
   2.817096E-003
   3.624047E-003
   4.181316E-003
   4.396820E-003
   4.238150E-003
   3.727008E-003
   2.949243E-003
   2.048882E-003
   1.173775E-003
   4.732184E-004
   7.155399E-005
   2.693194E-005
   3.417663E-004
   9.460014E-004
   1.730784E-003
   2.536721E-003
   3.213709E-003
   3.640488E-003
   3.726913E-003
   3.460141E-003
   2.894703E-003
   2.131737E-003
   1.315622E-003
   6.090894E-004
   1.393368E-004
   2.765131E-006
   2.257875E-004
   7.732587E-004
   1.537667E-003
   2.379504E-003
   3.145046E-003
   3.678499E-003
   3.888636E-003
   3.733673E-003
   3.238004E-003
   2.500079E-003
   1.662269E-003
   8.739900E-004
   2.907661E-004
   1.463092E-005
   9.105408E-005
   4.932005E-004
   1.135372E-003
   1.879631E-003
   2.565429E-003
   3.060586E-003
   3.253501E-003
   3.106157E-003
   2.653512E-003
   1.985002E-003
   1.238494E-003
   5.765695E-004
   1.315580E-004
   2.929648E-006
   2.191638E-004
   7.432407E-004
   1.464006E-003
   2.240762E-003
   2.915560E-003
   3.342666E-003
   3.443809E-003
   3.193633E-003
   2.641172E-003
   1.906083E-003
   1.135932E-003
   4.844711E-004
   8.725411E-005
   1.411216E-005
   2.718376E-004
   7.914731E-004
   1.457081E-003
   2.107464E-003
   2.602716E-003
   2.829905E-003
   2.733765E-003
   2.341459E-003
   1.740155E-003
   1.061647E-003
   4.664602E-004
   8.665344E-005
   1.295520E-005
   2.656679E-004
   7.966044E-004
   1.486566E-003
   2.188160E-003
   2.749857E-003
   3.040545E-003
   3.004100E-003
   2.645446E-003
   2.041398E-003
   1.330772E-003
   6.653639E-004
   1.883854E-004
   1.161009E-006
   1.333709E-004
   5.421932E-004
   1.122209E-003
   1.731911E-003
   2.215412E-003
   2.463416E-003
   2.410630E-003
   2.070136E-003
   1.528607E-003
   9.141214E-004
   3.781936E-004
   5.554308E-005
   2.642190E-005
   3.041109E-004
   8.284117E-004
   1.479614E-003
   2.101352E-003
   2.555799E-003
   2.728156E-003
   2.582077E-003
   2.153543E-003
   1.539546E-003
   8.878549E-004
   3.489661E-004
   4.249242E-005
   3.377485E-005
   3.118658E-004
   7.946319E-004
   1.351571E-003
   1.838800E-003
   2.123196E-003
   2.137378E-003
   1.874425E-003
   1.402303E-003
   8.478798E-004
   3.530392E-004
   5.118326E-005
   2.504093E-005
   2.884646E-004
   7.777763E-004
   1.378254E-003
   1.937297E-003
   2.316647E-003
   2.424463E-003
   2.229191E-003
   1.784125E-003
   1.199989E-003
   6.192332E-004
   1.876472E-004
   3.052193E-006
   1.023084E-004
   4.451535E-004
   9.313378E-004
   1.417831E-003
   1.774516E-003
   1.897391E-003
   1.755116E-003
   1.388426E-003
   8.963927E-004
   4.192099E-004
   9.029410E-005
   5.073601E-006
   1.933713E-004
   6.129473E-004
   1.153008E-003
   1.676481E-003
   2.043694E-003
   2.156961E-003
   1.990047E-003
   1.583827E-003
   1.047981E-003
   5.232064E-004
   1.421219E-004
   1.385641E-007
   1.219644E-004
   4.599517E-004
   9.080472E-004
   1.332007E-003
   1.603481E-003
   1.647042E-003
   1.446426E-003
   1.062989E-003
   6.103215E-004
   2.210138E-004
   1.497742E-005
   5.701149E-005
   3.428739E-004
   7.977183E-004
   1.299327E-003
   1.706005E-003
   1.909772E-003
   1.849682E-003
   1.545851E-003
   1.082762E-003
   5.867399E-004
   1.951876E-004
   8.170794E-006
   6.785887E-005
   3.425491E-004
   7.396232E-004
   1.129750E-003
   1.393903E-003
   1.446287E-003
   1.274273E-003
   9.301506E-004
   5.209782E-004
   1.769941E-004
   6.817766E-006
   7.015312E-005
   3.556710E-004
   7.846860E-004
   1.234007E-003
   1.575478E-003
   1.706667E-003
   1.593254E-003
   1.266091E-003
   8.220266E-004
   3.896246E-004
   8.933029E-005
   1.755486E-006
   1.394259E-004
   4.456965E-004
   8.151592E-004
   1.123455E-003
   1.269217E-003
   1.206423E-003
   9.541211E-004
   5.971441E-004
   2.520897E-004
   3.487028E-005
   2.169435E-005
   2.250131E-004
   5.872677E-004
   1.003527E-003
   1.345045E-003
   1.511186E-003
   1.449486E-003
   1.180060E-003
   7.860022E-004
   3.848983E-004
   9.669701E-005
   3.031491E-007
   1.133497E-004
   3.856997E-004
   7.175522E-004
   9.914670E-004
   1.114481E-003
   1.042759E-003
   8.033007E-004
   4.773938E-004
   1.788285E-004
   1.322081E-005
   4.307583E-005
   2.664890E-004
   6.187570E-004
   9.884589E-004
   1.261580E-003
   1.349110E-003
   1.225400E-003
   9.296494E-004
   5.555349E-004
   2.210131E-004
   2.599832E-005
   2.352767E-005
   2.005853E-004
   4.840377E-004
   7.681386E-004
   9.488189E-004
   9.612380E-004
   8.019462E-004
   5.277072E-004
   2.390647E-004
   4.133958E-005
   1.093474E-005
   1.664460E-004
   4.624268E-004
   8.038630E-004
   1.079663E-003
   1.197697E-003
   1.120714E-003
   8.732280E-004
   5.386095E-004
   2.252500E-004
   3.248834E-005
   1.502482E-005
   1.655707E-004
   4.179989E-004
   6.735578E-004
   8.334410E-004
   8.390314E-004
   6.872706E-004
   4.367707E-004
   1.821281E-004
   2.203317E-005
   2.198906E-005
   1.905176E-004
   4.746855E-004
   7.803372E-004
   1.001896E-003
   1.064905E-003
   9.465443E-004
   6.893355E-004
   3.808068E-004
   1.251402E-004
   4.231505E-006
   4.933608E-005
   2.307029E-004
   4.705125E-004
   6.708423E-004
   7.534836E-004
   6.852642E-004
   4.943531E-004
   2.555623E-004
   6.477880E-005
   6.771464E-007
   9.554900E-005
   3.220817E-004
   6.033379E-004
   8.399889E-004
   9.485725E-004
   8.899131E-004
   6.862828E-004
   4.097350E-004
   1.579038E-004
   1.526815E-005
   2.376091E-005
   1.673052E-004
   3.793777E-004
   5.700551E-004
   6.604665E-004
   6.140637E-004
   4.502603E-004
   2.362739E-004
   6.133544E-005
   4.364601E-007
   8.541702E-005
   2.916949E-004
   5.462260E-004
   7.572031E-004
   8.461782E-004
   7.814253E-004
   5.867078E-004
   3.343050E-004
   1.154096E-004
   5.579100E-006
   3.602065E-005
   1.825532E-004
   3.761798E-004
   5.324058E-004
   5.840392E-004
   5.100054E-004
   3.416128E-004
   1.513974E-004
   2.189173E-005
   1.291797E-005
   1.362155E-004
   3.499610E-004
   5.755231E-004
   7.271775E-004
   7.477294E-004
   6.293029E-004
   4.177571E-004
   1.930659E-004
   3.771777E-005
   4.000809E-006
   9.375168E-005
   2.589118E-004
   4.228909E-004
   5.120539E-004
   4.876487E-004
   3.604543E-004
   1.872077E-004
   4.538202E-005
   1.205145E-006
   8.084962E-005
   2.588900E-004
   4.686405E-004
   6.281280E-004
   6.752473E-004
   5.912311E-004
   4.100160E-004
   2.023928E-004
   4.775297E-005
   8.205466E-007
   7.005392E-005
   2.153138E-004
   3.660181E-004
   4.522765E-004
   4.347268E-004
   3.217946E-004
   1.653385E-004
   3.813406E-005
   1.870148E-006
   7.989237E-005
   2.463408E-004
   4.367086E-004
   5.744836E-004
   6.040184E-004
   5.134587E-004
   3.400764E-004
   1.536804E-004
   2.716801E-005
   5.329467E-006
   8.675103E-005
   2.257488E-004
   3.532394E-004
   4.084760E-004
   3.653761E-004
   2.447343E-004
   1.039476E-004
   1.155587E-005
   1.576744E-005
   1.224703E-004
   2.918854E-004
   4.550544E-004
   5.444904E-004
   5.226717E-004
   3.993091E-004
   2.259325E-004
   7.377694E-005
   1.967644E-006
   3.236597E-005
   1.408886E-004
   2.695256E-004
   3.539877E-004
   3.528088E-004
   2.670115E-004
   1.386623E-004
   3.173807E-005
   1.857112E-006
   7.028317E-005
   2.133258E-004
   3.721334E-004
   4.793468E-004
   4.887146E-004
   3.965895E-004
   2.427450E-004
   9.271407E-005
   7.681333E-006
   1.735584E-005
   1.072633E-004
   2.266716E-004
   3.134911E-004
   3.236345E-004
   2.522518E-004
   1.355551E-004
   3.353772E-005
   9.211460E-007
   6.061098E-005
   1.919926E-004
   3.397173E-004
   4.391841E-004
   4.463570E-004
   3.582031E-004
   2.140536E-004
   7.693931E-005
   4.305866E-006
   2.145305E-005
   1.106568E-004
   2.209001E-004
   2.932457E-004
   2.900946E-004
   2.131289E-004
   1.027707E-004
   1.769127E-005
   5.988259E-006
   8.082804E-005
   2.131430E-004
   3.450696E-004
   4.169021E-004
   3.961558E-004
   2.923277E-004
   1.528592E-004
   3.971033E-005
   9.866027E-008
   4.417151E-005
   1.413003E-004
   2.364295E-004
   2.779261E-004
   2.437950E-004
   1.524094E-004
   5.313616E-005
   1.208847E-006
   2.945614E-005
   1.311036E-004
   2.622864E-004
   3.629577E-004
   3.864155E-004
   3.216766E-004
   1.993169E-004
   7.569904E-005
   5.731760E-006
   1.586493E-005
   9.208458E-005
   1.882217E-004
   2.500475E-004
   2.437377E-004
   1.728012E-004
   7.646085E-005
   8.943760E-006
   1.124654E-005
   8.931538E-005
   2.101129E-004
   3.175951E-004
   3.607423E-004
   3.188511E-004
   2.123035E-004
   9.163693E-005
   1.250438E-005
   7.483181E-006
   7.055249E-005
   1.613870E-004
   2.270835E-004
   2.306432E-004
   1.701089E-004
   7.977320E-005
   1.164483E-005
   7.651248E-006
   7.683416E-005
   1.897144E-004
   2.927465E-004
   3.358748E-004
   2.978305E-004
   1.976175E-004
   8.395193E-005
   1.055852E-005
   8.255641E-006
   6.991807E-005
   1.554091E-004
   2.137859E-004
   2.112216E-004
   1.492852E-004
   6.394326E-005
   6.046549E-006
   1.315430E-005
   8.854079E-005
   1.984452E-004
   2.890394E-004
   3.150595E-004
   2.632239E-004
   1.598049E-004
   5.630778E-005
   2.355768E-006
   1.956813E-005
   9.085330E-005
   1.706913E-004
   2.110377E-004
   1.878610E-004
   1.150255E-004
   3.604323E-005
   4.820401E-008
   3.367454E-005
   1.254327E-004
   2.309625E-004
   2.965874E-004
   2.882470E-004
   2.103523E-004
   1.030007E-004
   2.066821E-005
   2.249795E-006
   5.056616E-005
   1.317246E-004
   1.949210E-004
   2.017312E-004
   1.480504E-004
   6.638051E-005
   7.469670E-006
   1.081644E-005
   8.158927E-005
   1.866186E-004
   2.719039E-004
   2.926182E-004
   2.377157E-004
   1.362632E-004
   4.130417E-005
   2.030764E-007
   2.880532E-005
   1.034043E-004
   1.752530E-004
   1.995041E-004
   1.611087E-004
   8.385164E-005
   1.636543E-005
   3.542817E-006
   5.985800E-005
   1.599328E-004
   2.518916E-004
   2.866778E-004
   2.453790E-004
   1.503538E-004
   5.236106E-005
   1.800806E-006
   2.050291E-005
   9.007884E-005
   1.636357E-004
   1.942160E-004
   1.624826E-004
   8.849799E-005
   1.960232E-005
   2.061283E-006
   5.304551E-005
   1.494465E-004
   2.402317E-004
   2.758536E-004
   2.365220E-004
   1.439926E-004
   4.887397E-005
   1.256151E-006
   2.211230E-005
   9.184974E-005
   1.629552E-004
   1.892957E-004
   1.539627E-004
   7.963816E-005
   1.483300E-005
   4.094369E-006
   6.052919E-005
   1.568272E-004
   2.404901E-004
   2.646612E-004
   2.156833E-004
   1.211393E-004
   3.377016E-005
   7.425250E-009
   3.310315E-005
   1.060820E-004
   1.691496E-004
   1.807380E-004
   1.333733E-004
   5.802700E-005
   5.196343E-006
   1.309678E-005
   8.348315E-005
   1.794054E-004
   2.468828E-004
   2.470361E-004
   1.798806E-004
   8.392907E-005
   1.331694E-005
   5.012824E-006
   5.711513E-005
   1.310286E-004
   1.764363E-004
   1.629484E-004
   9.959599E-005
   2.891373E-005
   8.865274E-008
   3.745498E-005
   1.242264E-004
   2.117601E-004
   2.491676E-004
   2.143625E-004
   1.277959E-004
   3.999195E-005
   2.608004E-007
   2.681306E-005
   9.622821E-005
   1.592776E-004
   1.728138E-004
   1.277181E-004
   5.456597E-005
   4.215456E-006
   1.457538E-005
   8.559919E-005
   1.780660E-004
   2.376328E-004
   2.284832E-004
   1.561593E-004
   6.388132E-005
   5.545375E-006
   1.204680E-005
   7.244254E-005
   1.420273E-004
   1.720905E-004
   1.418742E-004
   7.219298E-005
   1.193165E-005
   5.604218E-006
   6.369585E-005
   1.546514E-004
   2.243130E-004
   2.300939E-004
   1.684788E-004
   7.705886E-005
   1.075070E-005
   6.655505E-006
   6.083057E-005
   1.318671E-004
   1.690380E-004
   1.461721E-004
   7.926050E-005
   1.590817E-005
   3.278431E-006
   5.613500E-005
   1.458027E-004
   2.179842E-004
   2.276864E-004
   1.688113E-004
   7.801269E-005
   1.108349E-005
   6.552950E-006
   6.101696E-005
   1.323722E-004
   1.689022E-004
   1.444772E-004
   7.643568E-005
   1.398634E-005
   4.471557E-006
   6.068473E-005
   1.509433E-004
   2.193011E-004
   2.222366E-004
   1.578441E-004
   6.702746E-005
   6.501019E-006
   1.120638E-005
   7.157309E-005
   1.410353E-004
   1.686113E-004
   1.342996E-004
   6.290413E-005
   7.109852E-006
   1.066553E-005
   7.750636E-005
   1.677452E-004
   2.239701E-004
   2.096761E-004
   1.341305E-004
   4.613262E-005
   9.465522E-007
   2.327044E-005
   9.123132E-005
   1.526410E-004
   1.618884E-004
   1.122056E-004
   4.029390E-005
   5.781018E-007
   2.651993E-005
   1.062164E-004
   1.894660E-004
   2.217631E-004
   1.817239E-004
   9.575849E-005
   2.011761E-005
   2.097989E-006
   4.797101E-005
   1.196269E-004
   1.624204E-004
   1.442994E-004
   7.877349E-005
   1.533028E-005
   3.806055E-006
   5.828829E-005
   1.459104E-004
   2.090851E-004
   2.053642E-004
   1.372656E-004
   5.047104E-005
   1.834882E-006
   1.985828E-005
   8.539695E-005
   1.465017E-004
   1.564057E-004
   1.076509E-004
   3.736873E-005
   2.727967E-007
   2.850456E-005
   1.074172E-004
   1.850148E-004
   2.084645E-004
   1.617064E-004
   7.677159E-005
   1.107036E-005
   6.514361E-006
   6.019063E-005
   1.276212E-004
   1.560930E-004
   1.237024E-004
   5.542108E-005
   4.700069E-006
   1.364698E-005
   8.131666E-005
   1.632807E-004
   2.031805E-004
   1.732776E-004
   9.442049E-005
   2.100806E-005
   1.546626E-006
   4.404802E-005
   1.113078E-004
   1.495020E-004
   1.286925E-004
   6.521241E-005
   9.374524E-006
   7.381315E-006
   6.611392E-005
   1.468998E-004
   1.933450E-004
   1.725577E-004
   9.931021E-005
   2.518645E-005
   5.343836E-007
   3.783847E-005
   1.034897E-004
   1.441160E-004
   1.273930E-004
   6.663041E-005
   1.059528E-005
   6.060888E-006
   6.166510E-005
   1.403110E-004
   1.862621E-004
   1.665047E-004
   9.533093E-005
   2.361351E-005
   6.841545E-007
   3.790970E-005
   1.012413E-004
   1.383250E-004
   1.191889E-004
   5.934548E-005
   7.685827E-006
   8.288997E-006
   6.575108E-005
   1.406288E-004
   1.788262E-004
   1.524522E-004
   8.087515E-005
   1.596400E-005
   2.648359E-006
   4.532226E-005
   1.056888E-004
   1.334684E-004
   1.059877E-004
   4.580867E-005
   2.886023E-006
   1.498465E-005
   7.741612E-005
   1.457443E-004
   1.695585E-004
   1.312097E-004
   5.926251E-005
   6.402876E-006
   8.869164E-006
   5.910463E-005
   1.128858E-004
   1.250235E-004
   8.549390E-005
   2.730026E-005
   1.893077E-009
   2.980009E-005
   9.784470E-005
   1.541969E-004
   1.565076E-004
   1.030971E-004
   3.416433E-005
   2.399602E-007
   2.290216E-005
   7.871594E-005
   1.190812E-004
   1.098183E-004
   5.880599E-005
   9.477485E-006
   5.366101E-006
   5.435099E-005
   1.213512E-004
   1.556437E-004
   1.309724E-004
   6.632153E-005
   1.076322E-005
   4.432900E-006
   4.712764E-005
   9.963127E-005
   1.164504E-004
   8.327507E-005
   2.858108E-005
   7.204479E-008
   2.512896E-005
   8.762814E-005
   1.402178E-004
   1.421424E-004
   9.200399E-005
   2.872448E-005
   2.108590E-008
   2.419377E-005
   7.628015E-005
   1.097384E-004
   9.547481E-005
   4.597620E-005
   4.679585E-006
   9.413476E-006
   6.035538E-005
   1.190633E-004
   1.395344E-004
   1.056983E-004
   4.435733E-005
   3.068119E-006
   1.129380E-005
   5.701325E-005
   9.798322E-005
   9.785927E-005
   5.688028E-005
   1.139660E-005
   2.812398E-006
   4.216484E-005
   1.001006E-004
   1.308019E-004
   1.097994E-004
   5.405590E-005
   7.639186E-006
   5.091449E-006
   4.336962E-005
   8.570536E-005
   9.372003E-005
   6.037050E-005
   1.570705E-005
   7.670005E-007
   3.196133E-005
   8.636148E-005
   1.205249E-004
   1.068339E-004
   5.654918E-005
   1.008557E-005
   2.912950E-006
   3.622875E-005
   7.716836E-005
   8.800749E-005
   5.902296E-005
   1.668718E-005
   3.408604E-007
   2.759869E-005
   7.844887E-005
   1.118422E-004
   1.004375E-004
   5.373202E-005
   9.764833E-006
   2.638408E-006
   3.392609E-005
   7.243622E-005
   8.223984E-005
   5.439082E-005
   1.464729E-005
   5.619250E-007
   2.800790E-005
   7.650332E-005
   1.063403E-004
   9.268040E-005
   4.696722E-005
   6.966553E-006
   4.122524E-006
   3.679746E-005
   7.268338E-005
   7.805836E-005
   4.795974E-005
   1.054105E-005
   1.782471E-006
   3.296670E-005
   7.984760E-005
   1.033450E-004
   8.360079E-005
   3.734462E-005
   3.194019E-006
   7.863622E-006
   4.324584E-005
   7.457776E-005
   7.219665E-005
   3.838819E-005
   5.216300E-006
   5.309365E-006
   4.189712E-005
   8.512892E-005
   9.819099E-005
   6.989897E-005
   2.455498E-005
   2.633519E-007
   1.518976E-005
   5.208474E-005
   7.482424E-005
   6.172890E-005
   2.534863E-005
   7.600504E-007
   1.311508E-005
   5.412984E-005
   8.899141E-005
   8.746994E-005
   5.100931E-005
   1.120678E-005
   1.212819E-006
   2.619537E-005
   5.967179E-005
   6.873403E-005
   4.470806E-005
   1.098682E-005
   9.803005E-007
   2.669569E-005
   6.707115E-005
   8.687751E-005
   6.873681E-005
   2.877572E-005
   1.622172E-006
   8.785639E-006
   3.968389E-005
   6.258773E-005
   5.489062E-005
   2.429351E-005
   1.208200E-006
   9.729253E-006
   4.452383E-005
   7.531019E-005
   7.471378E-005
   4.342823E-005
   9.261231E-006
   1.207055E-006
   2.296779E-005
   5.059097E-005
   5.601395E-005
   3.393627E-005
   6.590267E-006
   2.126760E-006
   2.734085E-005
   6.071649E-005
   7.235994E-005
   5.187484E-005
   1.783813E-005
   1.137107E-007
   1.198800E-005
   3.854633E-005
   5.196116E-005
   3.866586E-005
   1.227749E-005
   5.238976E-008
   1.614403E-005
   4.749972E-005
   6.592070E-005
   5.467272E-005
   2.415942E-005
   1.773112E-006
   5.886652E-006
   2.902387E-005
   4.612589E-005
   3.950571E-005
   1.609523E-005
   3.272955E-007
   9.817509E-006
   3.768573E-005
   5.876816E-005
   5.366065E-005
   2.721303E-005
   3.613401E-006
   3.055142E-006
   2.277933E-005
   4.076657E-005
   3.806828E-005
   1.760383E-005
   9.842640E-007
   6.705906E-006
   3.138636E-005
   5.261782E-005
   5.062215E-005
   2.737557E-005
   4.467353E-006
   1.980359E-006
   1.930461E-005
   3.666302E-005
   3.547645E-005
   1.707970E-005
   1.165269E-006
   5.677176E-006
   2.837496E-005
   4.855617E-005
   4.725060E-005
   2.577929E-005
   4.277372E-006
   1.796406E-006
   1.789890E-005
   3.397106E-005
   3.260213E-005
   1.532717E-005
   8.761331E-007
   5.842730E-006
   2.742060E-005
   4.571714E-005
   4.336099E-005
   2.267693E-005
   3.217604E-006
   2.278332E-006
   1.804676E-005
   3.224861E-005
   2.932773E-005
   1.249586E-005
   3.078282E-007
   7.331901E-006
   2.872693E-005
   4.457754E-005
   3.969780E-005
   1.882200E-005
   1.774177E-006
   3.574290E-006
   1.973675E-005
   3.161799E-005
   2.610458E-005
   9.281633E-006
   5.836607E-011
   1.001946E-005
   3.128830E-005
   4.362686E-005
   3.505696E-005
   1.393450E-005
   4.233130E-007
   6.089907E-006
   2.260267E-005
   3.105325E-005
   2.205301E-005
   5.622958E-006
   5.634437E-007
   1.440549E-005
   3.493371E-005
   4.229555E-005
   2.926074E-005
   8.623186E-006
   4.779707E-008
   1.003419E-005
   2.580594E-005
   2.934158E-005
   1.667910E-005
   2.128888E-006
   2.941438E-006
   2.060889E-005
   3.862392E-005
   3.926274E-005
   2.189809E-005
   3.636264E-006
   1.595633E-006
   1.543815E-005
   2.844276E-005
   2.577476E-005
   1.046715E-005
   1.129723E-007
   7.786345E-006
   2.754673E-005
   4.011120E-005
   3.287149E-005
   1.310756E-005
   3.616301E-007
   6.030996E-006
   2.181982E-005
   2.923198E-005
   1.980837E-005
   4.326758E-006
   1.037418E-006
   1.557772E-005
   3.427530E-005
   3.826589E-005
   2.345050E-005
   4.895614E-006
   8.847024E-007
   1.368811E-005
   2.767558E-005
   2.670454E-005
   1.187999E-005
   3.604383E-007
   6.445934E-006
   2.551433E-005
   3.842714E-005
   3.185581E-005
   1.259031E-005
   2.777260E-007
   6.403576E-006
   2.230372E-005
   2.917602E-005
   1.905090E-005
   3.675020E-006
   1.485798E-006
   1.693589E-005
   3.497249E-005
   3.696988E-005
   2.083872E-005
   3.304535E-006
   1.805300E-006
   1.581942E-005
   2.806372E-005
   2.410281E-005
   8.577628E-006
   2.724983E-009
   9.866088E-006
   2.929093E-005
   3.823634E-005
   2.727372E-005
   7.928870E-006
   9.857331E-008
   1.040468E-005
   2.541925E-005
   2.718093E-005
   1.359706E-005
   8.514039E-007
   5.043414E-006
   2.361223E-005
   3.751873E-005
   3.201831E-005
   1.295335E-005
   3.269434E-007
   6.263429E-006
   2.196931E-005
   2.823500E-005
   1.754250E-005
   2.730327E-006
   2.312737E-006
   1.901220E-005
   3.594163E-005
   3.506381E-005
   1.729617E-005
   1.553021E-006
   3.694621E-006
   1.909993E-005
   2.853336E-005
   2.054607E-005
   4.793048E-006
   9.367845E-007
   1.571068E-005
   3.445255E-005
   3.710945E-005
   2.075779E-005
   3.005642E-006
   2.260248E-006
   1.723624E-005
   2.902659E-005
   2.328034E-005
   6.949694E-006
   2.489913E-007
   1.299212E-005
   3.261889E-005
   3.795577E-005
   2.315127E-005
   4.347216E-006
   1.358775E-006
   1.537914E-005
   2.827324E-005
   2.413584E-005
   8.033963E-006
   6.946198E-008
   1.158039E-005
   3.124642E-005
   3.755921E-005
   2.346184E-005
   4.571305E-006
   1.283755E-006
   1.545265E-005
   2.876910E-005
   2.470266E-005
   8.234859E-006
   7.493186E-008
   1.197239E-005
   3.216833E-005
   3.841658E-005
   2.366868E-005
   4.379904E-006
   1.526659E-006
   1.644735E-005
   2.982946E-005
   2.499346E-005
   7.913456E-006
   1.581060E-007
   1.296800E-005
   3.323249E-005
   3.829443E-005
   2.238287E-005
   3.460327E-006
   2.245389E-006
   1.813236E-005
   3.050464E-005
   2.380796E-005
   6.408851E-006
   5.794570E-007
   1.544733E-005
   3.532893E-005
   3.773493E-005
   1.987169E-005
   2.053035E-006
   3.798007E-006
   2.102164E-005
   3.151139E-005
   2.204873E-005
   4.527874E-006
   1.569102E-006
   1.884535E-005
   3.753449E-005
   3.627075E-005
   1.648796E-005
   7.767934E-007
   6.118065E-006
   2.403420E-005
   3.142697E-005
   1.892237E-005
   2.386399E-006
   3.565332E-006
   2.321978E-005
   3.943179E-005
   3.347986E-005
   1.223993E-005
   2.874790E-008
   9.622791E-006
   2.739820E-005
   3.047600E-005
   1.493299E-005
   6.618291E-007
   6.865721E-006
   2.805218E-005
   3.999751E-005
   2.873332E-005
   7.417401E-006
   5.027624E-007
   1.438930E-005
   3.024757E-005
   2.764252E-005
   9.901664E-006
   1.630045E-008
   1.203742E-005
   3.316190E-005
   3.876960E-005
   2.223093E-005
   2.995082E-006
   2.972168E-006
   2.013308E-005
   3.167529E-005
   2.268360E-005
   4.765028E-006
   1.538459E-006
   1.892422E-005
   3.714892E-005
   3.462642E-005
   1.436638E-005
   2.737284E-007
   7.884271E-006
   2.572258E-005
   3.024583E-005
   1.558292E-005
   8.937902E-007
   6.164068E-006
   2.670181E-005
   3.834335E-005
   2.711818E-005
   6.504975E-006
   7.556494E-007
   1.505778E-005
   2.971384E-005
   2.542909E-005
   7.819295E-006
   2.660456E-007
   1.409440E-005
   3.369507E-005
   3.554400E-005
   1.741474E-005
   1.118255E-006
   5.323712E-006
   2.263389E-005
   2.965890E-005
   1.711154E-005
   1.655305E-006
   4.457028E-006
   2.374563E-005
   3.643134E-005
   2.697638E-005
   6.971329E-006
   5.375984E-007
   1.404400E-005
   2.859347E-005
   2.470925E-005
   7.548809E-006
   2.982196E-007
   1.411943E-005
   3.320094E-005
   3.430762E-005
   1.608541E-005
   7.596743E-007
   6.036336E-006
   2.309631E-005
   2.865353E-005
   1.530277E-005
   9.980725E-007
   5.523540E-006
   2.448017E-005
   3.450890E-005
   2.309789E-005
   4.531437E-006
   1.437185E-006
   1.589401E-005
   2.744612E-005
   2.031780E-005
   4.217402E-006
   1.551751E-006
   1.772281E-005
   3.337345E-005
   2.898806E-005
   1.004561E-005
   5.744345E-009
   1.018227E-005
   2.562057E-005
   2.520153E-005
   9.519105E-006
   1.893127E-009
   1.048827E-005
   2.862202E-005
   3.159233E-005
   1.568106E-005
   9.519582E-007
   5.042972E-006
   2.055041E-005
   2.557523E-005
   1.317587E-005
   6.000410E-007
   6.075142E-006
   2.405148E-005
   3.193930E-005
   1.964266E-005
   2.856812E-006
   2.473571E-006
   1.734351E-005
   2.640056E-005
   1.712848E-005
   2.353257E-006
   2.958200E-006
   1.962505E-005
   3.140409E-005
   2.318408E-005
   5.563942E-006
   7.328686E-007
   1.327308E-005
   2.476522E-005
   1.908469E-005
   4.205435E-006
   1.241203E-006
   1.560996E-005
   2.926101E-005
   2.452879E-005
   7.598096E-006
   1.277765E-007
   1.042105E-005
   2.292464E-005
   1.988400E-005
   5.611776E-006
   4.875514E-007
   1.291703E-005
   2.741175E-005
   2.510628E-005
   9.037727E-006
   5.447987E-010
   8.646725E-006
   2.163184E-005
   2.038451E-005
   6.694938E-006
   1.619118E-007
   1.106580E-005
   2.583935E-005
   2.512753E-005
   9.897330E-006
   3.704562E-008
   7.445757E-006
   2.036484E-005
   2.014082E-005
   7.125412E-006
   6.095233E-008
   9.919945E-006
   2.435857E-005
   2.429395E-005
   9.853062E-006
   6.500046E-008
   6.852878E-006
   1.919209E-005
   1.903438E-005
   6.634106E-006
   8.448653E-008
   9.821492E-006
   2.364897E-005
   2.320431E-005
   9.113680E-006
   2.723490E-008
   6.986848E-006
   1.870504E-005
   1.794156E-005
   5.837013E-006
   1.818856E-007
   1.018276E-005
   2.314207E-005
   2.175612E-005
   7.934094E-006
   8.239250E-011
   7.364541E-006
   1.805753E-005
   1.620618E-005
   4.569333E-006
   4.537900E-007
   1.096189E-005
   2.255372E-005
   1.966241E-005
   6.238080E-006
   8.866287E-008
   8.163226E-006
   1.749518E-005
   1.416290E-005
   3.142333E-006
   1.003043E-006
   1.202733E-005
   2.172937E-005
   1.697807E-005
   4.271688E-006
   4.681692E-007
   9.285140E-006
   1.676590E-005
   1.171088E-005
   1.703928E-006
   1.992136E-006
   1.333185E-005
   2.053255E-005
   1.377189E-005
   2.326096E-006
   1.327934E-006
   1.060829E-005
   1.566111E-005
   8.906326E-006
   5.410895E-007
   3.555183E-006
   1.468528E-005
   1.876565E-005
   1.020214E-005
   7.793603E-007
   2.792498E-006
   1.186642E-005
   1.393837E-005
   5.910630E-006
   5.037138E-009
   5.723851E-006
   1.574613E-005
   1.622187E-005
   6.535198E-006
   2.458171E-008
   4.830036E-006
   1.265423E-005
   1.142074E-005
   3.049829E-006
   4.507011E-007
   8.343907E-006
   1.605160E-005
   1.279346E-005
   3.177582E-006
   4.083300E-007
   7.283103E-006
   1.266955E-005
   8.277571E-006
   8.826746E-007
   2.112270E-006
   1.101311E-005
   1.515903E-005
   8.687500E-006
   7.661503E-007
   2.152473E-006
   9.710177E-006
   1.153998E-005
   4.847012E-006
   9.434195E-010
   4.900533E-006
   1.297902E-005
   1.270295E-005
   4.490755E-006
   1.652072E-008
   5.036396E-006
   1.122883E-005
   8.963409E-006
   1.764408E-006
   8.956808E-007
   8.290256E-006
   1.343115E-005
   8.874247E-006
   1.239063E-006
   1.319450E-006
   8.173998E-006
   1.091734E-005
   5.301639E-006
   7.838495E-008
   3.649927E-006
   1.120802E-005
   1.176890E-005
   4.533131E-006
   9.295866E-012
   4.259562E-006
   1.013881E-005
   8.377792E-006
   1.749051E-006
   7.434284E-007
   7.472925E-006
   1.225671E-005
   8.083285E-006
   1.090946E-006
   1.269438E-006
   7.536682E-006
   9.753458E-006
   4.415895E-006
   1.411201E-008
   3.907603E-006
   1.082473E-005
   1.063801E-005
   3.635410E-006
   3.645760E-008
   4.534739E-006
   9.463195E-006
   6.891384E-006
   9.441551E-007
   1.371714E-006
   8.293784E-006
   1.168477E-005
   6.530968E-006
   4.437761E-007
   2.049647E-006
   8.005967E-006
   8.538414E-006
   2.788413E-006
   1.468938E-007
   5.501850E-006
   1.132075E-005
   8.986254E-006
   1.974218E-006
   5.174143E-007
   6.000509E-006
   9.190188E-006
   4.892160E-006
   1.219164E-007
   3.034309E-006
   9.903294E-006
   1.057248E-005
   4.042977E-006
   9.607006E-010
   3.912714E-006
   8.860945E-006
   6.708073E-006
   9.795050E-007
   1.251898E-006
   7.881412E-006
   1.111011E-005
   6.084098E-006
   3.502782E-007
   2.140668E-006
   7.792776E-006
   7.886735E-006
   2.274996E-006
   2.822656E-007
   5.790235E-006
   1.079832E-005
   7.738693E-006
   1.252630E-006
   9.253131E-007
   6.432145E-006
   8.434257E-006
   3.625422E-006
   2.727623E-010
   3.998873E-006
   9.987558E-006
   8.886109E-006
   2.382479E-006
   2.575054E-007
   5.076956E-006
   8.481222E-006
   4.799210E-006
   1.716230E-007
   2.617570E-006
   8.953134E-006
   9.556468E-006
   3.505654E-006
   1.307245E-008
   3.890903E-006
   8.206051E-006
   5.709622E-006
   5.833320E-007
   1.628336E-006
   7.878062E-006
   9.836373E-006
   4.481759E-006
   4.526758E-008
   2.929854E-006
   7.746014E-006
   6.333940E-006
   1.073069E-006
   9.677323E-007
   6.875263E-006
   9.820342E-006
   5.233395E-006
   2.228942E-007
   2.198766E-006
   7.207277E-006
   6.688451E-006
   1.526926E-006
   5.571325E-007
   6.010902E-006
   9.607530E-006
   5.735302E-006
   4.394859E-007
   1.688410E-006
   6.708881E-006
   6.847541E-006
   1.873724E-006
   3.329253E-007
   5.394311E-006
   9.378254E-006
   6.029959E-006
   6.140726E-007
   1.391104E-006
   6.374884E-006
   6.916222E-006
   2.093014E-006
   2.254148E-007
   5.026110E-006
   9.201256E-006
   6.156740E-006
   7.103226E-007
   1.251994E-006
   6.199001E-006
   6.920594E-006
   2.179457E-006
   1.883051E-007
   4.870792E-006
   9.080629E-006
   6.128768E-006
   7.146571E-007
   1.239959E-006
   6.163477E-006
   6.862589E-006
   2.133040E-006
   2.024167E-007
   4.897563E-006
   8.995041E-006
   5.944317E-006
   6.306882E-007
   1.340201E-006
   6.234188E-006
   6.716502E-006
   1.954115E-006
   2.698396E-007
   5.076974E-006
   8.897680E-006
   5.585961E-006
   4.749653E-007
   1.551868E-006
   6.368303E-006
   6.442436E-006
   1.647437E-006
   4.136272E-007
   5.403515E-006
   8.760906E-006
   5.046955E-006
   2.756819E-007
   1.911843E-006
   6.581397E-006
   6.041572E-006
   1.236754E-006
   6.846540E-007
   5.910131E-006
   8.583359E-006
   4.343456E-006
   9.014080E-008
   2.448093E-006
   6.831772E-006
   5.486642E-006
   7.766124E-007
   1.134787E-006
   6.545107E-006
   8.278904E-006
   3.489675E-006
   3.351447E-010
   3.159418E-006
   7.024216E-006
   4.742406E-006
   3.467163E-007
   1.810911E-006
   7.220585E-006
   7.751680E-006
   2.527949E-006
   9.907180E-008
   4.013014E-006
   7.042674E-006
   3.802691E-006
   5.553676E-008
   2.731456E-006
   7.803491E-006
   6.917408E-006
   1.545908E-006
   4.731577E-007
   4.921449E-006
   6.758439E-006
   2.710304E-006
   2.987171E-008
   3.859223E-006
   8.120879E-006
   5.738196E-006
   6.827390E-007
   1.178817E-006
   5.760751E-006
   6.103796E-006
   1.595221E-006
   3.929563E-007
   5.137798E-006
   8.104708E-006
   4.329122E-006
   1.199535E-007
   2.245696E-006
   6.456295E-006
   5.125766E-006
   6.469708E-007
   1.242672E-006
   6.456066E-006
   7.645575E-006
   2.804359E-006
   3.589136E-008
   3.610899E-006
   6.789166E-006
   3.814379E-006
   7.111753E-008
   2.601429E-006
   7.546675E-006
   6.596102E-006
   1.355617E-006
   5.832444E-007
   5.067250E-006
   6.513977E-006
   2.296137E-006
   1.160437E-007
   4.345120E-006
   8.065999E-006
   4.958526E-006
   3.047800E-007
   1.800819E-006
   6.258658E-006
   5.488531E-006
   8.930525E-007
   9.728903E-007
   6.131697E-006
   7.684040E-006
   2.973965E-006
   1.846345E-008
   3.486459E-006
   6.723210E-006
   3.788577E-006
   6.623709E-008
   2.610805E-006
   7.407008E-006
   6.244734E-006
   1.130023E-006
   7.280763E-007
   5.165226E-006
   6.112146E-006
   1.828968E-006
   2.623382E-007
   4.693588E-006
   7.640598E-006
   4.005076E-006
   7.384630E-008
   2.356132E-006
   6.205468E-006
   4.440828E-006
   3.415557E-007
   1.666226E-006
   6.509805E-006
   6.497447E-006
   1.659172E-006
   3.328121E-007
   4.328856E-006
   5.984888E-006
   2.215084E-006
   8.615732E-008
   3.892803E-006
   7.177998E-006
   4.195449E-006
   1.697949E-007
   1.892989E-006
   5.688173E-006
   4.378942E-006
   4.294540E-007
   1.377552E-006
   5.948577E-006
   6.159959E-006
   1.649529E-006
   2.740101E-007
   3.975369E-006
   5.562983E-006
   2.047891E-006
   8.859735E-008
   3.677856E-006
   6.654393E-006
   3.761826E-006
   1.150332E-007
   1.894183E-006
   5.309349E-006
   3.841043E-006
   2.814629E-007
   1.502997E-006
   5.678275E-006
   5.442727E-006
   1.225769E-006
   4.139053E-007
   3.969755E-006
   4.966921E-006
   1.514665E-006
   2.206718E-007
   3.883344E-006
   6.137471E-006
   2.971944E-006
   1.270836E-008
   2.248163E-006
   5.091939E-006
   3.091403E-006
   7.390885E-008
   1.988471E-006
   5.722508E-006
   4.633153E-006
   6.736568E-007
   7.941906E-007
   4.282693E-006
   4.351463E-006
   8.720578E-007
   5.919718E-007
   4.460318E-006
   5.645295E-006
   2.021914E-006
   5.614668E-008
   2.924537E-006
   4.873804E-006
   2.144401E-006
   1.391823E-008
   2.846156E-006
   5.754625E-006
   3.505204E-006
   1.549360E-007
   1.531826E-006
   4.585669E-006
   3.355566E-006
   2.299619E-007
   1.395705E-006
   5.069884E-006
   4.638800E-006
   8.927813E-007
   5.123079E-007
   3.707605E-006
   4.118688E-006
   9.522397E-007
   4.322823E-007
   3.915516E-006
   5.147962E-006
   1.887580E-006
   4.492917E-008
   2.617268E-006
   4.302572E-006
   1.783428E-006
   3.503668E-008
   2.731188E-006
   5.082415E-006
   2.772243E-006
   4.634196E-008
   1.663954E-006
   4.073063E-006
   2.465563E-006
   4.001876E-008
   1.762915E-006
   4.682956E-006
   3.412023E-006
   3.123614E-007
   9.580579E-007
   3.638824E-006
   2.930725E-006
   2.562703E-007
   1.062993E-006
   4.154138E-006
   3.815645E-006
   6.865172E-007
   4.916266E-007
   3.152449E-006
   3.213868E-006
   5.582618E-007
   5.912476E-007
   3.610977E-006
   4.043345E-006
   1.085369E-006
   2.083464E-007
   2.678451E-006
   3.360994E-006
   8.812743E-007
   2.890782E-007
   3.093927E-006
   4.140599E-006
   1.469429E-006
   5.739240E-008
   2.238016E-006
   3.407067E-006
   1.196684E-006
   1.084985E-007
   2.606387E-006
   4.132542E-006
   1.823368E-006
   1.789209E-009
   1.828862E-006
   3.372396E-006
   1.493687E-006
   1.905199E-008
   2.157550E-006
   4.054883E-006
   2.145279E-006
   1.878964E-008
   1.467865E-006
   3.288417E-006
   1.762836E-006
   1.167840E-009
   1.762751E-006
   3.924192E-006
   2.416923E-006
   8.684192E-008
   1.161046E-006
   3.161368E-006
   1.983727E-006
   3.352155E-008
   1.427366E-006
   3.748147E-006
   2.618155E-006
   1.814528E-007
   9.113231E-007
   2.998659E-006
   2.135524E-006
   9.138176E-008
   1.159393E-006
   3.543379E-006
   2.732826E-006
   2.748793E-007
   7.245279E-007
   2.822937E-006
   2.210852E-006
   1.496823E-007
   9.627509E-007
   3.333550E-006
   2.757310E-006
   3.419861E-007
   6.007180E-007
   2.657513E-006
   2.211334E-006
   1.876153E-007
   8.379258E-007
   3.144547E-006
   2.701274E-006
   3.671708E-007
   5.348641E-007
   2.519153E-006
   2.142421E-006
   1.907641E-007
   7.907510E-007
   3.014151E-006
   2.586907E-006
   3.407213E-007
   5.375627E-007
   2.454691E-006
   2.037265E-006
   1.597293E-007
   8.233966E-007
   2.960804E-006
   2.432914E-006
   2.717441E-007
   6.057167E-007
   2.458493E-006
   1.903711E-006
   1.067439E-007
   9.290605E-007
   2.970096E-006
   2.248167E-006
   1.810728E-007
   7.353107E-007
   2.508389E-006
   1.741164E-006
   4.962210E-008
   1.103191E-006
   3.018638E-006
   2.034854E-006
   9.196735E-008
   9.200059E-007
   2.571187E-006
   1.544354E-006
   8.694154E-009
   1.332437E-006
   3.061489E-006
   1.780781E-006
   2.500632E-008
   1.147437E-006
   2.602149E-006
   1.302656E-006
   3.506034E-009
   1.597379E-006
   3.047040E-006
   1.473956E-006
   7.368254E-011
   1.398820E-006
   2.555921E-006
   1.012500E-006
   5.520199E-008
   1.883352E-006
   2.946906E-006
   1.123067E-006
   3.948513E-008
   1.673542E-006
   2.431750E-006
   6.966684E-007
   1.925916E-007
   2.205035E-006
   2.774545E-006
   7.583970E-007
   1.716410E-007
   1.972925E-006
   2.233625E-006
   3.953123E-007
   4.398906E-007
   2.529375E-006
   2.510619E-006
   4.208292E-007
   4.139561E-007
   2.247163E-006
   1.939626E-006
   1.515202E-007
   8.009571E-007
   2.790496E-006
   2.132153E-006
   1.548168E-007
   7.618270E-007
   2.429049E-006
   1.540355E-006
   1.358441E-008
   1.256660E-006
   2.915899E-006
   1.641873E-006
   1.132185E-008
   1.188582E-006
   2.459594E-006
   1.066483E-006
   3.379171E-008
   1.760561E-006
   2.849773E-006
   1.091643E-006
   4.094087E-008
   1.633979E-006
   2.296137E-006
   5.897832E-007
   2.470791E-007
   2.226521E-006
   2.557759E-006
   5.686857E-007
   2.651902E-007
   2.006179E-006
   1.929815E-006
   2.047535E-007
   6.510130E-007
   2.564903E-006
   2.061871E-006
   1.729012E-007
   6.697632E-007
   2.229752E-006
   1.409058E-006
   8.835997E-009
   1.206078E-006
   2.691994E-006
   1.425758E-006
   1.695753E-009
   1.190267E-006
   2.219179E-006
   8.195394E-007
   8.510900E-008
   1.808960E-006
   2.527786E-006
   7.629216E-007
   1.222571E-007
   1.702971E-006
   1.928418E-006
   3.021087E-007
   4.604766E-007
   2.300080E-006
   2.055581E-006
   2.347869E-007
   5.276106E-007
   2.042529E-006
   1.388561E-006
   1.845659E-008
   1.066859E-006
   2.506680E-006
   1.359818E-006
   2.487152E-009
   1.106100E-006
   2.061576E-006
   7.385762E-007
   9.380196E-008
   1.726988E-006
   2.310566E-006
   6.317977E-007
   1.551770E-007
   1.646352E-006
   1.700207E-006
   1.992282E-007
   5.416973E-007
   2.198166E-006
   1.729832E-006
   1.188054E-007
   6.427489E-007
   1.919011E-006
   1.065318E-006
   7.063749E-010
   1.221520E-006
   2.271891E-006
   9.512653E-007
   2.060195E-008
   1.262397E-006
   1.771494E-006
   4.022467E-007
   2.619483E-007
   1.855518E-006
   1.865695E-006
   2.739480E-007
   3.783072E-007
   1.711811E-006
   1.225593E-006
   2.113937E-008
   8.977705E-007
   2.127961E-006
   1.117009E-006
   5.399542E-011
   1.004457E-006
   1.722121E-006
   5.221481E-007
   1.427889E-007
   1.604972E-006
   1.857209E-006
   3.666971E-007
   2.552520E-007
   1.536166E-006
   1.246259E-006
   4.841976E-008
   7.351988E-007
   1.978762E-006
   1.141025E-006
   4.648033E-009
   8.685488E-007
   1.620287E-006
   5.364387E-007
   1.083516E-007
   1.460734E-006
   1.756816E-006
   3.666744E-007
   2.224063E-007
   1.420637E-006
   1.165440E-006
   4.477527E-008
   6.953949E-007
   1.855217E-006
   1.046100E-006
   1.874965E-009
   8.524081E-007
   1.519722E-006
   4.616305E-007
   1.345248E-007
   1.456256E-006
   1.635924E-006
   2.865481E-007
   2.773372E-007
   1.428977E-006
   1.045379E-006
   1.517266E-008
   8.088566E-007
   1.845514E-006
   8.931761E-007
   4.071533E-009
   9.800283E-007
   1.463245E-006
   3.293157E-007
   2.401525E-007
   1.600723E-006
   1.508300E-006
   1.622107E-007
   4.283133E-007
   1.511172E-006
   8.694506E-007
   1.321460E-009
   1.044742E-006
   1.842403E-006
   6.630621E-007
   5.747011E-008
   1.188827E-006
   1.346531E-006
   1.617329E-007
   4.483744E-007
   1.760279E-006
   1.260534E-006
   3.867491E-008
   6.741165E-007
   1.532081E-006
   5.939115E-007
   6.793906E-008
   1.327698E-006
   1.681184E-006
   3.563556E-007
   2.183573E-007
   1.365509E-006
   1.058265E-006
   2.129296E-008
   7.628957E-007
   1.771095E-006
   8.363406E-007
   7.610017E-009
   9.705885E-007
   1.353223E-006
   2.519143E-007
   2.925796E-007
   1.552647E-006
   1.275013E-006
   7.498531E-008
   5.291874E-007
   1.400644E-006
   6.113249E-007
   3.848600E-008
   1.148998E-006
   1.537052E-006
   3.438909E-007
   1.868380E-007
   1.229388E-006
   9.518961E-007
   1.664565E-008
   7.053336E-007
   1.579944E-006
   6.965444E-007
   1.685659E-008
   9.267685E-007
   1.176425E-006
   1.714784E-007
   3.334869E-007
   1.431702E-006
   1.024907E-006
   2.470583E-008
   5.903514E-007
   1.247102E-006
   4.186697E-007
   9.481307E-008
   1.159430E-006
   1.257467E-006
   1.711551E-007
   2.984357E-007
   1.174410E-006
   6.777554E-007
   2.311432E-009
   8.366850E-007
   1.362139E-006
   3.972826E-007
   9.888709E-008
   9.997377E-007
   8.905673E-007
   3.552639E-008
   5.326234E-007
   1.349263E-006
   6.447836E-007
   8.065683E-009
   7.797732E-007
   1.030248E-006
   1.552664E-007
   2.886078E-007
   1.247146E-006
   8.716613E-007
   1.432996E-008
   5.546346E-007
   1.090798E-006
   3.215900E-007
   1.193962E-007
   1.085552E-006
   1.051678E-006
   9.561710E-008
   3.532172E-007
   1.079903E-006
   5.013188E-007
   2.592971E-008
   8.932769E-007
   1.172433E-006
   2.267550E-007
   1.925981E-007
   1.011364E-006
   6.691130E-007
   1.356295E-010
   6.943553E-007
   1.230917E-006
   3.832736E-007
   8.068163E-008
   9.014168E-007
   8.071987E-007
   2.858262E-008
   5.067119E-007
   1.229525E-006
   5.424158E-007
   1.821304E-008
   7.661582E-007
   9.027961E-007
   9.430407E-008
   3.446711E-007
   1.177156E-006
   6.845560E-007
   6.122041E-012
   6.258789E-007
   9.571523E-007
   1.802165E-007
   2.182324E-007
   1.099414E-006
   8.053334E-007
   1.547482E-008
   5.004820E-007
   9.848913E-007
   2.738024E-007
   1.278388E-007
   1.014597E-006
   9.057500E-007
   5.362719E-008
   3.929191E-007
   9.918769E-007
   3.670281E-007
   6.646211E-008
   9.261434E-007
   9.831021E-007
   1.048908E-007
   3.033810E-007
   9.810977E-007
   4.521023E-007
   2.880334E-008
   8.402015E-007
   1.038293E-006
   1.612648E-007
   2.310944E-007
   9.562391E-007
   5.237199E-007
   8.811341E-009
   7.588289E-007
   1.069712E-006
   2.147797E-007
   1.753218E-007
   9.208128E-007
   5.770112E-007
   1.021349E-009
   6.853408E-007
   1.078257E-006
   2.589099E-007
   1.341232E-007
   8.770441E-007
   6.076240E-007
   2.016760E-010
   6.216204E-007
   1.063609E-006
   2.872591E-007
   1.063243E-007
   8.304375E-007
   6.152252E-007
   1.808920E-009
   5.747214E-007
   1.038213E-006
   2.986987E-007
   9.194691E-008
   7.968218E-007
   6.093278E-007
   2.820448E-009
   5.504002E-007
   1.013681E-006
   2.956480E-007
   8.831718E-008
   7.777006E-007
   5.934477E-007
   2.329121E-009
   5.449918E-007
   9.902535E-007
   2.801560E-007
   9.345063E-008
   7.700642E-007
   5.683088E-007
   8.788936E-010
   5.552128E-007
   9.658397E-007
   2.538654E-007
   1.068130E-007
   7.702479E-007
   5.335309E-007
   2.536710E-012
   5.781229E-007
   9.371298E-007
   2.185140E-007
   1.286335E-007
   7.739985E-007
   4.885967E-007
   1.949985E-009
   6.097849E-007
   8.991858E-007
   1.760933E-007
   1.591947E-007
   7.753421E-007
   4.321163E-007
   9.506953E-009
   6.463484E-007
   8.474591E-007
   1.295548E-007
   1.983969E-007
   7.680547E-007
   3.634564E-007
   2.643520E-008
   6.872173E-007
   7.792233E-007
   8.060601E-008
   2.532849E-007
   7.563329E-007
   2.837152E-007
   6.011300E-008
   7.391166E-007
   6.958906E-007
   3.587049E-008
   3.278081E-007
   7.372449E-007
   1.994680E-007
   1.167696E-007
   7.942354E-007
   5.975968E-007
   6.362470E-009
   4.181793E-007
   7.024480E-007
   1.188461E-007
   2.000289E-007
   8.415352E-007
   4.855436E-007
   1.753273E-009
   5.175229E-007
   6.459684E-007
   5.200530E-008
   3.090192E-007
   8.685238E-007
   3.645412E-007
   2.937188E-008
   6.147714E-007
   5.651576E-007
   9.820670E-009
   4.363970E-007
   8.628651E-007
   2.438223E-007
   9.156886E-008
   6.936966E-007
   4.608554E-007
   1.472682E-009
   5.676979E-007
   8.144379E-007
   1.353546E-007
   1.835448E-007
   7.367678E-007
   3.401496E-007
   3.207638E-008
   6.835377E-007
   7.206188E-007
   5.232177E-008
   2.951973E-007
   7.350818E-007
   2.171027E-007
   1.027601E-007
   7.738089E-007
   5.919854E-007
   6.080781E-009
   4.179217E-007
   6.893757E-007
   1.081209E-007
   2.109729E-007
   8.258698E-007
   4.405004E-007
   6.427422E-009
   5.351385E-007
   5.983266E-007
   3.035188E-008
   3.464696E-007
   8.247828E-007
   2.824188E-007
   5.764939E-008
   6.262524E-007
   4.680579E-007
   3.507143E-011
   4.913892E-007
   7.618996E-007
   1.401615E-007
   1.555491E-007
   6.704442E-007
   3.149823E-007
   2.882348E-008
   6.206526E-007
   6.382890E-007
   3.871186E-008
   2.850600E-007
   6.515212E-007
   1.649495E-007
   1.185585E-007
   7.060584E-007
   4.688109E-007
   3.330870E-011
   4.201355E-007
   5.645921E-007
   5.007545E-008
   2.564430E-007
   7.220024E-007
   2.825132E-007
   3.527364E-008
   5.266074E-007
   4.211399E-007
   5.342339E-010
   4.134112E-007
   6.568622E-007
   1.201381E-007
   1.366737E-007
   5.730212E-007
   2.533118E-007
   3.315429E-008
   5.487135E-007
   5.182747E-007
   1.950170E-008
   2.761256E-007
   5.391079E-007
   1.019725E-007
   1.429429E-007
   6.215715E-007
   3.349623E-007
   5.865583E-009
   4.103482E-007
   4.268209E-007
   1.152000E-008
   3.004767E-007
   6.029556E-007
   1.544936E-007
   8.128759E-008
   4.913909E-007
   2.653483E-007
   1.368036E-008
   4.547087E-007
   4.896736E-007
   3.066369E-008
   2.168590E-007
   4.832379E-007
   1.067208E-007
   1.111031E-007
   5.473112E-007
   3.126896E-007
   3.194920E-009
   3.566429E-007
   3.808669E-007
   1.058004E-008
   2.680899E-007
   5.346330E-007
   1.319740E-007
   7.733780E-008
   4.361042E-007
   2.195849E-007
   1.818762E-008
   4.190050E-007
   4.140938E-007
   1.656336E-008
   2.176279E-007
   4.165716E-007
   6.741777E-008
   1.347575E-007
   5.035705E-007
   2.313388E-007
   1.607442E-008
   3.636139E-007
   2.991156E-007
   2.559706E-011
   3.210398E-007
   4.701733E-007
   6.266074E-008
   1.393131E-007
   4.330566E-007
   1.307071E-007
   7.168572E-008
   4.869054E-007
   3.165794E-007
   6.790396E-010
   3.259216E-007
   3.703255E-007
   1.077916E-008
   2.677113E-007
   5.289271E-007
   1.186134E-007
   9.557474E-008
   4.604453E-007
   2.000324E-007
   3.671470E-008
   4.846843E-007
   4.039723E-007
   3.372382E-009
   2.991305E-007
   4.404533E-007
   3.612429E-008
   2.235276E-007
   5.780625E-007
   1.811894E-007
   6.147101E-008
   4.718184E-007
   2.663225E-007
   1.441941E-008
   4.616226E-007
   4.686175E-007
   1.712813E-008
   2.590151E-007
   4.743001E-007
   6.534414E-008
   1.757291E-007
   5.757469E-007
   2.247351E-007
   3.586620E-008
   4.395357E-007
   2.946632E-007
   4.237012E-009
   4.069021E-007
   4.700606E-007
   2.921310E-008
   2.129409E-007
   4.475031E-007
   7.685127E-008
   1.389773E-007
   5.201555E-007
   2.225247E-007
   2.431852E-008
   3.832575E-007
   2.718854E-007
   2.224810E-009
   3.510720E-007
   4.165609E-007
   2.745545E-008
   1.826180E-007
   3.858278E-007
   6.413339E-008
   1.239840E-007
   4.477488E-007
   1.824931E-007
   2.491144E-008
   3.312985E-007
   2.175315E-007
   4.711669E-009
   3.139935E-007
   3.393066E-007
   1.474118E-008
   1.735509E-007
   3.168244E-007
   3.792249E-008
   1.305652E-007
   3.827624E-007
   1.268303E-007
   3.675646E-008
   2.955781E-007
   1.555002E-007
   1.457597E-008
   2.997207E-007
   2.633373E-007
   2.686208E-009
   1.839695E-007
   2.573877E-007
   1.376757E-008
   1.564418E-007
   3.358948E-007
   7.528017E-008
   6.210325E-008
   2.797806E-007
   1.017286E-007
   3.766086E-008
   3.094543E-007
   2.005305E-007
   1.218681E-009
   2.157413E-007
   2.122148E-007
   7.250389E-010
   2.046691E-007
   3.049743E-007
   3.370745E-008
   1.069087E-007
   2.770094E-007
   5.608574E-008
   8.130785E-008
   3.317034E-007
   1.415781E-007
   1.890148E-008
   2.589382E-007
   1.654706E-007
   6.262481E-009
   2.672252E-007
   2.664042E-007
   5.789971E-009
   1.697623E-007
   2.629756E-007
   1.828170E-008
   1.481868E-007
   3.403834E-007
   7.951540E-008
   6.313319E-008
   2.917895E-007
   1.061852E-007
   4.038759E-008
   3.242590E-007
   2.019985E-007
   2.732583E-009
   2.369624E-007
   2.159775E-007
   3.150816E-011
   2.295094E-007
   3.076601E-007
   2.352771E-008
   1.330731E-007
   2.857845E-007
   4.129030E-008
   1.100670E-007
   3.470428E-007
   1.134154E-007
   3.941542E-008
   2.857793E-007
   1.353311E-007
   2.310226E-008
   3.092782E-007
   2.295133E-007
   1.097780E-010
   2.213615E-007
   2.347177E-007
   1.500295E-009
   2.152106E-007
   3.224994E-007
   3.166082E-008
   1.248013E-007
   2.956883E-007
   4.825508E-008
   1.061354E-007
   3.567224E-007
   1.205633E-007
   3.920633E-008
   2.945955E-007
   1.388757E-007
   2.509687E-008
   3.217196E-007
   2.311720E-007
   5.192820E-010
   2.349665E-007
   2.336079E-007
   3.721079E-010
   2.342973E-007
   3.212761E-007
   2.344409E-008
   1.436449E-007
   2.947093E-007
   3.556953E-008
   1.291584E-007
   3.590941E-007
   9.708708E-008
   5.731534E-008
   3.006965E-007
   1.105472E-007
   4.371357E-008
   3.348541E-007
   1.914761E-007
   6.927870E-009
   2.541171E-007
   1.921051E-007
   2.715387E-009
   2.643116E-007
   2.724993E-007
   4.904482E-009
   1.790484E-007
   2.519425E-007
   9.037182E-009
   1.758867E-007
   3.191249E-007
   4.330888E-008
   1.014259E-007
   2.765858E-007
   4.972202E-008
   9.425045E-008
   3.256810E-007
   1.048960E-007
   4.075844E-008
   2.664094E-007
   1.069390E-007
   3.508381E-008
   2.980769E-007
   1.721257E-007
   6.686645E-009
   2.292742E-007
   1.646219E-007
   4.523702E-009
   2.461456E-007
   2.301131E-007
   1.234714E-009
   1.759180E-007
   2.097755E-007
   2.137319E-009
   1.829565E-007
   2.691528E-007
   2.045864E-008
   1.188578E-007
   2.361246E-007
   2.232861E-008
   1.198669E-007
   2.854163E-007
   5.729145E-008
   6.685780E-008
   2.400993E-007
   5.700566E-008
   6.534206E-008
   2.766331E-007
   1.017672E-007
   2.795489E-008
   2.234350E-007
   9.635881E-008
   2.685705E-008
   2.507131E-007
   1.463067E-007
   5.924535E-009
   1.951969E-007
   1.349753E-007
   5.470455E-009
   2.142477E-007
   1.859156E-007
   1.120742E-010
   1.589302E-007
   1.668201E-007
   1.202187E-010
   1.721067E-007
   2.156311E-007
   8.410755E-009
   1.206908E-007
   1.892729E-007
   7.906694E-009
   1.296616E-007
   2.341766E-007
   2.739567E-008
   8.425546E-008
   2.009969E-007
   2.520099E-008
   9.042140E-008
   2.408716E-007
   5.327000E-008
   5.259098E-008
   2.016897E-007
   4.809006E-008
   5.684999E-008
   2.352554E-007
   8.138484E-008
   2.803357E-008
   1.918088E-007
   7.165415E-008
   3.164337E-008
   2.205320E-007
   1.076075E-007
   1.179042E-008
   1.755718E-007
   9.336384E-008
   1.439725E-008
   1.989561E-007
   1.291851E-007
   2.843026E-009
   1.535375E-007
   1.089258E-007
   4.818483E-009
   1.744179E-007
   1.426001E-007
   8.678640E-011
   1.335380E-007
   1.189744E-007
   8.974403E-010
   1.538138E-007
   1.512507E-007
   6.451440E-010
   1.166185E-007
   1.248288E-007
   2.205784E-013
   1.365949E-007
   1.551947E-007
   2.512803E-009
   1.042070E-007
   1.283216E-007
   4.999207E-010
   1.246578E-007
   1.584932E-007
   4.773644E-009
   9.534001E-008
   1.314758E-007
   1.594840E-009
   1.153816E-007
   1.606083E-007
   6.920741E-009
   8.902875E-008
   1.339880E-007
   2.802927E-009
   1.091820E-007
   1.630942E-007
   8.912078E-009
   8.469816E-008
   1.369511E-007
   4.138205E-009
   1.040656E-007
   1.651838E-007
   1.079756E-008
   8.088790E-008
   1.389450E-007
   5.409862E-009
   9.956767E-008
   1.662170E-007
   1.245049E-008
   7.729911E-008
   1.397305E-007
   6.589473E-009
   9.502195E-008
   1.655818E-007
   1.366974E-008
   7.422600E-008
   1.391034E-007
   7.171263E-009
   9.258860E-008
   1.642775E-007
   1.381900E-008
   7.347686E-008
   1.381376E-007
   6.993726E-009
   9.265732E-008
   1.627377E-007
   1.300321E-008
   7.477967E-008
   1.369479E-007
   6.179901E-009
   9.499398E-008
   1.612257E-007
   1.149829E-008
   7.778121E-008
   1.356138E-007
   4.988165E-009
   9.891964E-008
   1.592978E-007
   9.528417E-009
   8.199070E-008
   1.336140E-007
   3.575791E-009
   1.040821E-007
   1.565939E-007
   7.305393E-009
   8.704219E-008
   1.306570E-007
   2.173204E-009
   1.098373E-007
   1.525425E-007
   5.055754E-009
   9.232686E-008
   1.261362E-007
   9.748992E-010
   1.155328E-007
   1.465189E-007
   2.981530E-009
   9.727245E-008
   1.196132E-007
   1.924986E-010
   1.204048E-007
   1.380328E-007
   1.312334E-009
   1.012128E-007
   1.107894E-007
   2.911238E-011
   1.241573E-007
   1.271312E-007
   2.411952E-010
   1.044816E-007
   1.001061E-007
   7.285846E-010
   1.270769E-007
   1.141029E-007
   6.148588E-011
   1.071257E-007
   8.782279E-008
   2.599110E-009
   1.290655E-007
   9.938890E-008
   1.127508E-009
   1.088505E-007
   7.430953E-008
   5.930000E-009
   1.297020E-007
   8.335332E-008
   3.770599E-009
   1.092876E-007
   5.996490E-008
   1.099862E-008
   1.287417E-007
   6.664379E-008
   8.260332E-009
   1.081709E-007
   4.552845E-008
   1.791105E-008
   1.257179E-007
   5.003358E-008
   1.466972E-008
   1.048693E-007
   3.160002E-008
   2.669433E-008
   1.202284E-007
   3.426954E-008
   2.301920E-008
   9.928826E-008
   1.914878E-008
   3.715645E-008
   1.122088E-007
   2.049610E-008
   3.287098E-008
   9.102719E-008
   9.112155E-009
   4.877187E-008
   1.013923E-007
   9.574321E-009
   4.386449E-008
   8.041948E-008
   2.417957E-009
   6.139441E-008
   8.857435E-008
   2.484022E-009
   5.546031E-008
   6.781958E-008
   2.256844E-014
   7.399682E-008
   7.365840E-008
   1.070919E-013
   6.638935E-008
   5.335962E-008
   2.592211E-009
   8.509231E-008
   5.700622E-008
   2.672369E-009
   7.508163E-008
   3.785089E-008
   1.055277E-008
   9.289962E-008
   3.962309E-008
   1.057216E-008
   7.984423E-008
   2.271948E-008
   2.358438E-008
   9.566839E-008
   2.316743E-008
   2.302174E-008
   7.920298E-008
   9.969182E-009
   4.044864E-008
   9.200392E-008
   9.758658E-009
   3.840981E-008
   7.236152E-008
   1.852323E-009
   5.882234E-008
   8.139096E-008
   1.617359E-009
   5.411784E-008
   5.951458E-008
   3.208079E-010
   7.552213E-008
   6.463250E-008
   4.580958E-010
   6.708720E-008
   4.253145E-008
   6.511143E-009
   8.784010E-008
   4.452224E-008
   7.166954E-009
   7.576668E-008
   2.461441E-008
   2.091341E-008
   9.426262E-008
   2.428559E-008
   2.191404E-008
   7.791089E-008
   9.176828E-009
   4.267208E-008
   9.208799E-008
   7.985022E-009
   4.292799E-008
   7.144789E-008
   6.046242E-010
   6.830246E-008
   7.973345E-008
   1.914787E-010
   6.581148E-008
   5.608048E-008
   2.901615E-009
   9.205192E-008
   5.840875E-008
   4.488353E-009
   8.450793E-008
   3.490386E-008
   1.813291E-008
   1.071905E-007
   3.305500E-008
   2.158624E-008
   9.252456E-008
   1.407110E-008
   4.446992E-008
   1.077569E-007
   1.106174E-008
   4.775219E-008
   8.566134E-008
   1.289989E-009
   7.551713E-008
   9.177096E-008
   2.937518E-010
   7.488518E-008
   6.468741E-008
   2.968575E-009
   1.012643E-007
   6.297648E-008
   5.514361E-009
   9.273075E-008
   3.620265E-008
   2.066293E-008
   1.118509E-007
   3.072376E-008
   2.547397E-008
   9.349421E-008
   1.109566E-008
   4.929241E-008
   1.021849E-007
   6.853996E-009
   5.231204E-008
   7.579173E-008
   6.681824E-011
   7.799205E-008
   7.485171E-008
   2.765282E-010
   7.420069E-008
   4.617812E-008
   8.152434E-009
   9.454860E-008
   4.006102E-008
   1.237162E-008
   8.065457E-008
   1.701206E-008
   3.168635E-008
   9.106773E-008
   1.147304E-008
   3.577016E-008
   6.799440E-008
   9.916745E-010
   5.934128E-008
   6.844978E-008
   3.021738E-011
   5.761770E-008
   4.191705E-008
   4.837955E-009
   7.729969E-008
   3.665998E-008
   8.386475E-009
   6.587750E-008
   1.504606E-008
   2.539969E-008
   7.628821E-008
   1.004187E-008
   2.927077E-008
   5.593420E-008
   6.508900E-010
   5.091099E-008
   5.678689E-008
   8.103953E-014
   4.953572E-008
   3.343324E-008
   5.462037E-009
   6.815671E-008
   2.906828E-008
   9.237671E-009
   5.813338E-008
   1.058921E-008
   2.688187E-008
   6.828099E-008
   6.438412E-009
   3.133995E-008
   4.963128E-008
   2.927458E-011
   5.393278E-008
   5.014596E-008
   4.747599E-010
   5.301623E-008
   2.806801E-008
   9.408012E-009
   7.141290E-008
   2.298018E-008
   1.473388E-008
   6.043722E-008
   6.615780E-009
   3.554735E-008
   6.805406E-008
   2.856839E-009
   4.070132E-008
   4.748557E-008
   5.831079E-010
   6.407531E-008
   4.467237E-008
   3.038961E-009
   6.104381E-008
   2.196247E-008
   1.712838E-008
   7.630935E-008
   1.533142E-008
   2.407852E-008
   6.082045E-008
   2.244917E-009
   4.750630E-008
   6.260476E-008
   1.757425E-010
   5.075954E-008
   3.853762E-008
   4.464047E-009
   7.098803E-008
   3.148323E-008
   9.729051E-009
   6.197712E-008
   1.083658E-008
   2.910804E-008
   6.933515E-008
   4.864722E-009
   3.576491E-008
   4.803574E-008
   1.569132E-010
   5.814420E-008
   4.270944E-008
   2.510044E-009
   5.540640E-008
   1.914230E-008
   1.654328E-008
   6.752013E-008
   1.128346E-008
   2.402206E-008
   5.036722E-008
   5.691822E-010
   4.639964E-008
   4.791972E-008
   2.553558E-010
   4.769138E-008
   2.439226E-008
   9.539442E-009
   6.264560E-008
   1.607430E-008
   1.669355E-008
   4.940241E-008
   2.127552E-009
   3.792067E-008
   4.940735E-008
   3.409852E-011
   4.143844E-008
   2.698623E-008
   5.925595E-009
   5.779062E-008
   1.890225E-008
   1.240796E-008
   4.737474E-008
   3.498922E-009
   3.213801E-008
   4.891174E-008
   3.629629E-010
   3.674338E-008
   2.786642E-008
   3.999762E-009
   5.330323E-008
   2.016196E-008
   9.791450E-009
   4.477683E-008
   4.342493E-009
   2.806237E-008
   4.701750E-008
   6.541768E-010
   3.332196E-008
   2.725983E-008
   3.201783E-009
   4.985628E-008
   1.986477E-008
   8.679083E-009
   4.199156E-008
   4.107657E-009
   2.687989E-008
   4.511457E-008
   6.413634E-010
   3.151416E-008
   2.518061E-008
   3.459073E-009
   4.804335E-008
   1.801799E-008
   9.219472E-009
   4.057014E-008
   3.476457E-009
   2.657710E-008
   4.140020E-008
   2.351168E-010
   3.215721E-008
   2.288205E-008
   4.424984E-009
   4.750142E-008
   1.585311E-008
   9.937808E-009
   3.682129E-008
   1.748603E-009
   3.010936E-008
   4.015924E-008
   6.033406E-011
   3.126012E-008
   1.858837E-008
   6.350021E-009
   4.601146E-008
   1.169412E-008
   1.303090E-008
   3.628339E-008
   1.051810E-009
   2.946303E-008
   3.242248E-008
   2.480415E-010
   3.345339E-008
   1.506732E-008
   8.773853E-009
   4.463577E-008
   8.547808E-009
   1.428553E-008
   2.959654E-008
   4.145609E-012
   3.550275E-008
   3.005496E-008
   8.847773E-010
   3.235793E-008
   1.003208E-008
   1.277082E-008
   4.150131E-008
   3.904139E-009
   2.081757E-008
   2.932739E-008
   1.553857E-010
   3.513288E-008
   2.088667E-008
   4.173520E-009
   3.606172E-008
   6.491289E-009
   1.788218E-008
   3.931631E-008
   1.352385E-009
   2.453790E-008
   2.257189E-008
   2.379551E-009
   4.080108E-008
   1.582823E-008
   7.967447E-009
   3.470266E-008
   2.527441E-009
   2.392377E-008
   3.304209E-008
   3.600577E-012
   3.114454E-008
   1.768813E-008
   5.701721E-009
   3.935280E-008
   7.823533E-009
   1.469781E-008
   3.178984E-008
   2.141362E-010
   2.964808E-008
   2.483802E-008
   1.578420E-009
   3.293186E-008
   9.525960E-009
   1.194386E-008
   3.567557E-008
   2.102163E-009
   2.121874E-008
   2.366735E-008
   9.069831E-010
   3.325830E-008
   1.414179E-008
   6.638897E-009
   3.035844E-008
   2.212071E-009
   2.080091E-008
   2.770944E-008
   4.008173E-011
   2.635641E-008
   1.242430E-008
   6.833967E-009
   3.300114E-008
   4.167988E-009
   1.548862E-008
   2.361199E-008
   1.405966E-010
   2.830372E-008
   1.528219E-008
   4.367256E-009
   2.779994E-008
   2.951463E-009
   1.762373E-008
   2.703706E-008
   6.918869E-012
   2.319498E-008
   1.186438E-008
   6.276590E-009
   3.232955E-008
   4.737316E-009
   1.356501E-008
   2.166116E-008
   2.080431E-010
   2.832049E-008
   1.540446E-008
   4.029405E-009
   2.639018E-008
   2.542378E-009
   1.795959E-008
   2.652897E-008
   5.801152E-013
   2.294983E-008
   1.113056E-008
   6.672691E-009
   3.187516E-008
   4.298301E-009
   1.372829E-008
   2.059787E-008
   3.547287E-010
   2.843492E-008
   1.450818E-008
   4.315655E-009
   2.524988E-008
   1.913850E-009
   1.871297E-008
   2.524268E-008
   2.062463E-011
   2.258276E-008
   9.492959E-009
   7.766953E-009
   3.089368E-008
   3.219189E-009
   1.458361E-008
   1.854334E-008
   8.574771E-010
   2.869887E-008
   1.207479E-008
   5.610302E-009
   2.397592E-008
   9.427838E-010
   2.028625E-008
   2.215594E-008
   3.613137E-010
   2.297365E-008
   7.013856E-009
   9.847898E-009
   2.851713E-008
   1.491135E-009
   1.648095E-008
   1.529405E-008
   2.135336E-009
   2.841203E-008
   8.258094E-009
   7.901947E-009
   2.119810E-008
   7.906618E-011
   2.236570E-008
   1.731698E-008
   1.543089E-009
   2.207008E-008
   3.591943E-009
   1.306829E-008
   2.414608E-008
   1.554975E-010
   1.806996E-008
   1.031289E-008
   4.696314E-009
   2.608983E-008
   3.747739E-009
   1.109762E-008
   1.650244E-008
   4.107763E-010
   2.345933E-008
   1.066612E-008
   4.292242E-009
   1.958910E-008
   7.029394E-010
   1.716562E-008
   1.786608E-008
   4.665733E-010
   1.916100E-008
   4.843887E-009
   9.445183E-009
   2.267578E-008
   5.363925E-010
   1.529129E-008
   1.083763E-008
   3.215869E-009
   2.402968E-008
   4.435516E-009
   9.214895E-009
   1.602737E-008
   1.752384E-010
   2.127603E-008
   1.067635E-008
   3.575009E-009
   1.856796E-008
   8.799122E-010
   1.532156E-008
   1.665035E-008
   3.904647E-010
   1.763183E-008
   4.450834E-009
   8.693644E-009
   2.044618E-008
   3.996950E-010
   1.389478E-008
   8.986259E-009
   3.444671E-009
   2.126263E-008
   3.109529E-009
   9.073497E-009
   1.294881E-008
   5.286701E-010
   1.933217E-008
   7.367021E-009
   4.570442E-009
   1.538793E-008
   1.314020E-010
   1.558928E-008
   1.199835E-008
   1.390651E-009
   1.594886E-008
   1.850748E-009
   1.096849E-008
   1.594466E-008
   3.493967E-011
   1.461787E-008
   4.949833E-009
   6.392271E-009
   1.836052E-008
   6.158397E-010
   1.173891E-008
   8.380695E-009
   2.802386E-009
   1.889453E-008
   2.780211E-009
   8.206082E-009
   1.126475E-008
   6.657884E-010
   1.771394E-008
   5.804063E-009
   4.936977E-009
   1.324547E-008
   1.094891E-014
   1.542533E-008
   9.103588E-009
   2.360831E-009
   1.423510E-008
   5.878124E-010
   1.256574E-008
   1.235951E-008
   6.647516E-010
   1.423437E-008
   2.188847E-009
   9.371257E-009
   1.519438E-008
   4.525505E-012
   1.322731E-008
   4.542477E-009
   6.122886E-009
   1.715032E-008
   4.727878E-010
   1.124096E-008
   7.203224E-009
   3.262628E-009
   1.783862E-008
   1.978445E-009
   8.624247E-009
   9.657449E-009
   1.219339E-009
   1.730111E-008
   4.216891E-009
   5.910737E-009
   1.154489E-008
   1.688289E-010
   1.579147E-008
   6.808783E-009
   3.502341E-009
   1.271182E-008
   6.501583E-011
   1.358131E-008
   9.407587E-009
   1.633447E-009
   1.305726E-008
   7.573964E-010
   1.100918E-008
   1.174157E-008
   4.490573E-010
   1.262362E-008
   2.036628E-009
   8.284421E-009
   1.346573E-008
   6.715082E-012
   1.157611E-008
   3.651222E-009
   5.738197E-009
   1.451976E-008
   2.325981E-010
   9.975033E-009
   5.249815E-009
   3.651944E-009
   1.495488E-008
   1.005969E-009
   8.156557E-009
   6.707740E-009
   2.013275E-009
   1.463835E-008
   2.089988E-009
   6.417916E-009
   7.947840E-009
   8.846839E-010
   1.385258E-008
   3.372960E-009
   4.718929E-009
   8.722211E-009
   2.629003E-010
   1.285649E-008
   4.724560E-009
   3.293131E-009
   9.238789E-009
   1.540168E-011
   1.171265E-008
   5.907154E-009
   2.294907E-009
   9.688453E-009
   4.745639E-011
   1.071726E-008
   7.084974E-009
   1.512595E-009
   9.941270E-009
   2.538192E-010
   9.947810E-009
   8.300302E-009
   9.343180E-010
   1.021247E-008
   6.101654E-010
   9.163467E-009
   9.439738E-009
   5.321410E-010
   1.052722E-008
   1.105540E-009
   8.434800E-009
   1.066023E-008
   2.312429E-010
   1.069277E-008
   1.698876E-009
   7.738510E-009
   1.190336E-008
   5.245881E-011
   1.078175E-008
   2.426364E-009
   6.927727E-009
   1.299360E-008
   3.625287E-013
   1.073132E-008
   3.239857E-009
   6.067564E-009
   1.392719E-008
   7.365023E-011
   1.043486E-008
   4.058474E-009
   5.184736E-009
   1.458187E-008
   2.639151E-010
   9.919455E-009
   4.821338E-009
   4.303876E-009
   1.486946E-008
   5.361015E-010
   9.248496E-009
   5.439031E-009
   3.541217E-009
   1.486285E-008
   8.242798E-010
   8.590056E-009
   5.906316E-009
   2.916684E-009
   1.462603E-008
   1.081314E-009
   7.984071E-009
   6.213334E-009
   2.436597E-009
   1.426455E-008
   1.288679E-009
   7.438613E-009
   6.366906E-009
   2.080497E-009
   1.381713E-008
   1.426513E-009
   6.983672E-009
   6.399171E-009
   1.825520E-009
   1.333058E-008
   1.496682E-009
   6.607468E-009
   6.321343E-009
   1.655941E-009
   1.283335E-008
   1.501823E-009
   6.316030E-009
   6.172525E-009
   1.543433E-009
   1.231177E-008
   1.447782E-009
   6.088452E-009
   5.947283E-009
   1.488030E-009
   1.180750E-008
   1.357145E-009
   5.893730E-009
   5.654637E-009
   1.471984E-009
   1.128087E-008
   1.227388E-009
   5.740600E-009
   5.322233E-009
   1.480547E-009
   1.072955E-008
   1.069324E-009
   5.630388E-009
   4.924211E-009
   1.577720E-009
   1.030240E-008
   8.849947E-010
   5.626611E-009
   4.480269E-009
   1.776239E-009
   9.977706E-009
   6.824616E-010
   5.735005E-009
   4.029389E-009
   2.059049E-009
   9.705890E-009
   4.791513E-010
   5.931333E-009
   3.576218E-009
   2.420269E-009
   9.454246E-009
   2.950800E-010
   6.171869E-009
   3.105118E-009
   2.870288E-009
   9.213739E-009
   1.466283E-010
   6.433550E-009
   2.635987E-009
   3.376036E-009
   8.906015E-009
   4.336255E-011
   6.690215E-009
   2.166147E-009
   3.931640E-009
   8.520481E-009
   5.492337E-013
   6.902975E-009
   1.705411E-009
   4.506794E-009
   8.028174E-009
   2.764943E-011
   7.001173E-009
   1.250361E-009
   5.085798E-009
   7.408939E-009
   1.315711E-010
   6.988923E-009
   8.405610E-010
   5.597928E-009
   6.644415E-009
   3.141586E-010
   6.809144E-009
   4.774413E-010
   6.071455E-009
   5.753327E-009
   5.970968E-010
   6.519450E-009
   1.941286E-010
   6.509770E-009
   4.786531E-009
   9.830581E-010
   6.091377E-009
   2.801676E-011
   6.868522E-009
   3.767697E-009
   1.479026E-009
   5.542364E-009
   1.545637E-011
   7.132296E-009
   2.776171E-009
   2.058210E-009
   4.875079E-009
   1.819066E-010
   7.242946E-009
   1.857387E-009
   2.690514E-009
   4.105994E-009
   5.404594E-010
   7.187378E-009
   1.078071E-009
   3.329044E-009
   3.285781E-009
   1.071923E-009
   6.909196E-009
   4.854714E-010
   3.899011E-009
   2.434276E-009
   1.756966E-009
   6.428338E-009
   1.213355E-010
   4.335313E-009
   1.627131E-009
   2.520834E-009
   5.709111E-009
   2.734023E-014
   4.586542E-009
   9.242086E-010
   3.297353E-009
   4.816673E-009
   1.211258E-010
   4.582968E-009
   3.805732E-010
   4.029749E-009
   3.802527E-009
   4.740211E-010
   4.385414E-009
   6.456976E-011
   4.640469E-009
   2.723757E-009
   1.046237E-009
   3.976342E-009
   1.656207E-011
   5.093885E-009
   1.711677E-009
   1.775447E-009
   3.367812E-009
   2.676405E-010
   5.284529E-009
   8.483398E-010
   2.596593E-009
   2.629051E-009
   8.027464E-010
   5.162381E-009
   2.533290E-010
   3.372532E-009
   1.808335E-009
   1.578659E-009
   4.724973E-009
   4.584550E-012
   3.985281E-009
   1.031426E-009
   2.478061E-009
   3.969684E-009
   1.398591E-010
   4.313731E-009
   4.062011E-010
   3.381578E-009
   3.010354E-009
   6.374709E-010
   4.268277E-009
   5.025056E-011
   4.120115E-009
   1.964970E-009
   1.412719E-009
   3.835305E-009
   4.308554E-011
   4.555383E-009
   1.012571E-009
   2.311366E-009
   3.070260E-009
   4.056753E-010
   4.592189E-009
   3.188371E-010
   3.168511E-009
   2.121830E-009
   1.109889E-009
   4.264763E-009
   9.367730E-012
   3.832042E-009
   1.166208E-009
   2.069521E-009
   3.594367E-009
   1.429931E-010
   4.140121E-009
   3.996901E-010
   3.125368E-009
   2.666903E-009
   6.997924E-010
   3.992451E-009
   1.771626E-011
   4.057733E-009
   1.636953E-009
   1.569474E-009
   3.391267E-009
   1.515223E-010
   4.629553E-009
   7.139870E-010
   2.556452E-009
   2.445146E-009
   8.214340E-010
   4.691924E-009
   1.272785E-010
   3.393130E-009
   1.375745E-009
   1.900012E-009
   4.161172E-009
   2.642682E-011
   3.848178E-009
   4.733343E-010
   3.152140E-009
   3.187069E-009
   4.388550E-010
   3.730066E-009
   1.971884E-011
   4.207035E-009
   1.952941E-009
   1.251561E-009
   3.085998E-009
   1.804004E-010
   4.762161E-009
   8.419714E-010
   2.168559E-009
   2.053441E-009
   9.292228E-010
   4.587678E-009
   1.256944E-010
   2.968937E-009
   9.925331E-010
   2.063949E-009
   3.762355E-009
   5.122049E-011
   3.287808E-009
   2.066498E-010
   3.242772E-009
   2.468366E-009
   6.260804E-010
   3.030659E-009
   1.879417E-011
   4.052828E-009
   1.148995E-009
   1.595470E-009
   2.194288E-009
   5.382358E-010
   4.153003E-009
   2.186977E-010
   2.588916E-009
   1.141079E-009
   1.594746E-009
   3.465757E-009
   3.005500E-011
   3.131479E-009
   2.755887E-010
   2.782022E-009
   2.215942E-009
   6.281857E-010
   2.991947E-009
   7.040292E-012
   3.583041E-009
   9.125764E-010
   1.714101E-009
   2.178850E-009
   4.851925E-010
   3.643416E-009
   1.052120E-010
   2.726981E-009
   1.053257E-009
   1.545670E-009
   2.935483E-009
   1.022865E-010
   3.106208E-009
   1.832252E-010
   2.724974E-009
   1.746251E-009
   8.170518E-010
   2.690938E-009
   4.930338E-011
   3.395532E-009
   5.759284E-010
   1.889938E-009
   1.731675E-009
   6.914826E-010
   3.200054E-009
   1.036971E-011
   2.732491E-009
   6.479345E-010
   1.806967E-009
   2.303116E-009
   2.879222E-010
   2.798028E-009
   2.474087E-011
   2.861951E-009
   1.116334E-009
   1.159549E-009
   2.068391E-009
   2.727182E-010
   3.248980E-009
   2.035043E-010
   2.106110E-009
   9.779143E-010
   1.260684E-009
   2.707814E-009
   4.476052E-011
   2.518854E-009
   1.346396E-010
   2.476223E-009
   1.585021E-009
   6.640746E-010
   2.109876E-009
   1.039720E-010
   3.140162E-009
   4.430938E-010
   1.657766E-009
   1.164263E-009
   9.251849E-010
   2.832184E-009
   5.704210E-013
   2.297678E-009
   2.344222E-010
   2.194507E-009
   1.834818E-009
   4.199286E-010
