   2.034293E-281
   2.032931E-281
   2.028837E-281
   2.021985E-281
   2.012331E-281
   1.999818E-281
   1.984370E-281
   1.965898E-281
   1.944299E-281
   1.919459E-281
   1.891254E-281
   1.859552E-281
   1.824216E-281
   1.785110E-281
   1.742096E-281
   1.695045E-281
   1.643839E-281
   1.588374E-281
   1.528573E-281
   1.464388E-281
   1.395808E-281
   1.322873E-281
   1.245681E-281
   1.164400E-281
   1.079285E-281
   9.906882E-282
   8.990812E-282
   8.050703E-282
   7.094199E-282
   6.130756E-282
   5.171908E-282
   4.231561E-282
   3.326319E-282
   2.475844E-282
   1.703255E-282
   1.035564E-282
   5.041605E-283
   1.453439E-283
   9.047776E-286
   1.187642E-283
   5.536735E-283
   1.367978E-282
   2.632454E-282
   4.427215E-282
   6.842707E-282
   9.980783E-282
   1.395588E-281
   1.889627E-281
   2.493326E-281
   3.213101E-281
   4.055131E-281
   5.024181E-281
   6.122604E-281
   7.349969E-281
   8.702687E-281
   1.017367E-280
   1.175201E-280
   1.342273E-280
   1.516658E-280
   1.695988E-280
   1.877456E-280
   2.057817E-280
   2.233411E-280
   2.400199E-280
   2.553813E-280
   2.689628E-280
   2.802855E-280
   2.888656E-280
   2.942284E-280
   2.959263E-280
   2.935583E-280
   2.867946E-280
   2.754044E-280
   2.592879E-280
   2.385131E-280
   2.133578E-280
   1.843564E-280
   1.523532E-280
   1.185616E-280
   8.463035E-281
   5.271671E-281
   2.556766E-281
   6.609308E-282
   4.523737E-284
   1.091656E-281
   4.361948E-281
   1.005972E-280
   1.828044E-280
   2.895384E-280
   4.183460E-280
   5.650007E-280
   7.235584E-280
   8.864981E-280
   1.044959E-279
   1.189084E-279
   1.308476E-279
   1.392784E-279
   1.432426E-279
   1.419462E-279
   1.348628E-279
   1.218540E-279
   1.033096E-279
   8.030653E-280
   5.479014E-280
   2.977718E-280
   9.584525E-281
   8.323113E-283
   8.980303E-281
   4.612963E-280
   1.225633E-279
   2.419654E-279
   4.037562E-279
   6.032197E-279
   8.310813E-279
   1.073771E-278
   1.314017E-278
   1.531791E-278
   1.705618E-278
   1.814291E-278
   1.839008E-278
   1.765964E-278
   1.589429E-278
   1.315338E-278
   9.654346E-279
   5.819915E-279
   2.331432E-279
   1.887260E-280
   7.768041E-280
   5.939778E-279
   1.781544E-278
   3.684610E-278
   6.236101E-278
   9.280817E-278
   1.257187E-277
   1.578633E-277
   1.855053E-277
   2.047527E-277
   2.120137E-277
   2.045607E-277
   1.812106E-277
   1.431247E-277
   9.473686E-278
   4.481636E-278
   7.670449E-279
   4.495677E-279
   6.488371E-278
   2.276137E-277
   5.078947E-277
   8.874769E-277
   1.333564E-276
   1.796820E-276
   2.215674E-276
   2.522969E-276
   2.654918E-276
   2.562426E-276
   2.224872E-276
   1.666469E-276
   9.753235E-277
   3.252903E-277
   7.725282E-280
   4.245797E-277
   2.188979E-276
   5.857215E-276
   1.115281E-275
   1.749317E-275
   2.401952E-275
   2.966940E-275
   3.331690E-275
   3.396136E-275
   3.096502E-275
   2.434083E-275
   1.509242E-275
   5.608045E-276
   1.106312E-277
   5.166079E-276
   3.025201E-275
   8.535021E-275
   1.651890E-274
   2.581729E-274
   3.486170E-274
   4.182171E-274
   4.490622E-274
   4.276008E-274
   3.495587E-274
   2.258283E-274
   8.935739E-275
   3.069359E-276
   6.884797E-275
   4.376226E-274
   1.275811E-273
   2.482093E-273
   3.836477E-273
   5.062774E-273
   5.858941E-273
   5.958107E-273
   5.207400E-273
   3.664406E-273
   1.711510E-273
   1.885436E-274
   5.442126E-274
   5.006822E-273
   1.646669E-272
   3.395349E-272
   5.357294E-272
   7.073682E-272
   8.059520E-272
   7.915595E-272
   6.472608E-272
   3.966757E-272
   1.246990E-272
   1.449250E-274
   3.095111E-272
   1.474405E-271
   3.758806E-271
   6.583863E-271
   9.226178E-271
   1.090296E-270
   1.094323E-270
   9.025532E-271
   5.470571E-271
   1.588352E-271
   8.040893E-273
   5.498007E-271
   2.473954E-270
   6.051761E-270
   1.020745E-269
   1.371911E-269
   1.536583E-269
   1.425763E-269
   1.027089E-269
   4.576849E-270
   2.622760E-271
   3.043023E-270
   2.207173E-269
   6.750534E-269
   1.276249E-268
   1.823543E-268
   2.119573E-268
   2.013041E-268
   1.468555E-268
   6.520999E-269
   3.183354E-270
   4.941892E-269
   3.475395E-268
   1.047129E-267
   1.932724E-267
   2.676083E-267
   2.974302E-267
   2.628886E-267
   1.667000E-267
   4.882464E-268
   3.643117E-269
   1.996218E-267
   8.989082E-267
   2.124502E-266
   3.358399E-266
   4.096523E-266
   3.947600E-266
   2.811041E-266
   1.099724E-266
   3.414178E-269
   1.792257E-266
   1.015931E-265
   2.728869E-265
   4.566273E-265
   5.715887E-265
   5.552841E-265
   3.910096E-265
   1.433442E-265
   1.626323E-268
   3.210389E-265
   1.690743E-264
   4.302852E-264
   6.876023E-264
   8.171608E-264
   7.352329E-264
   4.451685E-264
   9.659347E-265
   5.485313E-265
   9.805075E-264
   3.824911E-263
   7.854744E-263
   1.090733E-262
   1.129744E-262
   8.344228E-263
   3.225892E-263
   2.848535E-268
   6.782565E-263
   3.703702E-262
   9.391293E-262
   1.452013E-261
   1.621635E-261
   1.296530E-261
   5.859453E-262
   1.412039E-263
   6.993519E-262
   4.556545E-261
   1.263868E-260
   2.026720E-260
   2.289066E-260
   1.815509E-260
   7.799256E-261
   5.858969E-263
   1.245136E-260
   7.486745E-260
   1.959499E-259
   2.990883E-259
   3.183502E-259
   2.276445E-259
   7.203829E-260
   6.244682E-261
   3.389369E-259
   1.556245E-258
   3.359348E-258
   4.503020E-258
   4.161925E-258
   2.307157E-258
   2.416229E-259
   1.229384E-258
   1.121267E-257
   3.529629E-257
   5.834093E-257
   6.385054E-257
   4.523293E-257
   1.281378E-257
   2.916598E-258
   8.829187E-257
   3.757023E-256
   7.453730E-256
   9.147985E-256
   7.342677E-256
   2.830355E-256
   2.536394E-258
   8.504451E-256
   4.414665E-255
   9.885174E-255
   1.289142E-254
   1.084891E-254
   4.520232E-255
   1.424868E-258
   1.103508E-254
   6.094882E-254
   1.400620E-253
   1.825366E-253
   1.500964E-253
   5.714724E-254
   1.102921E-255
   1.976551E-253
   9.970316E-253
   2.119538E-252
   2.583834E-252
   1.916679E-252
   5.273524E-253
   1.820100E-253
   4.548624E-252
   1.844141E-251
   3.323270E-251
   3.538757E-251
   2.111343E-251
   2.162577E-252
   1.334220E-251
   1.209567E-250
   3.546542E-250
   5.110504E-250
   4.375759E-250
   1.648097E-250
   6.375685E-252
   6.784499E-250
   3.290304E-249
   6.487302E-249
   7.112741E-249
   4.202790E-249
   3.434612E-250
   3.358159E-249
   2.815250E-248
   7.715119E-248
   1.032527E-247
   7.787537E-248
   1.882250E-248
   1.379260E-248
   2.478127E-247
   9.039606E-247
   1.427158E-246
   1.251445E-246
   4.464003E-247
   4.328759E-248
   2.433076E-246
   1.094022E-245
   1.953485E-245
   1.870603E-245
   7.864290E-246
   1.154715E-247
   2.808473E-245
   1.423605E-244
   2.712881E-244
   2.683754E-244
   1.166114E-244
   1.083239E-246
   3.949507E-244
   2.035783E-243
   3.861377E-243
   3.730063E-243
   1.488598E-243
   6.811038E-245
   6.765279E-243
   3.189330E-242
   5.606912E-242
   4.974974E-242
   1.558906E-242
   4.746957E-243
   1.361387E-241
   5.328687E-241
   8.146627E-241
   6.169255E-241
   1.105009E-241
   2.486650E-241
   3.051797E-240
   9.093761E-240
   1.144371E-239
   6.628493E-240
   1.769133E-241
   1.048756E-239
   7.088608E-239
   1.507461E-238
   1.471147E-238
   5.169498E-239
   1.004809E-239
   3.822485E-238
   1.542514E-237
   2.295306E-237
   1.565446E-237
   1.357142E-238
   1.457967E-237
   1.236041E-236
   2.921717E-236
   2.971263E-236
   1.061062E-236
   2.155936E-237
   8.104394E-236
   3.204337E-235
   4.556892E-235
   2.787156E-235
   7.582426E-237
   4.644036E-235
   3.116406E-234
   6.189790E-234
   5.256927E-234
   1.031347E-234
   2.179430E-234
   2.799283E-233
   7.815983E-233
   8.483320E-233
   3.110189E-233
   6.661611E-234
   2.478691E-232
   9.495945E-232
   1.259846E-231
   6.401640E-232
   3.359259E-234
   2.281608E-231
   1.144568E-230
   1.791936E-230
   1.107992E-230
   1.656260E-232
   2.263618E-230
   1.408827E-229
   2.503196E-229
   1.740702E-229
   8.564410E-231
   2.510991E-229
   1.814557E-228
   3.490102E-228
   2.568479E-228
   1.738005E-229
   3.217722E-228
   2.484216E-227
   4.899270E-227
   3.608911E-227
   2.218296E-228
   4.834160E-227
   3.631612E-226
   6.934297E-226
   4.827011E-226
   1.617544E-227
   8.420405E-226
   5.629867E-225
   9.837742E-225
   6.056731E-225
   1.482230E-227
   1.648535E-224
   9.096396E-224
   1.380409E-223
   6.880390E-224
   2.660617E-225
   3.494611E-223
   1.493878E-222
   1.874492E-222
   6.533635E-223
   3.040160E-223
   7.730741E-222
   2.421236E-221
   2.381169E-221
   4.159688E-222
   1.542751E-221
   1.703552E-220
   3.750400E-220
   2.669882E-220
   4.988604E-222
   5.826793E-220
   3.528275E-219
   5.345179E-219
   2.334825E-219
   4.138117E-220
   1.875444E-218
   6.551937E-218
   6.625619E-218
   1.064146E-218
   5.053999E-218
   5.198428E-217
   1.053008E-216
   6.371289E-217
   2.931160E-219
   2.540290E-216
   1.165855E-215
   1.391336E-215
   3.321921E-216
   6.652554E-216
   9.049814E-215
   2.050586E-214
   1.331411E-214
   7.148347E-218
   4.843133E-214
   2.296685E-213
   2.712472E-213
   5.683159E-214
   1.656710E-213
   1.978115E-212
   4.080963E-212
   2.263439E-212
   1.125744E-213
   1.312168E-211
   5.002026E-211
   4.842845E-211
   4.127585E-212
   6.791313E-211
   5.141792E-210
   7.930566E-210
   2.673437E-210
   2.290278E-210
   4.485451E-209
   1.105314E-208
   6.921110E-209
   1.241038E-210
   3.408174E-208
   1.371634E-207
   1.310312E-207
   7.691181E-209
   2.315617E-207
   1.553382E-206
   2.112233E-206
   4.740212E-207
   1.371185E-206
   1.638224E-205
   3.090155E-205
   1.264096E-205
   6.349929E-206
   1.647211E-204
   4.248108E-204
   2.524595E-204
   1.598500E-205
   1.622961E-203
   5.616130E-203
   4.362692E-203
   3.771628E-207
   1.608372E-202
   7.269546E-202
   6.933472E-202
   2.107730E-203
   1.638189E-201
   9.354447E-201
   1.046384E-200
   8.373976E-202
   1.748057E-200
   1.212572E-199
   1.528679E-199
   1.903817E-200
   1.989666E-199
   1.599760E-198
   2.185914E-198
   3.364406E-199
   2.462628E-198
   2.167443E-197
   3.088134E-197
   5.116011E-198
   3.325529E-197
   3.012979E-196
   4.284767E-196
   6.544980E-197
   5.065713E-196
   4.374486E-195
   6.021494E-195
   8.179026E-196
   7.809092E-195
   6.220788E-194
   7.634855E-194
   4.518866E-195
   1.644220E-193
   1.051875E-192
   1.267709E-192
   1.394448E-193
   1.754809E-192
   1.061476E-191
   6.334265E-192
   4.545581E-192
   1.222132E-190
   4.744930E-190
   7.293928E-190
   5.859655E-190
   1.725415E-190
   7.271784E-190
   1.670520E-188
   1.150605E-187
   4.476587E-187
   1.499397E-186
   4.568256E-186
   1.188246E-185
   2.956704E-185
   1.226490E-184
   5.220362E-184
   1.716158E-183
   5.154728E-183
   1.962094E-182
   6.802315E-182
   1.926502E-181
   5.983231E-181
   2.391222E-180
   8.207680E-180
   2.313916E-179
   7.848183E-179
   2.976237E-178
   9.388187E-178
   2.608810E-177
   9.528277E-177
   3.461321E-176
   1.028257E-175
   3.013547E-175
   1.132172E-174
   3.832585E-174
   1.072475E-173
   3.444213E-173
   1.275681E-172
   4.013611E-172
   1.107068E-171
   3.878193E-171
   1.362748E-170
   3.971319E-170
   1.156661E-169
   4.198090E-169
   1.371418E-168
   3.772992E-168
   1.217350E-167
   4.312767E-167
   1.297525E-166
   3.599147E-166
   1.253797E-165
   4.165034E-165
   1.160273E-164
   3.517680E-164
   1.232247E-163
   3.764763E-163
   1.024118E-162
   3.424990E-162
   1.137392E-161
   3.190317E-161
   9.327416E-161
   3.203609E-160
   9.786777E-160
   2.639112E-159
   8.574242E-159
   2.812105E-158
   7.854547E-158
   2.260791E-157
   7.603631E-157
   2.292197E-156
   6.144620E-156
   1.966608E-155
   6.314090E-155
   1.737636E-154
   5.004063E-154
   1.648339E-153
   4.848354E-153
   1.296578E-152
   4.129700E-152
   1.287689E-151
   3.467392E-151
   1.013090E-150
   3.258990E-150
   9.260527E-150
   2.495772E-149
   7.929465E-149
   2.380294E-148
   6.280846E-148
   1.879555E-147
   5.858028E-147
   1.596717E-146
   4.415194E-146
   1.388119E-145
   3.973266E-145
   1.044547E-144
   3.193281E-144
   9.527094E-144
   2.500473E-143
   7.207642E-143
   2.204178E-142
   5.971868E-142
   1.614866E-141
   4.944671E-141
   1.393875E-140
   3.624625E-140
   1.082120E-139
   3.152305E-139
   8.163714E-139
   2.326349E-138
   6.916539E-138
   1.829630E-137
   4.947361E-137
   1.477445E-136
   4.028358E-136
   1.046608E-135
   3.084525E-135
   8.646422E-135
   2.207335E-134
   6.319562E-134
   1.807827E-133
   4.630407E-133
   1.275585E-132
   3.689278E-132
   9.604558E-132
   2.545030E-131
   7.365597E-131
   1.957588E-130
   5.030217E-130
   1.441964E-129
   3.906362E-129
   9.855556E-129
   2.773987E-128
   7.627181E-128
   1.912408E-127
   5.253584E-127
   1.458498E-126
   3.667582E-126
   9.809185E-126
   2.735036E-125
   6.934224E-125
   1.807407E-124
   5.035838E-124
   1.289793E-123
   3.287981E-123
   9.113823E-123
   2.357251E-122
   5.905902E-122
   1.622857E-121
   4.231794E-121
   1.047191E-120
   2.845369E-120
   7.463776E-120
   1.831959E-119
   4.914764E-119
   1.293909E-118
   3.160039E-118
   8.366148E-118
   2.205895E-117
   5.371677E-117
   1.403778E-116
   3.700087E-116
   8.994374E-116
   2.322013E-115
   6.108902E-115
   1.482991E-114
   3.786458E-114
   9.930752E-114
   2.407313E-113
   6.086850E-113
   1.589938E-112
   3.846972E-112
   9.645454E-112
   2.507497E-111
   6.051970E-111
   1.506615E-110
   3.896019E-110
   9.373147E-110
   2.319609E-109
   5.964305E-109
   1.429279E-108
   3.520071E-108
   8.996560E-108
   2.146009E-107
   5.265159E-107
   1.337135E-106
   3.173036E-106
   7.762489E-106
   1.958154E-105
   4.620623E-105
   1.128053E-104
   2.825321E-104
   6.627835E-104
   1.615874E-103
   4.016083E-103
   9.366239E-103
   2.281610E-102
   5.623535E-102
   1.304325E-101
   3.175746E-101
   7.756210E-101
   1.790424E-100
   4.357250E-100
   1.053581E-099
   2.423250E-099
   5.892655E-099
   1.409335E-098
   3.234708E-098
   7.853951E-098
   1.856372E-097
   4.259648E-097
   1.031493E-096
   2.407983E-096
   5.534637E-096
   1.334571E-095
   3.076815E-095
   7.095914E-095
   1.700543E-094
   3.874675E-094
   8.976318E-094
   2.133319E-093
   4.812452E-093
   1.120108E-092
   2.633847E-092
   5.899758E-092
   1.378256E-091
   3.199402E-091
   7.143711E-091
   1.671433E-090
   3.823784E-090
   8.546573E-090
   1.996522E-089
   4.498969E-089
   1.010234E-088
   2.347436E-088
   5.217490E-088
   1.179290E-087
   2.714872E-087
   5.973427E-087
   1.358459E-086
   3.086749E-086
   6.760557E-086
   1.542614E-085
   3.450301E-085
   7.568442E-085
   1.724887E-084
   3.795973E-084
   8.378857E-084
   1.897094E-083
   4.120281E-083
   9.164786E-083
   2.050499E-082
   4.422738E-082
   9.889217E-082
   2.177522E-081
   4.700434E-081
   1.050889E-080
   2.275259E-080
   4.944538E-080
   1.097947E-079
   2.346390E-079
   5.140203E-079
   1.126389E-078
   2.395084E-078
   5.269257E-078
   1.134988E-077
   2.422212E-077
   5.314097E-077
   1.126523E-076
   2.424169E-076
   5.262051E-076
   1.105810E-075
   2.394868E-075
   5.112950E-075
   1.075889E-074
   2.328636E-074
   4.887828E-074
   1.036724E-073
   2.222749E-073
   4.619139E-073
   9.865941E-073
   2.080761E-072
   4.327912E-072
   9.240052E-072
   1.915890E-071
   4.017152E-071
   8.490530E-071
   1.744625E-070
   3.681442E-070
   7.648956E-070
   1.575679E-069
   3.317487E-069
   6.783743E-069
   1.409226E-068
   2.930242E-068
   5.957756E-068
   1.242851E-067
   2.538573E-067
   5.190122E-067
   1.076030E-066
   2.170105E-066
   4.471086E-066
   9.124076E-066
   1.839948E-065
   3.789622E-065
   7.605765E-065
   1.546068E-064
   3.146850E-064
   6.277470E-064
   1.281234E-063
   2.562021E-063
   5.141052E-063
   1.041458E-062
   2.060018E-062
   4.161219E-062
   8.288529E-062
   1.643917E-061
   3.308554E-061
   6.498096E-061
   1.298732E-060
   2.574429E-060
   5.053598E-060
   1.009293E-059
   1.969227E-059
   3.895427E-059
   7.676370E-059
   1.493011E-058
   2.957116E-058
   5.731000E-058
   1.122751E-057
   2.197359E-057
   4.237566E-057
   8.321681E-057
   1.601302E-056
   3.109012E-056
   6.038150E-056
   1.155130E-055
   2.249098E-055
   4.294751E-055
   8.269382E-055
   1.592651E-054
   3.023422E-054
   5.836867E-054
   1.105483E-053
   2.112174E-053
   4.031544E-053
   7.596847E-053
   1.454147E-052
   2.730564E-052
   5.179487E-052
   9.791771E-052
   1.832231E-051
   3.476700E-051
   6.471440E-051
   1.219057E-050
   2.281154E-050
   4.240631E-050
   7.972717E-050
   1.471181E-049
   2.752214E-049
   5.094710E-049
   9.414040E-049
   1.752186E-048
   3.206860E-048
   5.955483E-048
   1.090250E-047
   2.003285E-047
   3.687266E-047
   6.699466E-047
   1.233922E-046
   2.234412E-046
   4.082760E-046
   7.423308E-046
   1.340510E-045
   2.444835E-045
   4.383518E-045
   7.959505E-045
   1.428682E-044
   2.566594E-044
   4.625922E-044
   8.226906E-044
   1.481949E-043
   2.627070E-043
   4.695487E-043
   8.348025E-043
   1.475596E-042
   2.629788E-042
   4.612687E-042
   8.191071E-042
   1.435562E-041
   2.525099E-041
   4.438711E-041
   7.725644E-041
   1.358737E-040
   2.350899E-040
   4.111626E-040
   7.115137E-040
   1.231772E-039
   2.136633E-039
   3.662334E-039
   6.347362E-039
   1.082422E-038
   1.863745E-038
   3.178931E-038
   5.416792E-038
   9.254958E-038
   1.561535E-037
   2.663813E-037
   4.470396E-037
   7.573572E-037
   1.270351E-036
   2.129422E-036
   3.575441E-036
   5.930902E-036
   9.940973E-036
   1.638052E-035
   2.727070E-035
   4.484613E-035
   7.385474E-035
   1.214687E-034
   1.977056E-034
   3.246176E-034
   5.235869E-034
   8.542957E-034
   1.371443E-033
   2.213060E-033
   3.546744E-033
   5.645954E-033
   9.029707E-033
   1.419066E-032
   2.256230E-032
   3.512199E-032
   5.521058E-032
   8.543575E-032
   1.321420E-031
   2.035279E-031
   3.089597E-031
   4.724585E-031
   7.041523E-031
   1.062620E-030
   1.558103E-030
   2.301351E-030
   3.324054E-030
   4.762987E-030
   6.760116E-030
   9.314766E-030
   1.287307E-029
   1.688975E-029
   2.229385E-029
   2.739434E-029
   3.323363E-029
   3.679076E-029
   3.763244E-029
   3.319436E-029
   2.090749E-029
   6.404048E-030
   2.115917E-030
   5.177362E-029
   2.831860E-028
   9.127934E-028
   2.567697E-027
   6.248606E-027
   1.431777E-026
   3.106394E-026
   6.434580E-026
   1.307991E-025
   2.554093E-025
   4.965493E-025
   9.337032E-025
   1.754484E-024
   3.215057E-024
   5.877711E-024
   1.056819E-023
   1.889012E-023
   3.345306E-023
   5.870008E-023
   1.025979E-022
   1.773281E-022
   3.062325E-022
   5.227761E-022
   8.925945E-022
   1.508176E-021
   2.547429E-021
   4.266544E-021
   7.133614E-021
   1.185429E-020
   1.963382E-020
   3.238949E-020
   5.318226E-020
   8.712108E-020
   1.419236E-019
   2.309007E-019
   3.734478E-019
   6.034570E-019
   9.695710E-019
   1.556236E-018
   2.485047E-018
   3.962415E-018
   6.290504E-018
   9.966270E-018
   1.573511E-017
   2.477837E-017
   3.891214E-017
   6.091691E-017
   9.515910E-017
   1.481316E-016
   2.301816E-016
   3.563695E-016
   5.508568E-016
   8.483551E-016
   1.304477E-015
   1.998693E-015
   3.057274E-015
   4.660816E-015
   7.092404E-015
   1.075901E-014
   1.628791E-014
   2.458764E-014
   3.703331E-014
   5.563263E-014
   8.337009E-014
   1.246347E-013
   1.858430E-013
   2.764827E-013
   4.102246E-013
   6.073454E-013
   8.967113E-013
   1.321163E-012
   1.941107E-012
   2.846031E-012
   4.161201E-012
   6.071441E-012
   8.834098E-012
   1.282669E-011
   1.857285E-011
   2.683527E-011
   3.866897E-011
   5.559822E-011
   7.972717E-011
   1.140697E-010
   1.627790E-010
   2.317514E-010
   3.290977E-010
   4.662314E-010
   6.588224E-010
   9.287297E-010
   1.305897E-009
   1.831743E-009
   2.562853E-009
   3.576905E-009
   4.979872E-009
   6.916027E-009
   9.581217E-009
   1.324028E-008
   1.825127E-008
   2.509499E-008
   3.441855E-008
   4.708503E-008
   6.425024E-008
   8.744570E-008
   1.187114E-007
   1.607331E-007
   2.170678E-007
   2.923694E-007
   3.927639E-007
   5.262165E-007
   7.031458E-007
   9.370135E-007
   1.245312E-006
   1.650501E-006
   2.181565E-006
   2.875482E-006
   3.779636E-006
   4.954082E-006
   6.475216E-006
   8.439214E-006
   1.096750E-005
   1.421188E-005
   1.836253E-005
   2.365549E-005
   3.038408E-005
   3.890970E-005
   4.967762E-005
   6.323226E-005
   8.023856E-005
   1.015028E-004
   1.280010E-004
   1.609064E-004
   2.016254E-004
   2.518337E-004
   3.135197E-004
   3.890289E-004
   4.811159E-004
   5.929947E-004
   7.283977E-004
   8.916292E-004
   1.087627E-003
   1.322011E-003
   1.601144E-003
   1.932164E-003
   2.323126E-003
   2.782934E-003
   3.321322E-003
   3.948838E-003
   4.676837E-003
   5.517337E-003
   6.482959E-003
   7.586650E-003
   8.841567E-003
   1.026063E-002
   1.185632E-002
   1.364008E-002
   1.562198E-002
   1.780994E-002
   2.020936E-002
   2.282211E-002
   2.564620E-002
   2.867458E-002
   3.189488E-002
   3.528825E-002
   3.882918E-002
   4.248457E-002
   4.621373E-002
   4.996795E-002
   5.369087E-002
   5.731863E-002
   6.078086E-002
   6.400160E-002
   6.690109E-002
   6.939741E-002
   7.140922E-002
   7.285800E-002
   7.367173E-002
   7.378738E-002
   7.315528E-002
   7.174134E-002
   6.953162E-002
   6.653368E-002
   6.278046E-002
   5.833022E-002
   5.326873E-002
   4.770723E-002
   4.178206E-002
   3.565036E-002
   2.948649E-002
   2.347562E-002
   1.780710E-002
   1.266631E-002
   8.226098E-003
   4.637948E-003
   2.023240E-003
   4.654013E-004
   3.461050E-006
   6.273074E-004
   2.275118E-003
   4.833521E-003
   8.140635E-003
   1.199234E-002
   1.615134E-002
   2.035914E-002
   2.435014E-002
   2.786704E-002
   3.067740E-002
   3.258845E-002
   3.346238E-002
   3.322596E-002
   3.187994E-002
   2.949984E-002
   2.623558E-002
   2.230171E-002
   1.796590E-002
   1.352984E-002
   9.308691E-003
   5.606864E-003
   2.694388E-003
   7.841820E-004
   1.321200E-005
   4.287762E-004
   1.981768E-003
   4.527873E-003
   7.836820E-003
   1.161005E-002
   1.550466E-002
   1.916293E-002
   2.224423E-002
   2.445631E-002
   2.558458E-002
   2.551282E-002
   2.423852E-002
   2.187368E-002
   1.863857E-002
   1.484026E-002
   1.084516E-002
   7.041699E-003
   3.801376E-003
   1.439111E-003
   1.790652E-004
   1.287638E-004
   1.265449E-003
   3.436385E-003
   6.373604E-003
   9.722993E-003
   1.308292E-002
   1.604936E-002
   1.826360E-002
   1.945426E-002
   1.947260E-002
   1.831036E-002
   1.610500E-002
   1.312279E-002
   9.729187E-003
   6.342817E-003
   3.383673E-003
   1.218522E-003
   1.126537E-004
   1.934466E-004
   1.431629E-003
   3.643095E-003
   6.511718E-003
   9.630795E-003
   1.255824E-002
   1.487692E-002
   1.625483E-002
   1.649125E-002
   1.554914E-002
   1.356004E-002
   1.080861E-002
   7.691004E-003
   4.658086E-003
   2.148186E-003
   5.209673E-004
   2.009568E-006
   6.470176E-004
   2.331766E-003
   4.770150E-003
   7.557662E-003
   1.023547E-002
   1.236226E-002
   1.358746E-002
   1.370691E-002
   1.269944E-002
   1.073012E-002
   8.124829E-003
   5.316432E-003
   2.771817E-003
   9.129157E-004
   4.340130E-005
   2.956258E-004
   1.606356E-003
   3.726560E-003
   6.264884E-003
   8.755760E-003
   1.074425E-002
   1.186580E-002
   1.191434E-002
   1.088014E-002
   8.952384E-003
   6.485935E-003
   3.934536E-003
   1.767326E-003
   3.790210E-004
   1.515585E-005
   7.240021E-004
   2.346573E-003
   4.547058E-003
   6.877414E-003
   8.865908E-003
   1.011041E-002
   1.035849E-002
   9.560152E-003
   7.876460E-003
   5.649925E-003
   3.332743E-003
   1.395493E-003
   2.285667E-004
   6.087858E-005
   9.109977E-004
   2.582574E-003
   4.705236E-003
   6.813558E-003
   8.445783E-003
   9.245482E-003
   9.036820E-003
   7.866160E-003
   5.990212E-003
   3.821062E-003
   1.834465E-003
   4.633510E-004
   7.694121E-007
   5.330390E-004
   1.919838E-003
   3.826338E-003
   5.799077E-003
   7.372184E-003
   8.174125E-003
   8.016004E-003
   6.935966E-003
   5.189552E-003
   3.190933E-003
   1.412130E-003
   2.713079E-004
   3.062549E-005
   7.330308E-004
   2.191601E-003
   4.035007E-003
   5.798734E-003
   7.040258E-003
   7.447626E-003
   6.919865E-003
   5.589537E-003
   3.792213E-003
   1.979704E-003
   6.059216E-004
   1.054807E-005
   3.314769E-004
   1.469120E-003
   3.112484E-003
   4.819401E-003
   6.134029E-003
   6.705148E-003
   6.380873E-003
   5.248657E-003
   3.611316E-003
   1.907509E-003
   5.914753E-004
   1.139098E-005
   3.134758E-004
   1.402153E-003
   2.966074E-003
   4.563850E-003
   5.745862E-003
   6.180857E-003
   5.746201E-003
   4.565437E-003
   2.970936E-003
   1.411379E-003
   3.236667E-004
   7.819164E-006
   5.411723E-004
   1.756011E-003
   3.287660E-003
   4.681606E-003
   5.524935E-003
   5.568480E-003
   4.800378E-003
   3.448130E-003
   1.913406E-003
   6.498450E-004
   2.886713E-005
   2.270191E-004
   1.172980E-003
   2.568890E-003
   3.981640E-003
   4.974126E-003
   5.240724E-003
   4.698903E-003
   3.516820E-003
   2.060643E-003
   7.800860E-004
   6.912156E-005
   1.411423E-004
   9.621844E-004
   2.261405E-003
   3.616738E-003
   4.589447E-003
   4.865537E-003
   4.354947E-003
   3.223759E-003
   1.838110E-003
   6.469828E-004
   3.512516E-005
   1.965486E-004
   1.070432E-003
   2.360874E-003
   3.633730E-003
   4.461869E-003
   4.567078E-003
   3.913309E-003
   2.721010E-003
   1.390732E-003
   3.700877E-004
   1.845902E-007
   3.996152E-004
   1.423147E-003
   2.711599E-003
   3.814322E-003
   4.346736E-003
   4.122353E-003
   3.219221E-003
   1.953612E-003
   7.678807E-004
   7.679787E-005
   1.194416E-004
   8.747108E-004
   2.067887E-003
   3.268605E-003
   4.043436E-003
   4.113486E-003
   3.452899E-003
   2.300212E-003
   1.072045E-003
   2.108697E-004
   2.490243E-005
   5.742478E-004
   1.649183E-003
   2.846997E-003
   3.720958E-003
   3.944439E-003
   3.434639E-003
   2.381458E-003
   1.178408E-003
   2.750875E-004
   7.387625E-006
   4.712574E-004
   1.485530E-003
   2.660151E-003
   3.544235E-003
   3.798883E-003
   3.325453E-003
   2.306260E-003
   1.132802E-003
   2.557091E-004
   1.031253E-005
   4.855602E-004
   1.489199E-003
   2.622680E-003
   3.437106E-003
   3.609434E-003
   3.071758E-003
   2.036468E-003
   9.145066E-004
   1.509972E-004
   4.751291E-005
   6.412421E-004
   1.689309E-003
   2.765731E-003
   3.433240E-003
   3.420826E-003
   2.732639E-003
   1.648996E-003
   6.105772E-004
   3.909216E-005
   1.640968E-004
   9.278783E-004
   2.008841E-003
   2.954583E-003
   3.369684E-003
   3.079783E-003
   2.206590E-003
   1.115415E-003
   2.634778E-004
   7.071006E-006
   4.505623E-004
   1.401875E-003
   2.453708E-003
   3.156219E-003
   3.208200E-003
   2.587573E-003
   1.559564E-003
   5.648896E-004
   2.963067E-005
   1.807903E-004
   9.477949E-004
   1.992347E-003
   2.855314E-003
   3.156717E-003
   2.763855E-003
   1.848670E-003
   8.143804E-004
   1.175087E-004
   6.533931E-005
   6.793276E-004
   1.684095E-003
   2.629447E-003
   3.090604E-003
   2.860138E-003
   2.040515E-003
   1.000187E-003
   2.078662E-004
   1.980666E-005
   5.182916E-004
   1.472712E-003
   2.444237E-003
   2.985336E-003
   2.846516E-003
   2.090696E-003
   1.065940E-003
   2.459733E-004
   9.934163E-006
   4.665700E-004
   1.401877E-003
   2.378212E-003
   2.937382E-003
   2.816489E-003
   2.071606E-003
   1.052193E-003
   2.381302E-004
   1.176787E-005
   4.769672E-004
   1.408493E-003
   2.358990E-003
   2.871657E-003
   2.699582E-003
   1.925276E-003
   9.207822E-004
   1.700347E-004
   3.455674E-005
   5.783351E-004
   1.535644E-003
   2.439352E-003
   2.847887E-003
   2.560553E-003
   1.717688E-003
   7.315819E-004
   8.526572E-005
   9.456956E-005
   7.512543E-004
   1.726425E-003
   2.532675E-003
   2.766948E-003
   2.310972E-003
   1.392439E-003
   4.717078E-004
   1.088060E-005
   2.417403E-004
   1.047242E-003
   2.019718E-003
   2.665646E-003
   2.656608E-003
   1.996459E-003
   1.020265E-003
   2.251049E-004
   1.515220E-005
   4.945993E-004
   1.412949E-003
   2.293504E-003
   2.678910E-003
   2.368064E-003
   1.522171E-003
   5.810057E-004
   3.522443E-005
   1.699030E-004
   9.142683E-004
   1.877622E-003
   2.553181E-003
   2.585078E-003
   1.955629E-003
   9.963599E-004
   2.133621E-004
   1.871188E-005
   5.117920E-004
   1.425309E-003
   2.267863E-003
   2.586103E-003
   2.208494E-003
   1.338237E-003
   4.436435E-004
   6.796099E-006
   2.623510E-004
   1.069962E-003
   1.989485E-003
   2.519609E-003
   2.371179E-003
   1.624652E-003
   6.875164E-004
   7.122607E-005
   1.103537E-004
   7.786812E-004
   1.702899E-003
   2.368960E-003
   2.406104E-003
   1.793353E-003
   8.718245E-004
   1.546863E-004
   4.153049E-005
   5.941267E-004
   1.501276E-003
   2.252553E-003
   2.424856E-003
   1.921194E-003
   1.025102E-003
   2.413459E-004
   1.014066E-005
   4.571510E-004
   1.322270E-003
   2.107487E-003
   2.361804E-003
   1.939030E-003
   1.082018E-003
   2.837234E-004
   2.937284E-006
   3.999010E-004
   1.243039E-003
   2.042612E-003
   2.334323E-003
   1.948567E-003
   1.109783E-003
   3.052873E-004
   9.462057E-007
   3.690147E-004
   1.187133E-003
   1.969539E-003
   2.252789E-003
   1.869430E-003
   1.046859E-003
   2.721655E-004
   3.561552E-006
   3.981891E-004
   1.218627E-003
   1.973962E-003
   2.212280E-003
   1.791150E-003
   9.626024E-004
   2.223632E-004
   1.219718E-005
   4.535613E-004
   1.274539E-003
   1.973954E-003
   2.125373E-003
   1.636358E-003
   8.048981E-004
   1.386697E-004
   4.476991E-005
   5.801373E-004
   1.415810E-003
   2.037789E-003
   2.063110E-003
   1.475749E-003
   6.373455E-004
   6.455383E-005
   1.089651E-004
   7.389768E-004
   1.558821E-003
   2.054764E-003
   1.915924E-003
   1.228836E-003
   4.243505E-004
   7.679103E-006
   2.405550E-004
   9.759081E-004
   1.749374E-003
   2.072119E-003
   1.739888E-003
   9.626383E-004
   2.321123E-004
   9.228699E-006
   4.306825E-004
   1.221840E-003
   1.872260E-003
   1.963102E-003
   1.435880E-003
   6.302752E-004
   6.558543E-005
   1.052420E-004
   7.218197E-004
   1.514384E-003
   1.968127E-003
   1.788593E-003
   1.092687E-003
   3.324613E-004
   1.298017E-007
   3.064610E-004
   1.043738E-003
   1.722733E-003
   1.894754E-003
   1.446902E-003
   6.755073E-004
   8.980242E-005
   7.461874E-005
   6.356068E-004
   1.396413E-003
   1.849261E-003
   1.692991E-003
   1.032872E-003
   3.087058E-004
   3.150824E-011
   3.049916E-004
   1.009189E-003
   1.631683E-003
   1.750032E-003
   1.285116E-003
   5.531014E-004
   4.961528E-005
   1.131620E-004
   6.957055E-004
   1.396658E-003
   1.736810E-003
   1.484839E-003
   8.140151E-004
   1.817714E-004
   1.516121E-005
   4.187121E-004
   1.104723E-003
   1.593788E-003
   1.546597E-003
   9.973287E-004
   3.280280E-004
   1.926459E-006
   2.413054E-004
   8.742098E-004
   1.455813E-003
   1.579541E-003
   1.160371E-003
   4.921172E-004
   3.977786E-005
   1.129322E-004
   6.497901E-004
   1.263662E-003
   1.517241E-003
   1.231267E-003
   6.099587E-004
   9.455286E-005
   4.945544E-005
   5.035993E-004
   1.130583E-003
   1.481992E-003
   1.307255E-003
   7.318647E-004
   1.667012E-004
   1.292972E-005
   3.743784E-004
   9.840565E-004
   1.397600E-003
   1.314665E-003
   7.959507E-004
   2.185902E-004
   2.132718E-006
   3.033629E-004
   9.020120E-004
   1.361194E-003
   1.345901E-003
   8.675396E-004
   2.753695E-004
   3.490175E-007
   2.391302E-004
   8.101539E-004
   1.288059E-003
   1.318062E-003
   8.781541E-004
   2.950877E-004
   1.880663E-006
   2.159780E-004
   7.773594E-004
   1.267548E-003
   1.321281E-003
   8.988549E-004
   3.153611E-004
   4.403110E-006
   1.932849E-004
   7.332478E-004
   1.212550E-003
   1.267589E-003
   8.572113E-004
   2.929762E-004
   2.412583E-006
   2.044025E-004
   7.432928E-004
   1.207882E-003
   1.244541E-003
   8.262292E-004
   2.718099E-004
   9.864624E-007
   2.130682E-004
   7.359144E-004
   1.160643E-003
   1.157866E-003
   7.310485E-004
   2.116553E-004
   7.598464E-007
   2.578585E-004
   7.784706E-004
   1.154985E-003
   1.094489E-003
   6.456327E-004
   1.581193E-004
   7.555375E-006
   3.020987E-004
   8.006011E-004
   1.105105E-003
   9.750247E-004
   5.150667E-004
   8.952327E-005
   3.236878E-005
   3.833899E-004
   8.589774E-004
   1.079403E-003
   8.705670E-004
   4.000795E-004
   4.069315E-005
   7.166927E-005
   4.574434E-004
   8.798301E-004
   9.959194E-004
   7.133198E-004
   2.617786E-004
   5.046411E-006
   1.464248E-004
   5.661541E-004
   9.208506E-004
   9.228437E-004
   5.721642E-004
   1.535706E-004
   2.881591E-006
   2.340966E-004
   6.493673E-004
   9.037303E-004
   7.882732E-004
   3.995702E-004
   5.750924E-005
   4.133922E-005
   3.609166E-004
   7.503426E-004
   8.880686E-004
   6.614536E-004
   2.579871E-004
   8.776245E-006
   1.144376E-004
   4.804048E-004
   7.974802E-004
   7.999436E-004
   4.864023E-004
   1.197479E-004
   6.680703E-006
   2.411576E-004
   6.261285E-004
   8.388846E-004
   7.014845E-004
   3.294529E-004
   3.394554E-005
   5.977214E-005
   3.798283E-004
   7.191653E-004
   7.883504E-004
   5.287087E-004
   1.616588E-004
   1.949099E-007
   1.824284E-004
   5.537682E-004
   7.983852E-004
   7.082617E-004
   3.603584E-004
   5.045067E-005
   3.998383E-005
   3.326235E-004
   6.722275E-004
   7.640370E-004
   5.287585E-004
   1.705395E-004
   1.403251E-008
   1.651829E-004
   5.231021E-004
   7.637825E-004
   6.789965E-004
   3.426017E-004
   4.554496E-005
   4.215675E-005
   3.290798E-004
   6.498646E-004
   7.208211E-004
   4.797838E-004
   1.398853E-004
   1.029557E-006
   1.851846E-004
   5.289920E-004
   7.284677E-004
   6.077648E-004
   2.740526E-004
   2.136125E-005
   6.910871E-005
   3.680114E-004
   6.459582E-004
   6.523271E-004
   3.820250E-004
   7.879209E-005
   1.524959E-005
   2.476143E-004
   5.656595E-004
   6.826548E-004
   4.937387E-004
   1.694983E-004
   5.735897E-007
   1.344681E-004
   4.432472E-004
   6.417177E-004
   5.479407E-004
   2.485387E-004
   1.829516E-005
   6.801209E-005
   3.515556E-004
   6.086523E-004
   6.038476E-004
   3.421042E-004
   6.311719E-005
   2.005652E-005
   2.469164E-004
   5.288762E-004
   6.023942E-004
   3.994179E-004
   1.095097E-004
   2.720051E-006
   1.781492E-004
   4.720606E-004
   6.107738E-004
   4.655787E-004
   1.719397E-004
   2.081620E-006
   1.104898E-004
   3.905282E-004
   5.760698E-004
   4.919421E-004
   2.179970E-004
   1.315535E-005
   7.103875E-005
   3.373479E-004
   5.611139E-004
   5.315139E-004
   2.766946E-004
   3.667930E-005
   3.595419E-005
   2.711284E-004
   5.150952E-004
   5.337805E-004
   3.093407E-004
   5.708785E-005
   1.965766E-005
   2.346326E-004
   4.978830E-004
   5.583340E-004
   3.582266E-004
   8.858131E-005
   6.117217E-006
   1.869320E-004
   4.537365E-004
   5.471401E-004
   3.763408E-004
   1.072085E-004
   1.983778E-006
   1.649674E-004
   4.404614E-004
   5.627264E-004
   4.134371E-004
   1.368406E-004
   3.735657E-009
   1.332853E-004
   4.036049E-004
   5.446315E-004
   4.174707E-004
   1.471121E-004
   3.598490E-007
   1.239179E-004
   3.993297E-004
   5.580400E-004
   4.446742E-004
   1.700288E-004
   2.556683E-006
   1.043260E-004
   3.715145E-004
   5.373865E-004
   4.366289E-004
   1.694958E-004
   2.686303E-006
   1.044484E-004
   3.762793E-004
   5.495082E-004
   4.521040E-004
   1.804910E-004
   4.185003E-006
   9.711407E-005
   3.636841E-004
   5.344523E-004
   4.367368E-004
   1.689376E-004
   2.368169E-006
   1.078800E-004
   3.822319E-004
   5.505305E-004
   4.431222E-004
   1.677718E-004
   1.846746E-006
   1.119854E-004
   3.848315E-004
   5.416545E-004
   4.219130E-004
   1.476693E-004
   1.544539E-007
   1.326810E-004
   4.126001E-004
   5.552314E-004
   4.146422E-004
   1.340192E-004
   1.485863E-007
   1.495387E-004
   4.276173E-004
   5.470817E-004
   3.840111E-004
   1.067946E-004
   3.381303E-006
   1.835342E-004
   4.637235E-004
   5.554032E-004
   3.635110E-004
   8.598275E-005
   9.541721E-006
   2.122353E-004
   4.818339E-004
   5.363637E-004
   3.183750E-004
   5.595403E-005
   2.528083E-005
   2.614738E-004
   5.203943E-004
   5.326410E-004
   2.851559E-004
   3.565710E-005
   4.346332E-005
   2.978194E-004
   5.290855E-004
   4.923340E-004
   2.259962E-004
   1.260290E-005
   8.121283E-005
   3.643130E-004
   5.667220E-004
   4.758740E-004
   1.867630E-004
   2.793885E-006
   1.156353E-004
   4.023538E-004
   5.558214E-004
   4.114686E-004
   1.235050E-004
   1.743154E-006
   1.809718E-004
   4.750296E-004
   5.730667E-004
   3.706362E-004
   8.226958E-005
   1.354474E-005
   2.347805E-004
   5.057195E-004
   5.333585E-004
   2.874152E-004
   3.402487E-005
   4.965238E-005
   3.220115E-004
   5.610643E-004
   5.103552E-004
   2.239553E-004
   9.145447E-006
   9.505568E-005
   3.849827E-004
   5.614474E-004
   4.313477E-004
   1.367112E-004
   7.672779E-007
   1.753911E-004
   4.738650E-004
   5.728121E-004
   3.645554E-004
   7.518921E-005
   1.812687E-005
   2.517902E-004
   5.159516E-004
   5.178634E-004
   2.550552E-004
   1.906092E-005
   7.403030E-005
   3.635834E-004
   5.707855E-004
   4.673662E-004
   1.668860E-004
   1.526639E-007
   1.489571E-004
   4.441778E-004
   5.540855E-004
   3.548612E-004
   7.017384E-005
   2.200047E-005
   2.693273E-004
   5.394784E-004
   5.315669E-004
   2.538961E-004
   1.610689E-005
   8.254295E-005
   3.751549E-004
   5.612559E-004
   4.291842E-004
   1.286238E-004
   2.485373E-006
   1.982799E-004
   4.986907E-004
   5.655411E-004
   3.228840E-004
   4.447813E-005
   4.417188E-005
   3.194126E-004
   5.539629E-004
   4.785731E-004
   1.793178E-004
   4.837022E-007
   1.508497E-004
   4.629158E-004
   5.822955E-004
   3.726590E-004
   7.269248E-005
   2.359749E-005
   2.782530E-004
   5.408413E-004
   5.074449E-004
   2.165110E-004
   5.090023E-006
   1.200537E-004
   4.323979E-004
   5.845586E-004
   4.018962E-004
   9.402912E-005
   1.316816E-005
   2.480204E-004
   5.224731E-004
   5.163436E-004
   2.368384E-004
   1.003033E-005
   1.018660E-004
   4.084565E-004
   5.757761E-004
   4.103344E-004
   1.036439E-004
   9.255646E-006
   2.317915E-004
   5.066496E-004
   5.103276E-004
   2.387362E-004
   1.133283E-005
   9.635479E-005
   3.960231E-004
   5.606694E-004
   3.981647E-004
   9.851347E-005
   1.021546E-005
   2.314037E-004
   4.963748E-004
   4.903336E-004
   2.208151E-004
   7.719124E-006
   1.042821E-004
   3.973088E-004
   5.411224E-004
   3.663720E-004
   7.946377E-005
   1.682916E-005
   2.463358E-004
   4.891017E-004
   4.534998E-004
   1.827100E-004
   1.745795E-006
   1.280938E-004
   4.115719E-004
   5.141265E-004
   3.138964E-004
   4.973423E-005
   3.387905E-005
   2.784086E-004
   4.835158E-004
   4.001445E-004
   1.298882E-004
   9.744357E-007
   1.706184E-004
   4.345419E-004
   4.741025E-004
   2.418013E-004
   1.801700E-005
   7.034875E-005
   3.294824E-004
   4.755267E-004
   3.291752E-004
   7.039382E-005
   1.758156E-005
   2.371989E-004
   4.617628E-004
   4.170872E-004
   1.579465E-004
   3.200816E-007
   1.333371E-004
   3.879614E-004
   4.469720E-004
   2.371565E-004
   1.948402E-005
   6.561965E-005
   3.207827E-004
   4.706983E-004
   3.303895E-004
   7.312417E-005
   1.527887E-005
   2.240255E-004
   4.353205E-004
   3.840147E-004
   1.346197E-004
   1.463481E-007
   1.503485E-004
   3.989721E-004
   4.362673E-004
   2.160031E-004
   1.251465E-005
   7.661708E-005
   3.222148E-004
   4.366423E-004
   2.751118E-004
   4.249891E-005
   3.392442E-005
   2.618105E-004
   4.400441E-004
   3.448615E-004
   9.625136E-005
   5.081157E-006
   1.805591E-004
   3.946056E-004
   3.732563E-004
   1.442693E-004
   2.473821E-007
   1.255681E-004
   3.619349E-004
   4.099676E-004
   2.093558E-004
   1.389442E-005
   6.740210E-005
   2.946955E-004
   4.007849E-004
   2.493460E-004
   3.584195E-005
   3.520196E-005
   2.488900E-004
   4.036404E-004
   3.020388E-004
   7.434093E-005
   9.439266E-006
   1.841074E-004
   3.673481E-004
   3.206651E-004
   1.053483E-004
   1.064205E-006
   1.430909E-004
   3.479048E-004
   3.513630E-004
   1.496795E-004
   2.145389E-006
   9.432694E-005
   2.997192E-004
   3.475088E-004
   1.756723E-004
   9.651206E-006
   6.639723E-005
   2.714400E-004
   3.573356E-004
   2.128443E-004
   2.616460E-005
   3.705533E-005
   2.243302E-004
   3.372407E-004
   2.265759E-004
   3.933036E-005
   2.283351E-005
   1.985037E-004
   3.348675E-004
   2.530259E-004
   6.098900E-005
   9.145129E-006
   1.597458E-004
   3.074993E-004
   2.542535E-004
   7.181092E-005
   4.502855E-006
   1.427777E-004
   3.028851E-004
   2.721210E-004
   9.177535E-005
   6.085362E-007
   1.156646E-004
   2.776831E-004
   2.668460E-004
   9.817389E-005
   4.869935E-008
   1.057955E-004
   2.739066E-004
   2.787078E-004
   1.140413E-004
   5.737284E-007
   8.766250E-005
   2.529554E-004
   2.699921E-004
   1.157504E-004
   1.045383E-006
   8.319768E-005
   2.517688E-004
   2.785418E-004
   1.274816E-004
   2.934925E-006
   7.106980E-005
   2.346285E-004
   2.676228E-004
   1.248810E-004
   3.017975E-006
   7.016928E-005
   2.352812E-004
   2.729445E-004
   1.320214E-004
   4.710414E-006
   6.224223E-005
   2.210193E-004
   2.598502E-004
   1.252514E-004
   3.919574E-006
   6.384479E-005
   2.224661E-004
   2.613256E-004
   1.273784E-004
   4.691883E-006
   5.913852E-005
   2.104747E-004
   2.461411E-004
   1.167681E-004
   3.097108E-006
   6.330166E-005
   2.132908E-004
   2.446457E-004
   1.143378E-004
   2.870051E-006
   6.187356E-005
   2.043592E-004
   2.288158E-004
   1.013417E-004
   1.219320E-006
   6.839119E-005
   2.079319E-004
   2.243114E-004
   9.516977E-005
   6.665066E-007
   6.959247E-005
   2.003082E-004
   2.065078E-004
   7.994903E-005
   3.415836E-010
   7.904618E-005
   2.045186E-004
   1.992011E-004
   7.115331E-005
   2.257006E-007
   8.279788E-005
   1.973884E-004
   1.795518E-004
   5.533480E-005
   2.110235E-006
   9.505574E-005
   2.010694E-004
   1.694200E-004
   4.560894E-005
   4.392735E-006
   1.001258E-004
   1.916047E-004
   1.464513E-004
   3.033759E-005
   1.080972E-005
   1.159817E-004
   1.949297E-004
   1.349085E-004
   2.206043E-005
   1.600895E-005
   1.206798E-004
   1.812339E-004
   1.093376E-004
   1.022937E-005
   2.889581E-005
   1.394237E-004
   1.826436E-004
   9.654400E-005
   5.071247E-006
   3.756450E-005
   1.420950E-004
   1.633949E-004
   7.023485E-005
   2.677555E-007
   5.776997E-005
   1.605191E-004
   1.595889E-004
   5.652660E-005
   3.293059E-007
   6.940756E-005
   1.583118E-004
   1.344441E-004
   3.346919E-005
   6.024832E-006
   9.481595E-005
   1.708932E-004
   1.231121E-004
   2.142406E-005
   1.337889E-005
   1.070258E-004
   1.607511E-004
   9.414621E-005
   7.063333E-006
   3.063189E-005
   1.317716E-004
   1.616761E-004
   7.632307E-005
   1.442167E-006
   4.565445E-005
   1.399434E-004
   1.419446E-004
   4.878708E-005
   7.989316E-007
   7.106292E-005
   1.557067E-004
   1.289228E-004
   3.067007E-005
   6.400092E-006
   8.969606E-005
   1.532902E-004
   1.009574E-004
   1.196079E-005
   2.127505E-005
   1.159589E-004
   1.542345E-004
   7.871783E-005
   2.648660E-006
   3.911686E-005
   1.309114E-004
   1.378478E-004
   4.937148E-005
   4.934111E-007
   6.669019E-005
   1.487269E-004
   1.226724E-004
   2.790189E-005
   7.398345E-006
   9.065096E-005
   1.492973E-004
   9.327793E-005
   8.579552E-006
   2.594774E-005
   1.205174E-004
   1.488617E-004
   6.779885E-005
   6.004854E-007
   4.866507E-005
   1.365855E-004
   1.283070E-004
   3.654288E-005
   3.574460E-006
   8.212922E-005
   1.531740E-004
   1.081157E-004
   1.581660E-005
   1.692338E-005
   1.076323E-004
   1.462161E-004
   7.254388E-005
   1.430365E-006
   4.485952E-005
   1.377399E-004
   1.375539E-004
   4.455531E-005
   1.504094E-006
   7.285059E-005
   1.455819E-004
   1.056268E-004
   1.560588E-005
   1.724037E-005
   1.100006E-004
   1.509347E-004
   7.670715E-005
   2.112622E-006
   4.126233E-005
   1.302980E-004
   1.283365E-004
   3.850327E-005
   2.885055E-006
   7.921454E-005
   1.494912E-004
   1.043161E-004
   1.409123E-005
   1.844528E-005
   1.075833E-004
   1.390299E-004
   6.284728E-005
   2.496192E-007
   5.175791E-005
   1.377883E-004
   1.235929E-004
   3.150750E-005
   5.377664E-006
   8.361191E-005
   1.397519E-004
   8.396746E-005
   5.583267E-006
   3.064896E-005
   1.210167E-004
   1.343123E-004
   4.963355E-005
   3.461918E-007
   6.215182E-005
   1.338045E-004
   9.981547E-005
   1.498139E-005
   1.626587E-005
   1.032129E-004
   1.380786E-004
   6.554425E-005
   7.245706E-007
   4.499773E-005
   1.246998E-004
   1.105627E-004
   2.555516E-005
   7.468075E-006
   8.681299E-005
   1.372588E-004
   7.829456E-005
   4.090011E-006
   3.205390E-005
   1.147623E-004
   1.173742E-004
   3.561341E-005
   2.800391E-006
   7.410699E-005
   1.362147E-004
   8.938560E-005
   8.760075E-006
   2.354255E-005
   1.083109E-004
   1.243814E-004
   4.529591E-005
   7.194224E-007
   6.581562E-005
   1.374030E-004
   1.000019E-004
   1.381893E-005
   1.807241E-005
   1.048305E-004
   1.316377E-004
   5.421807E-005
   4.709118E-008
   6.050626E-005
   1.397750E-004
   1.094257E-004
   1.848271E-005
   1.464391E-005
   1.031391E-004
   1.378735E-004
   6.128812E-005
   4.526438E-008
   5.742043E-005
   1.420153E-004
   1.160394E-004
   2.170273E-005
   1.286968E-005
   1.024797E-004
   1.414081E-004
   6.487342E-005
   1.557759E-007
   5.639301E-005
   1.429564E-004
   1.178848E-004
   2.230770E-005
   1.274559E-005
   1.025569E-004
   1.407982E-004
   6.354167E-005
   7.919095E-008
   5.740002E-005
   1.414924E-004
   1.132378E-004
   1.951682E-005
   1.460147E-005
   1.034265E-004
   1.351302E-004
   5.638899E-005
   4.184829E-008
   6.144413E-005
   1.383260E-004
   1.023702E-004
   1.378581E-005
   1.917565E-005
   1.058246E-004
   1.253767E-004
   4.483878E-005
   1.072960E-006
   6.852564E-005
   1.336053E-004
   8.690951E-005
   7.138038E-006
   2.675172E-005
   1.087240E-004
   1.118292E-004
   3.104932E-005
   4.571916E-006
   7.772865E-005
   1.263165E-004
   6.818976E-005
   1.814283E-006
   3.746174E-005
   1.106319E-004
   9.461657E-005
   1.731014E-005
   1.188494E-005
   8.801705E-005
   1.157723E-004
   4.807058E-005
   4.145192E-008
   5.110777E-005
   1.104503E-004
   7.497503E-005
   6.382374E-006
   2.368339E-005
   9.787726E-005
   1.020281E-004
   2.924715E-005
   3.471671E-006
   6.618797E-005
   1.067844E-004
   5.465216E-005
   6.049108E-007
   3.897656E-005
   1.042756E-004
   8.432829E-005
   1.355995E-005
   1.267866E-005
   8.035171E-005
   9.730447E-005
   3.402503E-005
   1.246674E-006
   5.672433E-005
   1.047181E-004
   6.230381E-005
   2.856849E-006
   2.788948E-005
   9.122214E-005
   8.105015E-005
   1.539688E-005
   9.862321E-006
   7.499256E-005
   9.765714E-005
   3.852698E-005
   2.669406E-007
   4.785990E-005
   9.590609E-005
   5.943000E-005
   2.960718E-006
   2.663342E-005
   8.987119E-005
   8.232637E-005
   1.725828E-005
   7.815301E-006
   6.850502E-005
   9.089664E-005
   3.531986E-005
   4.574363E-007
   4.872874E-005
   9.585407E-005
   5.923027E-005
   3.122406E-006
   2.490923E-005
   8.387212E-005
   7.452096E-005
   1.363206E-005
   9.913366E-006
   7.084038E-005
   8.919071E-005
   3.273208E-005
   7.202021E-007
   4.791727E-005
   8.863896E-005
   4.993572E-005
   1.167783E-006
   3.014334E-005
   8.647393E-005
   7.070705E-005
   1.075010E-005
   1.203469E-005
   7.036433E-005
   8.041412E-005
   2.413717E-005
   2.886458E-006
   5.600716E-005
   8.987305E-005
   4.445064E-005
   2.394786E-007
   3.459605E-005
   8.417448E-005
   5.924860E-005
   4.881461E-006
   1.994488E-005
   7.908516E-005
   7.730274E-005
   1.778264E-005
   6.107129E-006
   6.113544E-005
   8.214022E-005
   3.092160E-005
   7.683153E-007
   4.784515E-005
   8.899207E-005
   5.076349E-005
   1.421712E-006
   2.789197E-005
   7.978866E-005
   6.186434E-005
   6.967522E-006
   1.616290E-005
   7.471797E-005
   7.788264E-005
   2.005256E-005
   4.485877E-006
   5.641018E-005
   7.889107E-005
   3.051594E-005
   6.264298E-007
   4.549448E-005
   8.488824E-005
   4.778038E-005
   1.137563E-006
   2.741755E-005
   7.524324E-005
   5.542388E-005
   4.899369E-006
   1.797519E-005
   7.216689E-005
   6.898709E-005
   1.434698E-005
   7.000147E-006
   5.730411E-005
   7.009441E-005
   2.155015E-005
   2.603731E-006
   4.965696E-005
   7.669914E-005
   3.417013E-005
   1.314739E-008
   3.504045E-005
   7.154882E-005
   4.075062E-005
   6.861673E-007
   2.710041E-005
   7.172799E-005
   5.205513E-005
   4.565730E-006
   1.608323E-005
   6.246043E-005
   5.546286E-005
   8.453668E-006
   1.050842E-005
   5.870484E-005
   6.341894E-005
   1.600213E-005
   4.234231E-006
   4.773312E-005
   6.272028E-005
   2.075471E-005
   1.774431E-006
   4.256563E-005
   6.711715E-005
   2.962538E-005
   4.075598E-008
   3.183899E-005
   6.247316E-005
   3.321132E-005
   1.701754E-007
   2.704583E-005
   6.397588E-005
   4.176014E-005
   2.126759E-006
   1.804097E-005
   5.649303E-005
   4.305412E-005
   3.717214E-006
   1.457064E-005
   5.631141E-005
   5.054695E-005
   8.233941E-006
   8.171024E-006
   4.764995E-005
   4.947451E-005
   1.020069E-005
   6.130510E-006
   4.661887E-005
   5.556460E-005
   1.617360E-005
   2.399851E-006
   3.789039E-005
   5.241785E-005
   1.773765E-005
   1.512149E-006
   3.653800E-005
   5.702726E-005
   2.421993E-005
   1.325207E-007
   2.855502E-005
   5.235615E-005
   2.492760E-005
   1.340144E-008
   2.723881E-005
   5.561184E-005
   3.119583E-005
   4.459216E-007
   2.046150E-005
   4.999557E-005
   3.082250E-005
   6.999074E-007
   1.942796E-005
   5.218548E-005
   3.640114E-005
   2.319592E-006
   1.404282E-005
   4.620166E-005
   3.494474E-005
   2.586211E-006
   1.340121E-005
   4.767896E-005
   3.960423E-005
   4.793651E-006
   9.370983E-006
   4.186066E-005
   3.726343E-005
   4.782921E-006
   9.206652E-006
   4.319334E-005
   4.106753E-005
   7.008293E-006
   6.481336E-006
   3.829613E-005
   3.835270E-005
   6.587417E-006
   6.730910E-006
   3.984591E-005
   4.153801E-005
   8.534181E-006
   4.916065E-006
   3.596231E-005
   3.883683E-005
   7.790532E-006
   5.406875E-006
   3.776050E-005
   4.158671E-005
   9.370935E-006
   4.184813E-006
   3.478614E-005
   3.908051E-005
   8.414472E-006
   4.831073E-006
   3.680297E-005
   4.151443E-005
   9.646967E-006
   3.976955E-006
   3.448625E-005
   3.914769E-005
   8.530799E-006
   4.754628E-006
   3.665353E-005
   4.128706E-005
   9.454244E-006
   4.122607E-006
   3.468598E-005
   3.884749E-005
   8.170009E-006
   5.049866E-006
   3.692866E-005
   4.064309E-005
   8.809859E-006
   4.550188E-006
   3.503127E-005
   3.791111E-005
   7.356996E-006
   5.655834E-006
   3.728675E-005
   3.931805E-005
   7.713085E-006
   5.305122E-006
   3.555876E-005
   3.644842E-005
   6.181949E-006
   6.656779E-006
   3.788353E-005
   3.743218E-005
   6.226425E-006
   6.543274E-006
   3.644849E-005
   3.453285E-005
   4.739448E-006
   8.139757E-006
   3.862497E-005
   3.488895E-005
   4.481341E-006
   8.344691E-006
   3.746606E-005
   3.195676E-005
   3.139654E-006
   1.020519E-005
   3.933599E-005
   3.158796E-005
   2.678913E-006
   1.079230E-005
   3.834183E-005
   2.856083E-005
   1.585801E-006
   1.296534E-005
   3.983807E-005
   2.753535E-005
   1.117498E-006
   1.389602E-005
   3.871040E-005
   2.427059E-005
   4.010096E-007
   1.646581E-005
   3.983245E-005
   2.276919E-005
   1.456340E-007
   1.757595E-005
   3.816748E-005
   1.917045E-005
   1.082206E-008
   2.061942E-005
   3.891762E-005
   1.741895E-005
   1.495574E-007
   2.170593E-005
   3.647254E-005
   1.362088E-005
   8.970283E-007
   2.537746E-005
   3.698417E-005
   1.186939E-005
   1.564648E-006
   2.626394E-005
   3.363976E-005
   8.199656E-006
   3.529457E-006
   3.036411E-005
   3.361581E-005
   6.584262E-006
   4.806316E-006
   3.071072E-005
   2.931711E-005
   3.566449E-006
   8.168826E-006
   3.469599E-005
   2.842132E-005
   2.327292E-006
   1.004672E-005
   3.414558E-005
   2.338337E-005
   5.929213E-007
   1.466282E-005
   3.724612E-005
   2.148474E-005
   1.134516E-007
   1.694984E-005
   3.541677E-005
   1.616748E-005
   2.219533E-007
   2.228959E-005
   3.689018E-005
   1.355397E-005
   9.237349E-007
   2.450491E-005
   3.350604E-005
   8.705978E-006
   3.183417E-006
   2.965704E-005
   3.290299E-005
   6.116659E-006
   5.254173E-006
   3.096559E-005
   2.796136E-005
   2.679838E-006
   9.537441E-006
   3.492536E-005
   2.547370E-005
   1.088785E-006
   1.277161E-005
   3.464358E-005
   1.961252E-005
   1.480918E-008
   1.856168E-005
   3.663196E-005
   1.600651E-005
   3.008191E-007
   2.216553E-005
   3.401935E-005
   1.025572E-005
   2.290508E-006
   2.823816E-005
   3.335121E-005
   6.746497E-006
   4.825532E-006
   3.078469E-005
   2.823654E-005
   2.680909E-006
   9.824652E-006
   3.539024E-005
   2.500937E-005
   7.964207E-007
   1.403936E-005
   3.530626E-005
   1.832619E-005
   3.022236E-008
   2.082328E-005
   3.679327E-005
   1.378320E-005
   9.702368E-007
   2.504452E-005
   3.314130E-005
   7.598738E-006
   4.253681E-006
   3.126807E-005
   3.084842E-005
   3.901176E-006
   8.017250E-006
   3.316398E-005
   2.417263E-005
   7.303425E-007
   1.438960E-005
   3.620391E-005
   1.919420E-005
   2.305229E-009
   1.931460E-005
   3.409325E-005
   1.187496E-005
   1.499433E-006
   2.633952E-005
   3.287185E-005
   6.960446E-006
   4.551018E-006
   2.988965E-005
   2.690078E-005
   2.177716E-006
   1.048702E-005
   3.446433E-005
   2.206407E-005
   2.370328E-007
   1.599851E-005
   3.385620E-005
   1.424735E-005
   6.246694E-007
   2.377315E-005
   3.357325E-005
   8.648271E-006
   3.260152E-006
   2.826851E-005
   2.784635E-005
   2.929557E-006
   9.157429E-006
   3.372372E-005
   2.298682E-005
   4.341339E-007
   1.491415E-005
   3.334667E-005
   1.454329E-005
   5.181476E-007
   2.321881E-005
   3.323862E-005
   8.621911E-006
   3.182901E-006
   2.763145E-005
   2.678045E-005
   2.560412E-006
   9.503412E-006
   3.312145E-005
   2.156724E-005
   2.521769E-007
   1.520300E-005
   3.162262E-005
   1.246364E-005
   9.360386E-007
   2.359086E-005
   3.072243E-005
   6.666095E-006
   4.105004E-006
   2.690286E-005
   2.294028E-005
   1.254027E-006
   1.116844E-005
   3.130544E-005
   1.712939E-005
   6.399102E-010
   1.662981E-005
   2.798950E-005
   8.201894E-006
   2.376169E-006
   2.439377E-005
   2.540538E-005
   3.237267E-006
   6.601236E-006
   2.601484E-005
   1.675099E-005
   6.486334E-008
   1.436122E-005
   2.801203E-005
   1.057013E-005
   8.495193E-007
   1.911506E-005
   2.262762E-005
   3.374681E-006
   5.625412E-006
   2.488099E-005
   1.795036E-005
   4.293411E-007
   1.081202E-005
   2.395398E-005
   9.499588E-006
   7.754974E-007
   1.815613E-005
   2.250474E-005
   4.073369E-006
   4.088131E-006
   2.108986E-005
   1.550972E-005
   2.858577E-007
   1.058934E-005
   2.318174E-005
   9.528639E-006
   5.120860E-007
   1.564965E-005
   1.939115E-005
   3.136050E-006
   4.413055E-006
   2.047599E-005
   1.468859E-005
   2.715390E-007
   9.607489E-006
   2.040497E-005
   7.620661E-006
   8.693577E-007
   1.586983E-005
   1.825948E-005
   2.597865E-006
   4.549480E-006
   1.888430E-005
   1.217258E-005
   3.010949E-008
   1.072304E-005
   1.975031E-005
   6.374763E-006
   1.275046E-006
   1.562255E-005
   1.575158E-005
   1.380686E-006
   6.051755E-006
   1.919665E-005
   1.052216E-005
   2.097089E-008
   1.152479E-005
   1.779879E-005
   4.171087E-006
   2.541389E-006
   1.700503E-005
   1.417464E-005
   6.054814E-007
   7.403919E-006
   1.813559E-005
   7.572258E-006
   5.288133E-007
   1.378256E-005
   1.674831E-005
   2.576422E-006
   3.915954E-006
   1.693190E-005
   1.082934E-005
   9.834815E-009
   1.016058E-005
   1.793361E-005
   5.316876E-006
   1.481843E-006
   1.460779E-005
   1.337405E-005
   7.206847E-007
   6.726764E-006
   1.776041E-005
   8.192965E-006
   2.383154E-007
   1.181228E-005
   1.501879E-005
   2.236500E-006
   3.967524E-006
   1.668257E-005
   1.078308E-005
   2.889244E-008
   9.096442E-006
   1.587092E-005
   4.164486E-006
   1.988776E-006
   1.506097E-005
   1.289622E-005
   5.667720E-007
   6.672892E-006
   1.606078E-005
   6.215761E-006
   7.434782E-007
   1.317077E-005
   1.447520E-005
   1.595232E-006
   4.632315E-006
   1.571871E-005
   8.184915E-006
   1.261308E-007
   1.119340E-005
   1.550036E-005
   2.892095E-006
   3.010648E-006
   1.497160E-005
   9.921945E-006
   1.096943E-008
   9.261071E-006
   1.597829E-005
   4.257648E-006
   1.805005E-006
   1.394099E-005
   1.131131E-005
   2.584504E-007
   7.492264E-006
   1.597520E-005
   5.531913E-006
   9.732710E-007
   1.273479E-005
   1.227558E-005
   7.178043E-007
   5.973375E-006
   1.560825E-005
   6.599385E-006
   4.606222E-007
   1.154099E-005
   1.284969E-005
   1.227271E-006
   4.841413E-006
   1.517082E-005
   7.432653E-006
   1.907190E-007
   1.056047E-005
   1.317225E-005
   1.683148E-006
   4.053410E-006
   1.477868E-005
   8.050783E-006
   6.556726E-008
   9.817761E-006
   1.334621E-005
   2.046004E-006
   3.523863E-006
   1.446348E-005
   8.478750E-006
   1.673081E-008
   9.288568E-006
   1.341266E-005
   2.293687E-006
   3.197790E-006
   1.424287E-005
   8.743459E-006
   2.398216E-009
   8.935281E-006
   1.338436E-005
   2.419099E-006
   3.029696E-006
   1.409430E-005
   8.845418E-006
   1.232566E-010
   8.731696E-006
   1.327010E-005
   2.429704E-006
   2.979760E-006
   1.396971E-005
   8.775604E-006
   1.254564E-010
   8.632417E-006
   1.304114E-005
   2.331218E-006
   3.019034E-006
   1.381362E-005
   8.518831E-006
   2.357873E-009
   8.630959E-006
   1.269442E-005
   2.112677E-006
   3.199593E-006
   1.372326E-005
   8.078149E-006
   1.963760E-008
   8.848415E-006
   1.229765E-005
   1.779580E-006
   3.563827E-006
   1.372297E-005
   7.469338E-006
   8.041996E-008
   9.256585E-006
   1.181918E-005
   1.367686E-006
   4.111075E-006
   1.375071E-005
   6.695415E-006
   2.256048E-007
   9.815703E-006
   1.122484E-005
   9.258059E-007
   4.830603E-006
   1.372154E-005
   5.768617E-006
   4.992687E-007
   1.043472E-005
   1.042776E-005
   4.992734E-007
   5.728745E-006
   1.356777E-005
   4.717543E-006
   9.450112E-007
   1.103730E-005
   9.406518E-006
   1.666791E-007
   6.740234E-006
   1.313644E-005
   3.555944E-006
   1.611552E-006
   1.154119E-005
   8.144220E-006
   4.555769E-009
   7.822658E-006
   1.238858E-005
   2.397595E-006
   2.493722E-006
   1.178563E-005
   6.649229E-006
   9.732849E-008
   8.921343E-006
   1.134302E-005
   1.359549E-006
   3.603687E-006
   1.182046E-005
   5.107287E-006
   5.027995E-007
   9.916045E-006
   9.979871E-006
   5.476516E-007
   4.890747E-006
   1.148336E-005
   3.527871E-006
   1.274629E-006
   1.072634E-005
   8.316238E-006
   7.372900E-008
   6.278156E-006
   1.068703E-005
   2.038408E-006
   2.440535E-006
   1.119909E-005
   6.381674E-006
   5.950441E-008
   7.705409E-006
   9.458268E-006
   8.350519E-007
   3.983003E-006
   1.125016E-005
   4.380485E-006
   6.140247E-007
   8.979338E-006
   7.823012E-006
   1.217942E-007
   5.776173E-006
   1.075325E-005
   2.525983E-006
   1.742561E-006
   9.852309E-006
   5.893735E-006
   5.822728E-008
   7.526518E-006
   9.566067E-006
   1.041059E-006
   3.304722E-006
   1.000551E-005
   3.812354E-006
   7.060557E-007
   8.905749E-006
   7.686947E-006
   1.471662E-007
   5.129237E-006
   9.320698E-006
   1.841483E-006
   2.113576E-006
   9.728650E-006
   5.311858E-006
   1.057896E-007
   7.001899E-006
   7.765356E-006
   4.084044E-007
   4.223377E-006
   9.698401E-006
   2.832865E-006
   1.153329E-006
   8.507230E-006
   5.511353E-006
   2.901870E-008
   6.695504E-006
   8.608088E-006
   8.547992E-007
   3.255433E-006
   9.152069E-006
   3.017869E-006
   1.026347E-006
   8.880600E-006
   6.511399E-006
   5.068405E-009
   5.940804E-006
   8.525363E-006
   9.499839E-007
   3.282966E-006
   9.978248E-006
   3.833179E-006
   6.622811E-007
   8.341703E-006
   6.571092E-006
   1.028478E-008
   6.160795E-006
   9.414972E-006
   1.380770E-006
   2.707819E-006
   9.481597E-006
   3.803322E-006
   6.599740E-007
   8.634253E-006
   7.202173E-006
   6.876892E-008
   5.438370E-006
   8.801748E-006
   1.266769E-006
   2.788284E-006
   9.707344E-006
   4.103416E-006
   4.818793E-007
   7.824204E-006
   6.512718E-006
   2.890527E-008
   5.638900E-006
   8.881797E-006
   1.332163E-006
   2.510951E-006
   8.811164E-006
   3.456018E-006
   6.624147E-007
   8.011012E-006
   6.368615E-006
   2.539760E-008
   5.254393E-006
   7.828625E-006
   9.003777E-007
   2.914196E-006
   8.760956E-006
   3.157878E-006
   7.116482E-007
   7.364979E-006
   5.208875E-006
   5.932251E-009
   5.694654E-006
   7.406206E-006
   6.659025E-007
   2.975572E-006
   7.705882E-006
   2.158788E-006
   1.180464E-006
   7.535984E-006
   4.515059E-006
   5.723115E-008
   5.542662E-006
   5.997065E-006
   2.094406E-007
   3.739145E-006
   7.365307E-006
   1.533141E-006
   1.531411E-006
   6.883652E-006
   3.099891E-006
   3.726383E-007
   6.160069E-006
   5.187846E-006
   3.278916E-008
   4.107291E-006
   6.139844E-006
   6.377386E-007
   2.495750E-006
   6.960908E-006
   2.202337E-006
   8.019730E-007
   6.124970E-006
   3.662550E-006
   9.264590E-008
   5.230435E-006
   5.503169E-006
   1.893466E-007
   3.281297E-006
   6.129818E-006
   9.869045E-007
   1.865354E-006
   6.674613E-006
   2.623191E-006
   4.875933E-007
   5.681911E-006
   3.972110E-006
   1.877384E-008
   4.744248E-006
   5.659174E-006
   3.229091E-007
   2.880737E-006
   6.103774E-006
   1.183303E-006
   1.588817E-006
   6.518800E-006
   2.817151E-006
   3.706622E-007
   5.461900E-006
   4.070422E-006
   5.209744E-009
   4.527651E-006
   5.645835E-006
   3.665480E-007
   2.729776E-006
   5.984212E-006
   1.196609E-006
   1.515736E-006
   6.331881E-006
   2.732604E-006
   3.664312E-007
   5.293110E-006
   3.870108E-006
   1.017891E-008
   4.437784E-006
   5.331613E-006
   2.856746E-007
   2.798500E-006
   5.726976E-006
   1.001410E-006
   1.663912E-006
   6.154755E-006
   2.346620E-006
   5.338427E-007
   5.438646E-006
   3.508138E-006
   6.064111E-008
   4.716776E-006
   4.909821E-006
   1.124047E-007
   3.334076E-006
   5.636338E-006
   6.830043E-007
   2.134221E-006
   6.143609E-006
   1.763717E-006
   9.711843E-007
   5.910271E-006
   3.015450E-006
   2.397309E-007
   5.235727E-006
   4.293382E-006
   6.929939E-010
   4.203135E-006
   5.417864E-006
   3.139753E-007
   2.865505E-006
   5.959270E-006
   1.041998E-006
   1.732965E-006
   6.282864E-006
   2.245512E-006
   6.637554E-007
   5.686553E-006
   3.315758E-006
   1.419334E-007
   5.113168E-006
   4.685833E-006
   3.151522E-008
   3.737656E-006
   5.265959E-006
   3.490726E-007
   2.756036E-006
   6.038863E-006
   1.206100E-006
   1.439085E-006
   5.697810E-006
   1.993538E-006
   7.149895E-007
   5.594079E-006
   3.220021E-006
   1.193833E-007
   4.552626E-006
   3.896366E-006
   5.041256E-010
   3.843118E-006
   4.822939E-006
   2.339545E-007
   2.650979E-006
   5.024001E-006
   6.670472E-007
   1.819144E-006
   5.286206E-006
   1.405089E-006
   9.524487E-007
   4.971418E-006
   2.109040E-006
   4.074489E-007
   4.587071E-006
   2.891501E-006
   7.562990E-008
   3.949701E-006
   3.566779E-006
   6.665830E-009
   3.174241E-006
   4.031572E-006
   1.599468E-007
   2.470246E-006
   4.468890E-006
   5.527248E-007
   1.639156E-006
   4.450786E-006
   9.888066E-007
   1.082249E-006
   4.563220E-006
   1.689894E-006
   4.825207E-007
   4.083816E-006
   2.162608E-006
   1.984930E-007
   3.888764E-006
   2.949049E-006
   5.926476E-009
   3.113260E-006
   3.249023E-006
   2.604243E-008
   2.731777E-006
   3.917473E-006
   2.732033E-007
   1.900467E-006
   3.923175E-006
   5.371764E-007
   1.484426E-006
   4.334655E-006
   1.135877E-006
   8.030139E-007
   4.003232E-006
   1.519823E-006
   4.930321E-007
   4.099952E-006
   2.304537E-006
   1.242959E-007
   3.480227E-006
   2.647808E-006
   2.073879E-008
   3.300954E-006
   3.419272E-006
   4.409735E-008
   2.526786E-006
   3.568974E-006
   1.693098E-007
   2.190107E-006
   4.154318E-006
   5.586141E-007
   1.439065E-006
   4.010399E-006
   8.445389E-007
   1.098666E-006
   4.317894E-006
   1.482853E-006
   5.387388E-007
   3.871358E-006
   1.796844E-006
   3.171790E-007
   3.902601E-006
   2.518795E-006
   5.630469E-008
   3.238281E-006
   2.718584E-006
   4.833754E-009
   3.070714E-006
   3.364663E-006
   6.032857E-008
   2.333677E-006
   3.358241E-006
   1.524510E-007
   2.091972E-006
   3.845879E-006
   4.589785E-007
   1.434121E-006
   3.636494E-006
   6.244493E-007
   1.209731E-006
   3.951892E-006
   1.088955E-006
   7.066803E-007
   3.575066E-006
   1.258081E-006
   5.441074E-007
   3.736109E-006
   1.794183E-006
   2.288729E-007
   3.248638E-006
   1.915128E-006
   1.423464E-007
   3.286868E-006
   2.452350E-006
   1.589514E-008
   2.748811E-006
   2.493389E-006
   1.019523E-009
   2.701388E-006
   2.981561E-006
   4.237576E-008
   2.164034E-006
   2.926083E-006
   8.333993E-008
   2.068511E-006
   3.335928E-006
   2.601235E-007
   1.569997E-006
   3.176000E-006
   3.329076E-007
   1.459583E-006
   3.492928E-006
   6.065699E-007
   1.031680E-006
   3.236375E-006
   6.841226E-007
   9.294635E-007
   3.456966E-006
   1.013844E-006
   5.921780E-007
   3.120014E-006
   1.067191E-006
   5.182438E-007
   3.264762E-006
   1.410217E-006
   2.870284E-007
   2.894634E-006
   1.415912E-006
   2.493039E-007
   3.005133E-006
   1.752705E-006
   1.076724E-007
   2.631230E-006
   1.711295E-006
   9.279138E-008
   2.724130E-006
   2.033819E-006
   2.145201E-008
   2.364636E-006
   1.952749E-006
   1.804161E-008
   2.449257E-006
   2.259340E-006
   1.421928E-010
   2.112995E-006
   2.148289E-006
   2.362253E-010
   2.190489E-006
   2.436460E-006
   2.260621E-008
   1.881820E-006
   2.304877E-006
   2.190391E-008
   1.949445E-006
   2.569920E-006
   7.384963E-008
   1.670355E-006
   2.425844E-006
   7.086923E-008
   1.724308E-006
   2.661918E-006
   1.434899E-007
   1.473235E-006
   2.507962E-006
   1.378027E-007
   1.511244E-006
   2.707852E-006
   2.227634E-007
   1.286958E-006
   2.544554E-006
   2.139257E-007
   1.309750E-006
   2.705617E-006
   3.035802E-007
   1.115178E-006
   2.541720E-006
   2.905774E-007
   1.133006E-006
   2.673836E-006
   3.784886E-007
   9.689364E-007
   2.512550E-006
   3.593273E-007
   9.871052E-007
   2.623063E-006
   4.424647E-007
   8.471995E-007
   2.460757E-006
   4.144996E-007
   8.693868E-007
   2.554967E-006
   4.901012E-007
   7.497743E-007
   2.390433E-006
   4.511999E-007
   7.794484E-007
   2.476023E-006
   5.191925E-007
   6.745708E-007
   2.305162E-006
   4.670393E-007
   7.145575E-007
   2.387877E-006
   5.273928E-007
   6.205059E-007
   2.208134E-006
   4.606913E-007
   6.735024E-007
   2.293557E-006
   5.140626E-007
   5.870603E-007
   2.104706E-006
   4.343505E-007
   6.530813E-007
   2.192388E-006
   4.797863E-007
   5.726915E-007
   1.994972E-006
   3.894045E-007
   6.527563E-007
   2.084976E-006
   4.262250E-007
   5.794833E-007
   1.886903E-006
   3.288446E-007
   6.816643E-007
   1.989603E-006
   3.546587E-007
   6.234770E-007
   1.801329E-006
   2.562019E-007
   7.513580E-007
   1.913573E-006
   2.721446E-007
   7.053344E-007
   1.733006E-006
   1.804115E-007
   8.571382E-007
   1.846960E-006
   1.881756E-007
   8.203487E-007
   1.670077E-006
   1.095197E-007
   9.931147E-007
   1.776925E-006
   1.110562E-007
   9.624369E-007
   1.599029E-006
   5.082469E-008
   1.151795E-006
   1.690825E-006
   4.884437E-008
   1.123148E-006
   1.508287E-006
   1.199141E-008
   1.320975E-006
   1.576257E-006
   9.613449E-009
   1.289387E-006
   1.386948E-006
   2.502085E-010
   1.485143E-006
   1.425200E-006
   1.130734E-009
   1.443202E-006
   1.228694E-006
   2.195747E-008
   1.623364E-006
   1.234147E-006
   2.920129E-008
   1.561464E-006
   1.032350E-006
   8.116365E-008
   1.716141E-006
   1.007787E-006
   9.837128E-008
   1.639454E-006
   8.105348E-007
   1.840231E-007
   1.769652E-006
   7.626773E-007
   2.155718E-007
   1.677506E-006
   5.797044E-007
   3.343949E-007
   1.773067E-006
   5.175274E-007
   3.814796E-007
   1.660672E-006
   3.596851E-007
   5.287128E-007
   1.714077E-006
   2.958123E-007
   5.879279E-007
   1.576942E-006
   1.743019E-007
   7.537075E-007
   1.583143E-006
   1.221763E-007
   8.166617E-007
   1.419131E-006
   4.723067E-008
   9.882126E-007
   1.380213E-006
   1.971147E-008
   1.042417E-006
   1.194391E-006
   2.931680E-011
   1.201350E-006
   1.116726E-006
   5.823706E-009
   1.229394E-006
   9.170912E-007
   4.493600E-008
   1.359589E-006
   8.158307E-007
   8.603937E-008
   1.346287E-006
   6.208600E-007
   1.801022E-007
   1.429695E-006
   5.141772E-007
   2.492459E-007
   1.361524E-006
   3.428987E-007
   3.880530E-007
   1.389380E-006
   2.490956E-007
   4.752634E-007
   1.269384E-006
   1.263449E-007
   6.388428E-007
   1.235613E-006
   6.568000E-008
   7.250507E-007
   1.070655E-006
   1.117673E-008
   8.841200E-007
   9.801396E-007
   8.444418E-012
   9.503101E-007
   7.940291E-007
   2.302359E-008
   1.071140E-006
   6.672338E-007
   6.930943E-008
   1.095819E-006
   4.883501E-007
   1.609052E-007
   1.147207E-006
   3.548231E-007
   2.601517E-007
   1.120029E-006
   2.161313E-007
   3.931041E-007
   1.086267E-006
   1.140057E-007
   5.258973E-007
   1.005958E-006
   4.050521E-008
   6.596164E-007
   8.933973E-007
   3.325404E-009
   7.940591E-007
   7.732464E-007
   5.759064E-009
   8.846418E-007
   6.112826E-007
   5.106417E-008
   9.859335E-007
   4.797160E-007
   1.200892E-007
   9.988074E-007
   3.153949E-007
   2.416120E-007
   1.041181E-006
   2.057566E-007
   3.532288E-007
   9.763112E-007
   9.038207E-008
   5.234304E-007
   9.479492E-007
   3.132892E-008
   6.457673E-007
   8.161702E-007
   1.374695E-010
   8.188390E-007
   7.214830E-007
   1.477779E-008
   9.121671E-007
   5.528939E-007
   8.205049E-008
   1.032016E-006
   4.200231E-007
   1.776432E-007
   1.061726E-006
   2.633422E-007
   3.253748E-007
   1.081186E-006
   1.437923E-007
   4.843439E-007
   1.028239E-006
   5.063768E-008
   6.608269E-007
   9.324707E-007
   3.817524E-009
   8.378733E-007
   8.069131E-007
   9.383132E-009
   9.672899E-007
   6.242301E-007
   7.590238E-008
   1.101391E-006
   4.684274E-007
   1.771855E-007
   1.114290E-006
   2.731684E-007
   3.541029E-007
   1.150107E-006
   1.491882E-007
   5.031694E-007
   1.021069E-006
   3.483068E-008
   7.329649E-007
   9.440207E-007
   1.155758E-009
   8.521222E-007
   7.136684E-007
   3.318505E-008
   1.049419E-006
   5.663142E-007
   1.102286E-007
   1.059781E-006
   3.229763E-007
   2.920434E-007
   1.141454E-006
   1.856992E-007
   4.410600E-007
   1.002097E-006
   4.236821E-008
   7.015070E-007
   9.388584E-007
   1.789474E-009
   8.296261E-007
   6.871962E-007
   3.864864E-008
   1.045466E-006
   5.291457E-007
   1.292824E-007
   1.051251E-006
   2.773315E-007
   3.352631E-007
   1.114423E-006
   1.372143E-007
   5.041295E-007
   9.542898E-007
   1.749777E-008
   7.691206E-007
   8.466865E-007
   2.527138E-009
   8.940417E-007
   5.808818E-007
   8.547963E-008
   1.067832E-006
   3.966559E-007
   2.143075E-007
   1.033135E-006
   1.686505E-007
   4.494035E-007
   1.021203E-006
   5.304213E-008
   6.222184E-007
   8.099747E-007
   3.081326E-010
   8.594540E-007
   6.482508E-007
   4.260844E-008
   9.291513E-007
   3.770922E-007
   1.973937E-007
   1.027637E-006
   2.049042E-007
   3.609226E-007
   9.087599E-007
   4.321656E-008
   6.213289E-007
   8.204727E-007
   1.944892E-010
   7.620804E-007
   5.598532E-007
   5.966474E-008
   9.507677E-007
   3.771425E-007
   1.812983E-007
   9.216738E-007
   1.454449E-007
   4.215152E-007
   9.156278E-007
   3.697533E-008
   5.940912E-007
   6.945299E-007
   5.519393E-009
   8.360797E-007
   5.296301E-007
   7.305095E-008
   8.789458E-007
   2.620600E-007
   2.677221E-007
   9.441269E-007
   1.105668E-007
   4.429543E-007
   7.723097E-007
   4.272830E-009
   7.050139E-007
   6.381935E-007
   1.891554E-008
   7.964776E-007
   3.609588E-007
   1.586856E-007
   9.125924E-007
   1.875400E-007
   3.170207E-007
   7.857497E-007
   2.874667E-008
   5.742121E-007
   6.859847E-007
   1.141537E-009
   6.880548E-007
   4.116703E-007
   9.472218E-008
   8.441222E-007
   2.384692E-007
   2.290872E-007
   7.378613E-007
   4.606944E-008
   4.940382E-007
   6.874872E-007
   5.505525E-010
   5.955432E-007
   3.976253E-007
   7.808634E-008
   8.042971E-007
   2.556275E-007
   1.863163E-007
   6.680637E-007
   4.073921E-008
   4.813829E-007
   6.786945E-007
   1.689078E-009
   5.376863E-007
   3.489866E-007
   9.053287E-008
   8.040054E-007
   2.510747E-007
   1.739824E-007
   6.038538E-007
   2.420106E-008
   5.146112E-007
   6.686781E-007
   9.758209E-010
   5.094576E-007
   2.909173E-007
   1.221113E-007
   8.235530E-007
   2.308811E-007
   1.809555E-007
   5.493533E-007
   8.969917E-009
   5.658304E-007
   6.449489E-007
   1.257612E-012
   4.980545E-007
   2.342580E-007
   1.626923E-007
   8.276865E-007
   1.939155E-007
   2.011460E-007
   5.002976E-007
   1.038931E-009
   6.050199E-007
   5.867024E-007
   2.749638E-009
   5.030379E-007
   1.841033E-007
   2.063332E-007
   7.987875E-007
   1.361841E-007
   2.483200E-007
   4.649750E-007
   1.107828E-009
   6.348091E-007
   4.924603E-007
   1.943987E-008
   5.322546E-007
   1.373558E-007
   2.579455E-007
   7.395136E-007
   7.086503E-008
   3.231018E-007
   4.273522E-007
   1.169115E-008
   6.516877E-007
   3.720119E-007
   6.222568E-008
   5.607043E-007
   8.806961E-008
   3.176735E-007
   6.464187E-007
   1.885265E-008
   4.114652E-007
   3.669303E-007
   3.876685E-008
   6.465338E-007
   2.399108E-007
   1.364128E-007
   5.586487E-007
   3.881703E-008
   3.820357E-007
   5.192931E-007
   1.054610E-010
   4.872966E-007
   2.726642E-007
   9.010345E-008
   6.071509E-007
   1.170620E-007
   2.333205E-007
   4.993875E-007
   4.305506E-009
   4.421953E-007
   3.679453E-007
   2.805325E-008
   5.244107E-007
   1.565889E-007
   1.745852E-007
   5.387429E-007
   2.996851E-008
   3.432504E-007
   3.933164E-007
   9.282110E-009
   5.013973E-007
   2.198639E-007
   1.088923E-007
   5.198338E-007
   5.385972E-008
   2.945071E-007
   4.410360E-007
   1.882746E-010
   4.455732E-007
   2.543320E-007
   7.642287E-008
   5.271008E-007
   8.950317E-008
   2.341407E-007
   4.498631E-007
   1.224210E-009
   4.211869E-007
   3.017243E-007
   4.452370E-008
   4.966898E-007
   1.095235E-007
   2.056483E-007
   4.788825E-007
   9.122895E-009
   3.675207E-007
   3.099462E-007
   3.301777E-008
   4.984426E-007
   1.422453E-007
   1.598877E-007
   4.541089E-007
   1.251865E-008
   3.549618E-007
   3.405196E-007
   1.683247E-008
   4.454799E-007
   1.386122E-007
   1.520587E-007
   4.659813E-007
   2.217997E-008
   3.042269E-007
   3.101423E-007
   1.846819E-008
   4.483522E-007
   1.490382E-007
   1.310230E-007
   4.212809E-007
   1.503205E-008
   3.158041E-007
   3.078541E-007
   1.805061E-008
   4.220573E-007
   1.242808E-007
   1.480887E-007
   4.133330E-007
   9.888583E-009
   3.240824E-007
   2.819267E-007
   2.716689E-008
   4.196629E-007
   9.782909E-008
   1.797932E-007
   4.141498E-007
   5.245294E-009
   3.291613E-007
   2.341688E-007
   5.425503E-008
   4.651891E-007
   9.122046E-008
   1.853945E-007
   3.549949E-007
   2.930377E-010
   4.139160E-007
   2.491841E-007
   5.499984E-008
   4.051217E-007
   3.978642E-008
   2.828885E-007
   4.122539E-007
   4.371741E-011
   3.595056E-007
   1.528231E-007
   1.296128E-007
   5.082552E-007
   5.123748E-008
   2.380239E-007
   2.836976E-007
   2.208069E-008
   4.922656E-007
   1.879761E-007
   1.010687E-007
   3.710879E-007
   5.705403E-009
   3.739404E-007
   3.465362E-007
   1.313626E-008
   3.776135E-007
   8.098232E-008
   2.091563E-007
   4.574308E-007
   9.397841E-009
   3.045137E-007
   2.077762E-007
   6.744070E-008
   4.762109E-007
   8.540767E-008
   1.871238E-007
   3.285789E-007
   1.783094E-009
   3.997931E-007
   2.029000E-007
   7.494324E-008
   3.942306E-007
   2.899915E-008
   2.646394E-007
   3.110968E-007
   9.021231E-009
   3.834279E-007
   1.274222E-007
   1.242588E-007
   3.678429E-007
   6.934453E-009
   3.070544E-007
   2.521372E-007
   2.739250E-008
   3.554590E-007
   5.902211E-008
   1.976268E-007
   3.552086E-007
   7.017166E-010
   2.846101E-007
   1.376070E-007
   9.296617E-008
   4.029257E-007
   4.207521E-008
   1.846312E-007
   2.109009E-007
   2.272861E-008
   3.856318E-007
   1.264699E-007
   9.018576E-008
   2.564575E-007
   3.025340E-012
   3.195672E-007
   2.210337E-007
   2.594083E-008
   2.670512E-007
   2.026483E-008
   2.290897E-007
   3.004301E-007
   4.439228E-010
   2.453959E-007
   7.056993E-008
   1.366713E-007
   3.489497E-007
   1.274347E-008
   1.999768E-007
   1.354040E-007
   6.056258E-008
   3.602047E-007
   5.565931E-008
   1.417593E-007
   1.993578E-007
   1.314419E-008
   3.352110E-007
   1.182952E-007
   8.264826E-008
   2.489574E-007
   3.315298E-010
   2.808083E-007
   1.876177E-007
   3.407544E-008
   2.742300E-007
   2.130667E-008
   2.083719E-007
   2.500487E-007
   5.345569E-009
   2.704954E-007
   6.882095E-008
   1.317166E-007
   2.932445E-007
   1.657159E-009
   2.391980E-007
   1.303202E-007
   6.521404E-008
   3.095917E-007
   2.277672E-008
   1.870658E-007
   1.901100E-007
   2.006840E-008
   2.979379E-007
   6.263869E-008
   1.282210E-007
   2.361480E-007
   9.471764E-010
   2.648869E-007
   1.111807E-007
   7.524115E-008
   2.633906E-007
   5.294811E-009
   2.188087E-007
   1.599333E-007
   3.448381E-008
   2.705208E-007
   2.753074E-008
   1.678756E-007
   2.028276E-007
   9.178108E-009
   2.595836E-007
   6.124470E-008
   1.179897E-007
   2.350672E-007
   6.720447E-011
   2.348135E-007
   1.004066E-007
   7.395632E-008
   2.543453E-007
   5.602933E-009
   2.005405E-007
   1.394586E-007
   3.925041E-008
   2.606782E-007
   2.310561E-008
   1.611549E-007
   1.741265E-007
   1.533664E-008
   2.543922E-007
   4.903357E-008
   1.211086E-007
   2.014450E-007
   2.590542E-009
   2.372256E-007
   7.966645E-008
   8.359291E-008
   2.188698E-007
   3.451507E-010
   2.116378E-007
   1.111099E-007
   5.157321E-008
   2.256896E-007
   6.889148E-009
   1.807343E-007
   1.398318E-007
   2.725727E-008
   2.231470E-007
   1.972885E-008
   1.485866E-007
   1.635847E-007
   1.113466E-008
   2.132335E-007
   3.623703E-008
   1.177886E-007
   1.814218E-007
   2.448553E-009
   1.978307E-007
   5.404641E-008
   9.006229E-008
   1.930162E-007
   3.023486E-012
   1.794458E-007
   7.161801E-008
   6.613807E-008
   1.985886E-007
   2.257717E-009
   1.597880E-007
   8.764047E-008
   4.668381E-008
   1.997380E-007
   7.856275E-009
   1.396032E-007
   1.011172E-007
   3.155000E-008
   1.972852E-007
   1.556601E-008
   1.203832E-007
   1.122649E-007
   1.996598E-008
   1.913128E-007
   2.412772E-008
   1.030702E-007
   1.212716E-007
   1.154421E-008
   1.831874E-007
   3.303826E-008
   8.699341E-008
   1.272157E-007
   5.979920E-009
   1.742376E-007
   4.196007E-008
   7.238991E-008
   1.305460E-007
   2.639249E-009
   1.660048E-007
   5.007665E-008
   6.180270E-008
   1.343743E-007
   9.165358E-010
   1.609124E-007
   5.775565E-008
   5.430181E-008
   1.387727E-007
   1.902373E-010
   1.596018E-007
   6.605799E-008
   4.850132E-008
   1.437697E-007
   2.075881E-013
   1.612600E-007
   7.528344E-008
   4.382515E-008
   1.498619E-007
   1.466528E-010
   1.638254E-007
   8.479517E-008
   4.004769E-008
   1.566973E-007
   5.764322E-010
   1.670780E-007
   9.490344E-008
   3.645207E-008
   1.631198E-007
   1.231710E-009
   1.702225E-007
   1.051248E-007
   3.288253E-008
   1.683156E-007
   2.062026E-009
   1.719907E-007
   1.141435E-007
   2.961479E-008
   1.719128E-007
   2.999908E-009
   1.716746E-007
   1.210510E-007
   2.656202E-008
   1.726454E-007
   3.847256E-009
   1.689261E-007
   1.246227E-007
   2.396859E-008
   1.701928E-007
   4.389941E-009
   1.640604E-007
   1.236975E-007
   2.258733E-008
   1.653587E-007
   4.260527E-009
   1.592391E-007
   1.185737E-007
   2.267144E-008
   1.591608E-007
   3.539652E-009
   1.547660E-007
   1.099730E-007
   2.420324E-008
   1.521795E-007
   2.444556E-009
   1.508963E-007
   9.889362E-008
   2.712814E-008
   1.446198E-007
   1.261928E-009
   1.477785E-007
   8.634507E-008
   3.137393E-008
   1.365723E-007
   3.387090E-010
   1.451807E-007
   7.307080E-008
   3.688461E-008
   1.280456E-007
   1.642848E-012
   1.428051E-007
   5.974365E-008
   4.350949E-008
   1.189748E-007
   5.252596E-010
   1.403597E-007
   4.703418E-008
   5.083456E-008
   1.090544E-007
   2.127218E-009
   1.375993E-007
   3.546138E-008
   5.836161E-008
   9.831046E-008
   4.883889E-009
   1.337706E-007
   2.521247E-008
   6.562856E-008
   8.682200E-008
   8.825178E-009
   1.290582E-007
   1.651570E-008
   7.283708E-008
   7.485168E-008
   1.431963E-008
   1.240779E-007
   9.339343E-009
   8.032365E-008
   6.264923E-008
   2.155114E-008
   1.184508E-007
   4.003795E-009
   8.770661E-008
   5.054962E-008
   3.034590E-008
   1.114085E-007
   8.048350E-010
   9.425541E-008
   3.841902E-008
   4.105834E-008
   1.036986E-007
   4.312159E-011
   9.912449E-008
   2.709125E-008
   5.250110E-008
   9.316926E-008
   1.955759E-009
   1.030500E-007
   1.717682E-008
   6.474057E-008
   8.201236E-008
   6.310140E-009
   1.025230E-007
   8.561679E-009
   7.726487E-008
   6.878364E-008
   1.365430E-008
   1.012018E-007
   3.041479E-009
   8.724173E-008
   5.429543E-008
   2.291962E-008
   9.429184E-008
   1.340378E-010
   9.736190E-008
   4.063660E-008
   3.366659E-008
   8.538329E-008
   8.324994E-010
   1.011380E-007
   2.601578E-008
   4.629010E-008
   7.332144E-008
   5.428987E-009
   1.047501E-007
   1.477832E-008
   5.779972E-008
   5.844006E-008
   1.390693E-008
   1.021226E-007
   5.294556E-009
   7.100375E-008
   4.386398E-008
   2.589668E-008
   9.639039E-008
   6.107612E-010
   7.971662E-008
   2.783270E-008
   4.152003E-008
   8.599067E-008
   7.763909E-010
   8.715068E-008
   1.503480E-008
   5.729036E-008
   7.103088E-008
   6.361029E-009
   8.820424E-008
   4.910735E-009
   7.398604E-008
   5.446483E-008
   1.680863E-008
   8.443246E-008
   2.797568E-010
   8.619390E-008
   3.604752E-008
   3.120678E-008
   7.476678E-008
   1.560078E-009
   9.425865E-008
   1.990405E-008
   4.661819E-008
   6.004158E-008
   8.923978E-009
   9.468976E-008
   7.303710E-009
   6.114561E-008
   4.269034E-008
   2.130573E-008
   8.764438E-008
   7.228458E-010
   7.158030E-008
   2.522953E-008
   3.696515E-008
   7.440539E-008
   1.113054E-009
   7.706650E-008
   1.072286E-008
   5.421140E-008
   5.714632E-008
   8.657791E-009
   7.640281E-008
   1.835822E-009
   6.989778E-008
   3.783232E-008
   2.234432E-008
   6.878214E-008
   4.734313E-010
   8.133273E-008
   1.983786E-008
   3.961770E-008
   5.502431E-008
   7.506151E-009
   8.524137E-008
   6.242393E-009
   5.707657E-008
   3.746205E-008
   2.207249E-008
   8.043378E-008
   1.572180E-010
   7.031976E-008
   1.963668E-008
   4.133489E-008
   6.689214E-008
   3.093987E-009
   7.598667E-008
   5.915103E-009
   6.097528E-008
   4.747232E-008
   1.451790E-008
   7.190144E-008
   6.051938E-011
   7.550758E-008
   2.627811E-008
   3.168949E-008
   5.873783E-008
   3.944493E-009
   8.114402E-008
   9.302457E-009
   4.895441E-008
   3.915004E-008
   1.677076E-008
   7.505905E-008
   5.112632E-010
   6.217090E-008
   1.921557E-008
   3.502978E-008
   5.865986E-008
   2.816502E-009
   6.568034E-008
   4.300439E-009
   5.350699E-008
   3.619159E-008
   1.568336E-008
   5.858674E-008
   1.552288E-010
   6.459620E-008
   1.461126E-008
   3.422551E-008
   4.139150E-008
   8.326992E-009
   6.461527E-008
   1.677793E-009
   5.095882E-008
   2.083890E-008
   2.574422E-008
   5.189610E-008
   1.862990E-009
   5.873584E-008
   4.809542E-009
   4.542510E-008
   3.154663E-008
   1.476409E-008
   5.342496E-008
   2.045330E-010
   5.886257E-008
   1.165819E-008
   3.434511E-008
   3.715567E-008
   9.344963E-009
   5.951006E-008
   6.606295E-010
   5.159776E-008
   1.722106E-008
   2.821895E-008
   4.702800E-008
   3.416785E-009
   5.771663E-008
   2.794074E-009
   4.819082E-008
   2.697731E-008
   1.805246E-008
   4.994996E-008
   1.006848E-009
   5.966534E-008
   8.511287E-009
   3.731453E-008
   3.200147E-008
   1.284416E-008
   5.777138E-008
   1.032014E-010
   5.164538E-008
   1.243565E-008
   3.287823E-008
   4.272016E-008
   5.383587E-009
   5.439496E-008
   9.345975E-010
   5.110872E-008
   2.160219E-008
   2.152708E-008
   4.334670E-008
   3.072126E-009
   5.896804E-008
   4.858474E-009
   3.977745E-008
   2.403697E-008
   1.803861E-008
   5.189899E-008
   2.456329E-010
   5.020914E-008
   6.446778E-009
   3.818339E-008
   3.348885E-008
   9.384680E-009
   4.684075E-008
   3.216713E-011
   5.256863E-008
   1.296800E-008
   2.638602E-008
   3.151859E-008
   8.022655E-009
   5.256424E-008
   8.480887E-010
   4.131604E-008
   1.285753E-008
   2.512595E-008
   3.815986E-008
   3.309404E-009
   4.480145E-008
   1.082179E-009
