   5.432892E-091
   5.429255E-091
   5.418321E-091
   5.400022E-091
   5.374241E-091
   5.340823E-091
   5.299566E-091
   5.250233E-091
   5.192550E-091
   5.126211E-091
   5.050884E-091
   4.966219E-091
   4.871851E-091
   4.767412E-091
   4.652537E-091
   4.526880E-091
   4.390125E-091
   4.241998E-091
   4.082291E-091
   3.910873E-091
   3.727720E-091
   3.532936E-091
   3.326782E-091
   3.109710E-091
   2.882396E-091
   2.645786E-091
   2.401135E-091
   2.150065E-091
   1.894615E-091
   1.637313E-091
   1.381238E-091
   1.130104E-091
   8.883448E-092
   6.612124E-092
   4.548806E-092
   2.765633E-092
   1.346438E-092
   3.881633E-093
   2.416348E-095
   3.171782E-093
   1.478670E-092
   3.653397E-092
   7.030375E-092
   1.182356E-091
   1.827450E-091
   2.665522E-091
   3.727132E-091
   5.046541E-091
   6.658812E-091
   8.581081E-091
   1.082985E-090
   1.341785E-090
   1.635136E-090
   1.962922E-090
   2.324187E-090
   2.717035E-090
   3.138556E-090
   3.584748E-090
   4.050468E-090
   4.529398E-090
   5.014036E-090
   5.495718E-090
   5.964669E-090
   6.410101E-090
   6.820351E-090
   7.183067E-090
   7.485457E-090
   7.714600E-090
   7.857824E-090
   7.903168E-090
   7.839927E-090
   7.659293E-090
   7.355099E-090
   6.924683E-090
   6.369861E-090
   5.698049E-090
   4.923521E-090
   4.068826E-090
   3.166370E-090
   2.260184E-090
   1.407881E-090
   6.828237E-091
   1.765118E-091
   1.208134E-093
   2.915434E-091
   1.164926E-090
   2.686604E-090
   4.882073E-090
   7.732571E-090
   1.117258E-089
   1.508922E-089
   1.932374E-089
   2.367530E-089
   2.790725E-089
   3.175633E-089
   3.494487E-089
   3.719644E-089
   3.825514E-089
   3.790893E-089
   3.601718E-089
   3.254299E-089
   2.759041E-089
   2.144710E-089
   1.463255E-089
   7.952456E-090
   2.559695E-090
   2.222816E-092
   2.398328E-090
   1.231963E-089
   3.273241E-089
   6.462058E-089
   1.078293E-088
   1.610991E-088
   2.219531E-088
   2.867671E-088
   3.509285E-088
   4.090884E-088
   4.555115E-088
   4.845344E-088
   4.911355E-088
   4.716280E-088
   4.244814E-088
   3.512812E-088
   2.578342E-088
   1.554298E-088
   6.226450E-089
   5.040220E-090
   2.074575E-089
   1.586309E-088
   4.757889E-088
   9.840320E-088
   1.665447E-087
   2.478585E-087
   3.357512E-087
   4.215984E-087
   4.954206E-087
   5.468238E-087
   5.662152E-087
   5.463110E-087
   4.839509E-087
   3.822365E-087
   2.530094E-087
   1.196890E-087
   2.048512E-088
   1.200640E-088
   1.732820E-087
   6.078776E-087
   1.356411E-086
   2.370144E-086
   3.561487E-086
   4.798685E-086
   5.917300E-086
   6.737977E-086
   7.090369E-086
   6.843355E-086
   5.941863E-086
   4.450563E-086
   2.604752E-086
   8.687377E-087
   2.063153E-089
   1.133906E-086
   5.846008E-086
   1.564260E-085
   2.978530E-085
   4.671823E-085
   6.414790E-085
   7.923684E-085
   8.897811E-085
   9.069935E-085
   8.269726E-085
   6.500643E-085
   4.030714E-085
   1.497754E-085
   2.955269E-087
   1.379622E-085
   8.079091E-085
   2.279350E-084
   4.411331E-084
   6.893969E-084
   9.308182E-084
   1.116501E-083
   1.198616E-083
   1.141003E-083
   9.323146E-084
   6.017622E-084
   2.375276E-084
   7.933399E-086
   1.854593E-084
   1.173698E-083
   3.420812E-083
   6.682199E-083
   1.040308E-082
   1.387345E-082
   1.629847E-082
   1.694673E-082
   1.534294E-082
   1.150446E-082
   6.222316E-083
   1.387766E-083
   3.655328E-084
   8.415066E-083
   3.152083E-082
   5.268125E-082
   4.765934E-082
   1.604649E-082
   3.897724E-083
   1.340398E-081
   6.424792E-081
   1.920931E-080
   4.565572E-080
   9.432136E-080
   1.769754E-079
   3.094158E-079
   7.829253E-079
   3.087229E-078
   1.098906E-077
   3.234836E-077
   8.106678E-077
   1.793664E-076
   3.604150E-076
   6.713028E-076
   1.176378E-075
   1.960947E-075
   3.143173E-075
   7.570809E-075
   2.717016E-074
   9.045551E-074
   2.552602E-073
   6.220397E-073
   1.349342E-072
   2.671532E-072
   4.918799E-072
   8.539480E-072
   1.412475E-071
   2.564759E-071
   7.394656E-071
   2.310300E-070
   6.473209E-070
   1.591888E-069
   3.497430E-069
   7.011907E-069
   1.305690E-068
   2.289276E-068
   3.819065E-068
   6.902643E-068
   1.812259E-067
   5.139785E-067
   1.344299E-066
   3.154356E-066
   6.705836E-066
   1.312481E-065
   2.399720E-065
   4.147490E-065
   6.866130E-065
   1.409739E-064
   3.635608E-064
   9.372967E-064
   2.229074E-063
   4.837634E-063
   9.668471E-063
   1.801841E-062
   3.166994E-062
   5.300028E-062
   9.836153E-062
   2.315559E-061
   5.670488E-061
   1.312983E-060
   2.809918E-060
   5.573806E-060
   1.034445E-059
   1.813948E-059
   3.033217E-059
   5.653156E-059
   1.273919E-058
   2.952508E-058
   6.518978E-058
   1.343764E-057
   2.588786E-057
   4.695325E-057
   8.083143E-057
   1.354841E-056
   2.678467E-056
   5.904160E-056
   1.294632E-055
   2.697331E-055
   5.282738E-055
   9.749526E-055
   1.706318E-054
   2.853259E-054
   5.144715E-054
   1.067284E-053
   2.273356E-053
   4.683011E-053
   9.146687E-053
   1.690150E-052
   2.966752E-052
   4.975721E-052
   8.673730E-052
   1.724154E-051
   3.551007E-051
   7.141108E-051
   1.371347E-050
   2.503438E-050
   4.355206E-050
   7.256968E-050
   1.265271E-049
   2.461396E-049
   4.914685E-049
   9.589001E-049
   1.793727E-048
   3.203483E-048
   5.472660E-048
   9.031834E-048
   1.609976E-047
   3.095779E-047
   5.998495E-047
   1.130995E-046
   2.048294E-046
   3.554797E-046
   5.924167E-046
   9.893188E-046
   1.809301E-045
   3.428162E-045
   6.425199E-045
   1.166370E-044
   2.036665E-044
   3.419975E-044
   5.590996E-044
   9.781714E-044
   1.803121E-043
   3.330600E-043
   6.005645E-043
   1.046275E-042
   1.757040E-042
   2.856259E-042
   4.853642E-042
   8.728253E-042
   1.583388E-041
   2.819220E-041
   4.868233E-041
   8.124207E-041
   1.313526E-040
   2.199833E-040
   3.881639E-040
   6.912741E-040
   1.211044E-039
   2.062953E-039
   3.403968E-039
   5.462208E-039
   9.107972E-039
   1.584704E-038
   2.771376E-038
   4.766441E-038
   7.982034E-038
   1.297244E-037
   2.069660E-037
   3.455571E-037
   5.940928E-037
   1.019912E-036
   1.718963E-036
   2.822721E-036
   4.505855E-036
   7.210520E-036
   1.205796E-035
   2.046357E-035
   3.443718E-035
   5.677545E-035
   9.123584E-035
   1.434454E-034
   2.325010E-034
   3.876356E-034
   6.472918E-034
   1.065450E-033
   1.715340E-033
   2.693852E-033
   4.252923E-033
   6.950316E-033
   1.147138E-032
   1.877093E-032
   3.015191E-032
   4.733753E-032
   7.355717E-032
   1.179581E-031
   1.921193E-031
   3.116413E-031
   4.978456E-031
   7.789878E-031
   1.199453E-030
   1.893186E-030
   3.043041E-030
   4.885802E-030
   7.744214E-030
   1.204553E-029
   1.841626E-029
   2.871246E-029
   4.559258E-029
   7.240610E-029
   1.136907E-028
   1.754297E-028
   2.663275E-028
   4.114223E-028
   6.461736E-028
   1.014798E-027
   1.576717E-027
   2.409784E-027
   3.632262E-027
   5.572237E-027
   8.664469E-027
   1.345454E-026
   2.066896E-026
   3.125177E-026
   4.680809E-026
   7.140403E-026
   1.099677E-025
   1.688002E-025
   2.562026E-025
   3.828837E-025
   5.710449E-025
   8.663811E-025
   1.321238E-024
   2.003779E-024
   3.002706E-024
   4.436742E-024
   6.604475E-024
   9.957942E-024
   1.502609E-023
   2.249960E-023
   3.326517E-023
   4.877255E-023
   7.246610E-023
   1.084171E-022
   1.616989E-022
   2.388642E-022
   3.484039E-022
   5.097248E-022
   7.542652E-022
   1.117618E-021
   1.645534E-021
   2.396214E-021
   3.464684E-021
   5.064504E-021
   7.441675E-021
   1.089931E-020
   1.582387E-020
   2.273052E-020
   3.282340E-020
   4.777691E-020
   6.950809E-020
   1.004531E-019
   1.436861E-019
   2.052547E-019
   2.958418E-019
   4.271311E-019
   6.137378E-019
   8.739925E-019
   1.237668E-018
   1.766722E-018
   2.530174E-018
   3.611704E-018
   5.116067E-018
   7.193530E-018
   1.017502E-017
   1.445250E-017
   2.048384E-017
   2.884001E-017
   4.028779E-017
   5.650266E-017
   7.960203E-017
   1.119821E-016
   1.566145E-016
   2.173659E-016
   3.024488E-016
   4.226907E-016
   5.900858E-016
   8.194123E-016
   1.129661E-015
   1.560211E-015
   2.163451E-015
   2.996769E-015
   4.130424E-015
   5.654779E-015
   7.754865E-015
   1.067068E-014
   1.466458E-014
   2.005599E-014
   2.726232E-014
   3.713111E-014
   5.070358E-014
   6.912617E-014
   9.378760E-014
   1.265739E-013
   1.712284E-013
   2.320327E-013
   3.137781E-013
   4.222387E-013
   5.658412E-013
   7.602646E-013
   1.022262E-012
   1.370988E-012
   1.829458E-012
   2.435092E-012
   3.248986E-012
   4.333968E-012
   5.763290E-012
   7.626230E-012
   1.008462E-011
   1.335766E-011
   1.767302E-011
   2.329879E-011
   3.058456E-011
   4.018060E-011
   5.281974E-011
   6.929794E-011
   9.055426E-011
   1.180056E-010
   1.539650E-010
   2.007842E-010
   2.611364E-010
   3.382530E-010
   4.378027E-010
   5.669799E-010
   7.331899E-010
   9.450201E-010
   1.214175E-009
   1.560583E-009
   2.004901E-009
   2.569829E-009
   3.282145E-009
   4.186059E-009
   5.339633E-009
   6.801308E-009
   8.637808E-009
   1.093779E-008
   1.384765E-008
   1.751789E-008
   2.211160E-008
   2.782015E-008
   3.495423E-008
   4.389882E-008
   5.504054E-008
   6.881670E-008
   8.582671E-008
   1.069807E-007
   1.331805E-007
   1.654088E-007
   2.048443E-007
   2.533795E-007
   3.130889E-007
   3.861004E-007
   4.748235E-007
   5.828080E-007
   7.146110E-007
   8.746865E-007
   1.067941E-006
   1.300743E-006
   1.582307E-006
   1.921683E-006
   2.328551E-006
   2.814339E-006
   3.396060E-006
   4.091473E-006
   4.918741E-006
   5.898274E-006
   7.059099E-006
   8.434176E-006
   1.005605E-005
   1.196025E-005
   1.419354E-005
   1.681284E-005
   1.987342E-005
   2.343442E-005
   2.756780E-005
   3.236389E-005
   3.791085E-005
   4.430129E-005
   5.164095E-005
   6.006013E-005
   6.968875E-005
   8.066137E-005
   9.312416E-005
   1.072450E-004
   1.231960E-004
   1.411551E-004
   1.613073E-004
   1.838367E-004
   2.089387E-004
   2.368195E-004
   2.676833E-004
   3.016775E-004
   3.389673E-004
   3.797454E-004
   4.241857E-004
   4.723002E-004
   5.241270E-004
   5.797681E-004
   6.392807E-004
   7.023899E-004
   7.688723E-004
   8.386327E-004
   9.114919E-004
   9.867037E-004
   1.063646E-003
   1.141922E-003
   1.220995E-003
   1.299493E-003
   1.376333E-003
   1.450780E-003
   1.521920E-003
   1.587792E-003
   1.646984E-003
   1.698562E-003
   1.741299E-003
   1.772910E-003
   1.792047E-003
   1.797936E-003
   1.789482E-003
   1.764861E-003
   1.723487E-003
   1.665410E-003
   1.590472E-003
   1.498436E-003
   1.390348E-003
   1.267922E-003
   1.133031E-003
   9.880770E-004
   8.364739E-004
   6.823148E-004
   5.303446E-004
   3.858960E-004
   2.548697E-004
   1.438025E-004
   5.988385E-005
   1.031881E-005
   2.508267E-006
   4.404866E-005
   1.419742E-004
   3.029123E-004
   5.334019E-004
   8.384038E-004
   1.220535E-003
   1.682594E-003
   2.226666E-003
   2.849378E-003
   3.545391E-003
   4.310778E-003
   5.138960E-003
   6.014034E-003
   6.922373E-003
   7.852430E-003
   8.786060E-003
   9.697694E-003
   1.056900E-002
   1.138321E-002
   1.211417E-002
   1.273734E-002
   1.323663E-002
   1.359654E-002
   1.379679E-002
   1.382589E-002
   1.367889E-002
   1.335329E-002
   1.285009E-002
   1.217699E-002
   1.134759E-002
   1.038404E-002
   9.310603E-003
   8.153418E-003
   6.947303E-003
   5.734087E-003
   4.548691E-003
   3.426564E-003
   2.411800E-003
   1.540841E-003
   8.411980E-004
   3.400405E-004
   5.971852E-005
   9.350617E-006
   1.922117E-004
   6.016651E-004
   1.218522E-003
   2.019550E-003
   2.973241E-003
   4.030675E-003
   5.145309E-003
   6.272533E-003
   7.354502E-003
   8.334398E-003
   9.168566E-003
   9.816439E-003
   1.023819E-002
   1.040966E-002
   1.031987E-002
   9.971726E-003
   9.378301E-003
   8.562365E-003
   7.566333E-003
   6.446685E-003
   5.254475E-003
   4.048821E-003
   2.906141E-003
   1.886678E-003
   1.041411E-003
   4.250418E-004
   7.562226E-005
   1.158006E-005
   2.412274E-004
   7.505478E-004
   1.509932E-003
   2.481645E-003
   3.601506E-003
   4.796951E-003
   6.002549E-003
   7.141513E-003
   8.131616E-003
   8.912428E-003
   9.435606E-003
   9.660507E-003
   9.567709E-003
   9.159642E-003
   8.467040E-003
   7.531960E-003
   6.406191E-003
   5.172324E-003
   3.919602E-003
   2.721783E-003
   1.662689E-003
   8.259926E-004
   2.625183E-004
   1.093331E-005
   9.160908E-005
   4.932539E-004
   1.189226E-003
   2.122637E-003
   3.214534E-003
   4.388723E-003
   5.552444E-003
   6.602374E-003
   7.460060E-003
   8.059864E-003
   8.345676E-003
   8.290715E-003
   7.898337E-003
   7.205156E-003
   6.260704E-003
   5.134015E-003
   3.932105E-003
   2.752271E-003
   1.682211E-003
   8.236425E-004
   2.506544E-004
   6.484883E-006
   1.171035E-004
   5.693788E-004
   1.325794E-003
   2.323518E-003
   3.461201E-003
   4.641777E-003
   5.765521E-003
   6.715876E-003
   7.406335E-003
   7.778443E-003
   7.793460E-003
   7.444245E-003
   6.759974E-003
   5.814379E-003
   4.689883E-003
   3.481919E-003
   2.320513E-003
   1.312627E-003
   5.443428E-004
   9.842858E-005
   1.315195E-005
   2.937187E-004
   9.103493E-004
   1.790773E-003
   2.852344E-003
   3.981902E-003
   5.049816E-003
   5.953940E-003
   6.598976E-003
   6.907293E-003
   6.846158E-003
   6.425826E-003
   5.690547E-003
   4.707768E-003
   3.589539E-003
   2.464034E-003
   1.439021E-003
   6.325749E-004
   1.385000E-004
   4.021483E-006
   2.486230E-004
   8.397839E-004
   1.715368E-003
   2.779807E-003
   3.898472E-003
   4.953486E-003
   5.826707E-003
   6.405024E-003
   6.624915E-003
   6.464646E-003
   5.939613E-003
   5.102007E-003
   4.056866E-003
   2.931370E-003
   1.842452E-003
   9.270616E-004
   2.952159E-004
   1.121469E-005
   1.109656E-004
   5.731256E-004
   1.342175E-003
   2.316439E-003
   3.361823E-003
   4.357901E-003
   5.170841E-003
   5.688576E-003
   5.851561E-003
   5.639105E-003
   5.072400E-003
   4.220698E-003
   3.206698E-003
   2.154528E-003
   1.195806E-003
   4.700700E-004
   6.482404E-005
   3.539002E-005
   3.859496E-004
   1.069379E-003
   2.001079E-003
   3.042336E-003
   4.061335E-003
   4.924306E-003
   5.500687E-003
   5.717715E-003
   5.549212E-003
   5.012973E-003
   4.176192E-003
   3.164808E-003
   2.114125E-003
   1.158409E-003
   4.416502E-004
   5.373758E-005
   4.429181E-005
   4.091560E-004
   1.088974E-003
   1.987262E-003
   2.955593E-003
   3.857396E-003
   4.561224E-003
   4.950100E-003
   4.970876E-003
   4.623902E-003
   3.956027E-003
   3.062474E-003
   2.090200E-003
   1.179106E-003
   4.642417E-004
   6.424189E-005
   3.446213E-005
   3.843882E-004
   1.055154E-003
   1.951560E-003
   2.935589E-003
   3.845099E-003
   4.553319E-003
   4.944437E-003
   4.952386E-003
   4.581313E-003
   3.891532E-003
   2.981282E-003
   1.996193E-003
   1.095757E-003
   4.072042E-004
   4.280452E-005
   5.188160E-005
   4.274841E-004
   1.098032E-003
   1.946418E-003
   2.837221E-003
   3.605360E-003
   4.127648E-003
   4.319036E-003
   4.139199E-003
   3.619196E-003
   2.854274E-003
   1.968107E-003
   1.109977E-003
   4.367230E-004
   5.616837E-005
   3.945542E-005
   3.887370E-004
   1.051142E-003
   1.909709E-003
   2.815001E-003
   3.623547E-003
   4.183006E-003
   4.400815E-003
   4.244310E-003
   3.734807E-003
   2.957711E-003
   2.056938E-003
   1.180487E-003
   4.776154E-004
   7.325675E-005
   2.594805E-005
   3.386488E-004
   9.416372E-004
   1.726357E-003
   2.533516E-003
   3.212577E-003
   3.642118E-003
   3.731351E-003
   3.466818E-003
   2.902684E-003
   2.139895E-003
   1.322621E-003
   6.140262E-004
   1.416815E-004
   2.471040E-006
   2.233755E-004
   7.696235E-004
   1.533974E-003
   2.376669E-003
   3.144020E-003
   3.679621E-003
   3.891775E-003
   3.738407E-003
   3.243551E-003
   2.505469E-003
   1.666820E-003
   8.771700E-004
   2.923730E-004
   1.493597E-005
   9.050902E-005
   4.924391E-004
   1.134907E-003
   1.879989E-003
   2.566620E-003
   3.062510E-003
   3.255838E-003
   3.108378E-003
   2.655210E-003
   1.986005E-003
   1.238714E-003
   5.762891E-004
   1.312352E-004
   3.010859E-006
   2.200399E-004
   7.451152E-004
   1.466811E-003
   2.244011E-003
   2.918838E-003
   3.345270E-003
   3.445227E-003
   3.193666E-003
   2.639867E-003
   1.903790E-003
   1.133394E-003
   4.823439E-004
   8.620856E-005
   1.456460E-005
   2.738781E-004
   7.947515E-004
   1.461082E-003
   2.111446E-003
   2.605863E-003
   2.831767E-003
   2.734046E-003
   2.340249E-003
   1.737967E-003
   1.059133E-003
   4.643408E-004
   8.562991E-005
   1.338839E-005
   2.676065E-004
   7.997610E-004
   1.490431E-003
   2.191913E-003
   2.752953E-003
   3.042416E-003
   3.004514E-003
   2.644562E-003
   2.039579E-003
   1.328547E-003
   6.634350E-004
   1.871983E-004
   1.064898E-006
   1.344147E-004
   5.442120E-004
   1.124733E-003
   1.734577E-003
   2.217706E-003
   2.465022E-003
   2.411464E-003
   2.070206E-003
   1.528127E-003
   9.134535E-004
   3.775753E-004
   5.527085E-005
   2.662479E-005
   3.048304E-004
   8.295097E-004
   1.481051E-003
   2.102863E-003
   2.557293E-003
   2.729546E-003
   2.583240E-003
   2.154494E-003
   1.540291E-003
   8.883291E-004
   3.492590E-004
   4.257849E-005
   3.370964E-005
   3.117020E-004
   7.945451E-004
   1.351644E-003
   1.839332E-003
   2.124295E-003
   2.139112E-003
   1.876743E-003
   1.404888E-003
   8.503076E-004
   3.548548E-004
   5.191909E-005
   2.451516E-005
   2.867861E-004
   7.754028E-004
   1.375884E-003
   1.935861E-003
   2.316777E-003
   2.426653E-003
   2.233330E-003
   1.789575E-003
   1.205783E-003
   6.241243E-004
   1.905959E-004
   3.450031E-006
   1.002029E-004
   4.412443E-004
   9.269514E-004
   1.414399E-003
   1.773346E-003
   1.899231E-003
   1.759819E-003
   1.395110E-003
   9.035025E-004
   4.249520E-004
   9.322990E-005
   4.399767E-006
   1.893119E-004
   6.066738E-004
   1.146408E-003
   1.671547E-003
   2.042193E-003
   2.159624E-003
   1.996631E-003
   1.592973E-003
   1.057579E-003
   5.311077E-004
   1.465328E-004
   3.078118E-007
   1.182624E-004
   4.538690E-004
   9.016134E-004
   1.327432E-003
   1.602237E-003
   1.649711E-003
   1.452381E-003
   1.070613E-003
   6.175855E-004
   2.259380E-004
   1.632464E-005
   5.456407E-005
   3.375499E-004
   7.911745E-004
   1.293666E-003
   1.702902E-003
   1.910259E-003
   1.853704E-003
   1.552352E-003
   1.090107E-003
   5.930720E-004
   1.990840E-004
   8.971753E-006
   6.583556E-005
   3.387393E-004
   7.355753E-004
   1.126872E-003
   1.393248E-003
   1.448098E-003
   1.278034E-003
   9.348072E-004
   5.251973E-004
   1.796822E-004
   7.355822E-006
   6.859484E-005
   3.526371E-004
   7.812321E-004
   1.231115E-003
   1.573998E-003
   1.706849E-003
   1.594907E-003
   1.268612E-003
   8.245958E-004
   3.915813E-004
   9.025018E-005
   1.642937E-006
   1.386223E-004
   4.447774E-004
   8.146618E-004
   1.123828E-003
   1.270513E-003
   1.208480E-003
   9.564717E-004
   5.992539E-004
   2.535326E-004
   3.538765E-005
   2.132201E-005
   2.239999E-004
   5.859552E-004
   1.002270E-003
   1.344062E-003
   1.510515E-003
   1.449073E-003
   1.179732E-003
   7.856724E-004
   3.845527E-004
   9.644038E-005
   3.223962E-007
   1.138135E-004
   3.866529E-004
   7.189476E-004
   9.930308E-004
   1.115958E-003
   1.043857E-003
   8.038921E-004
   4.775371E-004
   1.787129E-004
   1.314601E-005
   4.327417E-005
   2.670337E-004
   6.195345E-004
   9.891560E-004
   1.261830E-003
   1.348642E-003
   1.224128E-003
   9.278145E-004
   5.535771E-004
   2.195052E-004
   2.542174E-005
   2.410389E-005
   2.021814E-004
   4.862094E-004
   7.702155E-004
   9.502216E-004
   9.615657E-004
   8.012368E-004
   5.263470E-004
   2.376983E-004
   4.064031E-005
   1.133797E-005
   1.679924E-004
   4.647496E-004
   8.062423E-004
   1.081399E-003
   1.198234E-003
   1.119963E-003
   8.715109E-004
   5.365678E-004
   2.236236E-004
   3.181070E-005
   1.548603E-005
   1.669561E-004
   4.197713E-004
   6.751300E-004
   8.343132E-004
   8.390393E-004
   6.865603E-004
   4.357378E-004
   1.812595E-004
   2.169329E-005
   2.233048E-005
   1.914459E-004
   4.759051E-004
   7.815409E-004
   1.002803E-003
   1.065428E-003
   9.467177E-004
   6.892952E-004
   3.807091E-004
   1.250687E-004
   4.220858E-006
   4.936902E-005
   2.307646E-004
   4.706579E-004
   6.711316E-004
   7.540148E-004
   6.860330E-004
   4.952598E-004
   2.563922E-004
   6.526469E-005
   6.244472E-007
   9.492487E-005
   3.210532E-004
   6.022776E-004
   8.392781E-004
   9.485439E-004
   8.906177E-004
   6.875313E-004
   4.111069E-004
   1.589290E-004
   1.561203E-005
   2.335464E-005
   1.663822E-004
   3.783903E-004
   5.694399E-004
   6.605124E-004
   6.147335E-004
   4.512798E-004
   2.372184E-004
   6.185722E-005
   3.959817E-007
   8.494036E-005
   2.910937E-004
   5.458426E-004
   7.572471E-004
   8.466448E-004
   7.821107E-004
   5.873440E-004
   3.346873E-004
   1.155231E-004
   5.571390E-006
   3.611863E-005
   1.829124E-004
   3.767573E-004
   5.329865E-004
   5.843008E-004
   5.097455E-004
   3.408709E-004
   1.505221E-004
   2.142559E-005
   1.336213E-005
   1.377771E-004
   3.524029E-004
   5.781853E-004
   7.292356E-004
   7.485110E-004
   6.286256E-004
   4.160262E-004
   1.911638E-004
   3.663322E-005
   4.411119E-006
   9.570163E-005
   2.617529E-004
   4.255502E-004
   5.134733E-004
   4.872922E-004
   3.585681E-004
   1.847823E-004
   4.376471E-005
   1.538500E-006
   8.357764E-005
   2.635356E-004
   4.739703E-004
   6.326372E-004
   6.777581E-004
   5.913651E-004
   4.083245E-004
   2.001111E-004
   4.625931E-005
   1.060624E-006
   7.215000E-005
   2.185396E-004
   3.691496E-004
   4.541369E-004
   4.347307E-004
   3.202032E-004
   1.631661E-004
   3.670739E-005
   2.262103E-006
   8.245976E-005
   2.505653E-004
   4.414208E-004
   5.783367E-004
   6.060546E-004
   5.134676E-004
   3.386551E-004
   1.519321E-004
   2.621021E-005
   5.812269E-006
   8.859750E-005
   2.282279E-004
   3.553166E-004
   4.093043E-004
   3.646818E-004
   2.429655E-004
   1.020977E-004
   1.076518E-005
   1.686613E-005
   1.256540E-004
   2.966595E-004
   4.604410E-004
   5.494204E-004
   5.263581E-004
   4.014879E-004
   2.268469E-004
   7.396858E-005
   1.964361E-006
   3.242651E-005
   1.409137E-004
   2.691652E-004
   3.528913E-004
   3.508803E-004
   2.645676E-004
   1.363890E-004
   3.046057E-005
   2.215813E-006
   7.247101E-005
   2.170069E-004
   3.765637E-004
   4.836567E-004
   4.921949E-004
   3.989021E-004
   2.439428E-004
   9.312934E-005
   7.727659E-006
   1.736281E-005
   1.073977E-004
   2.269536E-004
   3.138731E-004
   3.240567E-004
   2.526735E-004
   1.359214E-004
   3.375960E-005
   8.779086E-007
   6.020847E-005
   1.912405E-004
   3.387670E-004
   4.383048E-004
   4.458114E-004
   3.581237E-004
   2.143449E-004
   7.731580E-005
   4.431599E-006
   2.113980E-005
   1.099998E-004
   2.202617E-004
   2.930836E-004
   2.906882E-004
   2.143711E-004
   1.041358E-004
   1.843575E-005
   5.507196E-006
   7.899360E-005
   2.104452E-004
   3.424528E-004
   4.153533E-004
   3.962319E-004
   2.938447E-004
   1.549443E-004
   4.118068E-005
   3.226255E-008
   4.236459E-005
   1.383901E-004
   2.336039E-004
   2.763087E-004
   2.438674E-004
   1.537322E-004
   5.457590E-005
   1.511548E-006
   2.790306E-005
   1.278898E-004
   2.584247E-004
   3.597800E-004
   3.849015E-004
   3.219986E-004
   2.007953E-004
   7.719356E-005
   6.243067E-006
   1.501998E-005
   9.026669E-005
   1.862962E-004
   2.488539E-004
   2.436499E-004
   1.735593E-004
   7.738489E-005
   9.340476E-006
   1.080308E-005
   8.823893E-005
   2.089633E-004
   3.169395E-004
   3.608246E-004
   3.194957E-004
   2.130718E-004
   9.213117E-005
   1.262547E-005
   7.469618E-006
   7.079377E-005
   1.621370E-004
   2.282566E-004
   2.318609E-004
   1.709324E-004
   8.002966E-005
   1.158283E-005
   7.844036E-006
   7.784730E-005
   1.917370E-004
   2.954179E-004
   3.384314E-004
   2.995057E-004
   1.980974E-004
   8.357692E-005
   1.018304E-005
   8.784367E-006
   7.179219E-005
   1.583388E-004
   2.169032E-004
   2.135864E-004
   1.504046E-004
   6.403618E-005
   5.888865E-006
   1.361412E-005
   9.008259E-005
   2.008889E-004
   2.916827E-004
   3.171035E-004
   2.641909E-004
   1.597873E-004
   5.586131E-005
   2.192881E-006
   2.020647E-005
   9.242601E-005
   1.729737E-004
   2.136165E-004
   1.903012E-004
   1.169631E-004
   3.716587E-005
   1.002123E-007
   3.251627E-005
   1.231720E-004
   2.280508E-004
   2.937389E-004
   2.861858E-004
   2.094524E-004
   1.030640E-004
   2.100476E-005
   2.061819E-006
   4.945145E-005
   1.299789E-004
   1.934047E-004
   2.013438E-004
   1.490610E-004
   6.808072E-005
   8.389579E-006
   9.477125E-006
   7.739508E-005
   1.803509E-004
   2.654670E-004
   2.881137E-004
   2.362929E-004
   1.374518E-004
   4.319251E-005
   4.546064E-007
   2.593903E-005
   9.761574E-005
   1.682977E-004
   1.936844E-004
   1.579503E-004
   8.328270E-005
   1.684195E-005
   3.073460E-006
   5.727105E-005
   1.556198E-004
   2.475736E-004
   2.843346E-004
   2.459793E-004
   1.531913E-004
   5.534922E-005
   2.603097E-006
   1.779817E-005
   8.424104E-005
   1.564649E-004
   1.879145E-004
   1.585029E-004
   8.694632E-005
   1.944833E-005
   1.976505E-006
   5.227001E-005
   1.481629E-004
   2.392628E-004
   2.759673E-004
   2.378149E-004
   1.458092E-004
   5.022989E-005
   1.491470E-006
   2.129450E-005
   9.067197E-005
   1.622235E-004
   1.893949E-004
   1.546471E-004
   8.031803E-005
   1.508683E-005
   4.039900E-006
   6.075779E-005
   1.579433E-004
   2.425844E-004
   2.671538E-004
   2.176514E-004
   1.219781E-004
   3.369654E-005
   2.111907E-008
   3.438460E-005
   1.091855E-004
   1.735393E-004
   1.850424E-004
   1.362295E-004
   5.899211E-005
   5.142671E-006
   1.375796E-005
   8.641172E-005
   1.849632E-004
   2.539163E-004
   2.534874E-004
   1.840048E-004
   8.533383E-005
   1.322060E-005
   5.476271E-006
   5.975172E-005
   1.359803E-004
   1.822955E-004
   1.676704E-004
   1.018844E-004
   2.913246E-005
   1.444323E-007
   3.964975E-005
   1.297981E-004
   2.200175E-004
   2.578244E-004
   2.208503E-004
   1.308148E-004
   4.029374E-005
   1.769894E-007
   2.882026E-005
   1.014261E-004
   1.667310E-004
   1.801790E-004
   1.327449E-004
   5.651284E-005
   4.314103E-006
   1.520959E-005
   8.876460E-005
   1.840794E-004
   2.449335E-004
   2.346325E-004
   1.594384E-004
   6.439781E-005
   5.193141E-006
   1.329842E-005
   7.676933E-005
   1.489496E-004
   1.794939E-004
   1.473593E-004
   7.462446E-005
   1.217482E-005
   5.966073E-006
   6.644549E-005
   1.605534E-004
   2.321235E-004
   2.373436E-004
   1.730518E-004
   7.851212E-005
   1.058772E-005
   7.340289E-006
   6.422134E-005
   1.380570E-004
   1.763516E-004
   1.522592E-004
   8.259744E-005
   1.670854E-005
   3.259901E-006
   5.734210E-005
   1.492697E-004
   2.231124E-004
   2.327191E-004
   1.720670E-004
   7.901979E-005
   1.091498E-005
   7.117426E-006
   6.381861E-005
   1.375380E-004
   1.751153E-004
   1.498056E-004
   7.952746E-005
   1.483654E-005
   4.296891E-006
   6.104826E-005
   1.527248E-004
   2.221971E-004
   2.250849E-004
   1.595332E-004
   6.732536E-005
   6.285856E-006
   1.191856E-005
   7.427752E-005
   1.457002E-004
   1.740819E-004
   1.389575E-004
   6.559629E-005
   7.769225E-006
   1.024007E-005
   7.730451E-005
   1.686260E-004
   2.259018E-004
   2.118902E-004
   1.357470E-004
   4.677807E-005
   9.741162E-007
   2.349678E-005
   9.233393E-005
   1.546577E-004
   1.641801E-004
   1.139170E-004
   4.098167E-005
   5.992572E-007
   2.687314E-005
   1.079327E-004
   1.929221E-004
   2.263789E-004
   1.862360E-004
   9.891455E-005
   2.136489E-005
   1.813916E-006
   4.713638E-005
   1.191660E-004
   1.626706E-004
   1.449407E-004
   7.925055E-005
   1.541509E-005
   3.876748E-006
   5.910814E-005
   1.480495E-004
   2.124165E-004
   2.090152E-004
   1.401192E-004
   5.186570E-005
   1.998421E-006
   1.974825E-005
   8.603929E-005
   1.482870E-004
   1.588387E-004
   1.097448E-004
   3.839083E-005
   3.250792E-007
   2.848909E-005
   1.084047E-004
   1.874560E-004
   2.118272E-004
   1.648137E-004
   7.861249E-005
   1.152255E-005
   6.429600E-006
   6.078508E-005
   1.295929E-004
   1.591143E-004
   1.266546E-004
   5.721172E-005
   5.073051E-006
   1.341155E-005
   8.182360E-005
   1.654531E-004
   2.068529E-004
   1.772934E-004
   9.740605E-005
   2.224474E-005
   1.308414E-006
   4.322344E-005
   1.106423E-004
   1.490948E-004
   1.281436E-004
   6.430453E-005
   8.710519E-006
   8.388283E-006
   7.029589E-005
   1.547751E-004
   2.038161E-004
   1.831861E-004
   1.074074E-004
   2.906504E-005
   1.631803E-007
   3.458130E-005
   9.918453E-005
   1.401604E-004
   1.243859E-004
   6.466468E-005
   9.787868E-006
   6.792357E-006
   6.430726E-005
   1.446844E-004
   1.913602E-004
   1.708314E-004
   9.775311E-005
   2.416832E-005
   7.312005E-007
   3.943659E-005
   1.056770E-004
   1.455870E-004
   1.275351E-004
   6.611292E-005
   1.044847E-005
   5.764952E-006
   5.806692E-005
   1.290091E-004
   1.651294E-004
   1.389204E-004
   7.012552E-005
   1.088500E-005
   5.833841E-006
   5.803576E-005
   1.268121E-004
   1.591516E-004
   1.304106E-004
   6.289453E-005
   8.263523E-006
   7.299810E-006
   5.849724E-005
   1.197578E-004
   1.417564E-004
   1.068726E-004
   4.304397E-005
   1.833610E-006
   1.768688E-005
   8.044873E-005
   1.428283E-004
   1.570649E-004
   1.122366E-004
   4.274705E-005
   1.454593E-006
   1.843483E-005
   7.777470E-005
   1.306995E-004
   1.344382E-004
   8.615088E-005
   2.488381E-005
   1.410261E-007
   3.218613E-005
   9.567788E-005
   1.398992E-004
   1.293491E-004
   7.235070E-005
   1.463497E-005
   2.842709E-006
   4.720433E-005
   1.131610E-004
   1.488211E-004
   1.262278E-004
   6.339004E-005
   9.539485E-006
   5.449378E-006
   5.099651E-005
   1.060287E-004
   1.236877E-004
   8.902778E-005
   3.133739E-005
   1.856822E-007
   2.457031E-005
   8.854515E-005
   1.433823E-004
   1.464797E-004
   9.556357E-005
   3.028423E-005
   4.624425E-008
   2.439554E-005
   7.816084E-005
   1.133406E-004
   9.936169E-005
   4.845331E-005
   5.233125E-006
   9.160027E-006
   6.113024E-005
   1.218982E-004
   1.437945E-004
   1.095965E-004
   4.642323E-005
   3.363288E-006
   1.136366E-005
   5.861900E-005
   1.016562E-004
   1.024540E-004
   6.047707E-005
   1.278996E-005
   2.374846E-006
   4.142201E-005
   1.004293E-004
   1.323734E-004
   1.116268E-004
   5.505067E-005
   7.720007E-006
   5.363659E-006
   4.521298E-005
   8.954070E-005
   9.851018E-005
   6.429631E-005
   1.747758E-005
   5.155144E-007
   3.103073E-005
   8.620207E-005
   1.216292E-004
   1.085427E-004
   5.780701E-005
   1.043837E-005
   2.890810E-006
   3.683330E-005
   7.894986E-005
   9.054557E-005
   6.124473E-005
   1.773309E-005
   2.469717E-007
   2.724061E-005
   7.882512E-005
   1.133016E-004
   1.024608E-004
   5.539106E-005
   1.043220E-005
   2.375504E-006
   3.330707E-005
   7.203315E-005
   8.222788E-005
   5.455930E-005
   1.473068E-005
   5.637572E-007
   2.824008E-005
   7.733148E-005
   1.078556E-004
   9.454687E-005
   4.854890E-005
   7.645242E-006
   3.615487E-006
   3.530579E-005
   7.079302E-005
   7.644267E-005
   4.703721E-005
   1.028581E-005
   1.819242E-006
   3.289664E-005
   7.957049E-005
   1.031126E-004
   8.372722E-005
   3.780273E-005
   3.466938E-006
   7.249471E-006
   4.142497E-005
   7.197070E-005
   6.975943E-005
   3.694961E-005
   4.879735E-006
   5.433381E-006
   4.168774E-005
   8.433164E-005
   9.726101E-005
   6.948047E-005
   2.474154E-005
   3.462043E-007
   1.418286E-005
   4.960366E-005
   7.153086E-005
   5.890205E-005
   2.391483E-005
   6.135697E-007
   1.331467E-005
   5.377424E-005
   8.796576E-005
   8.642123E-005
   5.060364E-005
   1.136130E-005
   1.029178E-006
   2.469690E-005
   5.671313E-005
   6.526336E-005
   4.210158E-005
   9.991374E-006
   1.164445E-006
   2.688151E-005
   6.636333E-005
   8.537663E-005
   6.731405E-005
   2.814723E-005
   1.605597E-006
   8.454689E-006
   3.828912E-005
   6.035727E-005
   5.289456E-005
   2.342250E-005
   1.190766E-006
   9.158501E-006
   4.198433E-005
   7.066896E-005
   6.941882E-005
   3.949145E-005
   7.768306E-006
   1.624387E-006
   2.379513E-005
   5.070264E-005
   5.544738E-005
   3.346129E-005
   6.582288E-006
   1.932881E-006
   2.582328E-005
   5.746383E-005
   6.833881E-005
   4.877628E-005
   1.662352E-005
   9.149303E-008
   1.133874E-005
   3.589900E-005
   4.763240E-005
   3.445805E-005
   1.003272E-005
   2.594516E-007
   1.778495E-005
   4.913687E-005
   6.690704E-005
   5.532413E-005
   2.486793E-005
   2.146513E-006
   4.912711E-006
   2.612223E-005
   4.197764E-005
   3.574392E-005
   1.408198E-005
   1.521948E-007
   1.041225E-005
   3.785118E-005
   5.809971E-005
   5.260182E-005
   2.640878E-005
   3.350458E-006
   3.286458E-006
   2.346956E-005
   4.197692E-005
   3.964434E-005
   1.894292E-005
   1.352226E-006
   5.909808E-006
   3.007208E-005
   5.175592E-005
   5.062953E-005
   2.780608E-005
   4.657373E-006
   1.968634E-006
   1.994782E-005
   3.868614E-005
   3.843061E-005
   1.945378E-005
   1.766520E-006
   4.960051E-006
   2.823884E-005
   5.059720E-005
   5.111834E-005
   2.936508E-005
   5.701617E-006
   1.276857E-006
   1.756976E-005
   3.573689E-005
   3.616155E-005
   1.843164E-005
   1.650949E-006
   4.829705E-006
   2.718476E-005
   4.831154E-005
   4.818989E-005
   2.698171E-005
   4.776302E-006
   1.602918E-006
   1.782896E-005
   3.459704E-005
   3.360592E-005
   1.597181E-005
   9.542505E-007
   5.919442E-006
   2.808141E-005
   4.676926E-005
   4.401713E-005
   2.255274E-005
   2.913802E-006
   2.719707E-006
   1.929360E-005
   3.326126E-005
   2.913870E-005
   1.151179E-005
   9.814505E-008
   8.894336E-006
   3.110442E-005
   4.557732E-005
   3.820894E-005
   1.625416E-005
   8.214598E-007
   5.377505E-006
   2.249157E-005
   3.236669E-005
   2.400209E-005
   6.764513E-006
   3.071828E-007
   1.350536E-005
   3.459422E-005
   4.296001E-005
   3.033094E-005
   9.248766E-006
   2.035788E-008
   9.865078E-006
   2.605375E-005
   3.001789E-005
   1.732797E-005
   2.354911E-006
   2.736394E-006
   2.019659E-005
   3.814902E-005
   3.874519E-005
   2.142598E-005
   3.420903E-006
   1.729913E-006
   1.567508E-005
   2.837124E-005
   2.528219E-005
   9.943689E-006
   5.943994E-008
   8.190554E-006
   2.776610E-005
   3.950964E-005
   3.157611E-005
   1.200026E-005
   1.973486E-007
   6.586952E-006
   2.205910E-005
   2.840753E-005
   1.834636E-005
   3.465267E-006
   1.515714E-006
   1.676923E-005
   3.476624E-005
   3.733127E-005
   2.183986E-005
   4.021043E-006
   1.243949E-006
   1.426034E-005
   2.702774E-005
   2.465862E-005
   9.888158E-006
   7.219664E-008
   7.940661E-006
   2.712511E-005
   3.841980E-005
   3.020397E-005
   1.093022E-005
   7.491843E-008
   7.327750E-006
   2.261376E-005
   2.772059E-005
   1.667688E-005
   2.433275E-006
   2.431827E-006
   1.891470E-005
   3.576236E-005
   3.559868E-005
   1.857792E-005
   2.257895E-006
   2.628118E-006
   1.705846E-005
   2.783016E-005
   2.222128E-005
   6.825433E-006
   1.606983E-007
   1.172831E-005
   3.082652E-005
   3.774189E-005
   2.518439E-005
   6.312814E-006
   3.871126E-007
   1.184929E-005
   2.597609E-005
   2.584660E-005
   1.159596E-005
   3.202930E-007
   6.634237E-006
   2.567526E-005
   3.782414E-005
   3.016693E-005
   1.082445E-005
   4.408448E-008
   7.902722E-006
   2.353843E-005
   2.794314E-005
   1.582535E-005
   1.752206E-006
   3.486788E-006
   2.132483E-005
   3.700010E-005
   3.373923E-005
   1.501334E-005
   7.595142E-007
   5.196285E-006
   2.123503E-005
   2.909920E-005
   1.928846E-005
   3.633125E-006
   1.684498E-006
   1.789351E-005
   3.577778E-005
   3.607238E-005
   1.841963E-005
   1.867962E-006
   3.471517E-006
   1.930917E-005
   2.956004E-005
   2.174399E-005
   5.334887E-006
   7.962650E-007
   1.556526E-005
   3.474963E-005
   3.756774E-005
   2.089976E-005
   2.911466E-006
   2.469067E-006
   1.793498E-005
   2.968676E-005
   2.331822E-005
   6.591509E-006
   3.946399E-007
   1.409708E-005
   3.396054E-005
   3.833826E-005
   2.235951E-005
   3.591517E-006
   2.009882E-006
   1.734803E-005
   3.000739E-005
   2.438537E-005
   7.360548E-006
   2.459440E-007
   1.349259E-005
   3.376039E-005
   3.876400E-005
   2.288666E-005
   3.756406E-006
   1.986366E-006
   1.758978E-005
   3.055256E-005
   2.481675E-005
   7.438307E-006
   2.687598E-007
   1.383376E-005
   3.423034E-005
   3.877683E-005
   2.231710E-005
   3.311306E-006
   2.423375E-006
   1.867579E-005
   3.119181E-005
   2.438450E-005
   6.689168E-006
   5.105059E-007
   1.521444E-005
   3.531309E-005
   3.817146E-005
   2.051184E-005
   2.328352E-006
   3.458353E-006
   2.052224E-005
   3.156173E-005
   2.273661E-005
   5.089126E-006
   1.215113E-006
   1.774518E-005
   3.672303E-005
   3.647489E-005
   1.726133E-005
   1.039321E-006
   5.480018E-006
   2.327682E-005
   3.152183E-005
   1.978488E-005
   2.911422E-006
   2.922305E-006
   2.183591E-005
   3.848527E-005
   3.355116E-005
   1.275217E-005
   7.407017E-008
   9.071762E-006
   2.694032E-005
   3.065359E-005
   1.545510E-005
   8.194981E-007
   6.427998E-006
   2.748638E-005
   3.982225E-005
   2.891938E-005
   7.573551E-006
   4.768966E-007
   1.442033E-005
   3.052484E-005
   2.798159E-005
   1.002821E-005
   1.789088E-008
   1.226837E-005
   3.369240E-005
   3.919818E-005
   2.222188E-005
   2.832053E-006
   3.277625E-006
   2.101985E-005
   3.248576E-005
   2.279965E-005
   4.500180E-006
   1.856892E-006
   2.020531E-005
   3.857494E-005
   3.511057E-005
   1.394466E-005
   1.461726E-007
   8.932588E-006
   2.734732E-005
   3.108149E-005
   1.527077E-005
   6.358562E-007
   7.252102E-006
   2.883620E-005
   3.991546E-005
   2.717186E-005
   5.920920E-006
   1.139329E-006
   1.671905E-005
   3.130136E-005
   2.569080E-005
   7.246808E-006
   5.147192E-007
   1.589328E-005
   3.588824E-005
   3.648443E-005
   1.696993E-005
   7.954837E-007
   6.391101E-006
   2.459966E-005
   3.096263E-005
   1.709768E-005
   1.364949E-006
   5.319907E-006
   2.585598E-005
   3.849377E-005
   2.786310E-005
   6.925758E-006
   6.629550E-007
   1.489906E-005
   2.966438E-005
   2.524288E-005
   7.531006E-006
   3.530736E-007
   1.461688E-005
   3.380615E-005
   3.449653E-005
   1.586801E-005
   6.569433E-007
   6.403479E-006
   2.369011E-005
   2.896438E-005
   1.519789E-005
   8.923137E-007
   5.928534E-006
   2.547082E-005
   3.565466E-005
   2.386641E-005
   4.745509E-006
   1.409857E-006
   1.614629E-005
   2.822270E-005
   2.129855E-005
   4.747755E-006
   1.264579E-006
   1.694278E-005
   3.282324E-005
   2.905145E-005
   1.038896E-005
   5.508921E-011
   9.632713E-006
   2.494737E-005
   2.489279E-005
   9.565899E-006
   6.984498E-011
   1.020592E-005
   2.826120E-005
   3.144658E-005
   1.573013E-005
   9.751352E-007
   5.052985E-006
   2.085631E-005
   2.630836E-005
   1.393386E-005
   7.887527E-007
   5.604755E-006
   2.349090E-005
   3.187563E-005
   2.001892E-005
   3.103008E-006
   2.247454E-006
   1.692697E-005
   2.628464E-005
   1.737108E-005
   2.533876E-006
   2.731737E-006
   1.911392E-005
   3.097297E-005
   2.299078E-005
   5.505475E-006
   7.666063E-007
   1.355314E-005
   2.536633E-005
   1.974225E-005
   4.518269E-006
   1.110793E-006
   1.532403E-005
   2.910874E-005
   2.448827E-005
   7.529062E-006
   1.569109E-007
   1.090711E-005
   2.397337E-005
   2.106071E-005
   6.264971E-006
   3.336774E-007
   1.224136E-005
   2.671530E-005
   2.465981E-005
   8.823834E-006
   4.450405E-009
   9.040977E-006
   2.256510E-005
   2.161469E-005
   7.559716E-006
   5.171566E-008
   9.969446E-006
   2.437801E-005
   2.401251E-005
   9.396813E-006
   1.690951E-008
   7.815727E-006
   2.123823E-005
   2.142901E-005
   8.168558E-006
   6.969326E-010
   8.565533E-006
   2.249755E-005
   2.295602E-005
   9.365610E-006
   4.662777E-008
   7.050398E-006
   1.989303E-005
   2.039146E-005
   7.884908E-006
   1.767096E-011
   8.084173E-006
   2.139691E-005
   2.187084E-005
   8.922428E-006
   4.622874E-008
   6.598482E-006
   1.843180E-005
   1.847775E-005
   6.700330E-006
   3.004351E-008
   8.533111E-006
   2.115388E-005
   2.088213E-005
   8.159913E-006
   1.822889E-008
   6.416630E-006
   1.691094E-005
   1.593788E-005
   4.947836E-006
   2.495862E-007
   9.722661E-006
   2.128802E-005
   1.944950E-005
   6.733455E-006
   1.318077E-008
   7.045439E-006
   1.623251E-005
   1.371741E-005
   3.285081E-006
   8.019243E-007
   1.123116E-005
   2.104557E-005
   1.697218E-005
   4.565782E-006
   3.298152E-007
   8.644163E-006
   1.620922E-005
   1.160466E-005
   1.777500E-006
   1.864516E-006
   1.306068E-005
   2.040774E-005
   1.382595E-005
   2.364969E-006
   1.327235E-006
   1.074137E-005
   1.593123E-005
   9.077298E-006
   5.452166E-007
   3.674909E-006
   1.511001E-005
   1.920754E-005
   1.028826E-005
   7.016158E-007
   3.138547E-006
   1.274515E-005
   1.471587E-005
   6.087567E-006
   4.237023E-010
   6.316188E-006
   1.689546E-005
   1.704407E-005
   6.579764E-006
   3.382253E-009
   5.637613E-006
   1.404626E-005
   1.232641E-005
   3.123700E-006
   5.890609E-007
   9.359165E-006
   1.743393E-005
   1.342780E-005
   3.021263E-006
   6.664767E-007
   8.761964E-006
   1.463955E-005
   9.448425E-006
   1.051751E-006
   2.151974E-006
   1.137836E-005
   1.526059E-005
   8.097785E-006
   3.889164E-007
   3.432505E-006
   1.279331E-005
   1.487264E-005
   6.748527E-006
   1.161603E-007
   3.861688E-006
   1.125514E-005
   1.053590E-005
   2.813777E-006
   5.017386E-007
   8.610517E-006
   1.676671E-005
   1.390973E-005
   4.056113E-006
   1.009122E-007
   5.194750E-006
   9.265283E-006
   5.234135E-006
   1.040764E-007
   4.150465E-006
   1.456466E-005
   1.837186E-005
   1.068390E-005
   1.457999E-006
   1.039785E-006
   6.108189E-006
   6.439228E-006
   1.424429E-006
   9.834691E-007
   9.593065E-006
   1.797512E-005
   1.556029E-005
   5.499337E-006
   1.494218E-008
   3.184182E-006
   6.627463E-006
   3.702866E-006
   1.517636E-008
   4.210440E-006
   1.344981E-005
   1.623896E-005
   8.880508E-006
   9.215661E-007
   1.385983E-006
   6.411034E-006
   6.460517E-006
   1.490677E-006
   7.167075E-007
   7.608956E-006
   1.354952E-005
   1.028304E-005
   2.337206E-006
   4.131950E-007
   5.697755E-006
   8.810546E-006
   4.636075E-006
   9.643015E-008
   3.056308E-006
   9.734257E-006
   1.024194E-005
   3.782495E-006
   1.247023E-008
   4.357980E-006
   9.838194E-006
   7.925225E-006
   1.625731E-006
   6.448933E-007
   6.278232E-006
   9.513401E-006
   5.208056E-006
   1.979271E-007
   2.654502E-006
   9.235618E-006
   1.007282E-005
   3.923183E-006
   1.508226E-010
   3.717138E-006
   8.553427E-006
   6.579607E-006
   1.017304E-006
   1.122385E-006
   7.449322E-006
   1.067696E-005
   5.951511E-006
   3.754640E-007
   1.978657E-006
   7.445259E-006
   7.682739E-006
   2.311054E-006
   2.204139E-007
   5.355471E-006
   1.020904E-005
   7.404101E-006
   1.214281E-006
   8.899075E-007
   6.281530E-006
   8.367249E-006
   3.731460E-006
   2.845044E-009
   3.621588E-006
   9.379150E-006
   8.442818E-006
   2.253991E-006
   2.733453E-007
   5.110373E-006
   8.602069E-006
   5.006826E-006
   2.362970E-007
   2.356117E-006
   8.506787E-006
   9.219726E-006
   3.382884E-006
   1.852632E-008
   3.995755E-006
   8.454026E-006
   6.002165E-006
   6.902837E-007
   1.486142E-006
   7.688674E-006
   9.776118E-006
   4.492548E-006
   4.313604E-008
   3.031627E-006
   8.070920E-006
   6.708719E-006
   1.211663E-006
   9.046489E-007
   6.928612E-006
   1.009244E-005
   5.459897E-006
   2.448803E-007
   2.272357E-006
   7.589648E-006
   7.164345E-006
   1.710056E-006
   5.268810E-007
   6.215032E-006
   1.013777E-005
   6.161370E-006
   5.045068E-007
   1.735286E-006
   7.119175E-006
   7.403896E-006
   2.108365E-006
   3.062413E-007
   5.617071E-006
   9.983613E-006
   6.544988E-006
   7.136226E-007
   1.410722E-006
   6.751466E-006
   7.477172E-006
   2.353785E-006
   1.973677E-007
   5.206174E-006
   9.763142E-006
   6.666790E-006
   8.237480E-007
   1.250323E-006
   6.510258E-006
   7.426700E-006
   2.433414E-006
   1.587479E-007
   4.990297E-006
   9.538161E-006
   6.570299E-006
   8.207530E-007
   1.222923E-006
   6.394950E-006
   7.270646E-006
   2.346564E-006
   1.729220E-007
   4.972629E-006
   9.346623E-006
   6.297897E-006
   7.168850E-007
   1.314027E-006
   6.397477E-006
   7.026920E-006
   2.118632E-006
   2.397435E-007
   5.125077E-006
   9.168892E-006
   5.865801E-006
   5.400429E-007
   1.518470E-006
   6.488549E-006
   6.693824E-006
   1.778907E-006
   3.816710E-007
   5.474814E-006
   9.075727E-006
   5.355510E-006
   3.307874E-007
   1.896604E-006
   6.818779E-006
   6.429997E-006
   1.399379E-006
   6.460128E-007
   6.126287E-006
   9.175376E-006
   4.820799E-006
   1.362205E-007
   2.489214E-006
   7.344045E-006
   6.149622E-006
   9.840642E-007
   1.087679E-006
   7.007277E-006
   9.274019E-006
   4.160866E-006
   1.194561E-008
   3.306411E-006
   7.906259E-006
   5.696223E-006
   5.512656E-007
   1.769165E-006
   8.002956E-006
   9.152704E-006
   3.308594E-006
   4.415416E-008
   4.325331E-006
   8.301226E-006
   4.935691E-006
   1.745427E-007
   2.740331E-006
   8.933074E-006
   8.591337E-006
   2.273351E-006
   3.467220E-007
   5.456521E-006
   8.292705E-006
   3.817183E-006
   1.182484E-010
   3.990347E-006
   9.533839E-006
   7.429982E-006
   1.189947E-006
   1.025670E-006
   6.504955E-006
   7.656867E-006
   2.430417E-006
   2.255799E-007
   5.425059E-006
   9.540378E-006
   5.672614E-006
   3.164854E-007
   2.144526E-006
   7.259576E-006
   6.353461E-006
   1.071653E-006
   1.037041E-006
   6.846094E-006
   8.796598E-006
   3.602711E-006
   2.331639E-009
   3.603368E-006
   7.446744E-006
   4.538410E-006
   1.675776E-007
   2.455260E-006
   7.880535E-006
   7.255726E-006
   1.664791E-006
   4.781966E-007
   5.076200E-006
   6.821146E-006
   2.540972E-006
   7.813361E-008
   4.242236E-006
   8.116011E-006
   5.081333E-006
   3.407171E-007
   1.721748E-006
   6.116205E-006
   5.361618E-006
   8.584760E-007
   9.659560E-007
   5.957962E-006
   7.341195E-006
   2.748202E-006
   3.006294E-008
   3.419556E-006
   6.339327E-006
   3.398242E-006
   3.080490E-008
   2.663405E-006
   7.059123E-006
   5.659662E-006
   8.922808E-007
   8.275795E-007
   4.994766E-006
   5.546340E-006
   1.470928E-006
   3.632532E-007
   4.661411E-006
   7.070239E-006
   3.420706E-006
   2.260483E-008
   2.442405E-006
   5.805054E-006
   3.828904E-006
   1.955893E-007
   1.823773E-006
   6.231683E-006
   5.789850E-006
   1.277882E-006
   4.466228E-007
   4.237481E-006
   5.392396E-006
   1.758111E-006
   1.685358E-007
   3.940211E-006
   6.661762E-006
   3.578380E-006
   7.729941E-008
   2.013599E-006
   5.367287E-006
   3.801817E-006
   2.622714E-007
   1.550163E-006
   5.784580E-006
   5.590089E-006
   1.314587E-006
   3.720795E-007
   3.946854E-006
   5.130032E-006
   1.694877E-006
   1.566953E-007
   3.755207E-006
   6.334942E-006
   3.356498E-006
   6.025984E-008
   1.983449E-006
   5.113803E-006
   3.489343E-006
   1.923175E-007
   1.619833E-006
   5.596104E-006
   5.138660E-006
   1.063115E-006
   4.745295E-007
   3.944438E-006
   4.741667E-006
   1.354919E-006
   2.683270E-007
   3.918343E-006
   5.994487E-006
   2.813918E-006
   5.667814E-009
   2.279902E-006
   5.012798E-006
   2.978879E-006
   5.927299E-008
   2.021566E-006
   5.692884E-006
   4.567188E-006
   6.521522E-007
   8.023234E-007
   4.271499E-006
   4.336842E-006
   8.742095E-007
   5.834021E-007
   4.442399E-006
   5.662446E-006
   2.058118E-006
   4.924754E-008
   2.904052E-006
   4.925075E-006
   2.226684E-006
   7.490883E-009
   2.788659E-006
   5.800733E-006
   3.634756E-006
   1.891689E-007
   1.474138E-006
   4.637785E-006
   3.529960E-006
   2.916566E-007
   1.297487E-006
   5.071641E-006
   4.836448E-006
   1.023833E-006
   4.424684E-007
   3.698688E-006
   4.336004E-006
   1.123403E-006
   3.427777E-007
   3.836047E-006
   5.355468E-006
   2.138407E-006
   1.662145E-008
   2.526810E-006
   4.507997E-006
   2.078701E-006
   6.007752E-009
   2.559640E-006
   5.249948E-006
   3.153170E-006
   1.162282E-007
   1.491134E-006
   4.205889E-006
   2.871006E-006
   1.246649E-007
   1.511185E-006
   4.744429E-006
   3.887943E-006
   5.314717E-007
   7.360593E-007
   3.642269E-006
   3.394145E-006
   4.912545E-007
   7.695301E-007
   4.051601E-006
   4.309613E-006
   1.073057E-006
   2.736485E-007
   2.990738E-006
   3.652511E-006
   9.434971E-007
   3.134060E-007
   3.323905E-006
   4.462634E-006
   1.612747E-006
   5.162519E-008
   2.359817E-006
   3.697792E-006
   1.379514E-006
   8.018030E-008
   2.646404E-006
   4.412069E-006
   2.078052E-006
   7.108067E-010
   1.802847E-006
   3.588074E-006
   1.744473E-006
   2.286053E-009
   2.055953E-006
   4.217702E-006
   2.435545E-006
   5.721321E-008
   1.341556E-006
   3.383727E-006
   2.021124E-006
   2.160994E-008
   1.579337E-006
   3.964985E-006
   2.695021E-006
   1.692245E-007
   9.913668E-007
   3.158700E-006
   2.221627E-006
   9.197718E-008
   1.216919E-006
   3.703724E-006
   2.867833E-006
   2.980659E-007
   7.363821E-007
   2.937691E-006
   2.351016E-006
   1.793888E-007
   9.510549E-007
   3.455441E-006
   2.963733E-006
   4.168417E-007
   5.578655E-007
   2.734690E-006
   2.416213E-006
   2.601061E-007
   7.635915E-007
   3.230523E-006
   2.989317E-006
   5.064749E-007
   4.396693E-007
   2.556366E-006
   2.420661E-006
   3.167557E-007
   6.414710E-007
   3.037706E-006
   2.951820E-006
   5.546217E-007
   3.693112E-007
   2.406534E-006
   2.367940E-006
   3.384630E-007
   5.744130E-007
   2.880673E-006
   2.856037E-006
   5.543391E-007
   3.395501E-007
   2.291487E-006
   2.264328E-006
   3.186312E-007
   5.651387E-007
   2.785407E-006
   2.717946E-006
   4.977202E-007
   3.620596E-007
   2.251304E-006
   2.133695E-006
   2.583993E-007
   6.252794E-007
   2.775006E-006
   2.555238E-006
   3.972389E-007
   4.384847E-007
   2.279143E-006
   1.983313E-006
   1.759814E-007
   7.503082E-007
   2.826490E-006
   2.368464E-006
   2.755141E-007
   5.688866E-007
   2.349516E-006
   1.807980E-006
   9.154277E-008
   9.376630E-007
   2.908046E-006
   2.148005E-006
   1.543904E-007
   7.537814E-007
   2.431547E-006
   1.598701E-006
   2.581084E-008
   1.181995E-006
   2.982763E-006
   1.884786E-006
   5.662681E-008
   9.859835E-007
   2.486348E-006
   1.347891E-006
   9.872464E-012
   1.468314E-006
   3.006717E-006
   1.573325E-006
   4.044860E-009
   1.247598E-006
   2.473634E-006
   1.058490E-006
   3.395451E-008
   1.770613E-006
   2.942430E-006
   1.222977E-006
   1.607829E-008
   1.521694E-006
   2.378569E-006
   7.502575E-007
   1.462796E-007
   2.083404E-006
   2.792787E-006
   8.614603E-007
   1.099960E-007
   1.794480E-006
   2.193968E-006
   4.505982E-007
   3.533641E-007
   2.378296E-006
   2.538445E-006
   5.153665E-007
   2.990307E-007
   2.033749E-006
   1.910005E-006
   1.964798E-007
   6.609897E-007
   2.609945E-006
   2.168512E-006
   2.245216E-007
   5.856161E-007
   2.197318E-006
   1.531062E-006
   3.356671E-008
   1.058935E-006
   2.728969E-006
   1.697159E-006
   3.965175E-008
   9.522230E-007
   2.238586E-006
   1.085880E-006
   1.064188E-008
   1.510183E-006
   2.683305E-006
   1.164384E-006
   9.796341E-009
   1.353992E-006
   2.115380E-006
   6.291839E-007
   1.649337E-007
   1.948605E-006
   2.436315E-006
   6.407326E-007
   1.674602E-007
   1.723449E-006
   1.814798E-006
   2.428299E-007
   5.101440E-007
   2.303811E-006
   2.002735E-006
   2.225088E-007
   5.183253E-007
   1.992873E-006
   1.368081E-006
   2.159562E-008
   1.024631E-006
   2.489547E-006
   1.424476E-006
   1.034334E-008
   1.017658E-006
   2.065013E-006
   8.328374E-007
   5.420169E-008
   1.624372E-006
   2.411282E-006
   7.939684E-007
   8.519277E-008
   1.552614E-006
   1.865671E-006
   3.306623E-007
   3.898357E-007
   2.160285E-006
   2.024980E-006
   2.633134E-007
   4.636912E-007
   1.955837E-006
   1.396600E-006
   2.842199E-008
   9.891564E-007
   2.448140E-006
   1.385122E-006
   6.202230E-009
   1.055888E-006
   2.056042E-006
   7.741496E-007
   7.816336E-008
   1.692524E-006
   2.337790E-006
   6.679203E-007
   1.421244E-007
   1.654736E-006
   1.759729E-006
   2.229661E-007
   5.280997E-007
   2.244034E-006
   1.807788E-006
   1.332341E-007
   6.539763E-007
   2.012449E-006
   1.145481E-006
   1.330581E-010
   1.270098E-006
   2.413190E-006
   1.027623E-006
   2.050005E-008
   1.362011E-006
   1.939744E-006
   4.523839E-007
   2.769220E-007
   2.028152E-006
   2.061715E-006
   3.051213E-007
   4.248534E-007
   1.937010E-006
   1.401572E-006
   2.640128E-008
   1.012508E-006
   2.428471E-006
   1.280764E-006
   1.577374E-011
   1.182764E-006
   2.038723E-006
   6.287873E-007
   1.614970E-007
   1.885888E-006
   2.200159E-006
   4.339594E-007
   3.130216E-007
   1.879718E-006
   1.542652E-006
   6.608366E-008
   8.754578E-007
   2.404386E-006
   1.398436E-006
   5.506581E-009
   1.088626E-006
   2.053523E-006
   7.027220E-007
   1.203727E-007
   1.792604E-006
   2.196879E-006
   4.672373E-007
   2.779045E-007
   1.818209E-006
   1.530632E-006
   7.213806E-008
   8.352389E-007
   2.326101E-006
   1.344582E-006
   3.697044E-009
   1.081256E-006
   1.987368E-006
   6.446218E-007
   1.411850E-007
   1.794561E-006
   2.088519E-006
   3.866908E-007
   3.364942E-007
   1.840681E-006
   1.411981E-006
   3.515586E-008
   9.505338E-007
   2.308854E-006
   1.167536E-006
   2.256731E-009
   1.225525E-006
   1.920869E-006
   4.853360E-007
   2.470179E-007
   1.935766E-006
   1.914712E-006
   2.297725E-007
   5.068028E-007
   1.921840E-006
   1.185690E-006
   4.442664E-010
   1.199167E-006
   2.264685E-006
   8.682020E-007
   5.545817E-008
   1.454459E-006
   1.749746E-006
   2.581838E-007
   4.678177E-007
   2.085690E-006
   1.581853E-006
   6.430218E-008
   7.814025E-007
   1.908858E-006
   8.158822E-007
   4.936277E-008
   1.504180E-006
   2.035108E-006
   4.759574E-007
   2.278354E-007
   1.631151E-006
   1.358829E-006
   5.002253E-008
   8.116140E-007
   2.068236E-006
   1.048235E-006
   2.787697E-009
   1.102732E-006
   1.650565E-006
   3.604458E-007
   2.781322E-007
   1.744686E-006
   1.529568E-006
   1.147791E-007
   5.613998E-007
   1.629292E-006
   7.799435E-007
   2.334282E-008
   1.235455E-006
   1.771830E-006
   4.421486E-007
   1.761917E-007
   1.366703E-006
   1.137235E-006
   3.585007E-008
   7.188185E-007
   1.752364E-006
   8.316022E-007
   9.006056E-009
   9.840461E-007
   1.335909E-006
   2.283319E-007
   3.170100E-007
   1.532984E-006
   1.164291E-006
   4.118909E-008
   5.970697E-007
   1.357790E-006
   4.964346E-007
   7.860425E-008
   1.200650E-006
   1.371941E-006
   2.110538E-007
   2.861349E-007
   1.236379E-006
   7.564540E-007
   2.295233E-010
   8.385717E-007
   1.436228E-006
   4.467142E-007
   8.758817E-008
   1.024655E-006
   9.545442E-007
   4.827368E-008
   5.190392E-007
   1.387068E-006
   6.909020E-007
   4.855476E-009
   7.813175E-007
   1.070403E-006
   1.745461E-007
   2.759336E-007
   1.261910E-006
   9.075709E-007
   1.894992E-008
   5.462720E-007
   1.108558E-006
   3.386975E-007
   1.123625E-007
   1.087347E-006
   1.073468E-006
   1.036904E-007
   3.446686E-007
   1.082744E-006
   5.114892E-007
   2.368746E-008
   8.884594E-007
   1.178511E-006
   2.321409E-007
   1.882567E-007
   1.006993E-006
   6.704905E-007
   2.118329E-010
   6.880140E-007
   1.222866E-006
   3.805160E-007
   8.043693E-008
   8.948929E-007
   7.984718E-007
   2.759842E-008
   5.035630E-007
   1.212384E-006
   5.283398E-007
   1.972886E-008
   7.613569E-007
   8.845806E-007
   8.849958E-008
   3.463432E-007
   1.155433E-006
   6.571303E-007
   1.088830E-010
   6.258529E-007
   9.311007E-007
   1.661115E-007
   2.242158E-007
   1.073494E-006
   7.585809E-007
   9.952992E-009
   5.100677E-007
   9.548991E-007
   2.485500E-007
   1.371609E-007
   9.864111E-007
   8.358100E-007
   3.682434E-008
   4.149731E-007
   9.631060E-007
   3.287098E-007
   7.799494E-008
   9.014907E-007
   8.922138E-007
   7.204758E-008
   3.379981E-007
   9.594745E-007
   4.013696E-007
   4.028794E-008
   8.234711E-007
   9.314534E-007
   1.097912E-007
   2.762566E-007
   9.461335E-007
   4.624493E-007
   1.824051E-008
   7.547969E-007
   9.562512E-007
   1.459358E-007
   2.271756E-007
   9.240982E-007
   5.085152E-007
   6.836916E-009
   6.962030E-007
   9.677122E-007
   1.770532E-007
   1.888459E-007
   8.939245E-007
   5.365050E-007
   1.959951E-009
   6.478816E-007
   9.660224E-007
   2.000699E-007
   1.602621E-007
   8.580755E-007
   5.450578E-007
   4.773658E-010
   6.151947E-007
   9.575160E-007
   2.118874E-007
   1.444191E-007
   8.298084E-007
   5.386361E-007
   2.946779E-010
   6.035520E-007
   9.483153E-007
   2.123161E-007
   1.400992E-007
   8.116436E-007
   5.208010E-007
   7.671256E-010
   6.096122E-007
   9.381427E-007
   2.023981E-007
   1.457326E-007
   8.025731E-007
   4.938182E-007
   2.612849E-009
   6.299882E-007
   9.248419E-007
   1.831964E-007
   1.609444E-007
   8.011883E-007
   4.595454E-007
   7.244305E-009
   6.610900E-007
   9.058368E-007
   1.567453E-007
   1.851156E-007
   8.035162E-007
   4.184881E-007
   1.626127E-008
   6.979005E-007
   8.765468E-007
   1.250185E-007
   2.176625E-007
   8.042596E-007
   3.703763E-007
   3.121054E-008
   7.349506E-007
   8.326460E-007
   9.073925E-008
   2.570062E-007
   7.966393E-007
   3.144394E-007
   5.411856E-008
   7.704690E-007
   7.730648E-007
   5.606797E-008
   3.076419E-007
   7.847332E-007
   2.524148E-007
   8.954180E-008
   8.106073E-007
   7.008351E-007
   2.526970E-008
   3.720156E-007
   7.660956E-007
   1.869505E-007
   1.408815E-007
   8.502474E-007
   6.151813E-007
   4.784280E-009
   4.469393E-007
   7.335571E-007
   1.219621E-007
   2.103426E-007
   8.816430E-007
   5.160402E-007
   9.743195E-010
   5.272886E-007
   6.814815E-007
   6.379849E-008
   2.973848E-007
   8.942109E-007
   4.048110E-007
   1.979766E-008
   6.054184E-007
   6.056172E-007
   2.014083E-008
   3.997438E-007
   8.805345E-007
   2.889663E-007
   6.510085E-008
   6.692548E-007
   5.049471E-007
   3.427214E-010
   5.095758E-007
   8.309446E-007
   1.769826E-007
   1.379511E-007
   7.083222E-007
   3.862187E-007
   1.287436E-008
   6.135963E-007
   7.418320E-007
   8.297372E-008
   2.330404E-007
   7.108178E-007
   2.604710E-007
   6.283528E-008
   7.022809E-007
   6.218091E-007
   2.058166E-008
   3.427156E-007
   6.748622E-007
   1.441828E-007
   1.504192E-007
   7.603343E-007
   4.757966E-007
   1.490769E-010
   4.561273E-007
   5.979292E-007
   5.277047E-008
   2.718799E-007
   7.783054E-007
   3.210181E-007
   2.975175E-008
   5.554391E-007
   4.840570E-007
   4.200790E-009
   4.134082E-007
   7.442346E-007
   1.764630E-007
   1.088857E-007
   6.204828E-007
   3.459467E-007
   1.153787E-008
   5.499829E-007
   6.520170E-007
   6.461004E-008
   2.240959E-007
   6.276257E-007
   2.013413E-007
   7.790980E-008
   6.500641E-007
   5.057434E-007
   5.393575E-009
   3.505393E-007
   5.638495E-007
   7.770129E-008
   1.941028E-007
   6.834229E-007
   3.263021E-007
   1.333914E-008
   4.578541E-007
   4.352626E-007
   6.742063E-009
   3.420412E-007
   6.389405E-007
   1.515394E-007
   9.537609E-008
   5.256646E-007
   2.712855E-007
   1.816884E-008
   4.959481E-007
   5.199950E-007
   2.965742E-008
   2.416133E-007
   5.254644E-007
   1.128567E-007
   1.263889E-007
   6.086469E-007
   3.449882E-007
   4.269100E-009
   4.103550E-007
   4.400384E-007
   1.282432E-008
   3.101717E-007
   6.296455E-007
   1.593664E-007
   9.132589E-008
   5.352917E-007
   2.839149E-007
   1.736717E-008
   5.091114E-007
   5.334063E-007
   2.774278E-008
   2.626181E-007
   5.541339E-007
   1.128739E-007
   1.410762E-007
   6.413398E-007
   3.441216E-007
   8.119136E-009
   4.464161E-007
   4.456047E-007
   7.834667E-009
   3.458728E-007
   6.403868E-007
   1.383157E-007
   1.157643E-007
   5.531330E-007
   2.534985E-007
   3.222081E-008
   5.420217E-007
   4.951537E-007
   1.217215E-008
   3.005909E-007
   5.230375E-007
   7.291538E-008
   1.863068E-007
   6.332467E-007
   2.700170E-007
   2.693999E-008
   4.667295E-007
   3.655170E-007
   1.304365E-011
   3.978919E-007
   5.660789E-007
   7.232902E-008
   1.698587E-007
   5.179137E-007
   1.583622E-007
   7.843167E-008
   5.534812E-007
   3.670373E-007
   2.250423E-010
   3.534072E-007
   4.174619E-007
   1.686140E-008
   2.667981E-007
   5.599334E-007
   1.390989E-007
   8.372120E-008
   4.604239E-007
   2.193147E-007
   2.556361E-008
   4.526932E-007
   4.069927E-007
   7.831953E-009
   2.573849E-007
   4.160228E-007
   4.454315E-008
   1.789213E-007
   5.160021E-007
   1.821710E-007
   4.006928E-008
   3.943544E-007
   2.444849E-007
   6.921583E-009
   3.730657E-007
   4.092918E-007
   2.213473E-008
   1.940302E-007
   3.908428E-007
   6.256018E-008
   1.305977E-007
   4.701343E-007
   1.997711E-007
   2.181438E-008
   3.450254E-007
   2.459597E-007
   2.120686E-009
   3.267923E-007
   3.962303E-007
   2.937158E-008
   1.656112E-007
   3.689095E-007
   6.670747E-008
   1.142844E-007
   4.445051E-007
   1.976384E-007
   1.837957E-008
   3.270320E-007
   2.375438E-007
   1.937775E-009
   3.156186E-007
   3.813311E-007
   2.665762E-008
   1.654973E-007
   3.579713E-007
   6.022717E-008
   1.190973E-007
   4.358341E-007
   1.815856E-007
   2.352466E-008
   3.298685E-007
   2.216277E-007
   4.457076E-009
   3.247731E-007
   3.604529E-007
   1.742353E-008
   1.820301E-007
   3.463551E-007
   4.538687E-008
   1.378777E-007
   4.278665E-007
   1.512257E-007
   3.677304E-008
   3.363022E-007
   1.908748E-007
   1.227327E-008
   3.397469E-007
   3.209446E-007
   6.012320E-009
   2.067890E-007
   3.180258E-007
   2.410188E-008
   1.694913E-007
   4.078794E-007
   1.065738E-007
   6.244248E-008
   3.397836E-007
   1.438912E-007
   3.289585E-008
   3.655748E-007
   2.669869E-007
   2.645108E-011
   2.501233E-007
   2.813987E-007
   4.725753E-009
   2.274861E-007
   3.885327E-007
   5.756428E-008
   1.117176E-007
   3.482783E-007
   9.002003E-008
   7.815714E-008
   4.023207E-007
   2.010294E-007
   1.299728E-008
   3.061625E-007
   2.288325E-007
   2.036168E-009
   3.044022E-007
   3.481031E-007
   1.562666E-008
   1.844449E-007
   3.352376E-007
   3.596124E-008
   1.534159E-007
   4.174281E-007
   1.197871E-007
   5.785990E-008
   3.476681E-007
   1.514002E-007
   3.295462E-008
   3.739880E-007
   2.664758E-007
   3.437918E-010
   2.634435E-007
   2.756114E-007
   1.968815E-009
   2.464704E-007
   3.750533E-007
   4.033272E-008
   1.347521E-007
   3.372330E-007
   6.231161E-008
   1.062092E-007
   3.927002E-007
   1.467983E-007
   3.325059E-008
   3.114818E-007
   1.649896E-007
   1.768956E-008
   3.246233E-007
   2.597902E-007
   1.067204E-010
   2.239829E-007
   2.530087E-007
   3.030068E-009
   2.122611E-007
   3.310284E-007
   3.512030E-008
   1.203055E-007
   2.918347E-007
   4.796820E-008
   1.026578E-007
   3.416995E-007
   1.116949E-007
   3.943627E-008
   2.757990E-007
   1.213711E-007
   2.777038E-008
   2.983323E-007
   1.966404E-007
   1.976666E-009
   2.188162E-007
   1.923605E-007
   1.832200E-010
   2.216681E-007
   2.631699E-007
   1.073436E-008
   1.431928E-007
   2.393529E-007
   1.662110E-008
   1.355945E-007
   2.954397E-007
   5.619759E-008
   7.096692E-008
   2.517836E-007
   6.421676E-008
   6.112005E-008
   2.883756E-007
   1.221492E-007
   1.969834E-008
   2.296887E-007
   1.258759E-007
   1.357955E-008
   2.478931E-007
   1.905806E-007
   1.012341E-010
   1.832562E-007
   1.854192E-007
   2.538337E-010
   1.857807E-007
   2.455910E-007
   1.385784E-008
   1.239895E-007
   2.285886E-007
   2.058883E-008
   1.161261E-007
   2.750832E-007
   5.590427E-008
   6.560299E-008
   2.455890E-007
   6.722847E-008
   5.420479E-008
   2.729809E-007
   1.152544E-007
   2.140986E-008
   2.331068E-007
   1.271747E-007
   1.310376E-008
   2.409569E-007
   1.772984E-007
   9.117655E-010
   1.953446E-007
   1.849634E-007
   3.661797E-011
   1.877925E-007
   2.276011E-007
   7.103653E-009
   1.424453E-007
   2.267435E-007
   1.448642E-008
   1.265709E-007
   2.557132E-007
   3.587265E-008
   8.736176E-008
   2.441239E-007
   4.883116E-008
   7.053221E-008
   2.577234E-007
   7.766910E-008
   4.173730E-008
   2.363168E-007
   9.143521E-008
   2.958750E-008
   2.388576E-007
   1.221971E-007
   1.263883E-008
   2.111960E-007
   1.324577E-007
   6.817451E-009
   2.081045E-007
   1.626297E-007
   6.012934E-010
   1.764099E-007
   1.661475E-007
   1.991271E-015
   1.717149E-007
   1.950910E-007
   3.266635E-009
   1.381495E-007
   1.899124E-007
   5.572183E-009
   1.343110E-007
   2.177636E-007
   1.724169E-008
   1.009819E-007
   2.030992E-007
   1.977818E-008
   9.919482E-008
   2.303175E-007
   3.891330E-008
   6.797545E-008
   2.062837E-007
   3.915096E-008
   6.837857E-008
   2.330527E-007
   6.473804E-008
   4.100061E-008
   2.005558E-007
   6.051922E-008
   4.317711E-008
   2.269598E-007
   9.135033E-008
   2.104417E-008
   1.877585E-007
   8.127952E-008
   2.407185E-008
   2.133630E-007
   1.157311E-007
   8.140283E-009
   1.698965E-007
   9.923285E-008
   1.116330E-008
   1.949539E-007
   1.353528E-007
   1.759951E-009
   1.512348E-007
   1.130353E-007
   4.023612E-009
   1.765544E-007
   1.498766E-007
   3.977108E-012
   1.343981E-007
   1.232564E-007
   7.963377E-010
   1.597448E-007
   1.602145E-007
   9.308869E-010
   1.201492E-007
   1.308441E-007
   7.835119E-013
   1.452691E-007
   1.676415E-007
   3.244813E-009
   1.084350E-007
   1.366518E-007
   6.309008E-010
   1.329628E-007
   1.729168E-007
   6.167338E-009
   9.884604E-008
   1.411058E-007
   2.057448E-009
   1.225048E-007
   1.765122E-007
   9.249941E-009
   9.088794E-008
   1.444099E-007
   3.897350E-009
   1.133290E-007
   1.784565E-007
   1.223530E-008
   8.393689E-008
   1.462427E-007
   5.863673E-009
   1.049885E-007
   1.784953E-007
   1.492241E-008
   7.750511E-008
   1.461236E-007
   7.709537E-009
   9.713945E-008
   1.763391E-007
   1.709826E-008
   7.164856E-008
   1.443394E-007
   9.194614E-009
   9.052296E-008
   1.730369E-007
   1.856140E-008
   6.701805E-008
   1.416436E-007
   1.014185E-008
   8.536778E-008
   1.688589E-007
   1.920407E-008
   6.350877E-008
   1.379504E-007
   1.041686E-008
   8.162015E-008
   1.637588E-007
   1.891016E-008
   6.118650E-008
   1.334570E-007
   1.001610E-008
   7.914507E-008
   1.577240E-007
   1.770081E-008
   5.992336E-008
   1.280284E-007
   8.934842E-009
   7.794091E-008
   1.507753E-007
   1.564708E-008
   5.968929E-008
   1.216799E-007
   7.284711E-009
   7.795501E-008
   1.429287E-007
   1.292044E-008
   6.041280E-008
   1.144265E-007
   5.283927E-009
   7.897628E-008
   1.339816E-007
   9.732756E-009
   6.200576E-008
   1.061495E-007
   3.179910E-009
   8.096083E-008
   1.239495E-007
   6.406971E-009
   6.452558E-008
   9.703918E-008
   1.292169E-009
   8.470738E-008
   1.135635E-007
   3.201523E-009
   6.930017E-008
   8.791074E-008
   1.087110E-010
   9.105515E-008
   1.030008E-007
   7.990179E-010
   7.617596E-008
   7.851098E-008
   3.780903E-010
   9.927264E-008
   9.188656E-008
   1.585519E-011
   8.437652E-008
   6.847617E-008
   2.786797E-009
   1.083357E-007
   7.982379E-008
   1.546714E-009
   9.288641E-008
   5.751827E-008
   7.899265E-009
   1.171108E-007
   6.669813E-008
   5.901424E-009
   1.005175E-007
   4.572991E-008
   1.601709E-008
   1.240966E-007
   5.265045E-008
   1.329161E-008
   1.058337E-007
   3.348781E-008
   2.707996E-008
   1.277333E-007
   3.826179E-008
   2.348887E-008
   1.073599E-007
   2.159292E-008
   4.049317E-008
   1.265205E-007
   2.453265E-008
   3.566172E-008
   1.037872E-007
   1.119105E-008
   5.509666E-008
   1.194952E-007
   1.268975E-008
   4.891451E-008
   9.518512E-008
   3.539064E-009
   7.053714E-008
   1.076059E-007
   4.070781E-009
   6.275186E-008
   8.237032E-008
   7.650690E-011
   8.558381E-008
   9.127899E-008
   1.248666E-010
   7.556191E-008
   6.598297E-008
   2.032293E-009
   9.835435E-008
   7.158955E-008
   1.889107E-009
   8.537067E-008
   4.749945E-008
   9.981916E-009
   1.066117E-007
   5.026248E-008
   9.611624E-009
   9.019807E-008
   2.903222E-008
   2.356986E-008
   1.085412E-007
   2.984680E-008
   2.246056E-008
   8.851618E-008
   1.329602E-008
   4.116433E-008
   1.027434E-007
   1.309415E-008
   3.842651E-008
   7.963191E-008
   2.931674E-009
   6.015213E-008
   8.933025E-008
   2.634934E-009
   5.458317E-008
   6.453792E-008
   1.026033E-010
   7.685722E-008
   6.978531E-008
   1.785262E-010
   6.721852E-008
   4.528228E-008
   5.589166E-009
   8.777519E-008
   4.695663E-008
   5.968861E-009
   7.357610E-008
   2.540305E-008
   1.877192E-008
   9.038548E-008
   2.493394E-008
   1.867332E-008
   7.146609E-008
   9.145780E-009
   3.713226E-008
   8.312649E-008
   8.132822E-009
   3.512526E-008
   6.069504E-008
   6.200859E-010
   5.637359E-008
   6.690894E-008
   3.079898E-010
   5.064183E-008
   4.332362E-008
   2.347982E-009
   7.128764E-008
   4.504506E-008
   3.048979E-009
   6.037009E-008
   2.373936E-008
   1.421609E-008
   7.731205E-008
   2.289751E-008
   1.501773E-008
   6.082129E-008
   7.632917E-009
   3.293423E-008
   7.193532E-008
   6.335303E-009
   3.196630E-008
   5.130908E-008
   1.605988E-010
   5.273655E-008
   5.629552E-008
   7.567842E-012
   4.766503E-008
   3.453977E-008
   4.090721E-009
   6.694574E-008
   3.491277E-008
   5.297546E-009
   5.630767E-008
   1.633555E-008
   1.849797E-008
   7.098840E-008
   1.468975E-008
   1.998394E-008
   5.510775E-008
   3.224423E-009
   3.939896E-008
   6.357195E-008
   2.023253E-009
   3.883097E-008
   4.376162E-008
   5.102038E-010
   6.014554E-008
   4.612106E-008
   1.331141E-009
   5.473727E-008
   2.588951E-008
   1.075334E-008
   7.305744E-008
   2.419254E-008
   1.343343E-008
   6.085294E-008
   8.560469E-009
   3.185929E-008
   7.237072E-008
   6.197816E-009
   3.400970E-008
   5.353238E-008
   9.334528E-011
   5.653299E-008
   5.695884E-008
   7.852282E-011
   5.433798E-008
   3.498748E-008
   6.288312E-009
   7.450061E-008
   3.247379E-008
   9.474310E-009
   6.449043E-008
   1.361470E-008
   2.668483E-008
   7.682434E-008
   9.795006E-009
   3.047008E-008
   5.821300E-008
   7.629948E-010
   5.286294E-008
   6.077050E-008
   1.656127E-011
   5.232990E-008
   3.767304E-008
   4.793870E-009
   7.220264E-008
   3.340592E-008
   8.629911E-009
   6.334347E-008
   1.370323E-008
   2.583565E-008
   7.393670E-008
   8.539732E-009
   3.152039E-008
   5.600800E-008
   3.632307E-010
   5.377818E-008
   5.543811E-008
   1.561040E-010
   5.499287E-008
   3.315497E-008
   7.370131E-009
   7.223444E-008
   2.604733E-008
   1.341680E-008
   6.337416E-008
   8.805323E-009
   3.248508E-008
   6.874125E-008
   3.572083E-009
   3.971762E-008
   4.995295E-008
   2.006910E-010
   6.038171E-008
   4.416379E-008
   2.741484E-009
   6.038184E-008
   2.312249E-008
   1.500163E-008
   7.167463E-008
   1.436507E-008
   2.361590E-008
   5.942245E-008
   2.420665E-009
   4.381059E-008
   5.728059E-008
   5.850545E-011
   4.966299E-008
   3.668253E-008
   4.225012E-009
   6.523721E-008
   2.706933E-008
   1.071534E-008
   5.966274E-008
   9.734967E-009
   2.786961E-008
   6.278467E-008
   3.351394E-009
   3.651365E-008
   4.534892E-008
   2.719005E-010
   5.533583E-008
   3.768057E-008
   3.508704E-009
   5.532371E-008
   1.771760E-008
   1.687086E-008
   6.401720E-008
   9.199451E-009
   2.595380E-008
   5.004506E-008
   4.224268E-010
   4.634868E-008
   4.564544E-008
   5.323344E-010
   4.970542E-008
   2.455759E-008
   9.842589E-009
   6.287462E-008
   1.541471E-008
   1.809664E-008
   5.183785E-008
   2.350819E-009
   3.860577E-008
   5.078401E-008
   3.003348E-011
   4.383589E-008
   2.950482E-008
   5.525722E-009
   5.995836E-008
   2.062245E-008
   1.248716E-008
   5.114720E-008
   4.646395E-009
   3.200977E-008
   5.273315E-008
   6.986093E-010
   3.794637E-008
   3.184303E-008
   3.058069E-009
   5.528242E-008
   2.358096E-008
   8.734554E-009
   4.795824E-008
   6.135608E-009
   2.685205E-008
   5.107463E-008
   1.372217E-009
   3.307714E-008
   3.096212E-008
   2.167726E-009
   5.072991E-008
   2.312319E-008
   7.418178E-009
   4.423719E-008
   5.782660E-009
   2.507685E-008
   4.758002E-008
   1.168441E-009
   3.125333E-008
   2.799671E-008
   2.547824E-009
   4.842052E-008
   2.028409E-008
   8.133374E-009
   4.147533E-008
   4.213326E-009
   2.619598E-008
   4.378572E-008
   4.828501E-010
   3.186545E-008
   2.424092E-008
   3.958089E-009
   4.785846E-008
   1.637191E-008
   1.034211E-008
   3.939732E-008
   2.329604E-009
   2.918905E-008
   3.981938E-008
   1.792202E-011
   3.369269E-008
   2.004422E-008
   6.402315E-009
   4.773416E-008
   1.210422E-008
   1.354762E-008
   3.699100E-008
   7.969577E-010
   3.271300E-008
   3.501768E-008
   2.640493E-010
   3.523586E-008
   1.541086E-008
   9.696536E-009
   4.651391E-008
   7.855045E-009
   1.723416E-008
   3.336845E-008
   2.322586E-011
   3.626800E-008
   2.921070E-008
   1.584199E-009
   3.634641E-008
   1.043997E-008
   1.436719E-008
   4.441954E-008
   3.893085E-009
   2.191026E-008
   2.873199E-008
   5.416448E-010
   3.998675E-008
   2.241503E-008
   4.505447E-009
   3.660352E-008
   5.575336E-009
   2.045236E-008
   4.053654E-008
   9.534255E-010
   2.690722E-008
   2.255027E-008
   3.071031E-009
   4.250881E-008
   1.481829E-008
   9.248581E-009
   3.463702E-008
   1.656928E-009
   2.722404E-008
   3.390465E-008
   3.174506E-011
   3.094613E-008
   1.500280E-008
   8.020792E-009
   4.198171E-008
   7.296148E-009
   1.543274E-008
   2.947116E-008
   5.814462E-013
   3.303571E-008
   2.442354E-008
   2.047875E-009
   3.209878E-008
   7.175430E-009
   1.510428E-008
   3.717029E-008
   1.722251E-009
   2.166266E-008
   2.108272E-008
   1.945873E-009
   3.646791E-008
   1.389253E-008
   7.359798E-009
   2.986908E-008
   1.461172E-009
   2.370343E-008
   2.899423E-008
   7.421415E-011
   2.720135E-008
   1.184477E-008
   8.254993E-009
   3.641415E-008
   4.840173E-009
   1.558461E-008
   2.417195E-008
   2.145538E-010
   3.158398E-008
   1.818286E-008
   3.759671E-009
   2.926459E-008
   3.666179E-009
   1.818835E-008
   3.105888E-008
   1.758737E-010
   2.383972E-008
   1.480216E-008
   5.041555E-009
   3.512661E-008
   7.255508E-009
   1.210763E-008
   2.523903E-008
   3.613002E-012
   2.816275E-008
   2.018547E-008
   2.207331E-009
   2.784622E-008
   5.003865E-009
   1.501077E-008
   3.067254E-008
   5.323501E-010
   2.127900E-008
   1.537023E-008
   3.696286E-009
   3.250081E-008
   7.700648E-009
   1.034662E-008
   2.371215E-008
   2.729262E-011
   2.551426E-008
   1.869246E-008
   2.019629E-009
   2.541315E-008
   4.220798E-009
   1.446658E-008
   2.745908E-008
   2.325818E-010
   2.049023E-008
   1.255490E-008
   4.798592E-009
   3.031735E-008
   5.129489E-009
   1.204755E-008
   2.044382E-008
   1.804849E-010
   2.670058E-008
   1.413589E-008
   4.131460E-009
   2.440818E-008
   1.713920E-009
   1.853507E-008
   2.349485E-008
   1.387628E-010
   2.299904E-008
   8.137808E-009
   9.146534E-009
   2.961926E-008
   1.813151E-009
   1.696147E-008
   1.654977E-008
   2.098383E-009
   3.014576E-008
   8.744193E-009
   8.843367E-009
   2.333520E-008
   6.869260E-011
   2.484049E-008
   1.842668E-008
   2.174619E-009
   2.553272E-008
   3.719858E-009
   1.570625E-008
   2.699003E-008
   4.586405E-011
   2.209093E-008
   1.127145E-008
   6.465011E-009
   3.088852E-008
   3.573578E-009
   1.464967E-008
   1.921422E-008
   8.363588E-010
   2.886703E-008
   1.134561E-008
   6.530902E-009
   2.414001E-008
   5.438125E-010
   2.191451E-008
   2.020417E-008
   1.094195E-009
   2.425632E-008
   5.046782E-009
   1.281380E-008
   2.676230E-008
   2.833321E-010
   1.980048E-008
   1.203005E-008
   4.877944E-009
   2.886885E-008
   4.113260E-009
   1.266673E-008
   1.847728E-008
   5.222023E-010
   2.609869E-008
   1.089003E-008
   5.646915E-009
   2.206283E-008
   5.431959E-010
   1.969382E-008
   1.803439E-008
   1.071666E-009
   2.175578E-008
   4.159715E-009
   1.195856E-008
   2.318154E-008
   1.105543E-010
   1.799635E-008
   9.518386E-009
   5.221744E-009
   2.492355E-008
   2.578386E-009
   1.231292E-008
   1.455689E-008
   1.072929E-009
   2.311038E-008
   7.245672E-009
   6.553283E-009
   1.771390E-008
   2.975299E-011
   1.881168E-008
   1.249859E-008
   2.294842E-009
   1.850920E-008
   1.583269E-009
   1.346210E-008
   1.703148E-008
   2.058201E-010
   1.718774E-008
   4.798148E-009
   8.218190E-009
   2.009241E-008
   3.356351E-010
   1.427482E-008
   8.695722E-009
   3.931648E-009
   2.134772E-008
   2.401525E-009
   1.048134E-008
   1.243868E-008
   1.108710E-009
   2.070578E-008
   5.868357E-009
   6.563385E-009
   1.537434E-008
   1.245916E-011
   1.838835E-008
   1.007016E-008
   3.169458E-009
   1.698705E-008
   6.417171E-010
   1.485730E-008
   1.428012E-008
   8.598460E-010
   1.703355E-008
   2.722827E-009
   1.068719E-008
   1.774604E-008
   2.079142E-012
   1.555259E-008
   5.746380E-009
   6.581048E-009
   1.990692E-008
   6.841368E-010
   1.279547E-008
   8.998718E-009
   3.192059E-009
   2.041781E-008
   2.683807E-009
   9.411868E-009
   1.183081E-008
   9.843224E-010
   1.942731E-008
   5.465046E-009
   6.168583E-009
   1.386689E-008
   5.352790E-011
   1.740106E-008
   8.540917E-009
   3.439539E-009
   1.494103E-008
   2.243244E-010
   1.473243E-008
   1.148764E-008
   1.471379E-009
   1.512114E-008
   1.244456E-009
   1.175931E-008
   1.398857E-008
   3.371357E-010
   1.451653E-008
   2.830632E-009
   8.838246E-009
   1.591961E-008
   1.121458E-012
   1.327177E-008
   4.710267E-009
   6.178295E-009
   1.717199E-008
   3.769212E-010
   1.160938E-008
   6.673239E-009
   3.908113E-009
   1.769366E-008
   1.324144E-009
   9.697606E-009
   8.509003E-009
   2.145226E-009
   1.756014E-008
   2.694624E-009
   7.681727E-009
   1.005106E-008
   9.186386E-010
   1.679936E-008
   4.300666E-009
   5.740631E-009
   1.120258E-008
   2.180458E-010
   1.550750E-008
   5.964133E-009
   3.992173E-009
   1.186058E-008
   2.663939E-013
   1.395766E-008
   7.551407E-009
   2.555090E-009
   1.206832E-008
   1.488246E-010
   1.229215E-008
   8.944343E-009
   1.470824E-009
   1.190982E-008
   5.430264E-010
   1.064245E-008
   1.010305E-008
   7.180755E-010
   1.146563E-008
   1.077015E-009
   9.081205E-009
   1.099073E-008
   2.625708E-010
   1.085514E-008
   1.676698E-009
   7.649019E-009
   1.161590E-008
   4.369494E-011
   1.013181E-008
   2.272963E-009
   6.399043E-009
   1.203529E-008
   4.176450E-012
   9.354343E-009
   2.831458E-009
   5.316729E-009
   1.225746E-008
   9.338330E-011
   8.589710E-009
   3.347992E-009
   4.368169E-009
   1.227300E-008
   2.621182E-010
   7.859795E-009
   3.796857E-009
   3.574051E-009
   1.217518E-008
   4.840942E-010
   7.126304E-009
   4.143536E-009
   2.927067E-009
   1.199169E-008
   7.190486E-010
   6.534812E-009
   4.446310E-009
   2.460471E-009
   1.186728E-008
   9.097658E-010
   6.245745E-009
   4.793087E-009
   2.133666E-009
   1.189159E-008
   1.079211E-009
   6.126573E-009
   5.158168E-009
   1.914377E-009
   1.206775E-008
   1.233494E-009
   6.151333E-009
   5.579503E-009
   1.749131E-009
   1.234205E-008
   1.376347E-009
   6.283038E-009
   6.068407E-009
   1.602340E-009
   1.264162E-008
   1.508126E-009
   6.462816E-009
   6.571935E-009
   1.481461E-009
   1.296975E-008
   1.642618E-009
   6.623354E-009
   7.034558E-009
   1.379832E-009
   1.325132E-008
   1.760678E-009
   6.752608E-009
   7.428944E-009
   1.283973E-009
   1.338431E-008
   1.833840E-009
   6.830722E-009
   7.684244E-009
   1.208791E-009
   1.335693E-008
   1.858295E-009
   6.809316E-009
   7.718469E-009
   1.163839E-009
   1.312300E-008
   1.801235E-009
   6.729539E-009
   7.498869E-009
   1.187462E-009
   1.275716E-008
   1.635352E-009
   6.680323E-009
   7.048598E-009
   1.299787E-009
   1.231637E-008
   1.382528E-009
   6.679216E-009
   6.428752E-009
   1.499985E-009
   1.181359E-008
   1.075415E-009
   6.726014E-009
   5.688279E-009
   1.795199E-009
   1.127233E-008
   7.567623E-010
   6.798769E-009
   4.869301E-009
   2.187298E-009
   1.067990E-008
   4.579904E-010
   6.896835E-009
   4.027579E-009
   2.669098E-009
   1.003254E-008
   2.156055E-010
   6.985246E-009
   3.192930E-009
   3.232616E-009
   9.325920E-009
   5.666936E-011
   7.041131E-009
   2.407176E-009
   3.846552E-009
   8.540898E-009
   6.904799E-015
   7.033079E-009
   1.697914E-009
   4.478884E-009
   7.680753E-009
   5.572241E-011
   6.939785E-009
   1.097455E-009
   5.069588E-009
   6.738733E-009
   2.262304E-010
   6.758357E-009
   6.138221E-010
   5.647477E-009
   5.767303E-009
   5.216124E-010
   6.509283E-009
   2.526817E-010
   6.233855E-009
   4.785547E-009
   9.492862E-010
   6.184075E-009
   4.453605E-011
   6.761847E-009
   3.791285E-009
   1.508601E-009
   5.749670E-009
   9.356775E-012
   7.246340E-009
   2.860980E-009
   2.154093E-009
   5.182174E-009
   1.681689E-010
   7.548007E-009
   1.953059E-009
   2.913547E-009
   4.541040E-009
   5.258425E-010
   7.704236E-009
   1.198403E-009
   3.626544E-009
   3.720074E-009
   1.104004E-009
   7.639386E-009
   5.746131E-010
   4.385392E-009
   2.935986E-009
   1.807685E-009
   7.259172E-009
   1.674956E-010
   4.945409E-009
   2.035824E-009
   2.730113E-009
   6.736363E-009
   3.148010E-012
   5.373968E-009
   1.278807E-009
   3.588997E-009
   5.790203E-009
   1.025233E-010
   5.557750E-009
   6.081693E-010
   4.562776E-009
   4.825643E-009
   4.552799E-010
   5.477706E-009
   1.731591E-010
   5.292402E-009
   3.521352E-009
   1.165878E-009
   5.312851E-009
   1.754824E-012
   5.888096E-009
   2.337983E-009
   2.051846E-009
   4.731483E-009
   1.301836E-010
   6.161732E-009
   1.207001E-009
   3.233587E-009
   4.097751E-009
   5.305173E-010
   5.995729E-009
   3.973592E-010
   4.372274E-009
   3.135134E-009
   1.238373E-009
   5.541599E-009
   1.842889E-011
   5.430697E-009
   2.179490E-009
   2.054299E-009
   4.607537E-009
   1.484143E-010
   6.174143E-009
   1.229929E-009
   2.961316E-009
   3.498878E-009
   7.785009E-010
   6.417874E-009
   4.836029E-010
   3.718166E-009
   2.250452E-009
   1.833707E-009
   6.123581E-009
   6.079217E-011
   4.228415E-009
   1.144830E-009
   3.072845E-009
   5.244608E-009
   4.882528E-011
   4.379621E-009
   3.530459E-010
   4.268957E-009
   3.963748E-009
   4.876322E-010
   4.220666E-009
   9.857963E-012
   5.211783E-009
   2.523771E-009
   1.349778E-009
   3.729933E-009
   1.577308E-010
   5.673506E-009
   1.186258E-009
   2.525073E-009
   2.963718E-009
   7.587872E-010
   5.527300E-009
   2.694754E-010
   3.767013E-009
   2.010771E-009
   1.683798E-009
   4.738650E-009
   1.040903E-011
   4.828373E-009
   1.072882E-009
   2.709620E-009
   3.471967E-009
   5.304308E-010
   5.383840E-009
   3.383945E-010
   3.580820E-009
   2.010779E-009
   1.756145E-009
   5.289477E-009
   7.673090E-012
   4.051719E-009
   7.631432E-010
   3.351945E-009
   4.457507E-009
   1.776859E-010
   3.952043E-009
   6.296810E-011
   4.947684E-009
   3.199471E-009
   7.697972E-010
   3.210132E-009
   1.669825E-010
   6.049635E-009
   1.792065E-009
   1.569414E-009
   2.078542E-009
   1.099974E-009
   6.286796E-009
   6.101047E-010
   2.333093E-009
   9.402892E-010
   2.558199E-009
   5.412333E-009
   1.879753E-011
   2.807250E-009
   1.659012E-010
   4.046558E-009
   3.765782E-009
   2.499316E-010
   2.666656E-009
   5.259190E-011
   5.111539E-009
   1.958756E-009
   1.085061E-009
   1.895886E-009
   7.798222E-010
   5.328168E-009
   5.558533E-010
   2.057742E-009
   8.817692E-010
   2.141167E-009
   4.491721E-009
   1.034301E-012
   2.678152E-009
   1.361079E-010
   3.578816E-009
   2.883323E-009
   4.449458E-010
   2.637770E-009
   6.909937E-011
   4.440014E-009
   1.185834E-009
   1.583261E-009
   1.906263E-009
   7.955485E-010
   4.360078E-009
   1.406599E-010
   2.735012E-009
   8.535387E-010
   2.086682E-009
   3.392119E-009
   1.161252E-010
   3.197134E-009
   9.348698E-011
   3.408088E-009
   1.942724E-009
   9.503049E-010
   2.757380E-009
   1.393919E-010
   4.110905E-009
   6.133749E-010
   2.157329E-009
   1.712297E-009
   1.017754E-009
   3.787182E-009
   4.920623E-012
   3.131995E-009
   6.153346E-010
   2.281400E-009
   2.589572E-009
   4.123671E-010
   3.302532E-009
   1.806779E-011
   3.360765E-009
   1.183660E-009
   1.497315E-009
   2.461447E-009
   3.358354E-010
   3.794917E-009
   2.161383E-010
   2.510883E-009
   1.120739E-009
   1.548418E-009
   3.304786E-009
   3.678506E-011
   2.871551E-009
   1.537673E-010
   2.942340E-009
   1.971907E-009
   7.084248E-010
   2.525365E-009
   8.000500E-011
   3.548030E-009
   5.703882E-010
   1.876520E-009
   1.547115E-009
   8.439058E-010
   3.217104E-009
   3.523326E-012
   2.540275E-009
   3.771167E-010
   2.258546E-009
   2.362478E-009
   2.569832E-010
