   1.847567E-283
   1.841680E-283
   1.824040E-283
   1.794724E-283
   1.753862E-283
   1.701644E-283
   1.638338E-283
   1.564296E-283
   1.479977E-283
   1.385965E-283
   1.283001E-283
   1.172005E-283
   1.054117E-283
   9.307375E-284
   8.035723E-284
   6.746873E-284
   5.465689E-284
   4.221934E-284
   3.051047E-284
   1.995023E-284
   1.103400E-284
   4.343706E-285
   5.602336E-286
   4.773114E-286
   5.017027E-285
   1.524710E-284
   3.240010E-284
   5.789479E-284
   9.335983E-284
   1.406600E-283
   2.019251E-283
   2.795822E-283
   3.763908E-283
   4.954818E-283
   6.404003E-283
   8.151525E-283
   1.024257E-282
   1.272804E-282
   1.566510E-282
   1.911796E-282
   2.315850E-282
   2.786717E-282
   3.333379E-282
   3.965855E-282
   4.695301E-282
   5.534125E-282
   6.496103E-282
   7.596515E-282
   8.852284E-282
   1.028213E-281
   1.190673E-281
   1.374880E-281
   1.583289E-281
   1.818637E-281
   2.082121E-281
   2.371577E-281
   2.686337E-281
   3.025341E-281
   3.386984E-281
   3.769049E-281
   4.168664E-281
   4.582263E-281
   5.005555E-281
   5.433515E-281
   5.860382E-281
   6.279675E-281
   6.684235E-281
   7.066275E-281
   7.417469E-281
   7.729056E-281
   7.991984E-281
   8.197075E-281
   8.335244E-281
   8.397740E-281
   8.376443E-281
   8.264203E-281
   8.055237E-281
   7.745572E-281
   7.333561E-281
   6.820456E-281
   6.211052E-281
   5.514407E-281
   4.744646E-281
   3.921844E-281
   3.073003E-281
   2.233125E-281
   1.446388E-281
   7.674283E-282
   2.627377E-282
   1.217979E-283
   1.106326E-282
   6.581556E-282
   1.695067E-281
   3.219996E-281
   5.199440E-281
   7.567872E-281
   1.022956E-280
   1.306138E-280
   1.591687E-280
   1.863161E-280
   2.103011E-280
   2.293442E-280
   2.417444E-280
   2.460051E-280
   2.409797E-280
   2.260380E-280
   2.012574E-280
   1.676399E-280
   1.273570E-280
   8.402211E-281
   4.299450E-281
   1.171473E-281
   7.394332E-284
   2.081867E-281
   8.999261E-281
   2.274173E-280
   4.572116E-280
   7.925176E-280
   1.216586E-279
   1.711810E-279
   2.252453E-279
   2.805480E-279
   3.332252E-279
   3.790728E-279
   4.138165E-279
   4.334388E-279
   4.345636E-279
   4.149041E-279
   3.737775E-279
   3.126890E-279
   2.359899E-279
   1.516127E-279
   7.188676E-280
   1.443839E-280
   3.178459E-281
   6.938109E-280
   2.528566E-279
   6.032196E-279
   1.147959E-278
   1.841153E-278
   2.632149E-278
   3.454100E-278
   4.227725E-278
   4.867648E-278
   5.290129E-278
   5.422206E-278
   5.212320E-278
   4.642505E-278
   3.742191E-278
   2.603718E-278
   1.399605E-278
   4.016454E-279
   1.883722E-281
   7.354899E-279
   3.305609E-278
   8.610332E-278
   1.738070E-277
   2.864323E-277
   4.120712E-277
   5.365065E-277
   6.437442E-277
   7.176890E-277
   7.441534E-277
   7.131904E-277
   6.217563E-277
   4.767150E-277
   2.981975E-277
   1.233244E-277
   1.030457E-278
   4.291925E-278
   3.353990E-277
   1.037704E-276
   2.317875E-276
   4.051125E-276
   5.981369E-276
   7.836668E-276
   9.321568E-276
   1.015447E-275
   1.011240E-275
   9.082543E-276
   7.120381E-276
   4.514731E-276
   1.859743E-276
   1.340284E-277
   7.870679E-277
   5.832984E-276
   1.795179E-275
   3.978434E-275
   6.789174E-275
   9.729159E-275
   1.228318E-274
   1.393720E-274
   1.426132E-274
   1.300663E-274
   1.021508E-274
   6.341982E-275
   2.391396E-275
   6.442255E-277
   1.920604E-275
   1.155244E-274
   3.377306E-274
   7.145772E-274
   1.160052E-273
   1.583916E-273
   1.895381E-273
   2.013966E-273
   1.886828E-273
   1.508577E-273
   9.434136E-274
   3.495436E-274
   5.867003E-276
   3.409433E-274
   1.964231E-273
   5.699252E-273
   1.179146E-272
   1.857591E-272
   2.447381E-272
   2.798626E-272
   2.794725E-272
   2.385995E-272
   1.627611E-272
   7.215837E-273
   6.266598E-274
   2.881438E-273
   2.331471E-272
   7.479694E-272
   1.650461E-271
   2.673104E-271
   3.540197E-271
   4.004576E-271
   3.887253E-271
   3.137963E-271
   1.903233E-271
   6.013199E-272
   3.746400E-274
   1.323264E-271
   6.308092E-271
   1.721420E-270
   3.238138E-270
   4.668054E-270
   5.581462E-270
   5.644046E-270
   4.716346E-270
   2.967987E-270
   1.003695E-270
   3.111644E-274
   1.854298E-270
   9.339333E-270
   2.603753E-269
   4.894405E-269
   6.950774E-269
   8.084428E-269
   7.810276E-269
   6.021073E-269
   3.185852E-269
   5.672433E-270
   4.563413E-270
   6.424084E-269
   2.358827E-268
   5.509086E-268
   8.856850E-268
   1.115696E-267
   1.148233E-267
   9.443969E-268
   5.510604E-268
   1.360809E-268
   2.638938E-269
   7.487320E-268
   3.072891E-267
   7.636326E-267
   1.263092E-266
   1.599195E-266
   1.625957E-266
   1.290635E-266
   6.867104E-267
   1.121055E-267
   1.319209E-267
   1.645274E-266
   5.954725E-266
   1.331438E-265
   2.017927E-265
   2.357609E-265
   2.169136E-265
   1.459929E-265
   5.161555E-266
   3.788007E-269
   1.055915E-265
   5.417190E-265
   1.495848E-264
   2.594175E-264
   3.292149E-264
   3.239957E-264
   2.359572E-264
   9.857642E-265
   1.999081E-266
   1.094889E-264
   6.748031E-264
   2.009909E-263
   3.643614E-263
   4.692108E-263
   4.601572E-263
   3.263011E-263
   1.237313E-263
   7.183924E-267
   2.206210E-263
   1.195845E-262
   3.339148E-262
   5.650648E-262
   6.833025E-262
   6.170485E-262
   3.757663E-262
   8.664057E-263
   3.407498E-263
   7.014695E-262
   2.812596E-261
   6.361553E-261
   9.159925E-261
   9.604962E-261
   7.163568E-261
   2.887128E-261
   1.219971E-263
   4.598269E-261
   2.619584E-260
   7.362814E-260
   1.212636E-259
   1.392313E-259
   1.140589E-259
   5.498734E-260
   3.171653E-261
   4.147285E-260
   3.047127E-259
   9.518278E-259
   1.674394E-258
   1.984449E-258
   1.653304E-258
   8.021725E-259
   4.419442E-260
   6.356027E-259
   4.633569E-258
   1.433056E-257
   2.459830E-257
   2.818422E-257
   2.210377E-257
   9.133334E-258
   2.634870E-260
   1.585509E-257
   9.044090E-257
   2.457018E-256
   3.770173E-256
   3.892040E-256
   2.597978E-256
   6.635857E-257
   2.120233E-257
   5.076756E-256
   2.102553E-255
   4.448168E-255
   5.697475E-255
   4.871282E-255
   2.287600E-255
   6.272730E-257
   2.653334E-255
   1.741629E-254
   4.985998E-254
   7.705902E-254
   7.725382E-254
   4.702272E-254
   7.684726E-255
   1.341825E-254
   1.596628E-253
   5.692543E-253
   1.024850E-252
   1.138489E-252
   7.862365E-253
   1.981371E-253
   7.959883E-254
   1.737629E-252
   7.074546E-252
   1.396836E-251
   1.630357E-251
   1.174632E-251
   3.249682E-252
   8.665789E-253
   2.364803E-251
   9.975905E-251
   1.992885E-250
   2.307867E-250
   1.609355E-250
   3.845042E-251
   2.142625E-251
   4.058663E-250
   1.599282E-249
   2.969192E-249
   3.209409E-249
   1.985680E-249
   2.789411E-250
   8.017602E-250
   8.426003E-249
   2.809065E-248
   4.501180E-248
   4.250141E-248
   2.040844E-248
   2.748780E-250
   3.165017E-248
   1.981960E-247
   5.066922E-247
   6.624731E-247
   5.011863E-247
   1.369149E-247
   4.879043E-248
   1.175615E-246
   4.800475E-246
   8.725027E-246
   8.814098E-246
   4.522098E-246
   1.166005E-247
   6.069616E-246
   4.038927E-245
   1.040101E-244
   1.326371E-244
   9.321603E-245
   1.815887E-245
   2.470654E-245
   3.357405E-244
   1.178314E-243
   1.846168E-243
   1.582649E-243
   5.424551E-244
   5.965963E-245
   2.955496E-243
   1.331582E-242
   2.490144E-242
   2.440372E-242
   1.084944E-242
   1.001537E-245
   2.891503E-242
   1.577253E-241
   3.361792E-241
   3.579393E-241
   1.797288E-241
   1.444355E-243
   3.318546E-241
   2.034002E-240
   4.641257E-240
   5.109822E-240
   2.638523E-240
   3.000502E-242
   4.648877E-240
   2.906665E-239
   6.615517E-239
   7.152418E-239
   3.481947E-239
   3.521630E-242
   7.959486E-239
   4.590472E-238
   9.699812E-238
   9.752898E-238
   4.024450E-238
   1.153444E-239
   1.603138E-237
   7.834302E-237
   1.439070E-236
   1.267576E-236
   3.719333E-237
   1.494257E-237
   3.597369E-236
   1.388048E-235
   2.100581E-235
   1.501790E-235
   2.022617E-236
   8.498548E-236
   8.556197E-235
   2.430070E-234
   2.896395E-234
   1.477585E-234
   1.506129E-237
   3.529348E-234
   2.025843E-233
   3.999472E-233
   3.542741E-233
   9.343008E-234
   6.623589E-234
   1.236099E-232
   4.341606E-232
   5.861691E-232
   3.397709E-232
   6.544483E-234
   5.832267E-232
   3.778483E-231
   7.875468E-231
   7.038866E-231
   1.748133E-231
   1.647072E-231
   2.749127E-230
   9.119822E-230
   1.145799E-229
   5.669714E-230
   1.542840E-232
   1.793047E-229
   9.388556E-229
   1.628769E-228
   1.179850E-228
   1.130468E-229
   1.031411E-228
   8.901543E-228
   2.129175E-227
   2.020077E-227
   5.218233E-228
   4.784284E-228
   8.195076E-227
   2.647968E-226
   3.116627E-226
   1.260302E-226
   1.383255E-227
   7.686978E-226
   3.223171E-225
   4.537236E-225
   2.377703E-225
   4.005889E-228
   7.579207E-225
   3.942727E-224
   6.409712E-224
   3.944850E-224
   4.949239E-226
   8.077945E-224
   4.962035E-223
   8.950361E-223
   6.051741E-223
   2.162927E-224
   9.574227E-223
   6.539376E-222
   1.249895E-221
   8.786398E-222
   3.962442E-223
   1.289296E-221
   9.111996E-221
   1.755385E-220
   1.217401E-220
   4.305540E-222
   1.984034E-220
   1.343658E-219
   2.478283E-219
   1.604309E-219
   1.991017E-221
   3.444897E-219
   2.080758E-218
   3.494473E-218
   1.978236E-218
   2.596842E-221
   6.579374E-218
   3.331682E-217
   4.858672E-217
   2.200279E-217
   2.020945E-218
   1.342399E-216
   5.397453E-216
   6.529233E-216
   2.035301E-216
   1.394218E-216
   2.841070E-215
   8.623986E-215
   8.224628E-215
   1.249762E-215
   5.942624E-215
   6.013481E-214
   1.321399E-213
   9.222772E-214
   1.333226E-215
   2.035727E-213
   1.214463E-212
   1.878518E-212
   8.274694E-213
   1.285752E-213
   6.127817E-212
   2.239835E-211
   2.363426E-211
   4.317398E-212
   1.476723E-211
   1.643296E-210
   3.644056E-210
   2.407166E-210
   2.170058E-213
   7.153438E-210
   3.733150E-209
   5.017009E-209
   1.557661E-209
   1.353035E-209
   2.524428E-208
   6.881920E-208
   5.358464E-208
   1.316262E-209
   1.113227E-207
   6.810753E-207
   9.965100E-207
   3.401430E-207
   2.288735E-207
   4.843539E-206
   1.347897E-205
   1.029491E-205
   1.359601E-207
   2.493441E-205
   1.416808E-204
   1.909008E-204
   5.100198E-205
   7.932810E-205
   1.167241E-203
   2.734460E-203
   1.677844E-203
   2.554538E-205
   7.665170E-203
   3.241404E-202
   3.379335E-202
   3.645987E-203
   3.981546E-202
   3.253782E-201
   5.378584E-201
   1.930573E-201
   1.319052E-201
   2.811633E-200
   7.365505E-200
   4.778464E-200
   5.358377E-202
   2.146795E-199
   9.010439E-199
   8.887333E-199
   5.663373E-200
   1.470496E-198
   1.008173E-197
   1.421278E-197
   3.285300E-198
   8.628945E-198
   1.047207E-196
   2.053877E-196
   8.536724E-197
   3.996735E-197
   1.050361E-195
   2.831495E-195
   1.760205E-195
   6.777438E-197
   9.781966E-195
   3.556681E-194
   2.777306E-194
   1.083132E-197
   1.085140E-193
   5.069902E-193
   5.567328E-193
   6.715628E-194
   6.154454E-193
   4.419025E-192
   4.118066E-192
   1.115144E-193
   2.664816E-191
   1.437033E-190
   2.817995E-190
   2.851855E-190
   1.383537E-190
   2.255079E-191
   8.888900E-190
   1.281235E-188
   6.752413E-188
   2.279999E-187
   7.021045E-187
   1.965745E-186
   4.754376E-186
   1.093535E-185
   4.127182E-185
   1.696439E-184
   5.471086E-184
   1.488154E-183
   5.039758E-183
   1.740912E-182
   4.996046E-182
   1.278735E-181
   4.445116E-181
   1.604267E-180
   4.744339E-180
   1.244540E-179
   4.262458E-179
   1.475283E-178
   4.221332E-178
   1.103088E-177
   3.810782E-177
   1.302683E-176
   3.676081E-176
   9.740257E-176
   3.368065E-175
   1.118221E-174
   3.072938E-174
   8.286821E-174
   2.874614E-173
   9.283819E-173
   2.488683E-172
   6.908546E-172
   2.387635E-171
   7.454271E-171
   1.947417E-170
   5.614895E-170
   1.920741E-169
   5.780502E-169
   1.481389E-168
   4.460515E-168
   1.495839E-167
   4.322876E-167
   1.101165E-166
   3.454309E-166
   1.125041E-165
   3.114351E-165
   8.054904E-165
   2.601876E-164
   8.156436E-164
   2.161698E-163
   5.817502E-163
   1.899214E-162
   5.689142E-162
   1.453911E-161
   4.144392E-161
   1.338570E-160
   3.810901E-160
   9.597542E-160
   2.896247E-159
   9.075938E-159
   2.448513E-158
   6.298613E-158
   1.970467E-157
   5.901289E-157
   1.514178E-156
   4.121572E-156
   1.295145E-155
   3.670175E-155
   9.163154E-155
   2.667842E-154
   8.170773E-154
   2.179975E-153
   5.542869E-153
   1.686225E-152
   4.923642E-152
   1.243934E-151
   3.367837E-151
   1.027988E-150
   2.824624E-150
   6.994234E-150
   2.028319E-149
   5.989428E-149
   1.542671E-148
   3.970655E-148
   1.188391E-147
   3.315536E-147
   8.168194E-147
   2.265689E-146
   6.671115E-146
   1.739202E-145
   4.350033E-145
   1.270137E-144
   3.553613E-144
   8.750599E-144
   2.350617E-143
   6.844461E-143
   1.787832E-142
   4.404317E-142
   1.258204E-141
   3.496371E-141
   8.578392E-141
   2.262018E-140
   6.489478E-140
   1.682203E-139
   4.111853E-139
   1.156382E-138
   3.168300E-138
   7.707052E-138
   2.018469E-137
   5.694945E-137
   1.452687E-136
   3.542983E-136
   9.861492E-136
   2.646776E-135
   6.362554E-135
   1.670688E-134
   4.623730E-134
   1.152387E-133
   2.825113E-133
   7.797149E-133
   2.036593E-132
   4.845892E-132
   1.283422E-131
   3.467105E-131
   8.406383E-131
   2.092076E-130
   5.706171E-130
   1.440479E-129
   3.425159E-129
   9.147306E-129
   2.394010E-128
   5.662086E-128
   1.442307E-127
   3.853215E-127
   9.352885E-127
   2.261076E-126
   6.033800E-126
   1.516121E-125
   3.553532E-125
   9.249472E-125
   2.389675E-124
   5.602908E-124
   1.398053E-123
   3.664930E-123
   8.785234E-123
   2.098491E-122
   5.489090E-122
   1.353386E-121
   3.143858E-121
   8.063932E-121
   2.035351E-120
   4.704007E-120
   1.167530E-119
   2.988471E-119
   6.996661E-119
   1.673505E-118
   4.294325E-118
   1.026768E-117
   2.382995E-117
   6.056248E-117
   1.478145E-116
   3.375893E-116
   8.406737E-116
   2.083833E-115
   4.752808E-115
   1.151724E-114
   2.879315E-114
   6.628270E-114
   1.560846E-113
   3.905824E-113
   9.120491E-113
   2.095756E-112
   5.210440E-112
   1.234514E-111
   2.789719E-111
   6.846437E-111
   1.641656E-110
   3.680102E-110
   8.873335E-110
   2.145043E-109
   4.805422E-109
   1.135604E-108
   2.756119E-108
   6.201410E-108
   1.436245E-107
   3.485513E-107
   7.897167E-107
   1.795919E-106
   4.342219E-106
   9.912430E-106
   2.220511E-105
   5.332722E-105
   1.225612E-104
   2.714316E-104
   6.460023E-104
   1.492553E-103
   3.279150E-103
   7.722573E-103
   1.790537E-102
   3.913524E-102
   9.113540E-102
   2.116871E-101
   4.612796E-101
   1.062141E-100
   2.467656E-100
   5.367970E-100
   1.222634E-099
   2.837196E-099
   6.165422E-099
   1.390059E-098
   3.218261E-098
   6.987472E-098
   1.560890E-097
   3.602206E-097
   7.812978E-097
   1.730926E-096
   3.979205E-096
   8.618185E-096
   1.895445E-095
   4.338590E-095
   9.377790E-095
   2.049410E-094
   4.669297E-094
   1.006619E-093
   2.187725E-093
   4.960384E-093
   1.065880E-092
   2.305524E-092
   5.201601E-092
   1.113347E-091
   2.398463E-091
   5.383961E-091
   1.147178E-090
   2.462982E-090
   5.500269E-090
   1.166022E-089
   2.496537E-089
   5.545579E-089
   1.169111E-088
   2.497752E-088
   5.517512E-088
   1.156319E-087
   2.466503E-087
   5.416446E-087
   1.128175E-086
   2.403908E-086
   5.245528E-086
   1.085839E-085
   2.312245E-085
   5.010536E-085
   1.031024E-084
   2.194840E-084
   4.719803E-084
   9.659443E-084
   2.055950E-083
   4.383721E-083
   8.930831E-083
   1.900310E-082
   4.013921E-082
   8.150142E-082
   1.732915E-081
   3.622812E-081
   7.342506E-081
   1.558780E-080
   3.222952E-080
   6.531070E-080
   1.382716E-079
   2.826389E-079
   5.736001E-079
   1.209148E-078
   2.443951E-078
   4.973917E-078
   1.041970E-077
   2.084587E-077
   4.257719E-077
   8.844515E-077
   1.754871E-076
   3.596731E-076
   7.391998E-076
   1.458808E-075
   2.997035E-075
   6.081615E-075
   1.197985E-074
   2.461892E-074
   4.926078E-074
   9.720066E-074
   1.992168E-073
   3.930755E-073
   7.790673E-073
   1.586753E-072
   3.093080E-072
   6.165125E-072
   1.242997E-071
   2.402976E-071
   4.812871E-071
   9.571486E-071
   1.844751E-070
   3.702384E-070
   7.246315E-070
   1.399880E-069
   2.802916E-069
   5.400042E-069
   1.049673E-068
   2.085590E-068
   3.968825E-068
   7.769319E-068
   1.523512E-067
   2.881761E-067
   5.667038E-067
   1.092336E-066
   2.068890E-066
   4.065326E-066
   7.697409E-066
   1.467927E-065
   2.861963E-065
   5.344696E-065
   1.027655E-064
   1.973853E-064
   3.665398E-064
   7.080685E-064
   1.333573E-063
   2.484865E-063
   4.787148E-063
   8.846917E-063
   1.663265E-062
   3.166271E-062
   5.783313E-062
   1.096107E-061
   2.045438E-061
   3.733910E-061
   7.083679E-061
   1.292652E-060
   2.379777E-060
   4.469815E-060
   8.025618E-060
   1.492368E-059
   2.745279E-059
   4.912472E-059
   9.160668E-059
   1.642569E-058
   2.964102E-058
   5.470729E-058
   9.620823E-058
   1.755636E-057
   3.163501E-057
   5.539864E-057
   1.013414E-056
   1.772219E-056
   3.133767E-056
   5.651291E-056
   9.671940E-056
   1.729956E-055
   3.023384E-055
   5.159811E-055
   9.210100E-055
   1.551542E-054
   2.679386E-054
   4.663373E-054
   7.677977E-054
   1.337174E-053
   2.222454E-053
   3.662307E-053
   6.280802E-053
   9.953013E-053
   1.659892E-052
   2.703869E-052
   4.178754E-052
   6.921293E-052
   1.040657E-051
   1.607759E-051
   2.506429E-051
   3.474837E-051
   5.301940E-051
   7.138415E-051
   9.231766E-051
   1.257134E-050
   1.267316E-050
   1.398454E-050
   1.067773E-050
   2.990839E-051
   2.999082E-054
   2.727735E-050
   1.441622E-049
   5.400639E-049
   1.852681E-048
   4.632343E-048
   1.261650E-047
   2.992994E-047
   6.774729E-047
   1.589312E-046
   3.334677E-046
   7.335357E-046
   1.540848E-045
   3.140510E-045
   6.609738E-045
   1.305991E-044
   2.652784E-044
   5.274520E-044
   1.025114E-043
   2.042247E-043
   3.902366E-043
   7.591103E-043
   1.458877E-042
   2.755713E-042
   5.303632E-042
   9.906826E-042
   1.874417E-041
   3.515872E-041
   6.510205E-041
   1.222240E-040
   2.243084E-040
   4.158203E-040
   7.649998E-040
   1.394498E-039
   2.567250E-039
   4.642310E-039
   8.466258E-039
   1.532327E-038
   2.756754E-038
   4.992246E-038
   8.911840E-038
   1.602761E-037
   2.859680E-037
   5.085728E-037
   9.077306E-037
   1.601905E-036
   2.845207E-036
   5.011820E-036
   8.820225E-036
   1.553671E-035
   2.713401E-035
   4.763642E-035
   8.293973E-035
   1.445387E-034
   2.515061E-034
   4.350568E-034
   7.553134E-034
   1.301142E-033
   2.246124E-033
   3.863816E-033
   6.624160E-033
   1.137585E-032
   1.940605E-032
   3.318683E-032
   5.647812E-032
   9.600203E-032
   1.631151E-031
   2.757610E-031
   4.671180E-031
   7.870338E-031
   1.326559E-030
   2.230597E-030
   3.739437E-030
   6.273378E-030
   1.047335E-029
   1.750381E-029
   2.914498E-029
   4.847173E-029
   8.053337E-029
   1.333204E-028
   2.208565E-028
   3.643575E-028
   6.011201E-028
   9.891796E-028
   1.624502E-027
   2.666460E-027
   4.361255E-027
   7.135008E-027
   1.163302E-026
   1.895382E-026
   3.082099E-026
   5.000365E-026
   8.108331E-026
   1.310544E-025
   2.117812E-025
   3.412370E-025
   5.492426E-025
   8.825072E-025
   1.414751E-024
   2.266412E-024
   3.620146E-024
   5.779388E-024
   9.202340E-024
   1.463475E-023
   2.323399E-023
   3.680705E-023
   5.825470E-023
   9.195600E-023
   1.450410E-022
   2.282076E-022
   3.586122E-022
   5.625089E-022
   8.806143E-022
   1.376966E-021
   2.147911E-021
   3.347213E-021
   5.203792E-021
   8.080071E-021
   1.252167E-020
   1.937081E-020
   2.992270E-020
   4.612229E-020
   7.100848E-020
   1.090790E-019
   1.673577E-019
   2.562556E-019
   3.917715E-019
   5.979570E-019
   9.109238E-019
   1.385785E-018
   2.103756E-018
   3.189542E-018
   4.825674E-018
   7.290505E-018
   1.099363E-017
   1.654941E-017
   2.487214E-017
   3.730796E-017
   5.587887E-017
   8.352296E-017
   1.246595E-016
   1.856848E-016
   2.761436E-016
   4.099081E-016
   6.073902E-016
   8.984826E-016
   1.326522E-015
   1.955337E-015
   2.876472E-015
   4.224768E-015
   6.192770E-015
   9.062271E-015
   1.323622E-014
   1.929788E-014
   2.808485E-014
   4.079482E-014
   5.915410E-014
   8.560626E-014
   1.236744E-013
   1.783156E-013
   2.566470E-013
   3.686650E-013
   5.286084E-013
   7.564976E-013
   1.080570E-012
   1.540601E-012
   2.192155E-012
   3.113536E-012
   4.413312E-012
   6.244155E-012
   8.816727E-012
   1.242581E-011
   1.747720E-011
   2.453543E-011
   3.437751E-011
   4.807444E-011
   6.709964E-011
   9.346854E-011
   1.299507E-010
   1.803088E-010
   2.496998E-010
   3.450935E-010
   4.760005E-010
   6.552270E-010
   9.001469E-010
   1.234092E-009
   1.688505E-009
   2.305520E-009
   3.141519E-009
   4.271879E-009
   5.796801E-009
   7.849835E-009
   1.060744E-008
   1.430391E-008
   1.924718E-008
   2.584412E-008
   3.462711E-008
   4.629563E-008
   6.176119E-008
   8.221410E-008
   1.091996E-007
   1.447224E-007
   1.913753E-007
   2.525003E-007
   3.324012E-007
   4.365918E-007
   5.721388E-007
   7.480418E-007
   9.757762E-007
   1.269871E-006
   1.648750E-006
   2.135608E-006
   2.759678E-006
   3.557566E-006
   4.575111E-006
   5.869394E-006
   7.511422E-006
   9.589116E-006
   1.221110E-005
   1.551107E-005
   1.965307E-005
   2.483776E-005
   3.130958E-005
   3.936594E-005
   4.936814E-005
   6.175158E-005
   7.703928E-005
   9.585824E-005
   1.189562E-004
   1.472226E-004
   1.817099E-004
   2.236596E-004
   2.745289E-004
   3.360218E-004
   4.101207E-004
   4.991221E-004
   6.056732E-004
   7.328096E-004
   8.839953E-004
   1.063160E-003
   1.274736E-003
   1.523695E-003
   1.815574E-003
   2.156501E-003
   2.553206E-003
   3.013024E-003
   3.543881E-003
   4.154260E-003
   4.853152E-003
   5.649973E-003
   6.554450E-003
   7.576493E-003
   8.725999E-003
   1.001265E-002
   1.144565E-002
   1.303343E-002
   1.478326E-002
   1.670098E-002
   1.879041E-002
   2.105311E-002
   2.348770E-002
   2.608955E-002
   2.885017E-002
   3.175690E-002
   3.479231E-002
   3.793405E-002
   4.115440E-002
   4.442028E-002
   4.769309E-002
   5.092901E-002
   5.407923E-002
   5.709058E-002
   5.990630E-002
   6.246708E-002
   6.471385E-002
   6.658722E-002
   6.802885E-002
   6.898399E-002
   6.940383E-002
   6.924718E-002
   6.848313E-002
   6.709251E-002
   6.507041E-002
   6.242710E-002
   5.919005E-002
   5.540383E-002
   5.113122E-002
   4.645177E-002
   4.146150E-002
   3.627006E-002
   3.099878E-002
   2.577635E-002
   2.073543E-002
   1.600719E-002
   1.171676E-002
   7.977462E-003
   4.885926E-003
   2.516841E-003
   9.188379E-004
   1.109331E-004
   8.031270E-005
   7.814281E-004
   2.136713E-003
   4.038924E-003
   6.355321E-003
   8.933203E-003
   1.160734E-002
   1.420785E-002
   1.656981E-002
   1.854179E-002
   1.999582E-002
   2.083444E-002
   2.099857E-002
   2.047102E-002
   1.928001E-002
   1.749745E-002
   1.523675E-002
   1.264543E-002
   9.897196E-003
   7.179935E-003
   4.683818E-003
   2.587260E-003
   1.044227E-003
   1.718841E-004
   4.098785E-005
   6.690898E-004
   2.017619E-003
   3.993039E-003
   6.452100E-003
   9.211639E-003
   1.206130E-002
   1.477994E-002
   1.715218E-002
   1.898702E-002
   2.013272E-002
   2.049185E-002
   2.002886E-002
   1.877645E-002
   1.683195E-002
   1.435232E-002
   1.153934E-002
   8.624322E-003
   5.846120E-003
   3.430822E-003
   1.569781E-003
   4.020015E-004
   1.099276E-007
   3.630041E-004
   1.415361E-003
   3.014652E-003
   4.965050E-003
   7.037192E-003
   8.991764E-003
   1.060461E-002
   1.169101E-002
   1.212558E-002
   1.185727E-002
   1.091472E-002
   9.405164E-003
   7.501722E-003
   5.425815E-003
   3.420756E-003
   1.724797E-003
   5.420601E-004
   1.832051E-005
   2.222807E-004
   1.136124E-003
   2.656133E-003
   4.603889E-003
   6.746775E-003
   8.825766E-003
   1.058706E-002
   1.181343E-002
   1.235242E-002
   1.213517E-002
   1.118790E-002
   9.626538E-003
   7.644822E-003
   5.487621E-003
   3.421378E-003
   1.697285E-003
   5.191541E-004
   1.508327E-005
   2.204868E-004
   1.073056E-003
   2.421452E-003
   4.046872E-003
   5.693752E-003
   7.107426E-003
   8.069817E-003
   8.433633E-003
   8.141810E-003
   7.239625E-003
   5.864985E-003
   4.231392E-003
   2.592732E-003
   1.206838E-003
   2.936252E-004
   1.444942E-006
   3.823001E-004
   1.382625E-003
   2.850689E-003
   4.558724E-003
   6.239678E-003
   7.627321E-003
   8.501882E-003
   8.722262E-003
   8.253413E-003
   7.168733E-003
   5.642081E-003
   3.916642E-003
   2.266755E-003
   9.508226E-004
   1.685549E-004
   2.675453E-005
   5.214122E-004
   1.538740E-003
   2.875072E-003
   4.273654E-003
   5.469586E-003
   6.238409E-003
   6.436051E-003
   6.025388E-003
   5.083900E-003
   3.788343E-003
   2.384140E-003
   1.137701E-003
   2.880773E-004
   4.244203E-007
   3.348362E-004
   1.233672E-003
   2.531195E-003
   3.984908E-003
   5.319895E-003
   6.283485E-003
   6.690859E-003
   6.465019E-003
   5.647813E-003
   4.396380E-003
   2.948974E-003
   1.580830E-003
   5.479424E-004
   3.705907E-005
   1.279724E-004
   7.779114E-004
   1.830815E-003
   3.049585E-003
   4.165977E-003
   4.936415E-003
   5.193281E-003
   4.881292E-003
   4.067715E-003
   2.930810E-003
   1.718760E-003
   6.990599E-004
   9.801137E-005
   5.248971E-005
   5.784148E-004
   1.566279E-003
   2.804675E-003
   4.024769E-003
   4.961125E-003
   5.407835E-003
   5.267259E-003
   4.569674E-003
   3.468472E-003
   2.205398E-003
   1.055666E-003
   2.665999E-004
   3.438189E-007
   2.977013E-004
   1.068930E-003
   2.114908E-003
   3.175058E-003
   3.987554E-003
   4.354073E-003
   4.184261E-003
   3.520718E-003
   2.525428E-003
   1.443870E-003
   5.438308E-004
   5.076087E-005
   9.183165E-005
   6.637074E-004
   1.632065E-003
   2.763736E-003
   3.782854E-003
   4.440028E-003
   4.572287E-003
   4.147313E-003
   3.268247E-003
   2.152390E-003
   1.073357E-003
   2.944481E-004
   3.600464E-007
   2.506211E-004
   9.642151E-004
   1.940771E-003
   2.912858E-003
   3.616631E-003
   3.860652E-003
   3.578957E-003
   2.846283E-003
   1.862275E-003
   8.949548E-004
   2.114611E-004
   3.686464E-006
   3.361611E-004
   1.126798E-003
   2.167701E-003
   3.180672E-003
   3.892691E-003
   4.109958E-003
   3.773270E-003
   2.972308E-003
   1.925102E-003
   9.145607E-004
   2.129048E-004
   3.841272E-006
   3.319675E-004
   1.089986E-003
   2.049360E-003
   2.925653E-003
   3.460653E-003
   3.496054E-003
   3.021694E-003
   2.176138E-003
   1.210107E-003
   4.102089E-004
   1.710105E-005
   1.529196E-004
   7.846763E-004
   1.732474E-003
   2.721673E-003
   3.462924E-003
   3.738924E-003
   3.467194E-003
   2.728165E-003
   1.738184E-003
   7.882615E-004
   1.545254E-004
   1.626314E-005
   4.013643E-004
   1.178344E-003
   2.096603E-003
   2.864539E-003
   3.238480E-003
   3.100750E-003
   2.493797E-003
   1.610349E-003
   7.308879E-004
   1.369400E-004
   2.149346E-005
   4.271454E-004
   1.231355E-003
   2.184563E-003
   2.987467E-003
   3.387579E-003
   3.257510E-003
   2.638527E-003
   1.725832E-003
   8.071738E-004
   1.705526E-004
   1.051515E-005
   3.660261E-004
   1.107868E-003
   1.980993E-003
   2.689623E-003
   2.994032E-003
   2.791476E-003
   2.150163E-003
   1.286474E-003
   4.941281E-004
   4.374431E-005
   9.274345E-005
   6.304021E-004
   1.480456E-003
   2.359805E-003
   2.973609E-003
   3.114777E-003
   2.735687E-003
   1.963056E-003
   1.057754E-003
   3.233616E-004
   3.877561E-006
   1.987524E-004
   8.289789E-004
   1.664382E-003
   2.404799E-003
   2.784387E-003
   2.667356E-003
   2.094361E-003
   1.270890E-003
   4.934618E-004
   4.452485E-005
   9.125932E-005
   6.241749E-004
   1.458819E-003
   2.301027E-003
   2.850879E-003
   2.911605E-003
   2.460528E-003
   1.658025E-003
   7.913533E-004
   1.691028E-004
   1.050983E-005
   3.641640E-004
   1.090516E-003
   1.912994E-003
   2.520736E-003
   2.683495E-003
   2.339511E-003
   1.617450E-003
   7.911440E-004
   1.756007E-004
   8.894354E-006
   3.610958E-004
   1.106244E-003
   1.967898E-003
   2.623590E-003
   2.825761E-003
   2.497425E-003
   1.761806E-003
   8.958733E-004
   2.260026E-004
   1.578834E-006
   3.000213E-004
   9.963250E-004
   1.811904E-003
   2.422718E-003
   2.586672E-003
   2.237610E-003
   1.513853E-003
   7.027194E-004
   1.289010E-004
   2.523369E-005
   4.394547E-004
   1.213532E-003
   2.045231E-003
   2.606575E-003
   2.675132E-003
   2.222867E-003
   1.428093E-003
   6.058577E-004
   8.050192E-005
   5.641634E-005
   5.346151E-004
   1.312594E-003
   2.066227E-003
   2.482940E-003
   2.388929E-003
   1.822771E-003
   1.019080E-003
   3.131548E-004
   2.317251E-006
   2.215782E-004
   8.863857E-004
   1.726054E-003
   2.394907E-003
   2.615850E-003
   2.296812E-003
   1.568994E-003
   7.342924E-004
   1.376801E-004
   2.320119E-005
   4.305687E-004
   1.178580E-003
   1.941694E-003
   2.389614E-003
   2.328032E-003
   1.783022E-003
   9.906113E-004
   2.949482E-004
   8.341898E-007
   2.404019E-004
   9.151379E-004
   1.736803E-003
   2.352028E-003
   2.494747E-003
   2.103208E-003
   1.346214E-003
   5.506922E-004
   5.904611E-005
   7.877454E-005
   5.918677E-004
   1.362787E-003
   2.043073E-003
   2.325998E-003
   2.084188E-003
   1.425862E-003
   6.481528E-004
   1.032914E-004
   4.048178E-005
   4.928506E-004
   1.261202E-003
   2.002388E-003
   2.383765E-003
   2.233626E-003
   1.618873E-003
   8.162344E-004
   1.857866E-004
   7.977933E-006
   3.553280E-004
   1.059687E-003
   1.789491E-003
   2.203309E-003
   2.107537E-003
   1.546546E-003
   7.829799E-004
   1.749938E-004
   9.988670E-006
   3.691185E-004
   1.088523E-003
   1.834486E-003
   2.259649E-003
   2.165225E-003
   1.595122E-003
   8.156943E-004
   1.899011E-004
   6.707718E-006
   3.439066E-004
   1.031994E-003
   1.735105E-003
   2.112428E-003
   1.981083E-003
   1.404729E-003
   6.628881E-004
   1.159258E-004
   3.123230E-005
   4.527805E-004
   1.179290E-003
   1.860649E-003
   2.167854E-003
   1.952114E-003
   1.317998E-003
   5.722790E-004
   7.400826E-005
   5.939776E-005
   5.259999E-004
   1.234908E-003
   1.829039E-003
   2.010734E-003
   1.688953E-003
   1.025135E-003
   3.525104E-004
   9.458953E-006
   1.702908E-004
   7.569898E-004
   1.477761E-003
   1.972527E-003
   1.994035E-003
   1.531554E-003
   8.167197E-004
   2.065160E-004
   2.640790E-006
   2.994101E-004
   9.363744E-004
   1.581161E-003
   1.899488E-003
   1.727044E-003
   1.153246E-003
   4.753137E-004
   4.502081E-005
   8.652775E-005
   5.803576E-004
   1.272657E-003
   1.806455E-003
   1.906020E-003
   1.520284E-003
   8.488945E-004
   2.380203E-004
   7.294396E-008
   2.504951E-004
   8.484542E-004
   1.471644E-003
   1.787100E-003
   1.626817E-003
   1.076690E-003
   4.306187E-004
   3.375912E-005
   9.898309E-005
   5.930078E-004
   1.253912E-003
   1.730186E-003
   1.768487E-003
   1.348731E-003
   6.945776E-004
   1.536210E-004
   1.026840E-005
   3.333425E-004
   9.395975E-004
   1.493963E-003
   1.691721E-003
   1.424469E-003
   8.392808E-004
   2.578602E-004
   7.042390E-007
   2.108834E-004
   7.750851E-004
   1.385093E-003
   1.706835E-003
   1.564080E-003
   1.035207E-003
   4.102716E-004
   3.032498E-005
   9.890278E-005
   5.696537E-004
   1.172962E-003
   1.567098E-003
   1.529455E-003
   1.081606E-003
   4.767235E-004
   5.718480E-005
   6.143726E-005
   4.889484E-004
   1.100037E-003
   1.550690E-003
   1.587118E-003
   1.189012E-003
   5.810281E-004
   1.050009E-004
   2.535219E-005
   3.791321E-004
   9.557291E-004
   1.418707E-003
   1.499325E-003
   1.151262E-003
   5.769259E-004
   1.098444E-004
   2.158034E-005
   3.640497E-004
   9.394142E-004
   1.414583E-003
   1.514512E-003
   1.181865E-003
   6.096678E-004
   1.285296E-004
   1.328526E-005
   3.228313E-004
   8.668214E-004
   1.318803E-003
   1.409400E-003
   1.085127E-003
   5.396854E-004
   9.835964E-005
   2.438575E-005
   3.623177E-004
   9.113149E-004
   1.344890E-003
   1.405316E-003
   1.057253E-003
   5.081865E-004
   8.347734E-005
   3.134229E-005
   3.743713E-004
   8.974561E-004
   1.278895E-003
   1.285633E-003
   9.143094E-004
   3.922961E-004
   3.874999E-005
   6.963619E-005
   4.659715E-004
   9.856175E-004
   1.311361E-003
   1.244934E-003
   8.276277E-004
   3.141393E-004
   1.547528E-005
   1.077358E-004
   5.249189E-004
   1.001347E-003
   1.237556E-003
   1.086212E-003
   6.429081E-004
   1.855627E-004
   1.050154E-007
   2.018242E-004
   6.636110E-004
   1.096053E-003
   1.228989E-003
   9.801613E-004
   5.058088E-004
   1.013650E-004
   1.525348E-005
   2.931845E-004
   7.509352E-004
   1.092712E-003
   1.099428E-003
   7.676241E-004
   3.105794E-004
   2.115781E-005
   8.436385E-005
   4.590800E-004
   9.048525E-004
   1.136242E-003
   1.005675E-003
   5.975116E-004
   1.726702E-004
   7.990493E-008
   1.836657E-004
   5.965719E-004
   9.650507E-004
   1.047031E-003
   7.894769E-004
   3.619635E-004
   4.489629E-005
   4.573824E-005
   3.632214E-004
   7.886253E-004
   1.042972E-003
   9.600178E-004
   5.948720E-004
   1.866701E-004
   4.414658E-007
   1.525560E-004
   5.350527E-004
   8.887823E-004
   9.762901E-004
   7.396250E-004
   3.379973E-004
   4.046994E-005
   4.574912E-005
   3.493814E-004
   7.472849E-004
   9.729128E-004
   8.758172E-004
   5.218324E-004
   1.475512E-004
   3.527939E-007
   1.721099E-004
   5.387247E-004
   8.459300E-004
   8.827084E-004
   6.245519E-004
   2.491568E-004
   1.405581E-005
   8.017966E-005
   4.018785E-004
   7.586128E-004
   9.063922E-004
   7.447766E-004
   3.849452E-004
   7.216812E-005
   1.649612E-005
   2.487460E-004
   6.009333E-004
   8.243040E-004
   7.625616E-004
   4.598335E-004
   1.286677E-004
   6.818510E-007
   1.645313E-004
   5.044173E-004
   7.817905E-004
   8.027538E-004
   5.534483E-004
   2.086019E-004
   7.724948E-006
   8.643953E-005
   3.820748E-004
   6.797469E-004
   7.657326E-004
   5.791340E-004
   2.541405E-004
   2.335947E-005
   5.145919E-005
   3.178043E-004
   6.317628E-004
   7.692928E-004
   6.328960E-004
   3.204825E-004
   5.407595E-005
   2.011891E-005
   2.363139E-004
   5.405572E-004
   7.094165E-004
   6.200244E-004
   3.383075E-004
   7.002946E-005
   1.057246E-005
   2.029105E-004
   5.068932E-004
   7.016073E-004
   6.460492E-004
   3.811160E-004
   9.891941E-005
   2.137451E-006
   1.562919E-004
   4.429790E-004
   6.479446E-004
   6.190895E-004
   3.782295E-004
   1.043712E-004
   1.033967E-006
   1.455810E-004
   4.318677E-004
   6.487260E-004
   6.361972E-004
   4.037896E-004
   1.230700E-004
   1.605446E-010
   1.219952E-004
   3.935572E-004
   6.084164E-004
   6.043082E-004
   3.845349E-004
   1.151940E-004
   8.388251E-008
   1.271166E-004
   4.018250E-004
   6.182317E-004
   6.138759E-004
   3.921914E-004
   1.197033E-004
   1.697771E-009
   1.198434E-004
   3.840039E-004
   5.884065E-004
   5.759673E-004
   3.564080E-004
   9.859506E-005
   1.087117E-006
   1.397862E-004
   4.094688E-004
   6.042077E-004
   5.752028E-004
   3.448546E-004
   8.922741E-005
   2.339835E-006
   1.468846E-004
   4.066396E-004
   5.773749E-004
   5.255555E-004
   2.919409E-004
   5.952822E-005
   1.061726E-005
   1.843018E-004
   4.456941E-004
   5.911320E-004
   5.073190E-004
   2.598153E-004
   4.135766E-005
   2.047459E-005
   2.093590E-004
   4.550511E-004
   5.609575E-004
   4.426762E-004
   1.947599E-004
   1.536601E-005
   4.842678E-005
   2.687784E-004
   5.018632E-004
   5.625888E-004
   4.027977E-004
   1.495590E-004
   3.457898E-006
   7.816562E-005
   3.098313E-004
   5.090892E-004
   5.139773E-004
   3.206317E-004
   8.625942E-005
   1.799819E-006
   1.370491E-004
   3.837075E-004
   5.427919E-004
   4.858022E-004
   2.589010E-004
   4.528971E-005
   1.617398E-005
   1.916345E-004
   4.249100E-004
   5.230000E-004
   4.050078E-004
   1.684357E-004
   8.903279E-006
   5.904813E-005
   2.790188E-004
   4.888830E-004
   5.165509E-004
   3.394311E-004
   1.028889E-004
   8.948199E-008
   1.127130E-004
   3.440183E-004
   4.996521E-004
   4.493193E-004
   2.351796E-004
   3.671705E-005
   2.102969E-005
   2.030719E-004
   4.325471E-004
   5.188484E-004
   3.901084E-004
   1.534018E-004
   5.356772E-006
   6.765076E-005
   2.851908E-004
   4.727070E-004
   4.709725E-004
   2.813204E-004
   6.482733E-005
   6.315021E-006
   1.576406E-004
   3.929388E-004
   5.143628E-004
   4.193864E-004
   1.879733E-004
   1.516083E-005
   4.569869E-005
   2.510941E-004
   4.540208E-004
   4.798195E-004
   3.060952E-004
   8.233981E-005
   2.108577E-006
   1.367161E-004
   3.731117E-004
   5.099569E-004
   4.301630E-004
   2.017745E-004
   1.992434E-005
   3.915556E-005
   2.403557E-004
   4.474019E-004
   4.796950E-004
   3.089189E-004
   8.399428E-005
   1.953529E-006
   1.363499E-004
   3.724306E-004
   5.061703E-004
   4.215366E-004
   1.917095E-004
   1.588890E-005
   4.572101E-005
   2.527300E-004
   4.532330E-004
   4.696954E-004
   2.872737E-004
   6.751049E-005
   6.175442E-006
   1.599255E-004
   3.950712E-004
   5.047795E-004
   3.919630E-004
   1.559325E-004
   5.074664E-006
   7.208219E-005
   2.957223E-004
   4.750624E-004
   4.488178E-004
   2.401454E-004
   3.685900E-005
   2.356362E-005
   2.153995E-004
   4.429439E-004
   5.031422E-004
   3.417001E-004
   1.028204E-004
   3.780605E-007
   1.255306E-004
   3.641367E-004
   4.994215E-004
   4.081316E-004
   1.729145E-004
   8.292764E-006
   6.618139E-005
   2.970179E-004
   4.933581E-004
   4.775755E-004
   2.636046E-004
   4.505341E-005
   1.945902E-005
   2.082839E-004
   4.371755E-004
   4.953618E-004
   3.289938E-004
   9.118663E-005
   2.014152E-006
   1.461313E-004
   3.938906E-004
   5.193677E-004
   4.075992E-004
   1.606127E-004
   4.314796E-006
   8.107567E-005
   3.186386E-004
   4.965632E-004
   4.496844E-004
   2.211724E-004
   2.334756E-005
   4.156666E-005
   2.620267E-004
   4.832555E-004
   5.016699E-004
   3.000485E-004
   6.404057E-005
   1.062377E-005
   1.870654E-004
   4.271587E-004
   5.059720E-004
   3.495962E-004
   1.044126E-004
   7.010281E-007
   1.372868E-004
   3.883990E-004
   5.204604E-004
   4.102820E-004
   1.605304E-004
   3.818906E-006
   8.478200E-005
   3.245412E-004
   4.952413E-004
   4.349805E-004
   2.007941E-004
   1.503669E-005
   5.516276E-005
   2.852952E-004
   4.892914E-004
   4.747856E-004
   2.553690E-004
   3.796891E-005
   2.679136E-005
   2.296538E-004
   4.509456E-004
   4.783259E-004
   2.855079E-004
   5.749351E-005
   1.364943E-005
   1.974234E-004
   4.341135E-004
   4.977559E-004
   3.275512E-004
   8.611652E-005
   3.529683E-006
   1.563857E-004
   3.944393E-004
   4.859348E-004
   3.418312E-004
   1.022411E-004
   8.469743E-007
   1.379769E-004
   3.823754E-004
   4.977943E-004
   3.722878E-004
   1.273715E-004
   1.370737E-007
   1.124190E-004
   3.520419E-004
   4.826776E-004
   3.755306E-004
   1.360396E-004
   7.186992E-007
   1.045649E-004
   3.474357E-004
   4.915947E-004
   3.954075E-004
   1.531887E-004
   2.656458E-006
   9.048094E-005
   3.273890E-004
   4.767048E-004
   3.893355E-004
   1.522936E-004
   2.637129E-006
   9.148652E-005
   3.326854E-004
   4.875396E-004
   4.022012E-004
   1.613048E-004
   3.934107E-006
   8.508790E-005
   3.209041E-004
   4.729809E-004
   3.878212E-004
   1.512863E-004
   2.431319E-006
   9.275849E-005
   3.330114E-004
   4.823552E-004
   3.907449E-004
   1.502336E-004
   2.156536E-006
   9.354121E-005
   3.290780E-004
   4.682457E-004
   3.693513E-004
   1.331925E-004
   4.908700E-007
   1.070083E-004
   3.451826E-004
   4.732455E-004
   3.611234E-004
   1.227943E-004
   2.574810E-008
   1.158490E-004
   3.493793E-004
   4.599901E-004
   3.339398E-004
   1.009315E-004
   9.371256E-007
   1.376593E-004
   3.716684E-004
   4.632830E-004
   3.186603E-004
   8.609554E-005
   3.304366E-006
   1.528761E-004
   3.778921E-004
   4.446311E-004
   2.841572E-004
   6.301613E-005
   1.009838E-005
   1.792537E-004
   3.938745E-004
   4.307449E-004
   2.518793E-004
   4.324379E-005
   2.036110E-005
   2.037560E-004
   3.985681E-004
   3.993155E-004
   2.053375E-004
   2.118845E-005
   4.157823E-005
   2.465152E-004
   4.218841E-004
   3.840865E-004
   1.727931E-004
   9.067273E-006
   6.288211E-005
   2.747754E-004
   4.194326E-004
   3.438023E-004
   1.281825E-004
   7.781172E-007
   9.601827E-005
   3.124402E-004
   4.205429E-004
   3.060891E-004
   9.060062E-005
   1.259891E-006
   1.290975E-004
   3.331870E-004
   3.926873E-004
   2.436858E-004
   4.711181E-005
   1.505790E-005
   1.822286E-004
   3.684337E-004
   3.727778E-004
   1.904828E-004
   1.829609E-005
   4.213020E-005
   2.359967E-004
   3.898776E-004
   3.369707E-004
   1.345403E-004
   2.093719E-006
   8.333759E-005
   2.900356E-004
   3.976619E-004
   2.893295E-004
   8.280472E-005
   2.128102E-006
   1.335261E-004
   3.317818E-004
   3.793226E-004
   2.241817E-004
   3.651074E-005
   2.177648E-005
   1.954299E-004
   3.662431E-004
   3.465377E-004
   1.582073E-004
   8.010020E-006
   5.958092E-005
   2.535340E-004
   3.739036E-004
   2.872077E-004
   8.979715E-005
   6.993799E-007
   1.188501E-004
   3.136512E-004
   3.698509E-004
   2.257007E-004
   4.047527E-005
   1.715580E-005
   1.776760E-004
   3.401648E-004
   3.225025E-004
   1.449085E-004
   6.170143E-006
   6.097260E-005
   2.473727E-004
   3.567216E-004
   2.670889E-004
   7.887776E-005
   1.497531E-006
   1.188610E-004
   2.965722E-004
   3.339641E-004
   1.893836E-004
   2.575448E-005
   2.628343E-005
   1.885347E-004
   3.283954E-004
   2.882542E-004
   1.139283E-004
   1.344240E-006
   7.461579E-005
   2.469609E-004
   3.208501E-004
   2.124665E-004
   4.563662E-005
   9.769105E-006
   1.444047E-004
   2.952897E-004
   2.907334E-004
   1.364952E-004
   7.635535E-006
   4.807943E-005
   2.074591E-004
   3.007405E-004
   2.208130E-004
   6.012028E-005
   3.048850E-006
   1.139302E-004
   2.641702E-004
   2.809950E-004
   1.456631E-004
   1.342193E-005
   3.373269E-005
   1.789457E-004
   2.783005E-004
   2.162909E-004
   6.549226E-005
   1.132704E-006
   9.755310E-005
   2.426278E-004
   2.684732E-004
   1.457870E-004
   1.626986E-005
   2.673878E-005
   1.590620E-004
   2.537269E-004
   1.981221E-004
   5.854619E-005
   1.668983E-006
   9.812497E-005
   2.387786E-004
   2.617265E-004
   1.409140E-004
   1.541767E-005
   2.601255E-005
   1.517050E-004
   2.377872E-004
   1.805371E-004
   4.943562E-005
   2.908118E-006
   9.865278E-005
   2.242954E-004
   2.308205E-004
   1.101616E-004
   5.691136E-006
   4.275475E-005
   1.801427E-004
   2.584631E-004
   1.875326E-004
   5.044084E-005
   2.267147E-006
   8.623214E-005
   1.869774E-004
   1.747373E-004
   6.492504E-005
   1.741532E-008
   7.536421E-005
   2.191823E-004
   2.726569E-004
   1.758099E-004
   3.748985E-005
   6.527494E-006
   9.877984E-005
   1.858834E-004
   1.555753E-004
   4.754101E-005
   1.448026E-006
   8.274625E-005
   1.997330E-004
   2.134695E-004
   1.069328E-004
   7.324845E-006
   3.361998E-005
   1.536741E-004
   2.235232E-004
   1.605385E-004
   4.060040E-005
   3.233241E-006
   8.246134E-005
   1.697058E-004
   1.516488E-004
   5.164506E-005
   4.014627E-007
   7.262805E-005
   1.914784E-004
   2.192176E-004
   1.235512E-004
   1.613391E-005
   1.680812E-005
   1.104971E-004
   1.711509E-004
   1.205430E-004
   2.451056E-005
   8.582418E-006
   9.938909E-005
   1.896085E-004
   1.699873E-004
   6.436054E-005
   1.815963E-007
   5.150596E-005
   1.492642E-004
   1.691627E-004
   8.661310E-005
   5.813438E-006
   2.812555E-005
   1.252186E-004
   1.752554E-004
   1.157702E-004
   2.134308E-005
   9.372008E-006
   9.295506E-005
   1.654602E-004
   1.352752E-004
   4.074547E-005
   1.124580E-006
   6.612404E-005
   1.537311E-004
   1.538973E-004
   6.677025E-005
   1.396066E-006
   3.757174E-005
   1.259876E-004
   1.523263E-004
   8.295928E-005
   7.090821E-006
   2.245477E-005
   1.105147E-004
   1.599674E-004
   1.082925E-004
   2.097260E-005
   7.785836E-006
   8.328269E-005
   1.492678E-004
   1.209283E-004
   3.492805E-005
   1.537468E-006
   6.286794E-005
   1.392404E-004
   1.320929E-004
   5.074962E-005
   5.827016E-008
   4.514672E-005
   1.276350E-004
   1.411102E-004
   6.830816E-005
   3.038139E-006
   2.883344E-005
   1.112970E-004
   1.431220E-004
   8.314190E-005
   9.230492E-006
   1.682396E-005
   9.507530E-005
   1.414306E-004
   9.536047E-005
   1.708996E-005
   8.899998E-006
   8.168030E-005
   1.407240E-004
   1.092239E-004
   2.826182E-005
   2.861528E-006
   6.480955E-005
   1.316495E-004
   1.152213E-004
   3.726844E-005
   5.472754E-007
   5.367942E-005
   1.271365E-004
   1.245210E-004
   4.927699E-005
   1.282356E-007
   4.108809E-005
   1.172280E-004
   1.273980E-004
   5.806352E-005
   1.340575E-006
   3.302761E-005
   1.118669E-004
   1.337831E-004
   6.973254E-005
   4.411988E-006
   2.400586E-005
   1.017157E-004
   1.334463E-004
   7.662976E-005
   7.347430E-006
   1.903839E-005
   9.738837E-005
   1.386831E-004
   8.794050E-005
   1.259477E-005
   1.271383E-005
   8.726283E-005
   1.355298E-004
   9.233806E-005
   1.590513E-005
   9.901352E-006
   8.378756E-005
   1.393037E-004
   1.021073E-004
   2.192789E-005
   6.027533E-006
   7.495316E-005
   1.349302E-004
   1.045544E-004
   2.499105E-005
   4.481579E-006
   7.172314E-005
   1.365159E-004
   1.114830E-004
   3.037265E-005
   2.468168E-006
   6.458749E-005
   1.314059E-004
   1.116679E-004
   3.233534E-005
   1.817747E-006
   6.233619E-005
   1.321106E-004
   1.164098E-004
   3.654417E-005
   9.070088E-007
   5.722428E-005
   1.275677E-004
   1.151371E-004
   3.698287E-005
   8.020186E-007
   5.713804E-005
   1.295334E-004
   1.189899E-004
   3.987159E-005
   4.340637E-007
   5.418661E-005
   1.263346E-004
   1.169206E-004
   3.890699E-005
   5.558340E-007
   5.582917E-005
   1.292667E-004
   1.197571E-004
   4.032983E-005
   4.283814E-007
   5.459555E-005
   1.269648E-004
   1.166013E-004
   3.788575E-005
   7.752441E-007
   5.781345E-005
   1.305141E-004
   1.180990E-004
   3.774376E-005
   8.595963E-007
   5.799748E-005
   1.285150E-004
   1.134020E-004
   3.384561E-005
   1.657417E-006
   6.261105E-005
   1.319838E-004
   1.129298E-004
   3.207552E-005
   2.163966E-006
   6.401659E-005
   1.296317E-004
   1.062848E-004
   2.700200E-005
   3.822641E-006
   6.973011E-005
   1.320490E-004
   1.030989E-004
   2.370308E-005
   5.229480E-006
   7.230259E-005
   1.286519E-004
   9.402841E-005
   1.783477E-005
   8.502089E-006
   7.929123E-005
   1.296307E-004
   8.816050E-005
   1.381219E-005
   1.143176E-005
   8.266690E-005
   1.245481E-004
   7.703094E-005
   8.413543E-006
   1.702088E-005
   9.040111E-005
   1.234832E-004
   6.910189E-005
   5.009784E-006
   2.190400E-005
   9.372267E-005
   1.161061E-004
   5.683739E-005
   1.640107E-006
   3.009880E-005
   1.010229E-004
   1.121991E-004
   4.770521E-005
   2.374806E-007
   3.696325E-005
   1.031310E-004
   1.021958E-004
   3.568338E-005
   3.282561E-007
   4.740089E-005
   1.085395E-004
   9.519285E-005
   2.684056E-005
   2.098183E-006
   5.543074E-005
   1.078672E-004
   8.263077E-005
   1.677479E-005
   6.567328E-006
   6.695169E-005
   1.100040E-004
   7.314547E-005
   1.004416E-005
   1.203310E-005
   7.502143E-005
   1.060416E-004
   5.950920E-005
   3.865537E-006
   2.118134E-005
   8.670248E-005
   1.048342E-004
   4.906955E-005
   8.648927E-007
   3.027987E-005
   9.332258E-005
   9.678521E-005
   3.550397E-005
   1.534178E-007
   4.369203E-005
   1.028818E-004
   9.093022E-005
   2.532117E-005
   2.312697E-006
   5.517321E-005
   1.051604E-004
   7.799293E-005
   1.397375E-005
   8.574861E-006
   7.084419E-005
   1.093587E-004
   6.725762E-005
   6.632874E-006
   1.676336E-005
   8.182343E-005
   1.045201E-004
   5.091315E-005
   1.122936E-006
   3.004076E-005
   9.538758E-005
   1.002449E-004
   3.737020E-005
   9.459355E-008
   4.320437E-005
   1.013825E-004
   8.716607E-005
   2.193679E-005
   3.762792E-006
   6.020365E-005
   1.068398E-004
   7.386145E-005
   1.068089E-005
   1.156887E-005
   7.411540E-005
   1.033512E-004
   5.510036E-005
   2.382432E-006
   2.485043E-005
   8.842121E-005
   9.695853E-005
   3.764422E-005
   2.251485E-008
   4.018905E-005
   9.616725E-005
   8.253383E-005
   2.017151E-005
   4.040017E-006
   5.844950E-005
   1.002898E-004
   6.585995E-005
   7.675324E-006
   1.388697E-005
   7.383599E-005
   9.504243E-005
   4.501674E-005
   6.223635E-007
   2.985553E-005
   8.766538E-005
   8.535965E-005
   2.659875E-005
   1.238443E-006
   4.710734E-005
   9.247071E-005
   6.710419E-005
   1.035119E-005
   9.904905E-006
   6.635648E-005
   9.255295E-005
   4.821084E-005
   1.658701E-006
   2.385810E-005
   7.910601E-005
   8.113258E-005
   2.691051E-005
   7.959908E-007
   4.329973E-005
   8.841524E-005
   6.627896E-005
   1.128292E-005
   8.103424E-006
   6.028909E-005
   8.563779E-005
   4.457249E-005
   1.370271E-006
   2.348865E-005
   7.639877E-005
   7.766859E-005
   2.543028E-005
   8.203430E-007
   4.117149E-005
   8.228011E-005
   5.944375E-005
   8.660602E-006
   9.758845E-006
   6.108268E-005
   8.222666E-005
   4.015739E-005
   7.010758E-007
   2.496237E-005
   7.370882E-005
   6.969790E-005
   1.935548E-005
   2.263740E-006
   4.547115E-005
   8.091622E-005
   5.283288E-005
   5.469820E-006
   1.293694E-005
   6.236536E-005
   7.488011E-005
   3.065974E-005
   2.920091E-009
   3.160666E-005
   7.539867E-005
   6.205666E-005
   1.277663E-005
   5.264227E-006
   5.041616E-005
   7.561966E-005
   4.064295E-005
   1.413101E-006
   2.052043E-005
   6.746406E-005
   6.747843E-005
   2.064060E-005
   1.296870E-006
   3.930524E-005
   7.295209E-005
   4.817306E-005
   4.851217E-006
   1.242788E-005
   5.860269E-005
   6.937180E-005
   2.760901E-005
   2.744605E-008
   2.993680E-005
   6.824803E-005
   5.298634E-005
   8.895025E-006
   7.123901E-006
   5.048140E-005
   6.911210E-005
   3.311175E-005
   3.642465E-007
   2.289942E-005
   6.328709E-005
   5.574861E-005
   1.261617E-005
   3.964127E-006
   4.388041E-005
   6.774295E-005
   3.700155E-005
   1.380128E-006
   1.794687E-005
   5.878010E-005
   5.695689E-005
   1.553317E-005
   2.200476E-006
   3.876841E-005
   6.570869E-005
   3.924071E-005
   2.434964E-006
   1.464764E-005
   5.489772E-005
   5.679426E-005
   1.730162E-005
   1.317474E-006
   3.507480E-005
   6.326129E-005
   3.979735E-005
   3.105703E-006
   1.270423E-005
   5.174776E-005
   5.541199E-005
   1.773466E-005
   9.722935E-007
   3.269746E-005
   6.052634E-005
   3.868243E-005
   3.170892E-006
   1.189940E-005
   4.930251E-005
   5.286315E-005
   1.676064E-005
   1.010528E-006
   3.165420E-005
   5.776244E-005
   3.611636E-005
   2.615994E-006
   1.222522E-005
   4.785387E-005
   4.952827E-005
   1.452868E-005
   1.495818E-006
   3.223651E-005
   5.542467E-005
   3.244722E-005
   1.623455E-006
   1.378072E-005
   4.748354E-005
   4.563611E-005
   1.143175E-005
   2.605746E-006
   3.414742E-005
   5.316044E-005
   2.781748E-005
   5.891815E-007
   1.652920E-005
   4.775924E-005
   4.110285E-005
   7.931968E-006
   4.577194E-006
   3.687849E-005
   5.036487E-005
   2.235383E-005
   1.352431E-008
   2.034889E-005
   4.794635E-005
   3.560755E-005
   4.461909E-006
   7.669492E-006
   3.988294E-005
   4.643837E-005
   1.628031E-005
   4.458152E-007
   2.508853E-005
   4.740837E-005
   2.911070E-005
   1.622778E-006
   1.202811E-005
   4.256064E-005
   4.113258E-005
   1.025632E-005
   2.356488E-006
   3.010170E-005
   4.526754E-005
   2.174546E-005
   9.668877E-008
   1.759178E-005
   4.419890E-005
   3.428995E-005
   4.904105E-006
   6.160541E-006
   3.512102E-005
   4.134405E-005
   1.408319E-005
   6.095713E-007
   2.435120E-005
   4.440441E-005
   2.621941E-005
   1.151571E-006
   1.207989E-005
   3.941153E-005
   3.542475E-005
   7.100812E-006
   3.806861E-006
   3.144008E-005
   4.216056E-005
   1.742672E-005
   3.701125E-008
   1.967404E-005
   4.156017E-005
   2.734961E-005
   1.947398E-006
   9.875501E-006
   3.748345E-005
   3.673848E-005
   8.967859E-006
   2.377050E-006
   2.787925E-005
   4.036923E-005
   1.789710E-005
   4.636097E-010
   1.823438E-005
   4.080081E-005
   2.826990E-005
   2.565386E-006
   8.343958E-006
   3.478801E-005
   3.503071E-005
   8.684086E-006
   2.297226E-006
   2.725355E-005
   3.975403E-005
   1.788267E-005
   1.977431E-009
   1.707911E-005
   3.835814E-005
   2.600609E-005
   1.987039E-006
   9.027052E-006
   3.486782E-005
   3.389624E-005
   7.845154E-006
   2.629540E-006
   2.700210E-005
   3.728151E-005
   1.512451E-005
   1.040239E-007
   1.918631E-005
   3.860674E-005
   2.387896E-005
   1.163104E-006
   1.064972E-005
   3.501208E-005
   3.051410E-005
   5.222096E-006
   4.574578E-006
   3.001607E-005
   3.623793E-005
   1.213777E-005
   6.819907E-007
   2.202514E-005
   3.754546E-005
   1.926975E-005
   1.402979E-007
   1.481163E-005
   3.722899E-005
   2.726344E-005
   2.764498E-006
   7.485570E-006
   3.249526E-005
   3.246141E-005
   7.447309E-006
   2.780458E-006
   2.718526E-005
   3.687866E-005
   1.444078E-005
   1.788097E-007
   1.938184E-005
   3.687054E-005
   2.085323E-005
   4.516767E-007
   1.283839E-005
   3.581787E-005
   2.793129E-005
   3.428796E-006
   6.363250E-006
   3.086041E-005
   3.209163E-005
   7.825749E-006
   2.389271E-006
   2.592875E-005
   3.583977E-005
   1.416550E-005
   1.674614E-007
   1.886007E-005
   3.568894E-005
   1.979226E-005
   3.262637E-007
   1.309806E-005
   3.503018E-005
   2.620798E-005
   2.706493E-006
   7.136946E-006
   3.085536E-005
   3.009346E-005
   6.270230E-006
   3.286989E-006
   2.686845E-005
   3.395440E-005
   1.160491E-005
   6.294585E-007
   2.067661E-005
   3.442172E-005
   1.645867E-005
   6.631663E-009
   1.557712E-005
   3.468230E-005
   2.225409E-005
   1.122870E-006
   9.826653E-006
   3.173509E-005
   2.610963E-005
   3.419493E-006
   5.782921E-006
   2.896290E-005
   3.021296E-005
   7.264403E-006
   2.307110E-006
   2.391768E-005
   3.158299E-005
   1.105427E-005
   5.732814E-007
   1.967633E-005
   3.296666E-005
   1.584293E-005
   1.077591E-008
   1.445119E-005
   3.176616E-005
   1.950776E-005
   6.476857E-007
   1.056027E-005
   3.090275E-005
   2.379989E-005
   2.491961E-006
   6.524844E-006
   2.791482E-005
   2.633273E-005
   4.762181E-006
   3.857336E-006
   2.556940E-005
   2.933263E-005
   8.103702E-006
   1.572708E-006
   2.166706E-005
   3.028515E-005
   1.113020E-005
   4.429012E-007
   1.865318E-005
   3.168568E-005
   1.504501E-005
   5.572798E-010
   1.465887E-005
   3.101917E-005
   1.801411E-005
   3.339397E-007
   1.169919E-005
   3.087967E-005
   2.169667E-005
   1.478674E-006
   8.284311E-006
   2.887688E-005
   2.398273E-005
   2.926696E-006
   5.908239E-006
   2.750810E-005
   2.683483E-005
   5.167958E-006
   3.498776E-006
   2.462592E-005
   2.803869E-005
   7.220911E-006
   2.005351E-006
   2.248963E-005
   2.971365E-005
   9.946993E-006
   7.580105E-007
   1.925285E-005
   2.968022E-005
   1.203323E-005
   1.956774E-007
   1.687103E-005
   3.013960E-005
   1.465608E-005
   3.278221E-009
   1.381298E-005
   2.906566E-005
   1.633467E-005
   1.869319E-007
   1.165186E-005
   2.860086E-005
   1.848105E-005
   7.501442E-007
   9.120111E-006
   2.686112E-005
   1.953519E-005
   1.376151E-006
   7.426315E-006
   2.585801E-005
   2.107090E-005
   2.352150E-006
   5.539768E-006
   2.383005E-005
   2.148608E-005
   3.128009E-006
   4.364979E-006
   2.264179E-005
   2.246690E-005
   4.241441E-006
   3.077733E-006
   2.061175E-005
   2.235480E-005
   4.957560E-006
   2.351455E-006
   1.949184E-005
   2.293909E-005
   6.043592E-006
   1.538874E-006
   1.763179E-005
   2.246512E-005
   6.593803E-006
   1.138267E-006
   1.670929E-005
   2.282365E-005
   7.586625E-006
   6.686852E-007
   1.517553E-005
   2.229804E-005
   8.001066E-006
   4.869640E-007
   1.471363E-005
   2.290417E-005
   9.008011E-006
   2.453856E-007
   1.366295E-005
   2.264695E-005
   9.397874E-006
   1.728537E-007
   1.356624E-005
   2.352392E-005
   1.045873E-005
   5.920935E-008
   1.281310E-005
   2.345917E-005
   1.084236E-005
   3.573584E-008
   1.291860E-005
   2.447782E-005
   1.191546E-005
   1.665978E-009
   1.234509E-005
   2.448502E-005
   1.224307E-005
   5.868309E-011
   1.255089E-005
   2.548234E-005
   1.321546E-005
   1.252785E-008
   1.210551E-005
   2.544451E-005
   1.339565E-005
   1.463884E-008
   1.235794E-005
   2.626315E-005
   1.412528E-005
   4.178022E-008
   1.200818E-005
   2.604468E-005
   1.403063E-005
   3.287976E-008
   1.228257E-005
   2.653352E-005
   1.436635E-005
   4.823714E-008
   1.200364E-005
   2.598857E-005
   1.385126E-005
   2.242636E-008
   1.232895E-005
   2.605438E-005
   1.365835E-005
   1.569067E-008
   1.219545E-005
   2.519827E-005
   1.269726E-005
   4.806674E-012
   1.264523E-005
   2.493041E-005
   1.206121E-005
   7.337794E-009
   1.265960E-005
   2.383287E-005
   1.078563E-005
   7.022415E-008
   1.324218E-005
   2.331718E-005
   9.866032E-006
   1.564956E-007
   1.335938E-005
   2.201182E-005
   8.428445E-006
   3.811190E-007
   1.404299E-005
   2.129210E-005
   7.383230E-006
   6.114422E-007
   1.419654E-005
   1.980390E-005
   5.945396E-006
   1.068390E-006
   1.491574E-005
   1.890618E-005
   4.924360E-006
   1.482104E-006
   1.501476E-005
   1.725819E-005
   3.637167E-006
   2.207150E-006
   1.568841E-005
   1.622031E-005
   2.774024E-006
   2.797261E-006
   1.563307E-005
   1.446203E-005
   1.772177E-006
   3.772339E-006
   1.619027E-005
   1.336998E-005
   1.165651E-006
   4.518124E-006
   1.603200E-005
   1.168052E-005
   5.407969E-007
   5.749647E-006
   1.654746E-005
   1.062614E-005
   2.256720E-007
   6.647759E-006
   1.625621E-005
   8.996773E-006
   1.388817E-008
   8.091582E-006
   1.658010E-005
   7.915013E-006
   2.450005E-008
   9.081686E-006
   1.602702E-005
   6.343459E-006
   2.780416E-007
   1.063413E-005
   1.600530E-005
   5.248692E-006
   6.648887E-007
   1.159450E-005
   1.506946E-005
   3.809470E-006
   1.427923E-006
   1.307768E-005
   1.457048E-005
   2.799917E-006
   2.220689E-006
   1.381810E-005
   1.318119E-005
   1.650580E-006
   3.483648E-006
   1.497813E-005
   1.214661E-005
   9.072839E-007
   4.639631E-006
   1.524855E-005
   1.033487E-005
   2.670667E-007
   6.285814E-006
   1.579637E-005
   8.851412E-006
   1.894832E-008
   7.638206E-006
   1.534307E-005
   6.791740E-006
   1.165274E-007
   9.448064E-006
   1.504173E-005
   5.093000E-006
   5.827040E-007
   1.073997E-005
   1.371983E-005
   3.179712E-006
   1.597896E-006
   1.231209E-005
   1.250078E-005
   1.787036E-006
   2.841948E-006
   1.305220E-005
   1.040832E-005
   6.103899E-007
   4.662958E-006
   1.386093E-005
   8.524411E-006
   7.328208E-008
   6.386537E-006
   1.359778E-005
   6.126977E-006
   1.062564E-007
   8.517738E-006
   1.327403E-005
   4.171304E-006
   7.234730E-007
   1.008510E-005
   1.184963E-005
   2.205832E-006
   2.050064E-006
   1.176992E-005
   1.042183E-005
   9.225125E-007
   3.638200E-006
   1.243787E-005
   8.163465E-006
   1.127551E-007
   5.795242E-006
   1.297786E-005
   6.162135E-006
   5.043097E-008
   7.657459E-006
   1.228150E-005
   3.861372E-006
   7.240391E-007
   9.746441E-006
   1.144781E-005
   2.164289E-006
   1.892987E-006
   1.100395E-005
   9.611542E-006
   7.533418E-007
   3.743881E-006
   1.222368E-005
   7.882932E-006
   9.970809E-008
   5.603221E-006
   1.228949E-005
   5.587254E-006
   1.019001E-007
   7.876950E-006
   1.216754E-005
   3.696920E-006
   7.673994E-007
   9.580238E-006
   1.087026E-005
   1.824494E-006
   2.195763E-006
   1.131513E-005
   9.452963E-006
   6.433263E-007
   3.914119E-006
   1.198303E-005
   7.208886E-006
   2.372656E-008
   6.175659E-006
   1.236520E-005
   5.154596E-006
   1.937777E-007
   8.118458E-006
   1.148068E-005
   2.919249E-006
   1.191532E-006
   1.013705E-005
   1.026581E-005
   1.305693E-006
   2.720317E-006
   1.119124E-005
   8.057378E-006
   2.173522E-007
   4.897369E-006
   1.184907E-005
   5.853930E-006
   3.141923E-008
   6.957103E-006
   1.119066E-005
   3.382668E-006
   7.786529E-007
   9.124685E-006
   1.001238E-005
   1.494701E-006
   2.290913E-006
   1.042020E-005
   7.754022E-006
   2.326910E-007
   4.591852E-006
   1.116372E-005
   5.361262E-006
   6.071237E-008
   6.916305E-006
   1.050016E-005
   2.791906E-006
   1.049081E-006
   9.213052E-006
   9.069539E-006
   9.402468E-007
   2.944692E-006
   1.047665E-005
   6.592740E-006
   2.549184E-008
   5.579559E-006
   1.085071E-005
   4.020070E-006
   4.030581E-007
   8.066334E-006
   9.715767E-006
   1.628159E-006
   2.065177E-006
   1.013066E-005
   7.702663E-006
   2.384421E-007
   4.526934E-006
   1.086254E-005
   4.931153E-006
   1.366553E-007
   7.372741E-006
   1.037136E-005
   2.370642E-006
   1.404726E-006
   9.613281E-006
   8.423021E-006
   5.253632E-007
   3.799971E-006
   1.088566E-005
   5.791450E-006
   1.421414E-008
   6.535887E-006
   1.054098E-005
   2.967222E-006
   9.508069E-007
   9.050893E-006
   8.970672E-006
   8.992678E-007
   3.008377E-006
   1.040493E-005
   6.315442E-006
   7.621225E-009
   5.738778E-006
   1.053002E-005
   3.563544E-006
   5.541814E-007
   8.144488E-006
   9.029457E-006
   1.213860E-006
   2.403936E-006
   9.862787E-006
   6.701163E-006
   7.901919E-008
   4.835964E-006
   9.970863E-006
   3.791746E-006
   3.534173E-007
   7.418142E-006
   8.920973E-006
   1.474941E-006
   1.873411E-006
   8.935124E-006
   6.462936E-006
   1.200542E-007
   4.333520E-006
   9.454996E-006
   3.843237E-006
   2.326665E-007
   6.580745E-006
   8.166438E-006
   1.368808E-006
   1.748270E-006
   8.384225E-006
   6.105669E-006
   1.262385E-007
   3.912167E-006
   8.488610E-006
   3.287887E-006
   2.992933E-007
   6.363267E-006
   7.534111E-006
   1.146961E-006
   1.752597E-006
   7.663021E-006
   5.107418E-006
   2.659341E-008
   4.202220E-006
   8.008196E-006
   2.674430E-006
   4.752282E-007
   6.292461E-006
   6.472800E-006
   6.005918E-007
   2.400800E-006
   7.777689E-006
   4.281405E-006
   9.976125E-009
   4.768280E-006
   7.327435E-006
   1.686010E-006
   1.090122E-006
   7.070176E-006
   5.751821E-006
   1.976301E-007
   3.296100E-006
   7.695134E-006
   3.047329E-006
   2.928489E-007
   6.046139E-006
   6.961215E-006
   8.965125E-007
   1.996900E-006
   7.603226E-006
   4.504032E-006
   1.922798E-009
   4.821980E-006
   7.805042E-006
   1.973568E-006
   9.642779E-007
   7.074680E-006
   5.879181E-006
   1.939364E-007
   3.514269E-006
   8.185233E-006
   3.270770E-006
   2.823175E-007
   6.158797E-006
   6.982675E-006
   8.041854E-007
   2.259579E-006
   8.033140E-006
   4.583297E-006
   6.226035E-009
   4.974561E-006
   7.654857E-006
   1.694883E-006
   1.232093E-006
   7.461260E-006
   5.728739E-006
   1.148780E-007
   3.801954E-006
   7.952296E-006
   2.696037E-006
   5.377842E-007
   6.696814E-006
   6.648360E-006
   5.050687E-007
   2.765722E-006
   7.962057E-006
   3.700640E-006
   1.448738E-007
   5.849765E-006
   7.338726E-006
   1.079747E-006
   1.899242E-006
   7.752807E-006
   4.644768E-006
   2.778114E-009
   4.980200E-006
   7.803017E-006
   1.762158E-006
   1.205110E-006
   7.360408E-006
   5.471357E-006
   6.201383E-008
   4.121856E-006
   8.026348E-006
   2.475189E-006
   6.833803E-007
   6.813240E-006
   6.114991E-006
   2.678142E-007
   3.316789E-006
   8.004630E-006
   3.133923E-006
   3.305504E-007
   6.166578E-006
   6.530400E-006
   5.528913E-007
   2.612186E-006
   7.775450E-006
   3.669310E-006
   1.248612E-007
   5.494050E-006
   6.719518E-006
   8.508168E-007
   2.037185E-006
   7.410151E-006
   4.048822E-006
   2.876152E-008
   4.865984E-006
   6.728563E-006
   1.113806E-006
   1.594990E-006
   6.985089E-006
   4.281057E-006
   5.382223E-010
   4.311847E-006
   6.607682E-006
   1.319378E-006
   1.262644E-006
   6.534765E-006
   4.376774E-006
   7.736994E-009
   3.833098E-006
   6.378693E-006
   1.449553E-006
   1.021986E-006
   6.077624E-006
   4.337539E-006
   2.626165E-008
   3.437377E-006
   6.063304E-006
   1.490183E-006
   8.642125E-007
   5.646177E-006
   4.179572E-006
   3.885295E-008
   3.139193E-006
   5.703743E-006
   1.445356E-006
   7.792398E-007
   5.274194E-006
   3.939000E-006
   3.823355E-008
   2.942876E-006
   5.345045E-006
   1.337313E-006
   7.532200E-007
   4.977351E-006
   3.656321E-006
   2.718451E-008
   2.833541E-006
   5.013387E-006
   1.191656E-006
   7.794405E-007
   4.787429E-006
   3.384035E-006
   1.157664E-008
   2.859815E-006
   4.805341E-006
   1.035843E-006
   8.784535E-007
   4.777692E-006
   3.161484E-006
   5.888104E-010
   3.027786E-006
   4.708112E-006
   8.751505E-007
   1.047213E-006
   4.891262E-006
   2.955032E-006
   6.807068E-009
   3.307468E-006
   4.666833E-006
   7.074722E-007
   1.285520E-006
   5.074416E-006
   2.734328E-006
   4.456890E-008
   3.669937E-006
   4.626275E-006
   5.329518E-007
   1.591979E-006
   5.268983E-006
   2.470392E-006
   1.297770E-007
   4.077229E-006
   4.526785E-006
   3.559586E-007
   1.960259E-006
   5.407758E-006
   2.139514E-006
   2.794298E-007
   4.479343E-006
   4.308727E-006
   1.895089E-007
   2.374347E-006
   5.416709E-006
   1.730731E-006
   5.097527E-007
   4.811023E-006
   3.920467E-006
   5.794959E-008
   2.810053E-006
   5.226849E-006
   1.252748E-006
   8.377080E-007
   5.003069E-006
   3.321834E-006
   3.631296E-012
   3.254106E-006
   4.799436E-006
   7.486059E-007
   1.279110E-006
   5.011653E-006
   2.559917E-006
   7.581617E-008
   3.666949E-006
   4.160668E-006
   3.175548E-007
   1.813989E-006
   4.806561E-006
   1.739522E-006
   3.310850E-007
   3.986356E-006
   3.360728E-006
   5.156197E-008
   2.393064E-006
   4.374662E-006
   9.761127E-007
   7.763852E-007
   4.147419E-006
   2.475218E-006
   1.666408E-008
   2.942777E-006
   3.735059E-006
   3.836948E-007
   1.377029E-006
   4.094440E-006
   1.600569E-006
   2.379101E-007
   3.375771E-006
   2.942474E-006
   5.231566E-008
   2.053749E-006
   3.800025E-006
   8.429354E-007
   6.891385E-007
   3.610368E-006
   2.086587E-006
   2.728133E-008
   2.694141E-006
   3.278102E-006
   2.979167E-007
   1.296908E-006
   3.609222E-006
   1.285587E-006
   2.964352E-007
   3.222749E-006
   2.630488E-006
   2.716238E-008
   1.993480E-006
   3.419813E-006
   6.363574E-007
   8.165607E-007
   3.594913E-006
   1.919701E-006
   4.922024E-008
   2.698157E-006
   3.027174E-006
   1.874069E-007
   1.527051E-006
   3.729906E-006
   1.197484E-006
   3.710806E-007
   3.301449E-006
   2.433702E-006
   1.603683E-009
   2.334937E-006
   3.560515E-006
   5.554290E-007
   9.706260E-007
   3.676641E-006
   1.693342E-006
   1.384208E-007
   3.099906E-006
   3.055784E-006
   1.167714E-007
   1.769083E-006
   3.698369E-006
   9.199024E-007
   6.197949E-007
   3.648599E-006
   2.263833E-006
   1.053831E-008
   2.609840E-006
   3.289937E-006
   2.905365E-007
   1.386213E-006
   3.793920E-006
   1.325497E-006
   3.182734E-007
   3.268425E-006
   2.479100E-006
   3.356893E-009
   2.272990E-006
   3.426198E-006
   4.861613E-007
   1.020146E-006
   3.530465E-006
   1.451031E-006
   2.091457E-007
   3.049554E-006
   2.593566E-006
   2.760814E-008
   1.958655E-006
   3.252809E-006
   5.171172E-007
   9.181993E-007
   3.417438E-006
   1.496035E-006
   1.585142E-007
   2.811814E-006
   2.436000E-006
   2.271228E-008
   1.918855E-006
   3.162266E-006
   5.006836E-007
   8.771122E-007
   3.210465E-006
   1.328556E-006
   1.993256E-007
   2.811153E-006
   2.306145E-006
   1.162989E-008
   1.904535E-006
   2.918670E-006
   3.693552E-007
   1.003970E-006
   3.166491E-006
   1.165838E-006
   2.599283E-007
   2.761522E-006
   2.007836E-006
   2.551342E-010
   2.066550E-006
   2.759146E-006
   2.538858E-007
   1.129264E-006
   2.986380E-006
   8.829191E-007
   4.068919E-007
   2.828942E-006
   1.746254E-006
   1.857411E-008
   2.151217E-006
   2.420064E-006
   1.108653E-007
   1.371783E-006
   2.867545E-006
   6.368327E-007
   5.746053E-007
   2.769612E-006
   1.344925E-006
   1.069830E-007
   2.375392E-006
   2.131405E-006
   2.390454E-008
   1.614717E-006
   2.599846E-006
   3.407733E-007
   8.903484E-007
   2.813717E-006
   9.962284E-007
   2.677595E-007
   2.512119E-006
   1.691533E-006
   8.700520E-009
   1.999120E-006
   2.375539E-006
   1.356425E-007
   1.228898E-006
   2.673837E-006
   5.851719E-007
   5.805413E-007
   2.714415E-006
   1.298531E-006
   1.083541E-007
   2.276110E-006
   1.947959E-006
   7.625044E-009
   1.694801E-006
   2.525184E-006
   2.818209E-007
   9.411010E-007
   2.672390E-006
   8.062184E-007
   3.727409E-007
   2.572146E-006
   1.528489E-006
   3.089599E-008
   2.033901E-006
   2.099624E-006
   5.206624E-008
   1.420414E-006
   2.555459E-006
   4.182217E-007
   7.184694E-007
   2.576463E-006
   9.576952E-007
   2.430887E-007
   2.393144E-006
   1.637558E-006
   6.027655E-009
   1.843160E-006
   2.131574E-006
   8.878232E-008
   1.270569E-006
   2.520141E-006
   4.718082E-007
   6.362073E-007
   2.512103E-006
   9.920260E-007
   2.117431E-007
   2.324948E-006
   1.631954E-006
   4.552608E-009
   1.812247E-006
   2.105802E-006
   8.510115E-008
   1.271731E-006
   2.484743E-006
   4.429646E-007
   6.639449E-007
   2.494993E-006
   9.319056E-007
   2.438423E-007
   2.339753E-006
   1.541274E-006
   1.432804E-008
   1.877219E-006
   2.021935E-006
   5.373685E-008
   1.355199E-006
   2.402193E-006
   3.502866E-007
   7.628217E-007
   2.458324E-006
   7.885384E-007
   3.260866E-007
   2.357235E-006
   1.357312E-006
   4.520751E-008
   1.943015E-006
   1.820447E-006
   1.532322E-008
   1.459512E-006
   2.201707E-006
   2.196769E-007
   8.939526E-007
   2.319413E-006
   5.843270E-007
   4.364138E-007
   2.268279E-006
   1.079076E-006
   1.050899E-007
   1.925276E-006
   1.501733E-006
   1.128647E-010
   1.521315E-006
   1.891525E-006
   1.028958E-007
   9.988765E-007
   2.045738E-006
   3.644956E-007
   5.569080E-007
   2.059804E-006
   7.519634E-007
   2.006266E-007
   1.826391E-006
   1.116373E-006
   2.768428E-008
   1.529407E-006
   1.483886E-006
   1.931684E-008
   1.086956E-006
   1.661595E-006
   1.558498E-007
   7.078905E-007
   1.765860E-006
   4.195825E-007
   3.468701E-007
   1.653595E-006
   6.978529E-007
   1.240130E-007
   1.489733E-006
   1.014595E-006
   7.457714E-009
   1.173129E-006
   1.214828E-006
   1.904324E-008
   8.907169E-007
   1.397977E-006
   1.408775E-007
   5.608377E-007
   1.409788E-006
   3.089439E-007
   3.287041E-007
   1.409479E-006
   5.472696E-007
   1.305946E-007
   1.263023E-006
   7.452317E-007
   3.306973E-008
   1.136970E-006
   9.824472E-007
   6.556011E-010
   9.127698E-007
   1.127880E-006
   3.857779E-008
   7.334605E-007
   1.297251E-006
   1.532276E-007
   5.020929E-007
   1.343108E-006
   2.970067E-007
   3.342837E-007
   1.407717E-006
   5.179449E-007
   1.621383E-007
   1.339918E-006
   7.230525E-007
   6.053666E-008
   1.283000E-006
   9.886864E-007
   2.624572E-009
   1.107637E-006
   1.187304E-006
   1.432844E-008
   9.524342E-007
   1.421170E-006
   1.038831E-007
   7.128638E-007
   1.534528E-006
   2.422387E-007
   5.169792E-007
   1.653573E-006
   4.663104E-007
   2.967539E-007
   1.622590E-006
   6.916927E-007
   1.462731E-007
   1.582375E-006
   9.789667E-007
   3.284072E-008
   1.398855E-006
   1.200351E-006
   8.779074E-012
   1.225140E-006
   1.446692E-006
   4.051113E-008
   9.587934E-007
   1.574052E-006
   1.382373E-007
   7.363105E-007
   1.702363E-006
   3.116133E-007
   4.815480E-007
   1.689139E-006
   4.942302E-007
   2.965915E-007
   1.673105E-006
   7.319020E-007
   1.315460E-007
   1.529474E-006
   9.264680E-007
   4.119459E-008
   1.396760E-006
   1.149608E-006
   4.028097E-010
   1.171893E-006
   1.287469E-006
   1.781148E-008
   9.814817E-007
   1.436036E-006
   9.161624E-008
   7.425375E-007
   1.479147E-006
   1.917081E-007
   5.559428E-007
   1.526770E-006
   3.397735E-007
   3.598423E-007
   1.470226E-006
   4.774747E-007
   2.233910E-007
   1.424906E-006
   6.497183E-007
   1.035458E-007
   1.291003E-006
   7.793160E-007
   3.776317E-008
   1.180690E-006
   9.318170E-007
   2.327594E-009
   1.005758E-006
   1.020104E-006
   4.919784E-009
   8.708980E-007
   1.129267E-006
   4.102263E-008
   7.002589E-007
   1.168782E-006
   9.308029E-008
   5.758490E-007
   1.233564E-006
   1.782776E-007
   4.301239E-007
   1.227374E-006
   2.596016E-007
   3.287200E-007
   1.251512E-006
   3.752836E-007
   2.172122E-007
   1.204921E-006
   4.695658E-007
   1.452061E-007
   1.192820E-006
   6.000262E-007
   7.360011E-008
   1.112509E-006
   6.932573E-007
   3.438629E-008
   1.069649E-006
   8.241951E-007
   5.604385E-009
   9.631483E-007
   9.028628E-007
   9.419852E-011
   8.966676E-007
   1.019925E-006
   1.402664E-008
   7.745202E-007
   1.071841E-006
   3.958320E-008
   6.939086E-007
   1.161679E-006
   9.138901E-008
   5.689528E-007
   1.177047E-006
   1.407027E-007
   4.860849E-007
   1.229941E-006
   2.199428E-007
   3.720516E-007
   1.204160E-006
   2.809863E-007
   2.988106E-007
   1.216252E-006
   3.717655E-007
   2.083456E-007
   1.153021E-006
   4.287622E-007
   1.547502E-007
   1.131828E-006
   5.149956E-007
   9.387908E-008
   1.044949E-006
   5.571650E-007
   6.167189E-008
   1.003669E-006
   6.291252E-007
   2.841639E-008
   9.075552E-007
   6.517961E-007
   1.405811E-008
   8.586167E-007
   7.060843E-007
   2.314099E-009
   7.643553E-007
   7.097282E-007
   5.672651E-011
   7.167255E-007
   7.475737E-007
   2.816569E-009
   6.312518E-007
   7.359788E-007
   7.101005E-009
   5.899754E-007
   7.611625E-007
   1.840497E-008
   5.162788E-007
   7.392607E-007
   2.511470E-008
   4.832989E-007
   7.563728E-007
   4.087532E-008
   4.215250E-007
   7.287475E-007
   4.759624E-008
   3.966975E-007
   7.419821E-007
   6.561788E-008
   3.453061E-007
   7.121562E-007
   7.140078E-008
   3.272125E-007
   7.248792E-007
   9.094973E-008
   2.853239E-007
   6.982095E-007
   9.589539E-008
   2.750856E-007
   7.175251E-007
   1.173259E-007
   2.417281E-007
   6.966812E-007
   1.220157E-007
   2.366905E-007
   7.219435E-007
   1.458671E-007
   2.085320E-007
   7.049129E-007
   1.505863E-007
   2.064190E-007
   7.342346E-007
   1.768931E-007
   1.816690E-007
   7.190933E-007
   1.815114E-007
   1.812036E-007
   7.504899E-007
   2.097623E-007
   1.590676E-007
   7.358548E-007
   2.139584E-007
   1.594773E-007
   7.674692E-007
   2.434115E-007
   1.393447E-007
   7.515109E-007
   2.464761E-007
   1.400028E-007
   7.803556E-007
   2.752685E-007
   1.218369E-007
   7.609994E-007
   2.755094E-007
   1.228469E-007
   7.843493E-007
   3.006991E-007
   1.072876E-007
   7.609169E-007
   2.962814E-007
   1.091612E-007
   7.773467E-007
   3.149570E-007
   9.688457E-008
   7.510984E-007
   3.049589E-007
   1.006965E-007
   7.632872E-007
   3.154952E-007
   9.349154E-008
   7.408634E-007
   3.009337E-007
   1.003249E-007
   7.521925E-007
   3.040698E-007
   9.786973E-008
   7.348013E-007
   2.866135E-007
   1.075476E-007
   7.458513E-007
   2.839506E-007
   1.091581E-007
   7.326872E-007
   2.647982E-007
   1.214128E-007
   7.425456E-007
   2.575046E-007
   1.264720E-007
   7.309760E-007
   2.365244E-007
   1.416502E-007
   7.390698E-007
   2.255762E-007
   1.498617E-007
   7.269638E-007
   2.028807E-007
   1.684725E-007
   7.332555E-007
   1.897153E-007
   1.791372E-007
   7.182133E-007
   1.657505E-007
   2.014352E-007
   7.222635E-007
   1.517777E-007
   2.132927E-007
   7.013560E-007
   1.270606E-007
   2.395230E-007
   7.028766E-007
   1.136576E-007
   2.507637E-007
   6.734706E-007
   8.922928E-008
   2.810162E-007
   6.729068E-007
   7.739764E-008
   2.916855E-007
   6.371796E-007
   5.489385E-008
   3.283730E-007
   6.362729E-007
   4.470730E-008
   3.404456E-007
   5.967690E-007
   2.669312E-008
   3.816347E-007
   5.921208E-007
   1.888476E-008
   3.945942E-007
   5.489928E-007
   7.460448E-009
   4.373457E-007
   5.375946E-007
   3.201970E-009
   4.501922E-007
   4.906939E-007
   9.189699E-012
   4.919244E-007
   4.714592E-007
   9.418279E-010
   5.030754E-007
   4.211577E-007
   7.473862E-009
   5.417015E-007
   3.952105E-007
   1.516642E-008
   5.487085E-007
   3.428854E-007
   3.247748E-008
   5.815766E-007
   3.123914E-007
   4.762727E-008
   5.813569E-007
   2.604932E-007
   7.547949E-008
   6.045502E-007
   2.279190E-007
   9.734970E-008
   5.935172E-007
   1.793426E-007
   1.337213E-007
   6.028541E-007
   1.477233E-007
   1.597330E-007
   5.773133E-007
   1.051056E-007
   2.029314E-007
   5.732257E-007
   7.805379E-008
   2.313141E-007
   5.331186E-007
   4.459863E-008
   2.813674E-007
   5.177132E-007
   2.619253E-008
   3.084102E-007
   4.635647E-007
   7.477352E-009
   3.616329E-007
   4.371114E-007
   1.114865E-009
   3.837914E-007
   3.740082E-007
   2.105299E-009
   4.335576E-007
   3.381728E-007
   1.026313E-008
   4.468010E-007
   2.729739E-007
   3.246451E-008
   4.847094E-007
   2.316147E-007
   5.557959E-008
   4.846535E-007
   1.716512E-007
   9.591432E-008
   5.024980E-007
   1.307566E-007
   1.317622E-007
   4.863410E-007
   8.355829E-008
   1.824337E-007
   4.780815E-007
   5.061972E-008
   2.265064E-007
   4.463201E-007
   2.250576E-008
   2.765151E-007
   4.118747E-007
   5.899619E-009
   3.214656E-007
   3.677265E-007
   8.645701E-012
   3.589487E-007
   3.137626E-007
   5.729677E-009
   3.967123E-007
   2.635132E-007
   2.149578E-008
   4.151570E-007
   2.021449E-007
   5.166332E-008
   4.384434E-007
   1.532747E-007
   8.573237E-008
   4.323137E-007
   9.819193E-008
   1.362004E-007
   4.326627E-007
   5.977965E-008
   1.812711E-007
   4.011424E-007
   2.456942E-008
   2.406157E-007
   3.752728E-007
   6.293875E-009
   2.857766E-007
   3.235021E-007
   1.477121E-010
   3.379220E-007
   2.761323E-007
   8.880684E-009
   3.709804E-007
   2.156221E-007
   3.327476E-008
   3.996912E-007
   1.596902E-007
   6.935603E-008
   4.099028E-007
   1.054302E-007
   1.160957E-007
   4.043150E-007
   5.857765E-008
   1.712463E-007
   3.870199E-007
   2.523484E-008
   2.235400E-007
   3.464445E-007
   4.140828E-009
   2.817981E-007
   3.054713E-007
   4.079544E-010
   3.192118E-007
   2.416249E-007
   1.396130E-008
   3.619604E-007
   1.898008E-007
   3.882423E-008
   3.698765E-007
   1.240595E-007
   8.446272E-008
   3.853909E-007
   7.876564E-008
   1.278919E-007
   3.583507E-007
   3.284513E-008
   1.919977E-007
   3.415004E-007
   9.898730E-009
   2.362512E-007
   2.844528E-007
   6.101443E-011
   2.972597E-007
   2.421718E-007
   8.459627E-009
   3.220372E-007
   1.721682E-007
   3.891631E-008
   3.579258E-007
   1.223315E-007
   7.543178E-008
   3.485386E-007
   6.373654E-008
   1.347411E-007
   3.461755E-007
   2.883532E-008
   1.830520E-007
   3.008740E-007
   3.754909E-009
   2.471413E-007
   2.634467E-007
   8.351952E-010
   2.828901E-007
   1.963152E-007
   1.895573E-008
   3.248001E-007
   1.434605E-007
   4.971553E-008
   3.264211E-007
   8.064732E-008
   1.021869E-007
   3.285462E-007
   3.960493E-008
   1.499928E-007
   2.897824E-007
   8.094738E-009
   2.114365E-007
   2.533823E-007
   2.504019E-011
   2.505182E-007
   1.891504E-007
   1.357596E-008
   2.919597E-007
   1.346229E-007
   4.362257E-008
   2.980429E-007
   7.323106E-008
   9.528183E-008
   2.983225E-007
   3.187761E-008
   1.464359E-007
   2.612257E-007
   4.176064E-009
   2.088255E-007
   2.218709E-007
   1.364029E-009
   2.478244E-007
   1.569073E-007
   2.352268E-008
   2.859057E-007
   1.030749E-007
   6.114046E-008
   2.837141E-007
   4.640703E-008
   1.209316E-007
   2.751326E-007
   1.365670E-008
   1.737563E-007
   2.274914E-007
   1.220289E-011
   2.341346E-007
   1.798570E-007
   1.166224E-008
   2.635265E-007
   1.129948E-007
   4.989069E-008
   2.861257E-007
   6.163992E-008
   9.777899E-008
   2.660600E-007
   1.773265E-008
   1.622877E-007
   2.382578E-007
   7.838336E-010
   2.091645E-007
   1.772976E-007
   8.851236E-009
   2.558502E-007
   1.226402E-007
   3.817025E-008
   2.641183E-007
   6.076164E-008
   9.182892E-008
   2.629731E-007
   2.150193E-008
   1.441993E-007
   2.211909E-007
   5.644190E-010
   2.050610E-007
   1.759978E-007
   7.163430E-009
   2.370913E-007
   1.098222E-007
   4.165921E-008
   2.610535E-007
   5.824957E-008
   8.825067E-008
   2.420905E-007
   1.509461E-008
   1.515926E-007
   2.132718E-007
   1.759878E-010
   1.976300E-007
   1.525500E-007
   1.261581E-008
   2.402537E-007
   9.791280E-008
   4.655317E-008
   2.422486E-007
   4.081527E-008
   1.036404E-007
   2.315677E-007
   9.104320E-009
   1.545116E-007
   1.816322E-007
   1.028230E-009
   2.081042E-007
   1.308851E-007
   1.984121E-008
   2.258163E-007
   6.749792E-008
   6.559683E-008
   2.311019E-007
   2.517532E-008
   1.144011E-007
   1.936439E-007
   1.066351E-009
   1.714976E-007
   1.503448E-007
   6.224321E-009
   2.003076E-007
   8.708980E-008
   4.019785E-008
   2.183174E-007
   3.961671E-008
   8.563373E-008
   1.934681E-007
   5.502258E-009
   1.445224E-007
   1.583692E-007
   1.581651E-009
   1.807590E-007
   9.758537E-008
   2.768547E-008
   2.073808E-007
   4.846883E-008
   7.028196E-008
   1.907402E-007
   9.272985E-009
   1.293287E-007
   1.608159E-007
   3.750394E-010
   1.695589E-007
   1.022823E-007
   2.205813E-008
   2.000533E-007
   5.235843E-008
   6.321045E-008
   1.877878E-007
   1.112700E-008
   1.217085E-007
   1.596012E-007
   1.407170E-010
   1.633986E-007
   1.021852E-007
   2.015508E-008
   1.941639E-007
   5.193921E-008
   6.066917E-008
   1.824428E-007
   1.085822E-008
   1.178266E-007
   1.533853E-007
   1.978471E-010
   1.580090E-007
   9.628897E-008
   2.052128E-008
   1.855123E-007
   4.679939E-008
   6.076409E-008
   1.716625E-007
   8.409909E-009
   1.160942E-007
   1.406101E-007
   7.540845E-010
   1.536448E-007
   8.426917E-008
   2.436964E-008
   1.769510E-007
   3.713009E-008
   6.626676E-008
   1.588492E-007
   4.295744E-009
   1.205384E-007
   1.242229E-007
   2.968867E-009
   1.534438E-007
   6.821510E-008
   3.285191E-008
   1.693529E-007
   2.499004E-008
   7.706089E-008
   1.438767E-007
   7.717821E-010
   1.289928E-007
   1.043307E-007
   8.451395E-009
   1.540154E-007
   4.954327E-008
   4.601143E-008
   1.593736E-007
   1.282345E-008
   9.128333E-008
   1.246780E-007
   3.787746E-010
   1.377346E-007
   8.063787E-008
   1.864186E-008
   1.511987E-007
   3.013009E-008
   6.296043E-008
   1.431817E-007
   3.429828E-009
   1.058860E-007
   9.974719E-008
   5.427274E-009
   1.419361E-007
   5.412134E-008
   3.399276E-008
   1.407350E-007
   1.273969E-008
   8.227715E-008
   1.191182E-007
   4.219264E-011
   1.192161E-007
   7.025734E-008
   1.865747E-008
   1.417331E-007
   2.778312E-008
   5.743879E-008
   1.249132E-007
   1.458871E-009
   1.061146E-007
   8.983295E-008
   7.166000E-009
   1.321754E-007
   4.019479E-008
   4.309208E-008
   1.352352E-007
   7.463075E-009
   8.792833E-008
   1.011207E-007
   2.322701E-009
   1.290347E-007
   5.690355E-008
   2.825929E-008
   1.358146E-007
   1.434751E-008
   7.679223E-008
   1.164435E-007
   2.977600E-011
   1.176441E-007
   6.868773E-008
   1.943165E-008
   1.403684E-007
   2.506484E-008
   6.106904E-008
   1.222436E-007
   6.181800E-010
   1.108092E-007
   8.380211E-008
   1.036658E-008
   1.335823E-007
   3.301145E-008
   5.084486E-008
   1.304930E-007
   3.808233E-009
   9.479895E-008
   8.909189E-008
   5.977045E-009
   1.307363E-007
   4.369151E-008
   3.730395E-008
   1.256086E-007
   6.263031E-009
   8.745546E-008
   9.780352E-008
   2.280212E-009
   1.187520E-007
   4.650999E-008
   3.240213E-008
   1.279648E-007
   1.012867E-008
   7.592237E-008
   9.620481E-008
   1.440826E-009
   1.162958E-007
   5.176985E-008
   2.634164E-008
   1.222364E-007
   1.108582E-008
   7.254751E-008
   9.836028E-008
   6.822001E-010
   1.098495E-007
   5.163043E-008
   2.465143E-008
   1.207928E-007
   1.216469E-008
   6.842018E-008
   9.597583E-008
   5.749181E-010
   1.070923E-007
   5.120071E-008
   2.345678E-008
   1.170739E-007
   1.170055E-008
   6.693164E-008
   9.321970E-008
   6.015741E-010
   1.036127E-007
   4.814326E-008
   2.399408E-008
   1.140480E-007
   1.089370E-008
   6.464821E-008
   8.627049E-008
   1.130918E-009
   1.034000E-007
   4.613078E-008
   2.303116E-008
   1.038529E-007
   7.389307E-009
   6.915632E-008
   8.547045E-008
   1.002790E-009
   9.271596E-008
   3.499157E-008
   3.017495E-008
   1.086299E-007
   7.942135E-009
   6.039255E-008
   6.616860E-008
   4.662365E-009
   1.057556E-007
   3.816858E-008
   2.443027E-008
   8.377193E-008
   1.451558E-009
   8.046444E-008
   7.596364E-008
   2.405653E-009
   7.955963E-008
   1.731421E-008
   4.573936E-008
   1.044111E-007
   3.897886E-009
   5.695233E-008
   4.064574E-008
   1.613709E-008
   1.128025E-007
   2.741483E-008
   2.778778E-008
   5.841719E-008
   1.235679E-009
   1.001182E-007
   6.287119E-008
   5.736567E-009
   6.222483E-008
   2.571033E-009
   7.325965E-008
   9.708300E-008
   5.696030E-010
   5.124066E-008
   1.481144E-008
   4.260856E-008
   1.191044E-007
   1.494261E-008
