   7.496198E-282
   7.490543E-282
   7.473545E-282
   7.445110E-282
   7.405078E-282
   7.353233E-282
   7.289300E-282
   7.212954E-282
   7.123822E-282
   7.021493E-282
   6.905526E-282
   6.775458E-282
   6.630818E-282
   6.471141E-282
   6.295982E-282
   6.104936E-282
   5.897661E-282
   5.673898E-282
   5.433504E-282
   5.176482E-282
   4.903014E-282
   4.613509E-282
   4.308643E-282
   3.989414E-282
   3.657201E-282
   3.313830E-282
   2.961645E-282
   2.603598E-282
   2.243331E-282
   1.885287E-282
   1.534821E-282
   1.198325E-282
   8.833721E-283
   5.988678E-283
   3.552235E-283
   1.645441E-283
   4.083639E-284
   2.368366E-286
   6.126218E-284
   2.450839E-283
   5.758283E-283
   1.080905E-282
   1.791365E-282
   2.742290E-282
   3.973218E-282
   5.528604E-282
   7.458325E-282
   9.818214E-282
   1.267066E-281
   1.608524E-281
   2.013939E-281
   2.488921E-281
   3.034530E-281
   3.652860E-281
   4.344744E-281
   5.109492E-281
   5.944702E-281
   6.846078E-281
   7.807267E-281
   8.819727E-281
   9.872621E-281
   1.095275E-280
   1.204454E-280
   1.313006E-280
   1.418916E-280
   1.519960E-280
   1.613732E-280
   1.697680E-280
   1.769151E-280
   1.825444E-280
   1.863886E-280
   1.881912E-280
   1.877164E-280
   1.847612E-280
   1.791686E-280
   1.708431E-280
   1.597690E-280
   1.460299E-280
   1.298322E-280
   1.115300E-280
   9.165398E-281
   7.094280E-281
   5.037855E-281
   3.122528E-281
   1.507168E-281
   3.877850E-282
   2.647674E-284
   6.353798E-282
   2.525015E-281
   5.787108E-281
   1.045185E-280
   1.645747E-280
   2.364743E-280
   3.177113E-280
   4.048863E-280
   4.937966E-280
   5.795746E-280
   6.568805E-280
   7.201523E-280
   7.639197E-280
   7.831870E-280
   7.738905E-280
   7.334366E-280
   6.613251E-280
   5.598612E-280
   4.349685E-280
   2.971055E-280
   1.622929E-280
   5.325988E-281
   7.136737E-283
   4.474279E-281
   2.363588E-280
   6.389369E-280
   1.292543E-279
   2.190637E-279
   3.310658E-279
   4.605253E-279
   6.003449E-279
   7.413637E-279
   8.728248E-279
   9.830218E-279
   1.060138E-278
   1.093287E-278
   1.073778E-278
   9.966002E-279
   8.621668E-279
   6.783078E-279
   4.625430E-279
   2.446419E-279
   6.948939E-280
   2.715576E-282
   1.219979E-279
   5.453757E-279
   1.390339E-278
   2.653385E-278
   4.273731E-278
   6.143351E-278
   8.106129E-278
   9.968458E-278
   1.151471E-277
   1.252765E-277
   1.281390E-277
   1.223494E-277
   1.074358E-277
   8.426485E-278
   5.552922E-278
   2.629932E-278
   4.643691E-279
   2.320014E-279
   3.554005E-278
   1.258107E-277
   2.896183E-277
   5.151051E-277
   7.832424E-277
   1.065957E-276
   1.328139E-276
   1.531197E-276
   1.637760E-276
   1.617530E-276
   1.454335E-276
   1.154409E-276
   7.559677E-277
   3.401133E-277
   4.313569E-278
   7.024881E-278
   7.108237E-277
   2.353872E-276
   5.175959E-276
   8.843828E-276
   1.291605E-275
   1.681164E-275
   1.987352E-275
   2.145951E-275
   2.105725E-275
   1.842340E-275
   1.374745E-275
   7.841108E-276
   2.353872E-276
   1.580238E-278
   4.908203E-276
   2.276314E-275
   5.970524E-275
   1.117582E-274
   1.709764E-274
   2.274978E-274
   2.702358E-274
   2.886381E-274
   2.749256E-274
   2.267979E-274
   1.506106E-274
   6.503373E-275
   5.203694E-276
   2.737905E-275
   2.141144E-274
   6.765999E-274
   1.411777E-273
   2.275251E-273
   3.101837E-273
   3.707353E-273
   3.920832E-273
   3.626093E-273
   2.811994E-273
   1.631301E-273
   4.682761E-274
   1.507228E-275
   1.357154E-273
   6.067930E-273
   1.556876E-272
   2.792883E-272
   4.040386E-272
   4.998351E-272
   5.381722E-272
   4.992837E-272
   3.808598E-272
   2.082949E-272
   4.646363E-273
   1.303820E-273
   2.933663E-272
   1.156807E-271
   2.739402E-271
   4.615075E-271
   6.305506E-271
   7.321443E-271
   7.264677E-271
   5.966160E-271
   3.651123E-271
   1.130513E-271
   1.867414E-273
   2.977351E-271
   1.398624E-270
   3.640993E-270
   6.399193E-270
   8.866179E-270
   1.025518E-269
   9.956248E-270
   7.774807E-270
   4.216181E-270
   8.146394E-271
   5.063140E-271
   8.045927E-270
   3.041367E-269
   6.824002E-269
   1.082100E-268
   1.372758E-268
   1.440509E-268
   1.223574E-268
   7.566061E-269
   2.225165E-269
   1.158290E-270
   7.877234E-269
   3.561739E-268
   8.910043E-268
   1.483646E-267
   1.920134E-267
   2.018878E-267
   1.685342E-267
   9.851154E-268
   2.292888E-268
   7.166859E-269
   1.617579E-267
   6.533207E-267
   1.494436E-266
   2.326342E-266
   2.818480E-266
   2.723758E-266
   1.981453E-266
   8.439527E-267
   2.302773E-268
   8.549365E-267
   5.483917E-266
   1.618314E-265
   2.904133E-265
   3.835625E-265
   3.969338E-265
   3.113849E-265
   1.524753E-265
   1.315685E-266
   7.948373E-266
   6.592456E-265
   2.137223E-264
   4.029490E-264
   5.412102E-264
   5.589196E-264
   4.279639E-264
   1.929508E-264
   7.539988E-266
   1.755232E-264
   1.196472E-263
   3.579258E-263
   6.286907E-263
   7.923973E-263
   7.544508E-263
   5.007912E-263
   1.499275E-263
   1.271752E-264
   6.594407E-263
   2.987229E-262
   6.988692E-262
   1.038211E-261
   1.131720E-261
   8.921565E-262
   4.040995E-262
   1.259375E-263
   4.233296E-262
   2.813730E-261
   8.185600E-261
   1.369362E-260
   1.611825E-260
   1.367805E-260
   7.026828E-261
   5.979168E-262
   4.128720E-261
   3.435448E-260
   1.092303E-259
   1.909515E-259
   2.282161E-259
   1.930940E-259
   9.583817E-260
   5.763388E-261
   7.488743E-260
   5.641478E-259
   1.707242E-258
   2.843527E-258
   3.223056E-258
   2.502667E-258
   9.950258E-259
   3.561058E-263
   2.177459E-258
   1.194392E-257
   3.000203E-257
   4.378275E-257
   4.367442E-257
   2.762134E-257
   5.609852E-258
   5.009350E-258
   7.651556E-257
   2.883956E-256
   5.425038E-256
   6.489931E-256
   5.156171E-256
   2.027107E-256
   4.376151E-259
   5.155625E-256
   2.756627E-255
   6.594113E-255
   9.058768E-255
   8.204768E-255
   4.151866E-255
   1.929666E-256
   4.075717E-255
   2.940940E-254
   8.335053E-254
   1.252943E-253
   1.211998E-253
   6.729902E-254
   5.883239E-255
   4.445919E-254
   3.768412E-253
   1.142180E-252
   1.765884E-252
   1.717964E-252
   9.372545E-253
   6.654921E-254
   7.424403E-253
   5.912731E-252
   1.718674E-251
   2.547622E-251
   2.338606E-251
   1.111406E-251
   1.405208E-253
   1.765872E-251
   1.110545E-250
   2.778847E-250
   3.689349E-250
   2.962825E-250
   1.002573E-250
   9.170104E-252
   5.075475E-250
   2.329993E-249
   4.596899E-249
   5.128713E-249
   3.219933E-249
   4.267358E-250
   1.526196E-249
   1.557023E-248
   4.889655E-248
   7.284240E-248
   6.318239E-248
   2.409006E-248
   7.877646E-250
   9.464625E-248
   4.644014E-247
   9.309078E-247
   1.014191E-246
   5.822745E-247
   3.814542E-248
   5.356682E-247
   4.206398E-246
   1.131824E-245
   1.478759E-245
   1.064020E-245
   2.145102E-246
   2.839592E-246
   3.995328E-245
   1.369927E-244
   2.067960E-244
   1.705125E-244
   5.101039E-245
   1.524802E-245
   4.242837E-244
   1.719174E-243
   2.867451E-243
   2.545448E-243
   8.880641E-244
   1.099407E-244
   5.239269E-243
   2.307420E-242
   4.018677E-242
   3.632409E-242
   1.275729E-242
   1.635351E-243
   7.680768E-242
   3.357251E-241
   5.726830E-241
   4.979141E-241
   1.524644E-241
   4.804407E-242
   1.327469E-240
   5.254914E-240
   8.237203E-240
   6.463830E-240
   1.385883E-240
   1.797724E-240
   2.621393E-239
   8.615462E-239
   1.171117E-238
   7.639975E-239
   6.522171E-240
   6.679146E-239
   5.640993E-238
   1.422442E-237
   1.587680E-237
   7.514757E-238
   1.837815E-240
   2.312119E-237
   1.228445E-236
   2.258427E-236
   1.933543E-236
   4.769908E-237
   4.379308E-237
   7.433702E-236
   2.485782E-235
   3.263827E-235
   1.879306E-235
   3.392729E-237
   3.344567E-235
   2.160973E-234
   4.399652E-234
   3.950198E-234
   1.024837E-234
   8.521035E-235
   1.524691E-233
   5.067672E-233
   6.421934E-233
   3.316970E-233
   1.184074E-237
   9.428798E-233
   5.146953E-232
   9.062728E-232
   6.835643E-232
   8.283561E-233
   5.006642E-232
   4.766149E-231
   1.173082E-230
   1.157799E-230
   3.408354E-231
   1.998482E-231
   4.258370E-230
   1.443415E-229
   1.768395E-229
   7.883284E-230
   3.698433E-231
   3.879425E-229
   1.739545E-228
   2.552975E-228
   1.450998E-228
   2.687999E-231
   3.733891E-228
   2.112445E-227
   3.585183E-227
   2.368798E-227
   7.667181E-229
   3.923510E-227
   2.651879E-226
   4.991062E-226
   3.594106E-226
   2.184014E-227
   4.655604E-226
   3.507764E-225
   6.969411E-225
   5.177885E-225
   3.545705E-226
   6.391981E-225
   4.936985E-224
   9.811686E-224
   7.130173E-224
   3.758878E-225
   1.018961E-223
   7.390077E-223
   1.390534E-222
   9.334239E-223
   1.927000E-224
   1.849937E-222
   1.164344E-221
   1.967709E-221
   1.138994E-221
   3.713255E-225
   3.702474E-221
   1.894326E-220
   2.738281E-220
   1.240190E-220
   1.215571E-221
   7.893654E-220
   3.103063E-219
   3.660298E-219
   1.090889E-219
   9.157857E-220
   1.732112E-218
   4.973659E-218
   4.530502E-218
   5.722729E-219
   4.043410E-218
   3.737846E-217
   7.560634E-217
   4.866139E-217
   6.629901E-220
   1.416550E-216
   7.520947E-216
   1.049097E-215
   3.915829E-216
   1.555315E-216
   4.320420E-215
   1.352909E-214
   1.251429E-214
   1.368348E-215
   1.325484E-214
   1.135848E-213
   2.101652E-213
   1.128445E-213
   4.430624E-215
   5.955169E-213
   2.428569E-212
   2.667962E-212
   4.952080E-213
   1.779130E-212
   1.972947E-211
   4.101538E-211
   2.405282E-211
   3.979138E-213
   1.108576E-210
   4.735304E-210
   5.211196E-210
   8.693837E-211
   4.093660E-210
   4.185562E-209
   8.087411E-209
   4.110441E-209
   4.230743E-210
   2.833872E-208
   1.008058E-207
   9.275732E-208
   5.900210E-209
   1.487381E-207
   1.042601E-206
   1.554309E-206
   4.889230E-207
   5.118036E-207
   9.049943E-206
   2.182335E-205
   1.336564E-205
   3.122258E-207
   6.749675E-205
   2.694106E-204
   2.580447E-204
   1.562432E-205
   4.413930E-204
   2.996344E-203
   4.177040E-203
   1.000344E-203
   2.420258E-203
   3.060496E-202
   6.071355E-202
   2.687090E-202
   9.322621E-203
   2.938763E-201
   8.215352E-201
   5.363892E-201
   1.084369E-202
   2.726722E-200
   1.059686E-199
   9.228410E-200
   1.264641E-201
   2.503247E-199
   1.326821E-198
   1.455241E-198
   1.185792E-199
   2.319354E-198
   1.641533E-197
   2.180202E-197
   3.549238E-198
   2.187862E-197
   2.027499E-196
   3.139980E-196
   7.282786E-197
   2.216047E-196
   2.577500E-195
   4.530517E-195
   1.367055E-195
   2.181443E-195
   3.213630E-194
   6.043797E-194
   1.791915E-194
   3.358469E-194
   4.815122E-193
   9.912107E-193
   4.434672E-193
   1.562102E-193
   4.543686E-192
   8.026301E-192
   4.712011E-193
   2.247554E-191
   1.783149E-190
   4.294157E-190
   4.991589E-190
   2.949316E-190
   6.465393E-191
   1.403469E-189
   2.088233E-188
   1.145348E-187
   4.014654E-187
   1.286038E-186
   3.695146E-186
   9.116120E-186
   2.282482E-185
   9.520958E-185
   3.861901E-184
   1.215905E-183
   3.543321E-183
   1.305623E-182
   4.413195E-182
   1.224623E-181
   3.568977E-181
   1.379272E-180
   4.726501E-180
   1.318365E-179
   4.060005E-179
   1.515578E-178
   4.875654E-178
   1.311189E-177
   4.261677E-177
   1.566815E-176
   4.846562E-176
   1.300493E-175
   4.442675E-175
   1.569264E-174
   4.606008E-174
   1.259000E-173
   4.455462E-173
   1.504776E-172
   4.207424E-172
   1.211082E-171
   4.322384E-171
   1.381697E-170
   3.708960E-170
   1.147241E-169
   4.022779E-169
   1.211979E-168
   3.218398E-168
   1.063918E-167
   3.580836E-167
   1.014224E-166
   2.790098E-166
   9.550369E-166
   3.037050E-165
   8.148398E-165
   2.417588E-164
   8.224329E-164
   2.448195E-163
   6.442060E-163
   2.064510E-162
   6.745040E-162
   1.874192E-161
   5.137270E-161
   1.707917E-160
   5.243227E-160
   1.380160E-159
   4.119312E-159
   1.349645E-158
   3.852465E-158
   1.015312E-157
   3.247486E-157
   1.009541E-156
   2.687249E-156
   7.605892E-156
   2.460354E-155
   7.112534E-155
   1.844729E-154
   5.685421E-154
   1.764324E-153
   4.724141E-153
   1.295429E-152
   4.112089E-152
   1.188239E-151
   3.057941E-151
   9.178448E-151
   2.815887E-150
   7.512128E-150
   2.029266E-149
   6.320834E-149
   1.805634E-148
   4.617329E-148
   1.366321E-147
   4.116011E-147
   1.083823E-146
   2.921231E-146
   8.940644E-146
   2.501031E-145
   6.364528E-145
   1.874647E-144
   5.511664E-144
   1.422725E-143
   3.869997E-143
   1.162595E-142
   3.157727E-142
   8.048271E-142
   2.369163E-141
   6.750861E-141
   1.706298E-140
   4.728200E-140
   1.386603E-139
   3.631356E-139
   9.395973E-139
   2.753039E-138
   7.540351E-138
   1.884450E-137
   5.330362E-137
   1.511135E-136
   3.813394E-136
   1.017533E-135
   2.930434E-135
   7.654133E-135
   1.936638E-134
   5.528718E-134
   1.497119E-133
   3.700714E-133
   1.021590E-132
   2.840432E-132
   7.082946E-132
   1.862589E-131
   5.240583E-131
   1.342255E-130
   3.374328E-130
   9.439934E-130
   2.489430E-129
   6.100812E-129
   1.667478E-128
   4.499716E-128
   1.100371E-127
   2.901515E-127
   7.935851E-127
   1.969179E-126
   4.994308E-126
   1.369014E-125
   3.470601E-125
   8.529934E-125
   2.316235E-124
   5.993545E-124
   1.447341E-123
   3.853455E-123
   1.012907E-122
   2.437412E-122
   6.318970E-122
   1.676787E-121
   4.062671E-121
   1.023346E-120
   2.723157E-120
   6.679238E-120
   1.638954E-119
   4.345192E-119
   1.080128E-118
   2.597476E-118
   6.821481E-118
   1.715774E-117
   4.073172E-117
   1.054839E-116
   2.676858E-116
   6.315507E-116
   1.608177E-115
   4.104013E-115
   9.672196E-115
   2.418865E-114
   6.187795E-114
   1.461513E-113
   3.590867E-113
   9.181662E-113
   2.176874E-112
   5.262323E-112
   1.341641E-111
   3.194033E-111
   7.612896E-111
   1.931607E-110
   4.615446E-110
   1.087194E-109
   2.741504E-109
   6.568330E-109
   1.532397E-108
   3.836895E-108
   9.206660E-108
   2.131268E-107
   5.296442E-107
   1.271249E-106
   2.924211E-106
   7.212128E-106
   1.729526E-105
   3.957298E-105
   9.688482E-105
   2.318854E-104
   5.281340E-104
   1.284050E-103
   3.064359E-103
   6.950285E-103
   1.679002E-102
   3.991904E-102
   9.018870E-102
   2.166031E-101
   5.126643E-101
   1.153954E-100
   2.756885E-100
   6.491148E-100
   1.455873E-099
   3.461831E-099
   8.103165E-099
   1.811262E-098
   4.288603E-098
   9.973095E-098
   2.222272E-097
   5.241241E-097
   1.210140E-096
   2.689153E-096
   6.318890E-096
   1.447620E-095
   3.209862E-095
   7.514637E-095
   1.707147E-094
   3.779748E-094
   8.814512E-094
   1.984616E-093
   4.391327E-093
   1.019675E-092
   2.274489E-092
   5.034254E-092
   1.163198E-091
   2.570218E-091
   5.695758E-091
   1.308378E-090
   2.864442E-090
   6.360116E-090
   1.450823E-089
   3.149381E-089
   7.009084E-089
   1.585619E-088
   3.417347E-088
   7.622394E-088
   1.707598E-087
   3.661062E-087
   8.178415E-087
   1.811751E-086
   3.873794E-086
   8.655064E-086
   1.893793E-085
   4.049331E-085
   9.030986E-085
   1.950778E-084
   4.181910E-084
   9.286958E-084
   1.981520E-083
   4.266224E-083
   9.407480E-083
   1.986542E-082
   4.297604E-082
   9.382701E-082
   1.967527E-081
   4.272415E-081
   9.211089E-081
   1.926551E-080
   4.188597E-080
   8.902582E-080
   1.865500E-079
   4.046242E-079
   8.479421E-079
   1.785880E-078
   3.848103E-078
   7.971617E-078
   1.689006E-077
   3.600175E-077
   7.408739E-077
   1.576378E-076
   3.312703E-076
   6.813457E-076
   1.450051E-075
   3.000684E-075
   6.200200E-075
   1.312890E-074
   2.681374E-074
   5.577794E-074
   1.168692E-073
   2.369224E-073
   4.952996E-073
   1.022485E-072
   2.072745E-072
   4.333411E-072
   8.804853E-072
   1.795108E-071
   3.728734E-071
   7.484844E-071
   1.536705E-070
   3.151430E-070
   6.298128E-070
   1.297417E-069
   2.617511E-069
   5.250120E-069
   1.077738E-068
   2.142960E-068
   4.330298E-068
   8.790814E-068
   1.735761E-067
   3.524919E-067
   7.040021E-067
   1.393337E-066
   2.823385E-066
   5.552668E-066
   1.107236E-065
   2.219630E-065
   4.332447E-065
   8.684741E-065
   1.712281E-064
   3.351041E-064
   6.699795E-064
   1.300985E-063
   2.565902E-063
   5.068951E-063
   9.784132E-063
   1.937986E-062
   3.762842E-062
   7.295813E-062
   1.437882E-061
   2.754329E-061
   5.381634E-061
   1.045288E-060
   1.997794E-060
   3.909305E-060
   7.463047E-060
   1.436381E-059
   2.784576E-059
   5.266921E-059
   1.019834E-058
   1.943162E-058
   3.687035E-058
   7.112278E-058
   1.335632E-057
   2.554461E-057
   4.854733E-057
   9.098229E-057
   1.741789E-056
   3.253168E-056
   6.142935E-056
   1.162651E-055
   2.156205E-055
   4.089627E-055
   7.599702E-055
   1.417452E-054
   2.667204E-054
   4.901523E-054
   9.202119E-054
   1.700551E-053
   3.135240E-053
   5.857021E-053
   1.067239E-052
   1.982670E-052
   3.640275E-052
   6.638899E-052
   1.229988E-051
   2.222300E-051
   4.085487E-051
   7.444338E-051
   1.343661E-050
   2.466948E-050
   4.417633E-050
   8.038330E-050
   1.451893E-049
   2.594272E-049
   4.717176E-049
   8.366064E-049
   1.507003E-048
   2.694810E-048
   4.767075E-048
   8.579043E-048
   1.505523E-047
   2.684909E-047
   4.746668E-047
   8.312220E-047
   1.479312E-046
   2.566051E-046
   4.529907E-046
   7.904743E-046
   1.370036E-045
   2.408213E-045
   4.124746E-045
   7.204397E-045
   1.238559E-044
   2.124050E-044
   3.680918E-044
   6.218902E-044
   1.073565E-043
   1.814199E-043
   3.076880E-043
   5.242285E-043
   8.727439E-043
   1.485913E-042
   2.461521E-042
   4.123774E-042
   6.878835E-042
   1.127059E-041
   1.885078E-041
   3.050993E-041
   5.035412E-041
   8.173058E-041
   1.315033E-040
   2.145296E-040
   3.376959E-040
   5.457917E-040
   8.538796E-040
   1.342385E-039
   2.107967E-039
   3.201725E-039
   4.999208E-039
   7.414795E-039
   1.123713E-038
   1.653182E-038
   2.376055E-038
   3.462327E-038
   4.680616E-038
   6.549486E-038
   8.371244E-038
   1.058741E-037
   1.265543E-037
   1.308379E-037
   1.317791E-037
   8.454179E-038
   3.491554E-038
   2.433280E-039
   1.842244E-037
   1.015284E-036
   3.959383E-036
   1.095879E-035
   2.985970E-035
   7.013727E-035
   1.615058E-034
   3.552132E-034
   7.436066E-034
   1.565537E-033
   3.115397E-033
   6.290468E-033
   1.221773E-032
   2.371077E-032
   4.544274E-032
   8.545679E-032
   1.616704E-031
   2.979401E-031
   5.542533E-031
   1.010313E-030
   1.843946E-030
   3.339358E-030
   5.990405E-030
   1.077539E-029
   1.908820E-029
   3.401388E-029
   5.978751E-029
   1.053082E-028
   1.841835E-028
   3.206707E-028
   5.582134E-028
   9.626137E-028
   1.665406E-027
   2.852385E-027
   4.896300E-027
   8.346194E-027
   1.420469E-026
   2.411526E-026
   4.071844E-026
   6.881207E-026
   1.154405E-025
   1.939865E-025
   3.238246E-025
   5.406113E-025
   8.987939E-025
   1.490493E-024
   2.468269E-024
   4.068173E-024
   6.707189E-024
   1.099717E-023
   1.803877E-023
   2.944707E-023
   4.803423E-023
   7.810592E-023
   1.266958E-022
   2.052143E-022
   3.311396E-022
   5.341247E-022
   8.578442E-022
   1.377383E-021
   2.202934E-021
   3.519953E-021
   5.607850E-021
   8.916494E-021
   1.415115E-020
   2.239349E-020
   3.539954E-020
   5.576835E-020
   8.778965E-020
   1.377294E-019
   2.158605E-019
   3.373238E-019
   5.263078E-019
   8.193053E-019
   1.272609E-018
   1.973433E-018
   3.051973E-018
   4.713935E-018
   7.259767E-018
   1.116720E-017
   1.712898E-017
   2.623763E-017
   4.008720E-017
   6.114310E-017
   9.305511E-017
   1.413297E-016
   2.142544E-016
   3.240391E-016
   4.892966E-016
   7.369652E-016
   1.108328E-015
   1.662579E-015
   2.490120E-015
   3.720462E-015
   5.549214E-015
   8.258126E-015
   1.226601E-014
   1.818131E-014
   2.689275E-014
   3.970243E-014
   5.848210E-014
   8.599122E-014
   1.261556E-013
   1.847683E-013
   2.699969E-013
   3.938609E-013
   5.732544E-013
   8.328549E-013
   1.207360E-012
   1.746930E-012
   2.522264E-012
   3.634373E-012
   5.226049E-012
   7.498921E-012
   1.073867E-011
   1.534440E-011
   2.188196E-011
   3.113492E-011
   4.421258E-011
   6.264071E-011
   8.857154E-011
   1.249510E-010
   1.759119E-010
   2.470926E-010
   3.463477E-010
   4.843707E-010
   6.759394E-010
   9.411417E-010
   1.307504E-009
   1.812387E-009
   2.506560E-009
   3.458796E-009
   4.761804E-009
   6.540858E-009
   8.963564E-009
   1.225567E-008
   1.671712E-008
   2.275028E-008
   3.088646E-008
   4.183484E-008
   5.652664E-008
   7.619791E-008
   1.024631E-007
   1.374522E-007
   1.839332E-007
   2.455343E-007
   3.269475E-007
   4.342808E-007
   5.753948E-007
   7.604503E-007
   1.002458E-006
   1.318118E-006
   1.728758E-006
   2.261587E-006
   2.951073E-006
   3.840858E-006
   4.985967E-006
   6.455568E-006
   8.336354E-006
   1.073652E-005
   1.379082E-005
   1.766622E-005
   2.256926E-005
   2.875400E-005
   3.653249E-005
   4.628570E-005
   5.847807E-005
   7.367225E-005
   9.254874E-005
   1.159254E-004
   1.447832E-004
   1.802912E-004
   2.238392E-004
   2.770694E-004
   3.419153E-004
   4.206404E-004
   5.158830E-004
   6.307016E-004
   7.686218E-004
   9.336871E-004
   1.130504E-003
   1.364293E-003
   1.640924E-003
   1.966964E-003
   2.349686E-003
   2.797107E-003
   3.317959E-003
   3.921698E-003
   4.618417E-003
   5.418815E-003
   6.334032E-003
   7.375559E-003
   8.554964E-003
   9.883738E-003
   1.137289E-002
   1.303272E-002
   1.487227E-002
   1.689901E-002
   1.911819E-002
   2.153242E-002
   2.414095E-002
   2.693922E-002
   2.991837E-002
   3.306546E-002
   3.636116E-002
   3.978009E-002
   4.329039E-002
   4.685362E-002
   5.042462E-002
   5.395180E-002
   5.737742E-002
   6.063843E-002
   6.366740E-002
   6.639386E-002
   6.874595E-002
   7.065241E-002
   7.204474E-002
   7.285983E-002
   7.304245E-002
   7.254817E-002
   7.134592E-002
   6.942077E-002
   6.677603E-002
   6.343544E-002
   5.944412E-002
   5.486965E-002
   4.980130E-002
   4.434945E-002
   3.864271E-002
   3.282537E-002
   2.705239E-002
   2.148478E-002
   1.628296E-002
   1.160062E-002
   7.577268E-003
   4.331631E-003
   1.954784E-003
   5.045224E-004
   6.324620E-007
   4.218991E-004
   1.704953E-003
   3.745306E-003
   6.400729E-003
   9.496941E-003
   1.283559E-002
   1.620408E-002
   1.938706E-002
   2.217855E-002
   2.439478E-002
   2.588559E-002
   2.654557E-002
   2.632147E-002
   2.521836E-002
   2.330073E-002
   2.069017E-002
   1.755784E-002
   1.411565E-002
   1.060161E-002
   7.264261E-003
   4.344160E-003
   2.056050E-003
   5.714031E-004
   3.969015E-006
   3.988630E-004
   1.726768E-003
   3.883898E-003
   6.697878E-003
   9.940021E-003
   1.334211E-002
   1.661849E-002
   1.948884E-002
   2.170369E-002
   2.306553E-002
   2.344902E-002
   2.281239E-002
   2.120454E-002
   1.876129E-002
   1.569547E-002
   1.227783E-002
   8.812672E-003
   5.608943E-003
   2.950203E-003
   1.066226E-003
   1.092219E-004
   1.373858E-004
   1.107803E-003
   2.879844E-003
   5.228963E-003
   7.870131E-003
   1.048819E-002
   1.277243E-002
   1.445169E-002
   1.532499E-002
   1.528638E-002
   1.433704E-002
   1.258800E-002
   1.024654E-002
   7.594222E-003
   4.952135E-003
   2.643263E-003
   9.516306E-004
   8.684372E-005
   1.562239E-004
   1.149826E-003
   2.940297E-003
   5.297046E-003
   7.915038E-003
   1.045231E-002
   1.257565E-002
   1.400303E-002
   1.454340E-002
   1.412193E-002
   1.279232E-002
   1.073033E-002
   8.210542E-003
   5.569631E-003
   3.158958E-003
   1.295754E-003
   2.171783E-004
   4.617018E-005
   7.729779E-004
   2.256167E-003
   4.243433E-003
   6.408680E-003
   8.402252E-003
   9.902945E-003
   1.067005E-002
   1.057878E-002
   9.643384E-003
   8.013188E-003
   5.951633E-003
   3.793129E-003
   1.890009E-003
   5.544965E-004
   6.941528E-006
   3.382408E-004
   1.493314E-003
   3.278826E-003
   5.394290E-003
   7.481722E-003
   9.186524E-003
   1.021686E-002
   1.039634E-002
   9.692417E-003
   8.226061E-003
   6.248098E-003
   4.098257E-003
   2.143105E-003
   7.120052E-004
   3.705231E-005
   2.114214E-004
   1.172281E-003
   2.712487E-003
   4.519559E-003
   6.234324E-003
   7.518902E-003
   8.121539E-003
   7.923547E-003
   6.964825E-003
   5.433509E-003
   3.632618E-003
   1.918162E-003
   6.308065E-004
   2.668262E-005
   2.262963E-004
   1.189171E-003
   2.720801E-003
   4.511370E-003
   6.197314E-003
   7.435458E-003
   7.973467E-003
   7.700787E-003
   6.674136E-003
   5.103047E-003
   3.309601E-003
   1.658140E-003
   4.805544E-004
   4.634461E-006
   3.063636E-004
   1.293773E-003
   2.727242E-003
   4.272640E-003
   5.574693E-003
   6.335756E-003
   6.383076E-003
   5.705600E-003
   4.459470E-003
   2.929599E-003
   1.467833E-003
   4.102597E-004
   1.020271E-006
   3.347220E-004
   1.333908E-003
   2.766227E-003
   4.297649E-003
   5.570114E-003
   6.286102E-003
   6.277117E-003
   5.546586E-003
   4.265702E-003
   2.736129E-003
   1.314876E-003
   3.300741E-004
   7.185606E-007
   3.841003E-004
   1.362506E-003
   2.673020E-003
   3.972764E-003
   4.925752E-003
   5.285504E-003
   4.960354E-003
   4.033537E-003
   2.745392E-003
   1.429692E-003
   4.288915E-004
   4.919675E-006
   2.703787E-004
   1.158193E-003
   2.438185E-003
   3.775659E-003
   4.820379E-003
   5.296495E-003
   5.078867E-003
   4.224055E-003
   2.957647E-003
   1.613619E-003
   5.441030E-004
   2.524477E-005
   1.812844E-004
   9.511791E-004
   2.105763E-003
   3.310530E-003
   4.220269E-003
   4.574218E-003
   4.270877E-003
   3.397052E-003
   2.202563E-003
   1.031687E-003
   2.225756E-004
   1.163880E-005
   4.636014E-004
   1.451845E-003
   2.693845E-003
   3.831838E-003
   4.536324E-003
   4.603210E-003
   4.011762E-003
   2.934446E-003
   1.683249E-003
   6.204159E-004
   4.953788E-005
   1.258245E-004
   8.097084E-004
   1.879315E-003
   2.997329E-003
   3.815310E-003
   4.078046E-003
   3.704535E-003
   2.810691E-003
   1.675272E-003
   6.535855E-004
   6.616315E-005
   9.944198E-005
   7.460027E-004
   1.805877E-003
   2.948900E-003
   3.817018E-003
   4.137797E-003
   3.810667E-003
   2.937839E-003
   1.794510E-003
   7.384291E-004
   9.786524E-005
   6.492972E-005
   6.345929E-004
   1.606566E-003
   2.651445E-003
   3.417885E-003
   3.650049E-003
   3.269637E-003
   2.404620E-003
   1.345042E-003
   4.470866E-004
   1.426719E-005
   1.944388E-004
   9.297161E-004
   1.975064E-003
   2.979499E-003
   3.605096E-003
   3.640938E-003
   3.074452E-003
   2.097690E-003
   1.039389E-003
   2.549004E-004
   2.508556E-006
   3.553967E-004
   1.176455E-003
   2.166963E-003
   2.970597E-003
   3.300372E-003
   3.037898E-003
   2.277411E-003
   1.291462E-003
   4.338852E-004
   1.434289E-005
   1.859209E-004
   8.900495E-004
   1.876485E-003
   2.792227E-003
   3.308183E-003
   3.238869E-003
   2.608202E-003
   1.643825E-003
   6.923159E-004
   9.429308E-005
   5.916569E-005
   5.881635E-004
   1.473865E-003
   2.377845E-003
   2.955948E-003
   2.988408E-003
   2.462377E-003
   1.577009E-003
   6.704611E-004
   9.020650E-005
   6.208527E-005
   6.023388E-004
   1.510128E-003
   2.442199E-003
   3.044337E-003
   3.085595E-003
   2.549628E-003
   1.640578E-003
   7.055158E-004
   1.011544E-004
   5.424113E-005
   5.737560E-004
   1.446774E-003
   2.322044E-003
   2.848173E-003
   2.814103E-003
   2.231973E-003
   1.335383E-003
   4.854122E-004
   2.696135E-005
   1.498290E-004
   8.106426E-004
   1.748429E-003
   2.588693E-003
   2.993740E-003
   2.799391E-003
   2.083606E-003
   1.133938E-003
   3.329578E-004
   9.761837E-007
   2.651714E-004
   1.007061E-003
   1.911748E-003
   2.597638E-003
   2.775880E-003
   2.370907E-003
   1.552306E-003
   6.660047E-004
   8.781863E-005
   6.615727E-005
   6.154791E-004
   1.508854E-003
   2.371795E-003
   2.840990E-003
   2.717465E-003
   2.052563E-003
   1.127299E-003
   3.319911E-004
   8.802735E-007
   2.676425E-004
   1.008231E-003
   1.893919E-003
   2.534555E-003
   2.647428E-003
   2.182321E-003
   1.343767E-003
   5.018682E-004
   3.093397E-005
   1.430890E-004
   7.940140E-004
   1.700388E-003
   2.464411E-003
   2.748548E-003
   2.426876E-003
   1.640912E-003
   7.376563E-004
   1.157638E-004
   4.626995E-005
   5.516120E-004
   1.395027E-003
   2.188012E-003
   2.565824E-003
   2.354836E-003
   1.651301E-003
   7.786085E-004
   1.399666E-004
   3.236231E-005
   5.097342E-004
   1.356182E-003
   2.184525E-003
   2.613611E-003
   2.445718E-003
   1.757719E-003
   8.662820E-004
   1.816866E-004
   1.615217E-005
   4.387288E-004
   1.242454E-003
   2.042057E-003
   2.455055E-003
   2.283954E-003
   1.609791E-003
   7.547769E-004
   1.298671E-004
   3.766756E-005
   5.273022E-004
   1.368716E-003
   2.161805E-003
   2.526991E-003
   2.288786E-003
   1.560669E-003
   6.912638E-004
   9.710794E-005
   6.004825E-005
   5.906714E-004
   1.422483E-003
   2.142510E-003
   2.393310E-003
   2.049855E-003
   1.282049E-003
   4.712529E-004
   2.286883E-005
   1.640537E-004
   8.298607E-004
   1.693339E-003
   2.327347E-003
   2.416676E-003
   1.916058E-003
   1.074272E-003
   3.093856E-004
   3.508283E-008
   2.943970E-004
   1.035539E-003
   1.840681E-003
   2.295865E-003
   2.167082E-003
   1.519792E-003
   6.870387E-004
   9.842278E-005
   5.973028E-005
   5.946559E-004
   1.431147E-003
   2.140553E-003
   2.358016E-003
   1.971547E-003
   1.179672E-003
   3.897507E-004
   6.548106E-006
   2.215755E-004
   9.136754E-004
   1.712489E-003
   2.193429E-003
   2.100768E-003
   1.483581E-003
   6.699066E-004
   9.325760E-005
   6.287170E-005
   5.980892E-004
   1.417095E-003
   2.085512E-003
   2.248029E-003
   1.817908E-003
   1.023836E-003
   2.882399E-004
   1.082238E-007
   3.063689E-004
   1.032734E-003
   1.778636E-003
   2.134644E-003
   1.905365E-003
   1.216621E-003
   4.464390E-004
   1.889201E-005
   1.711227E-004
   8.223017E-004
   1.616944E-003
   2.119465E-003
   2.054123E-003
   1.456638E-003
   6.551977E-004
   8.886859E-005
   6.420673E-005
   5.856932E-004
   1.353695E-003
   1.932789E-003
   1.995531E-003
   1.506649E-003
   7.428251E-004
   1.364112E-004
   3.165187E-005
   4.892991E-004
   1.251763E-003
   1.888256E-003
   2.038906E-003
   1.618864E-003
   8.659580E-004
   2.055856E-004
   7.755303E-006
   3.760846E-004
   1.089477E-003
   1.730072E-003
   1.924821E-003
   1.560578E-003
   8.497245E-004
   2.066654E-004
   6.694923E-006
   3.676023E-004
   1.080271E-003
   1.730283E-003
   1.939173E-003
   1.585497E-003
   8.757888E-004
   2.228583E-004
   3.718478E-006
   3.380905E-004
   1.018929E-003
   1.635990E-003
   1.819510E-003
   1.460164E-003
   7.734081E-004
   1.707827E-004
   1.381534E-005
   3.972825E-004
   1.092294E-003
   1.682945E-003
   1.815854E-003
   1.411953E-003
   7.134646E-004
   1.377099E-004
   2.486130E-005
   4.331416E-004
   1.104914E-003
   1.624647E-003
   1.672783E-003
   1.220306E-003
   5.460365E-004
   6.493799E-005
   7.297888E-005
   5.652846E-004
   1.238955E-003
   1.679747E-003
   1.616993E-003
   1.090056E-003
   4.232420E-004
   2.403857E-005
   1.311407E-004
   6.674766E-004
   1.289902E-003
   1.604592E-003
   1.413373E-003
   8.375833E-004
   2.409447E-004
   2.069485E-007
   2.677191E-004
   8.750460E-004
   1.439289E-003
   1.604700E-003
   1.267391E-003
   6.406778E-004
   1.189625E-004
   2.718488E-005
   4.146545E-004
   1.024960E-003
   1.461373E-003
   1.441574E-003
   9.789408E-004
   3.732269E-004
   1.665580E-005
   1.404901E-004
   6.651780E-004
   1.251732E-003
   1.521048E-003
   1.299345E-003
   7.305802E-004
   1.820537E-004
   5.058702E-006
   3.063716E-004
   8.797595E-004
   1.342701E-003
   1.388206E-003
   9.866990E-004
   4.048341E-004
   2.852801E-005
   1.074728E-004
   5.896331E-004
   1.155728E-003
   1.431031E-003
   1.233727E-003
   6.951562E-004
   1.714393E-004
   5.592935E-006
   2.992693E-004
   8.463569E-004
   1.273096E-003
   1.290109E-003
   8.866608E-004
   3.369254E-004
   1.358592E-005
   1.351962E-004
   6.183442E-004
   1.134600E-003
   1.333841E-003
   1.081752E-003
   5.500568E-004
   9.831966E-005
   2.794063E-005
   3.770933E-004
   8.967094E-004
   1.223484E-003
   1.130741E-003
   6.839130E-004
   1.938654E-004
   6.847061E-007
   2.376427E-004
   7.392584E-004
   1.156825E-003
   1.200889E-003
   8.419518E-004
   3.294489E-004
   1.651640E-005
   1.133635E-004
   5.417712E-004
   9.924999E-004
   1.144340E-003
   8.903315E-004
   4.118925E-004
   4.880653E-005
   5.784078E-005
   4.310417E-004
   9.022263E-004
   1.136758E-003
   9.690938E-004
   5.191892E-004
   1.054005E-004
   1.650799E-005
   3.063763E-004
   7.578343E-004
   1.040770E-003
   9.502906E-004
   5.532248E-004
   1.380173E-004
   5.024127E-006
   2.490710E-004
   6.916905E-004
   1.011588E-003
   9.776865E-004
   6.156367E-004
   1.874938E-004
   3.017462E-009
   1.816610E-004
   5.908312E-004
   9.215361E-004
   9.288142E-004
   6.081021E-004
   1.973280E-004
   4.998107E-007
   1.630205E-004
   5.645836E-004
   9.084350E-004
   9.409141E-004
   6.387262E-004
   2.251526E-004
   3.571754E-006
   1.321655E-004
   5.074212E-004
   8.431312E-004
   8.854394E-004
   6.029174E-004
   2.093697E-004
   2.266773E-006
   1.384303E-004
   5.158400E-004
   8.505561E-004
   8.908809E-004
   6.069892E-004
   2.126642E-004
   2.897870E-006
   1.304850E-004
   4.912203E-004
   8.048502E-004
   8.297158E-004
   5.472244E-004
   1.752282E-004
   1.587337E-007
   1.568373E-004
   5.249908E-004
   8.219111E-004
   8.199695E-004
   5.213206E-004
   1.551780E-004
   1.320616E-007
   1.690965E-004
   5.234382E-004
   7.825209E-004
   7.429208E-004
   4.364437E-004
   1.041060E-004
   6.717065E-006
   2.203874E-004
   5.771871E-004
   7.972992E-004
   7.087117E-004
   3.815725E-004
   7.167052E-005
   1.816376E-005
   2.555367E-004
   5.883441E-004
   7.481204E-004
   6.072071E-004
   2.793897E-004
   2.766037E-005
   5.324425E-005
   3.348028E-004
   6.462481E-004
   7.383541E-004
   5.382011E-004
   2.063921E-004
   6.615893E-006
   9.328446E-005
   3.885719E-004
   6.475657E-004
   6.579877E-004
   4.121150E-004
   1.116139E-004
   2.091502E-006
   1.725647E-004
   4.833298E-004
   6.806730E-004
   6.041544E-004
   3.168630E-004
   5.244021E-005
   2.295463E-005
   2.457129E-004
   5.310409E-004
   6.402467E-004
   4.829167E-004
   1.906453E-004
   6.778960E-006
   8.409089E-005
   3.582572E-004
   6.017706E-004
   6.130704E-004
   3.834460E-004
   1.031105E-004
   2.038061E-006
   1.587172E-004
   4.363283E-004
   5.987904E-004
   5.090179E-004
   2.433335E-004
   2.644671E-005
   4.189765E-005
   2.774127E-004
   5.352658E-004
   5.988327E-004
   4.149524E-004
   1.382961E-004
   3.327978E-007
   1.137278E-004
   3.777642E-004
   5.648399E-004
   5.145142E-004
   2.701056E-004
   4.144919E-005
   2.543425E-005
   2.373934E-004
   4.975123E-004
   5.842349E-004
   4.236835E-004
   1.528131E-004
   1.907391E-006
   9.705756E-005
   3.523142E-004
   5.444655E-004
   5.061725E-004
   2.707900E-004
   4.347789E-005
   2.323523E-005
   2.298084E-004
   4.858143E-004
   5.701672E-004
   4.099174E-004
   1.436727E-004
   1.022574E-006
   1.026953E-004
   3.557531E-004
   5.356001E-004
   4.832494E-004
   2.449965E-004
   3.169193E-005
   3.298087E-005
   2.497706E-004
   4.927417E-004
   5.487508E-004
   3.686604E-004
   1.106421E-004
   3.307180E-007
   1.314719E-004
   3.835505E-004
   5.295390E-004
   4.383438E-004
   1.918340E-004
   1.179063E-005
   6.144567E-005
   2.987704E-004
   5.131830E-004
   5.135624E-004
   2.994869E-004
   6.183748E-005
   1.158982E-005
   1.903492E-004
   4.333374E-004
   5.186567E-004
   3.684022E-004
   1.195835E-004
   1.117015E-010
   1.209989E-004
   3.752936E-004
   5.334454E-004
   4.521412E-004
   2.048874E-004
   1.546741E-005
   5.408706E-005
   2.821111E-004
   4.877484E-004
   4.806339E-004
   2.671447E-004
   4.501601E-005
   2.137208E-005
   2.211542E-004
   4.628558E-004
   5.249548E-004
   3.502131E-004
   9.899392E-005
   1.492534E-006
   1.449626E-004
   3.931067E-004
   5.129842E-004
   3.920906E-004
   1.436367E-004
   1.296453E-006
   1.008062E-004
   3.521672E-004
   5.225712E-004
   4.534717E-004
   2.090274E-004
   1.644448E-005
   5.345782E-005
   2.820359E-004
   4.844468E-004
   4.684792E-004
   2.490605E-004
   3.470993E-005
   3.066147E-005
   2.440200E-004
   4.756248E-004
   5.075152E-004
   3.093324E-004
   6.776349E-005
   1.005602E-005
   1.883794E-004
   4.302255E-004
   5.029492E-004
   3.363326E-004
   9.050755E-005
   3.250086E-006
   1.617237E-004
   4.174149E-004
   5.270659E-004
   3.856892E-004
   1.280448E-004
   1.466139E-008
   1.224342E-004
   3.746449E-004
   5.109067E-004
   3.982889E-004
   1.461809E-004
   1.064399E-006
   1.072513E-004
   3.654069E-004
   5.273116E-004
   4.362947E-004
   1.800440E-004
   6.213469E-006
   8.175195E-005
   3.301703E-004
   5.062702E-004
   4.363245E-004
   1.889822E-004
   8.658664E-006
   7.553257E-005
   3.273723E-004
   5.191433E-004
   4.631524E-004
   2.139709E-004
   1.536282E-005
   6.045611E-005
   3.014448E-004
   4.972269E-004
   4.523951E-004
   2.114273E-004
   1.514957E-005
   6.158310E-005
   3.081073E-004
   5.122489E-004
   4.719215E-004
   2.267632E-004
   1.945728E-005
   5.438199E-005
   2.937842E-004
   4.955857E-004
   4.560385E-004
   2.147155E-004
   1.560298E-005
   6.204236E-005
   3.110975E-004
   5.149750E-004
   4.694093E-004
   2.197012E-004
   1.603967E-005
   6.178608E-005
   3.081696E-004
   5.035294E-004
   4.484436E-004
   1.987549E-004
   9.750226E-006
   7.678267E-005
   3.353582E-004
   5.249946E-004
   4.534660E-004
   1.929642E-004
   7.411671E-006
   8.375490E-005
   3.411350E-004
   5.136963E-004
   4.233019E-004
   1.629580E-004
   1.919167E-006
   1.087344E-004
   3.766525E-004
   5.320228E-004
   4.154277E-004
   1.462633E-004
   2.462531E-007
   1.252507E-004
   3.888151E-004
   5.156348E-004
   3.733479E-004
   1.102380E-004
   1.699857E-006
   1.636038E-004
   4.303471E-004
   5.258361E-004
   3.507425E-004
   8.664942E-005
   7.200158E-006
   1.924035E-004
   4.450154E-004
   4.976650E-004
   2.943527E-004
   5.025038E-005
   2.548708E-005
   2.500200E-004
   4.901432E-004
   4.937591E-004
   2.566860E-004
   2.806622E-005
   4.756302E-005
   2.916698E-004
   4.986182E-004
   4.467800E-004
   1.912880E-004
   6.235234E-006
   9.241708E-005
   3.616541E-004
   5.290328E-004
   4.163795E-004
   1.432430E-004
   1.365951E-008
   1.375461E-004
   4.055312E-004
   5.139591E-004
   3.453368E-004
   8.195003E-005
   9.980854E-006
   2.103635E-004
   4.699081E-004
   5.100371E-004
   2.873722E-004
   4.119527E-005
   3.533651E-005
   2.730098E-004
   4.937252E-004
   4.563819E-004
   2.016320E-004
   7.999425E-006
   8.862180E-005
   3.583488E-004
   5.254743E-004
   4.088714E-004
   1.350147E-004
   1.190639E-007
   1.475453E-004
   4.123556E-004
   5.026252E-004
   3.191813E-004
   6.393858E-005
   1.820388E-005
   2.338464E-004
   4.759652E-004
   4.801208E-004
   2.419991E-004
   2.157431E-005
   5.738839E-005
   3.051851E-004
   4.882433E-004
   4.034117E-004
   1.450932E-004
   1.483280E-007
   1.301499E-004
   3.924320E-004
   4.978246E-004
   3.303474E-004
   7.484953E-005
   1.151563E-005
   2.056037E-004
   4.367224E-004
   4.454808E-004
   2.224435E-004
   1.765179E-005
   6.071383E-005
   3.042070E-004
   4.768225E-004
   3.864571E-004
   1.341640E-004
   5.095918E-009
   1.293864E-004
   3.716822E-004
   4.514344E-004
   2.787224E-004
   4.938575E-005
   2.296682E-005
   2.294805E-004
   4.359116E-004
   4.096794E-004
   1.808425E-004
   6.767438E-006
   8.019811E-005
   3.121529E-004
   4.351881E-004
   3.084556E-004
   7.752198E-005
   7.263490E-006
   1.787753E-004
   3.965384E-004
   4.120050E-004
   2.077680E-004
   1.683380E-005
   5.498153E-005
   2.736224E-004
   4.172158E-004
   3.188685E-004
   9.303784E-005
   2.644369E-006
   1.541004E-004
   3.733726E-004
   4.071855E-004
   2.165163E-004
   2.169713E-005
   4.636848E-005
   2.578504E-004
   4.062990E-004
   3.171198E-004
   9.522686E-005
   2.046916E-006
   1.487703E-004
   3.651900E-004
   3.985690E-004
   2.098882E-004
   1.963235E-005
   4.883148E-005
   2.595972E-004
   4.006877E-004
   3.045669E-004
   8.541136E-005
   3.887390E-006
   1.582408E-004
   3.673187E-004
   3.845416E-004
   1.896932E-004
   1.256679E-005
   6.028618E-005
   2.721054E-004
   3.930105E-004
   2.781815E-004
   6.540151E-005
   9.947866E-006
   1.792688E-004
   3.722183E-004
   3.592624E-004
   1.561669E-004
   4.148317E-006
   8.115239E-005
   2.902610E-004
   3.778533E-004
   2.385453E-004
   4.070679E-005
   2.281414E-005
   2.064319E-004
   3.708684E-004
   3.189701E-004
   1.134761E-004
   4.573144E-010
   1.108845E-004
   3.074568E-004
   3.497180E-004
   1.867946E-004
   1.694452E-005
   4.603860E-005
   2.382374E-004
   3.604792E-004
   2.652935E-004
   6.823141E-005
   5.828133E-006
   1.484824E-004
   3.174117E-004
   3.047176E-004
   1.266461E-004
   1.690097E-006
   8.231037E-005
   2.691224E-004
   3.336561E-004
   1.977410E-004
   2.732851E-005
   2.764917E-005
   1.925517E-004
   3.149823E-004
   2.433147E-004
   6.694778E-005
   3.921237E-006
   1.311916E-004
   2.907288E-004
   2.857367E-004
   1.230510E-004
   2.598206E-006
   6.908751E-005
   2.345464E-004
   2.902872E-004
   1.670106E-004
   1.935217E-005
   3.152372E-005
   1.877095E-004
   2.927344E-004
   2.159608E-004
   5.339523E-005
   6.284912E-006
   1.293361E-004
   2.640078E-004
   2.393272E-004
   8.692327E-005
   3.345090E-009
   8.884607E-005
   2.415688E-004
   2.656416E-004
   1.309573E-004
   7.148650E-006
   4.841109E-005
   1.988147E-004
   2.647518E-004
   1.618556E-004
   2.209253E-005
   2.486193E-005
   1.676365E-004
   2.689076E-004
   1.997859E-004
   4.838621E-005
   6.819850E-006
   1.254912E-004
   2.494492E-004
   2.182119E-004
   7.225942E-005
   6.460989E-007
   9.707801E-005
   2.386357E-004
   2.437318E-004
   1.059115E-004
   1.895702E-006
   6.344677E-005
   2.078472E-004
   2.460795E-004
   1.283238E-004
   8.392926E-006
   4.353670E-005
   1.896566E-004
   2.581488E-004
   1.605930E-004
   2.314658E-005
   2.206254E-005
   1.548734E-004
   2.452387E-004
   1.742491E-004
   3.552565E-005
   1.190287E-005
   1.356087E-004
   2.459152E-004
   1.993288E-004
   5.675273E-005
   2.842198E-006
   1.041779E-004
   2.236727E-004
   2.024653E-004
   6.901390E-005
   4.205451E-007
   8.806318E-005
   2.170578E-004
   2.180035E-004
   8.999722E-005
   6.965788E-007
   6.452616E-005
   1.928688E-004
   2.134337E-004
   9.911266E-005
   2.712223E-006
   5.279407E-005
   1.828183E-004
   2.202104E-004
   1.157346E-004
   7.808430E-006
   3.738631E-005
   1.611450E-004
   2.113655E-004
   1.207913E-004
   1.143611E-005
   2.986822E-005
   1.508283E-004
   2.119679E-004
   1.317363E-004
   1.764458E-005
   2.079338E-005
   1.334582E-004
   2.014447E-004
   1.327835E-004
   2.078954E-005
   1.671766E-005
   1.253558E-004
   1.994902E-004
   1.392781E-004
   2.622379E-005
   1.157561E-005
   1.118070E-004
   1.882154E-004
   1.363834E-004
   2.741309E-005
   1.009056E-005
   1.080232E-004
   1.878521E-004
   1.411226E-004
   3.155854E-005
   7.312514E-006
   9.872237E-005
   1.780319E-004
   1.354977E-004
   3.003773E-005
   7.803220E-006
   1.007382E-004
   1.821603E-004
   1.406523E-004
   3.310806E-005
   6.190848E-006
   9.443492E-005
   1.734775E-004
   1.328671E-004
   2.931423E-005
   7.975894E-006
   1.005622E-004
   1.803815E-004
   1.374119E-004
   3.088581E-005
   7.252527E-006
   9.706299E-005
   1.731578E-004
   1.285088E-004
   2.586758E-005
   1.009036E-005
   1.051528E-004
   1.796853E-004
   1.300206E-004
   2.520096E-005
   1.069596E-005
   1.051132E-004
   1.746326E-004
   1.211677E-004
   2.018080E-005
   1.436753E-005
   1.125579E-004
   1.769570E-004
   1.170300E-004
   1.702998E-005
   1.727037E-005
   1.164609E-004
   1.739562E-004
   1.085389E-004
   1.278105E-005
   2.159514E-005
   1.213639E-004
   1.698833E-004
   9.830888E-005
   8.403280E-006
   2.748414E-005
   1.276447E-004
   1.660311E-004
   8.818879E-005
   4.883812E-006
   3.373817E-005
   1.320549E-004
   1.587687E-004
   7.596855E-005
   1.965732E-006
   4.122140E-005
   1.354122E-004
   1.483065E-004
   6.151451E-005
   1.391518E-007
   5.251895E-005
   1.435807E-004
   1.430874E-004
   5.214895E-005
   9.892587E-008
   5.789866E-005
   1.376683E-004
   1.218774E-004
   3.389013E-005
   3.285337E-006
   7.726493E-005
   1.516414E-004
   1.207726E-004
   2.894473E-005
   4.948616E-006
   7.634044E-005
   1.328049E-004
   8.962931E-005
   1.165239E-005
   1.742506E-005
   1.044542E-004
   1.508989E-004
   9.120744E-005
   9.953517E-006
   1.832782E-005
   9.452438E-005
   1.200273E-004
   5.609991E-005
   5.658354E-007
   4.226298E-005
   1.278826E-004
   1.371955E-004
   5.715666E-005
   3.145341E-007
   4.108648E-005
   1.100554E-004
   1.001685E-004
   2.668271E-005
   4.165857E-006
   7.464588E-005
   1.417765E-004
   1.100421E-004
   2.468411E-005
   5.676729E-006
   7.271263E-005
   1.193376E-004
   7.361871E-005
   6.077529E-006
   2.384630E-005
   1.083634E-004
   1.394263E-004
   7.194544E-005
   3.243908E-006
   2.986704E-005
   1.059815E-004
   1.139329E-004
   4.148442E-005
   4.094182E-007
   5.787339E-005
   1.331590E-004
   1.161100E-004
   3.155714E-005
   3.199018E-006
   6.968086E-005
   1.279180E-004
   8.892948E-005
   1.221110E-005
   1.601663E-005
   9.801444E-005
   1.370409E-004
   7.476648E-005
   3.996228E-006
   2.959618E-005
   1.109594E-004
   1.238637E-004
   4.864200E-005
   2.993436E-008
   5.305414E-005
   1.286234E-004
   1.128097E-004
   2.943434E-005
   4.170756E-006
   7.410076E-005
   1.317587E-004
   8.893069E-005
   1.112557E-005
   1.769056E-005
   9.948178E-005
   1.323294E-004
   6.626225E-005
   1.754682E-006
   3.626271E-005
   1.155164E-004
   1.171622E-004
   3.865768E-005
   1.192018E-006
   6.335056E-005
   1.306162E-004
   1.001340E-004
   1.856617E-005
   1.025937E-005
   8.616071E-005
   1.276986E-004
   7.031106E-005
   3.242137E-006
   3.134505E-005
   1.124387E-004
   1.219711E-004
   4.531189E-005
   2.084779E-007
   5.463450E-005
   1.222175E-004
   9.711798E-005
   1.864900E-005
   9.823460E-006
   8.551285E-005
   1.288457E-004
   7.275206E-005
   4.089103E-006
   2.828468E-005
   1.055925E-004
   1.140814E-004
   4.048779E-005
   6.001378E-007
   5.763430E-005
   1.230203E-004
   9.485890E-005
   1.713230E-005
   1.047168E-005
   8.342348E-005
   1.200619E-004
   6.256026E-005
   1.805899E-006
   3.402666E-005
   1.091406E-004
   1.093940E-004
   3.446059E-005
   1.636881E-006
   6.106943E-005
   1.173755E-004
   8.097640E-005
   9.790938E-006
   1.730077E-005
   9.253454E-005
   1.170506E-004
   5.221777E-005
   2.012473E-007
   4.203182E-005
   1.096049E-004
   9.461337E-005
   2.107250E-005
   6.953354E-006
   7.593106E-005
   1.191204E-004
   6.809680E-005
   3.710498E-006
   2.721202E-005
   9.922654E-005
   1.034747E-004
   3.313948E-005
   1.668360E-006
   6.069020E-005
   1.167481E-004
   8.055672E-005
   9.810207E-006
   1.662557E-005
   8.812653E-005
   1.080296E-004
   4.414133E-005
   2.413359E-008
   4.779054E-005
   1.114809E-004
   8.907035E-005
   1.654120E-005
   9.622776E-006
   7.745142E-005
   1.088508E-004
   5.273956E-005
   5.547781E-007
   3.763489E-005
   1.046803E-004
   9.363005E-005
   2.239375E-005
   5.416724E-006
   6.824568E-005
   1.070684E-004
   5.828913E-005
   1.901313E-006
   3.063779E-005
   9.844298E-005
   9.532693E-005
   2.643087E-005
   3.253230E-006
   6.174490E-005
   1.045123E-004
   6.101840E-005
   3.056357E-006
   2.651350E-005
   9.368264E-005
   9.490601E-005
   2.826476E-005
   2.346312E-006
   5.793466E-005
   1.018630E-004
   6.124543E-005
   3.526134E-006
   2.467791E-005
   9.045028E-005
   9.276253E-005
   2.790364E-005
   2.223087E-006
   5.640600E-005
   9.911492E-005
   5.910886E-005
   3.184929E-006
   2.471707E-005
   8.837890E-005
   8.883166E-005
   2.544489E-005
   2.770940E-006
   5.672052E-005
   9.584560E-005
   5.455138E-005
   2.162180E-006
   2.648823E-005
   8.707208E-005
   8.299585E-005
   2.120344E-005
   4.129250E-006
   5.840304E-005
   9.153022E-005
   4.772666E-005
   8.993348E-007
   2.987060E-005
   8.608235E-005
   7.539421E-005
   1.583790E-005
   6.623143E-006
   6.148828E-005
   8.669754E-005
   3.959270E-005
   5.954312E-008
   3.513146E-005
   8.579746E-005
   6.675920E-005
   1.016248E-005
   1.076399E-005
   6.595501E-005
   8.115700E-005
   3.053944E-005
   4.053494E-007
   4.226520E-005
   8.533474E-005
   5.673301E-005
   4.925695E-006
   1.699592E-005
   7.093230E-005
   7.399011E-005
   2.101430E-005
   2.796849E-006
   5.078433E-005
   8.337975E-005
   4.518072E-005
   1.167628E-006
   2.538806E-005
   7.491323E-005
   6.422529E-005
   1.183360E-005
   7.973299E-006
   5.950648E-005
   7.826474E-005
   3.227692E-005
   4.751310E-008
   3.542993E-005
   7.590904E-005
   5.122561E-005
   4.274322E-006
   1.633682E-005
   6.664502E-005
   6.855627E-005
   1.894488E-005
   2.769916E-006
   4.612855E-005
   7.224305E-005
   3.549179E-005
   1.967895E-007
   2.802591E-005
   7.064182E-005
   5.408375E-005
   7.200841E-006
   1.065000E-005
   5.645412E-005
   6.322123E-005
   1.912565E-005
   1.995944E-006
   4.224056E-005
   6.953142E-005
   3.625109E-005
   5.298637E-007
   2.368095E-005
   6.311578E-005
   4.852438E-005
   5.953987E-006
   1.112142E-005
   5.530932E-005
   6.082864E-005
   1.809003E-005
   1.931557E-006
   3.920525E-005
   6.230262E-005
   2.990963E-005
   5.548468E-008
   2.637490E-005
   6.258405E-005
   4.471060E-005
   4.412561E-006
   1.222556E-005
   5.248915E-005
   5.236928E-005
   1.216685E-005
   4.294655E-006
   4.349064E-005
   6.034036E-005
   2.501677E-005
   7.540133E-008
   2.861244E-005
   5.807612E-005
   3.520659E-005
   1.358783E-006
   1.785773E-005
   5.582082E-005
   4.778278E-005
   8.120659E-006
   6.859580E-006
   4.462507E-005
   5.258585E-005
   1.640706E-005
   1.601738E-006
   3.547769E-005
   5.791312E-005
   2.899294E-005
   1.906823E-007
   2.187600E-005
   5.360383E-005
   3.769927E-005
   3.071757E-006
   1.273085E-005
   5.002754E-005
   4.840151E-005
   1.082311E-005
   4.096251E-006
   3.884105E-005
   5.128493E-005
   1.883301E-005
   5.787224E-007
   3.014812E-005
   5.474839E-005
   3.029754E-005
   6.404257E-007
   1.817001E-005
   4.975416E-005
   3.757460E-005
   3.936293E-006
   1.033809E-005
   4.565447E-005
   4.624912E-005
   1.112925E-005
   3.302015E-006
   3.555248E-005
   4.814522E-005
   1.804298E-005
   4.726581E-007
   2.780662E-005
   5.051241E-005
   2.744154E-005
   4.393117E-007
   1.768232E-005
   4.630654E-005
   3.339530E-005
   2.834467E-006
   1.094379E-005
   4.301539E-005
   4.043627E-005
   8.000116E-006
   4.628795E-006
   3.524223E-005
   4.254749E-005
   1.303265E-005
   1.540482E-006
   2.961414E-005
   4.562896E-005
   2.014118E-005
   1.916031E-008
   2.156513E-005
   4.377699E-005
   2.504562E-005
   4.626948E-007
   1.623583E-005
   4.345645E-005
   3.173095E-005
   2.802632E-006
   9.897866E-006
   3.875669E-005
   3.484428E-005
   5.550918E-006
   6.217568E-006
   3.622824E-005
   3.982865E-005
   1.032384E-005
   2.533286E-006
   3.016846E-005
   4.057115E-005
   1.403356E-005
   9.004889E-007
   2.660385E-005
   4.338144E-005
   1.985242E-005
   5.110772E-009
   2.045110E-005
   4.179072E-005
   2.339146E-005
   2.799666E-007
   1.680287E-005
   4.242064E-005
   2.905601E-005
   1.815876E-006
   1.153531E-005
   3.890383E-005
   3.154419E-005
   3.525037E-006
   8.535155E-006
   3.770550E-005
   3.613038E-005
   6.798241E-006
   4.809034E-006
   3.299068E-005
   3.706496E-005
   9.231696E-006
   2.955637E-006
   3.085696E-005
   4.030629E-005
   1.342055E-005
   1.024794E-006
   2.587713E-005
   3.971313E-005
   1.587330E-005
   3.345501E-007
   2.353171E-005
   4.172097E-005
   2.033674E-005
   7.774583E-009
   1.885977E-005
   3.987716E-005
   2.236841E-005
   2.230248E-007
   1.664715E-005
   4.076980E-005
   2.657802E-005
   1.164593E-006
   1.269449E-005
   3.810896E-005
   2.800123E-005
   2.000483E-006
   1.077582E-005
   3.799309E-005
   3.150458E-005
   3.767589E-006
   7.767427E-006
   3.496744E-005
   3.228416E-005
   4.960823E-006
   6.255341E-006
   3.407239E-005
   3.482906E-005
   7.085281E-006
   4.203009E-006
   3.105378E-005
   3.503096E-005
   8.405077E-006
   3.139422E-006
   2.968247E-005
   3.661345E-005
   1.053313E-005
   1.882751E-006
   2.685013E-005
   3.628841E-005
   1.173669E-005
   1.278875E-006
   2.552337E-005
   3.729253E-005
   1.367326E-005
   6.362509E-007
   2.315790E-005
   3.665009E-005
   1.455473E-005
   3.865308E-007
   2.224070E-005
   3.749340E-005
   1.630728E-005
   1.164084E-007
   2.024935E-005
   3.658383E-005
   1.678009E-005
   5.464920E-008
   1.980065E-005
   3.749872E-005
   1.840957E-005
   6.394753E-011
   1.808499E-005
   3.636595E-005
   1.846605E-005
   2.924833E-009
   1.802062E-005
   3.735746E-005
   1.994234E-005
   6.763921E-008
   1.653201E-005
   3.602890E-005
   1.958296E-005
   6.299978E-008
   1.676191E-005
   3.701272E-005
   2.080900E-005
   1.728009E-007
   1.550782E-005
   3.555183E-005
   2.006888E-005
   1.284055E-007
   1.594981E-005
   3.642290E-005
   2.094792E-005
   2.275184E-007
   1.491967E-005
   3.484855E-005
   1.985543E-005
   1.413763E-007
   1.552450E-005
   3.554237E-005
   2.032977E-005
   1.962718E-007
   1.475677E-005
   3.395303E-005
   1.894817E-005
   8.813594E-008
   1.557213E-005
   3.453648E-005
   1.905028E-005
   9.765628E-008
   1.506059E-005
   3.294316E-005
   1.742476E-005
   1.494433E-008
   1.608996E-005
   3.340771E-005
   1.718542E-005
   7.976519E-009
   1.579892E-005
   3.176576E-005
   1.535341E-005
   2.084917E-008
   1.703832E-005
   3.207045E-005
   1.479885E-005
   5.069395E-008
   1.695156E-005
   3.035430E-005
   1.283085E-005
   2.500913E-007
   1.839414E-005
   3.047684E-005
   1.203812E-005
   3.871964E-007
   1.844966E-005
   2.862189E-005
   1.001672E-005
   8.736615E-007
   2.006332E-005
   2.853202E-005
   9.089877E-006
   1.181779E-006
   2.014007E-005
   2.643973E-005
   7.114435E-006
   2.046560E-006
   2.183986E-005
   2.607723E-005
   6.139308E-006
   2.605684E-006
   2.197894E-005
   2.385085E-005
   4.359975E-006
   3.986286E-006
   2.387526E-005
   2.327727E-005
   3.428562E-006
   4.928958E-006
   2.408606E-005
   2.089632E-005
   2.003758E-006
   6.926638E-006
   2.596890E-005
   1.995522E-005
   1.270510E-006
   8.294866E-006
   2.598718E-005
   1.732263E-005
   4.124993E-007
   1.091253E-005
   2.756171E-005
   1.596907E-005
   9.465185E-008
   1.259342E-005
   2.701058E-005
   1.308398E-005
   4.961989E-008
   1.565816E-005
   2.787712E-005
   1.135672E-005
   3.571004E-007
   1.741159E-005
   2.645743E-005
   8.450346E-006
   1.334859E-006
   2.050099E-005
   2.620916E-005
   6.565454E-006
   2.427937E-006
   2.194856E-005
   2.378565E-005
   4.069757E-006
   4.468372E-006
   2.446722E-005
   2.228199E-005
   2.502949E-006
   6.293119E-006
   2.502109E-005
   1.890632E-005
   9.249464E-007
   9.224665E-006
   2.652135E-005
   1.649311E-005
   2.123628E-007
   1.149749E-005
   2.581297E-005
   1.264536E-005
   4.707987E-008
   1.492613E-005
   2.594566E-005
   9.874957E-006
   5.661209E-007
   1.708184E-005
   2.373999E-005
   6.320909E-006
   2.082044E-006
   2.020762E-005
   2.226377E-005
   3.927973E-006
   3.891430E-006
   2.151254E-005
   1.876511E-005
   1.587168E-006
   6.859120E-006
   2.342831E-005
   1.600466E-005
   4.174683E-007
   9.487464E-006
   2.310167E-005
   1.184933E-005
   1.699380E-008
   1.314532E-005
   2.319151E-005
   8.715008E-006
   5.798871E-007
   1.556064E-005
   2.084776E-005
   5.019228E-006
   2.340406E-006
   1.870046E-005
   1.899987E-005
   2.642648E-006
   4.445726E-006
   1.974185E-005
   1.512004E-005
   6.679472E-007
   7.743869E-006
   2.111368E-005
   1.199886E-005
   1.810636E-008
   1.046993E-005
   2.001272E-005
   7.795952E-006
   4.991914E-007
   1.407242E-005
   1.914519E-005
   4.789810E-006
   1.896880E-006
   1.601951E-005
   1.590582E-005
   1.842005E-006
   4.698884E-006
   1.840203E-005
   1.321144E-005
   4.127266E-007
   7.431871E-006
   1.825400E-005
   8.973719E-006
   6.663070E-008
   1.124934E-005
   1.821888E-005
   5.817386E-006
   9.777275E-007
   1.369172E-005
   1.558926E-005
   2.497557E-006
   3.383973E-006
   1.650208E-005
   1.319658E-005
   7.119895E-007
   6.058001E-006
   1.686169E-005
   9.092404E-006
   6.663858E-009
   9.831427E-006
   1.708074E-005
   5.877627E-006
   7.241077E-007
   1.241448E-005
   1.466717E-005
   2.489440E-006
   2.997824E-006
   1.522882E-005
   1.226147E-005
   6.482270E-007
   5.711334E-006
   1.569520E-005
   8.259671E-006
   1.992097E-008
   9.445283E-006
   1.578264E-005
   5.046088E-006
   9.021749E-007
   1.213218E-005
   1.344290E-005
   1.911372E-006
   3.383657E-006
   1.479251E-005
   1.087985E-005
   3.209554E-007
   6.346414E-006
   1.515669E-005
   6.957525E-006
   1.619219E-007
   1.015469E-005
   1.480330E-005
   3.778229E-006
   1.545632E-006
   1.274807E-005
   1.206729E-005
   1.041355E-006
   4.562583E-006
   1.496909E-005
   9.069740E-006
   2.072341E-008
   7.826359E-006
   1.464444E-005
   5.059374E-006
   7.530425E-007
   1.167065E-005
   1.348633E-005
   2.143054E-006
   2.932628E-006
   1.372228E-005
   9.998490E-006
   2.064548E-007
   6.660354E-006
   1.508154E-005
   6.608746E-006
   2.148372E-007
   9.958220E-006
   1.351198E-005
   2.798813E-006
   2.210378E-006
   1.332645E-005
   1.119896E-005
   6.183250E-007
   5.199843E-006
   1.414412E-005
   7.007617E-006
   8.739054E-008
   9.315127E-006
   1.395076E-005
   3.528122E-006
   1.545447E-006
   1.215326E-005
   1.095211E-005
   6.943089E-007
   5.019371E-006
   1.440768E-005
   7.608810E-006
   2.633800E-008
   8.745731E-006
   1.368166E-005
   3.495201E-006
   1.629963E-006
   1.277295E-005
   1.180211E-005
   9.021784E-007
   4.733004E-006
   1.435244E-005
   7.702693E-006
   2.845043E-008
   9.103748E-006
   1.451150E-005
   4.009320E-006
   1.333755E-006
   1.214666E-005
   1.147889E-005
   8.887113E-007
   4.631246E-006
   1.412607E-005
   7.729787E-006
   7.134245E-009
   8.052364E-006
   1.278346E-005
   3.270842E-006
   1.458823E-006
   1.130141E-005
   1.000691E-005
   6.076608E-007
   4.394758E-006
   1.185109E-005
   5.428625E-006
   1.874785E-007
   8.302653E-006
   1.080295E-005
   1.894609E-006
   2.191829E-006
   1.055922E-005
   7.145893E-006
   2.646954E-008
   6.216023E-006
   1.154510E-005
   3.595607E-006
   9.087778E-007
   9.759060E-006
   9.355019E-006
   6.126831E-007
   4.417240E-006
   1.256401E-005
   6.264663E-006
   9.475087E-008
   8.453927E-006
   1.189019E-005
   2.332748E-006
   2.294375E-006
   1.248001E-005
   9.563009E-006
   2.415563E-007
   5.963783E-006
   1.323122E-005
   5.047552E-006
   5.643694E-007
   1.049519E-005
   1.198318E-005
   1.600998E-006
   3.201359E-006
   1.251329E-005
   7.546724E-006
   7.133479E-011
   7.633764E-006
   1.267156E-005
   3.404237E-006
   1.305764E-006
   1.065173E-005
   9.052423E-006
   3.315169E-007
   5.193232E-006
   1.228984E-005
   4.988560E-006
   3.712608E-007
   8.814199E-006
   9.907336E-006
   1.051991E-006
   3.449477E-006
   1.167932E-005
   6.414609E-006
   2.241755E-008
   7.211249E-006
   1.049972E-005
   2.005231E-006
   2.143752E-006
   1.098871E-005
   7.837562E-006
   8.875444E-008
   5.619291E-006
   1.067504E-005
   3.033574E-006
   1.205591E-006
   1.018639E-005
   9.151747E-006
   5.347475E-007
   4.039532E-006
   1.021331E-005
   3.847425E-006
   6.278483E-007
   9.359885E-006
   1.020578E-005
   1.244734E-006
   2.690411E-006
   9.268017E-006
   4.256609E-006
   3.432622E-007
   8.785073E-006
   1.113179E-005
   2.093840E-006
   1.679875E-006
   8.172764E-006
   4.325641E-006
   2.251275E-007
   8.581352E-006
   1.215428E-005
   3.064053E-006
   9.570158E-007
   7.113323E-006
   4.218463E-006
   1.757763E-007
   8.608374E-006
   1.326888E-005
   4.148417E-006
   4.580300E-007
   6.109076E-006
   4.021468E-006
   1.485433E-007
   8.622511E-006
   1.419240E-005
   5.189476E-006
   1.660344E-007
   5.203292E-006
   3.776256E-006
   1.277930E-007
   8.475983E-006
   1.460939E-005
   5.861069E-006
   5.601378E-008
   4.664802E-006
   3.650768E-006
   1.028758E-007
   8.180007E-006
   1.446397E-005
   5.969880E-006
   3.956135E-008
   4.589055E-006
   3.735148E-006
   6.941258E-008
   7.752942E-006
   1.386316E-005
   5.589509E-006
   7.721913E-008
   4.933595E-006
   4.046440E-006
   3.215970E-008
   7.196938E-006
   1.290456E-005
   4.863648E-006
   1.977528E-007
   5.611745E-006
   4.526777E-006
   6.211657E-009
   6.557610E-006
   1.169172E-005
   3.944646E-006
   4.473711E-007
   6.496351E-006
   5.044111E-006
   1.158064E-010
   5.945302E-006
   1.037946E-005
   2.986901E-006
   8.473266E-007
   7.425047E-006
   5.430016E-006
   3.365633E-009
   5.481089E-006
   9.144232E-006
   2.131392E-006
   1.359530E-006
   8.186436E-006
   5.513431E-006
   1.352795E-009
   5.254393E-006
   8.124656E-006
   1.458358E-006
   1.907438E-006
   8.639670E-006
   5.214930E-006
   5.084917E-009
   5.337091E-006
   7.354785E-006
   9.413386E-007
   2.477620E-006
   8.797028E-006
   4.583363E-006
   6.678225E-008
   5.662621E-006
   6.706958E-006
   5.375126E-007
   3.068057E-006
   8.669884E-006
   3.714406E-006
   2.592226E-007
   6.147339E-006
   6.068913E-006
   2.325981E-007
   3.693926E-006
   8.310714E-006
   2.745462E-006
   6.430159E-007
   6.686432E-006
   5.361919E-006
   4.427046E-008
   4.349711E-006
   7.751800E-006
   1.806074E-006
   1.235734E-006
   7.138621E-006
   4.530458E-006
   7.195887E-009
   4.995473E-006
   6.991672E-006
   9.953926E-007
   1.999855E-006
   7.336898E-006
   3.544830E-006
   1.652247E-007
   5.577348E-006
   6.025991E-006
   3.864834E-007
   2.870315E-006
   7.175953E-006
   2.463439E-006
   5.656458E-007
   6.044193E-006
   4.899947E-006
   4.818236E-008
   3.796399E-006
   6.684456E-006
   1.436130E-006
   1.234113E-006
   6.348167E-006
   3.695831E-006
   3.980740E-008
   4.687207E-006
   5.874085E-006
   6.079844E-007
   2.127665E-006
   6.348003E-006
   2.465928E-006
   3.931847E-007
   5.410039E-006
   4.764584E-006
   1.027439E-007
   3.149774E-006
   5.948461E-006
   1.327358E-006
   1.108531E-006
   5.845540E-006
   3.462297E-006
   2.723779E-008
   4.154587E-006
   5.136445E-006
   4.559265E-007
   2.121946E-006
   5.877878E-006
   2.132300E-006
   4.305137E-007
   4.957285E-006
   3.985256E-006
   2.483708E-008
   3.275519E-006
   5.423465E-006
   9.798879E-007
   1.263864E-006
   5.348376E-006
   2.639350E-006
   1.437784E-007
   4.335895E-006
   4.478877E-006
   2.129877E-007
   2.378376E-006
   5.192300E-006
   1.341007E-006
   8.274651E-007
   5.069006E-006
   3.183247E-006
   1.221491E-008
   3.594443E-006
   4.514965E-006
   3.748198E-007
   2.001291E-006
   5.339924E-006
   1.817253E-006
   4.802967E-007
   4.645514E-006
   3.424189E-006
   6.148181E-010
   3.382608E-006
   4.960154E-006
   6.793728E-007
   1.508477E-006
   5.112971E-006
   2.064022E-006
   3.254407E-007
   4.509590E-006
   3.839914E-006
   4.782724E-008
   2.797269E-006
   4.706066E-006
   7.612633E-007
   1.317445E-006
   4.982571E-006
   2.234484E-006
   2.028592E-007
   3.989768E-006
   3.503755E-006
   3.280073E-008
   2.803288E-006
   4.656251E-006
   7.527587E-007
   1.274210E-006
   4.732009E-006
   1.955920E-006
   3.187307E-007
   4.361618E-006
   3.622542E-006
   2.285503E-008
   2.970779E-006
   4.688199E-006
   6.345654E-007
   1.589424E-006
   5.326580E-006
   2.166475E-006
   3.231298E-007
   4.555856E-006
   3.725118E-006
   1.330102E-008
   3.307742E-006
   5.183357E-006
   7.695017E-007
   1.507548E-006
   5.297003E-006
   2.124318E-006
   3.663220E-007
   4.750112E-006
   3.855722E-006
   1.986583E-008
   3.142209E-006
   4.788738E-006
   5.858003E-007
   1.706610E-006
   5.284916E-006
   1.925156E-006
   4.372548E-007
   4.541480E-006
   3.211595E-006
   4.769197E-009
   3.568583E-006
   4.574507E-006
   3.690616E-007
   2.011628E-006
   4.992175E-006
   1.326191E-006
   8.482227E-007
   5.012217E-006
   2.853846E-006
   7.193554E-008
   3.944361E-006
   4.058469E-006
   1.061571E-007
   2.753329E-006
   5.139544E-006
   9.662891E-007
   1.235539E-006
   5.064290E-006
   2.170911E-006
   3.158640E-007
   4.562530E-006
   3.686968E-006
   1.006036E-008
   3.176132E-006
   4.564764E-006
   4.465694E-007
   1.889796E-006
   5.113659E-006
   1.551072E-006
   6.461164E-007
   4.593124E-006
   2.683521E-006
   7.518433E-008
   3.846034E-006
   3.949297E-006
   1.134780E-007
   2.485550E-006
   4.493782E-006
   6.971819E-007
   1.375623E-006
   4.770925E-006
   1.790090E-006
   4.021721E-007
   4.154257E-006
   2.797356E-006
   2.045350E-008
   3.405605E-006
   3.895025E-006
   1.789698E-007
   2.153798E-006
   4.290779E-006
   7.633350E-007
   1.183896E-006
   4.501098E-006
   1.794692E-006
   3.330816E-007
   3.887500E-006
   2.698630E-006
   1.423283E-008
   3.195453E-006
   3.691905E-006
   1.692505E-007
   2.045413E-006
   4.035894E-006
   6.877332E-007
   1.166661E-006
   4.253810E-006
   1.614490E-006
   3.615628E-007
   3.707032E-006
   2.419624E-006
   3.224394E-008
   3.123797E-006
   3.348761E-006
   1.024547E-007
   2.082637E-006
   3.708479E-006
   5.087368E-007
   1.281123E-006
   3.998972E-006
   1.294044E-006
   4.847520E-007
   3.601209E-006
   2.016012E-006
   9.849958E-008
   3.180476E-006
   2.904141E-006
   2.269104E-008
   2.285670E-006
   3.335101E-006
   2.716520E-007
   1.570878E-006
   3.757610E-006
   8.756666E-007
   7.547219E-007
   3.559169E-006
   1.500818E-006
   2.792441E-007
   3.336501E-006
   2.331353E-006
   1.048165E-008
   2.627692E-006
   2.855048E-006
   6.339011E-008
   2.013256E-006
   3.406325E-006
   4.282347E-007
   1.204090E-006
   3.453363E-006
   9.165637E-007
   6.466045E-007
   3.475451E-006
   1.653317E-006
   1.716088E-007
   2.978384E-006
   2.210304E-006
   7.521697E-009
   2.542910E-006
   2.886141E-006
   9.674759E-008
   1.773979E-006
   3.133785E-006
   3.836440E-007
   1.191230E-006
   3.381373E-006
   9.257128E-007
   5.664061E-007
   3.158660E-006
   1.447554E-006
   2.048170E-007
   2.929244E-006
   2.112798E-006
   7.418374E-009
   2.341613E-006
   2.529367E-006
   4.690121E-008
   1.852505E-006
   3.003914E-006
   3.257390E-007
   1.172849E-006
   3.054409E-006
   6.904257E-007
   7.109680E-007
   3.147187E-006
   1.275719E-006
   2.596841E-007
   2.795801E-006
   1.734639E-006
   5.436140E-008
   2.510398E-006
   2.322808E-006
   1.202397E-008
   1.918054E-006
   2.613181E-006
   1.448600E-007
   1.456906E-006
   2.947772E-006
   4.811177E-007
   8.765471E-007
   2.897627E-006
   8.408004E-007
   4.984257E-007
   2.888664E-006
   1.368564E-006
   1.588509E-007
   2.510493E-006
   1.736836E-006
   2.351347E-008
   2.227827E-006
   2.215689E-006
   2.303946E-008
   1.688717E-006
   2.400689E-006
   1.431847E-007
   1.305153E-006
   2.657715E-006
   4.204880E-007
   8.130141E-007
   2.579917E-006
   6.859343E-007
   5.107126E-007
   2.591939E-006
   1.088209E-006
   2.114173E-007
   2.305805E-006
   1.357454E-006
   7.263841E-008
   2.141722E-006
   1.744467E-006
   4.721292E-010
   1.752090E-006
   1.920830E-006
   2.424367E-008
   1.506586E-006
   2.207449E-006
   1.474114E-007
   1.113383E-006
   2.246586E-006
   2.902041E-007
   8.691690E-007
   2.399397E-006
   5.489904E-007
   5.460850E-007
   2.294489E-006
   7.507184E-007
   3.610956E-007
   2.312872E-006
   1.076545E-006
   1.576454E-007
   2.088506E-006
   1.277309E-006
   6.383939E-008
   1.993933E-006
   1.603193E-006
   2.246315E-009
   1.691351E-006
   1.749222E-006
   8.944245E-009
   1.522357E-006
   2.017579E-006
   8.561293E-008
   1.192715E-006
   2.066480E-006
   1.786903E-007
   9.979789E-007
   2.236259E-006
   3.653906E-007
   6.977746E-007
   2.171028E-006
   5.096546E-007
   5.286281E-007
   2.236155E-006
   7.592979E-007
   3.082793E-007
   2.078345E-006
   9.133630E-007
   1.954733E-007
   2.056237E-006
   1.180899E-006
   7.265199E-008
   1.833935E-006
   1.311419E-006
   2.483121E-008
   1.747960E-006
   1.560211E-006
   1.004318E-010
   1.492825E-006
   1.643394E-006
   1.346419E-008
   1.369309E-006
   1.846773E-006
   7.499612E-008
   1.112182E-006
   1.869037E-006
   1.367783E-007
   9.771186E-007
   2.011942E-006
   2.643998E-007
   7.439979E-007
   1.969300E-006
   3.560883E-007
   6.192811E-007
   2.047012E-006
   5.251517E-007
   4.296566E-007
   1.944307E-006
   6.256683E-007
   3.310678E-007
   1.961453E-006
   8.105603E-007
   1.964956E-007
   1.811474E-006
   9.002018E-007
   1.319924E-007
   1.779466E-006
   1.078061E-006
   5.521591E-008
   1.600064E-006
   1.141642E-006
   2.594736E-008
   1.543581E-006
   1.299655E-006
   1.909557E-009
   1.367142E-006
   1.336017E-006
   3.856050E-010
   1.307909E-006
   1.474124E-006
   1.591512E-008
   1.143872E-006
   1.487084E-006
   3.253879E-008
   1.087489E-006
   1.607704E-006
   7.734096E-008
   9.376463E-007
   1.599312E-006
   1.050436E-007
   8.868922E-007
   1.704932E-006
   1.720309E-007
   7.511840E-007
   1.676077E-006
   2.052938E-007
   7.068086E-007
   1.767291E-006
   2.888825E-007
   5.853255E-007
   1.718132E-006
   3.227784E-007
   5.475984E-007
   1.794017E-006
   4.172050E-007
   4.415061E-007
   1.726255E-006
   4.476003E-007
   4.100425E-007
   1.784644E-006
   5.461628E-007
   3.206015E-007
   1.700447E-006
   5.688678E-007
   2.955944E-007
   1.740987E-006
   6.651856E-007
   2.227682E-007
   1.641865E-006
   6.755660E-007
   2.047416E-007
   1.666896E-006
   7.631711E-007
   1.492821E-007
   1.562670E-006
   7.595229E-007
   1.390128E-007
   1.580692E-006
   8.353171E-007
   9.896827E-008
   1.479401E-006
   8.194961E-007
   9.421792E-008
   1.493589E-006
   8.826263E-007
   6.607040E-008
   1.399663E-006
   8.576052E-007
   6.479721E-008
   1.411491E-006
   9.080609E-007
   4.532607E-008
   1.326601E-006
   8.757981E-007
   4.637315E-008
   1.338376E-006
   9.154645E-007
   3.270299E-008
   1.261404E-006
   8.767647E-007
   3.539019E-008
   1.274336E-006
   9.071197E-007
   2.556251E-008
   1.204280E-006
   8.629777E-007
   2.943214E-008
   1.218251E-006
   8.847701E-007
   2.220930E-008
   1.154352E-006
   8.364531E-007
   2.703820E-008
   1.168772E-006
   8.505208E-007
   2.153771E-008
   1.109404E-006
   7.988033E-007
   2.725963E-008
   1.122692E-006
   8.053896E-007
   2.335378E-008
   1.072713E-006
   7.534996E-007
   3.150545E-008
   1.099416E-006
   7.583769E-007
   3.033758E-008
   1.068114E-006
   7.097159E-007
   4.203219E-008
   1.106504E-006
   7.116643E-007
   4.398742E-008
   1.090571E-006
   6.663504E-007
   5.984746E-008
   1.135455E-006
   6.632693E-007
   6.589683E-008
   1.131664E-006
   6.203731E-007
   8.663143E-008
   1.178916E-006
   6.112395E-007
   9.745995E-008
   1.180946E-006
   5.671456E-007
   1.245696E-007
   1.228354E-006
   5.515746E-007
   1.410368E-007
   1.231775E-006
   5.050881E-007
   1.753966E-007
   1.275460E-006
   4.830636E-007
   1.976257E-007
   1.273818E-006
   4.328765E-007
   2.399345E-007
   1.309476E-006
   4.049401E-007
   2.673204E-007
   1.295909E-006
   3.509011E-007
   3.177854E-007
   1.319159E-006
   3.188136E-007
   3.481744E-007
   1.286154E-006
   2.621756E-007
   4.057544E-007
   1.290321E-006
   2.276208E-007
   4.350694E-007
   1.227450E-006
   1.704561E-007
   4.988049E-007
   1.210424E-006
   1.377990E-007
   5.238626E-007
   1.120609E-006
   8.815073E-008
   5.910934E-007
   1.084938E-006
   6.266930E-008
   6.074955E-007
   9.721116E-007
   2.779296E-008
   6.763787E-007
   9.231158E-007
   1.370642E-008
   6.816254E-007
   7.978301E-007
   7.691568E-010
   7.467354E-007
   7.403134E-007
   4.947874E-010
   7.356505E-007
   6.103442E-007
   1.322269E-008
   7.918042E-007
   5.486396E-007
   2.711414E-008
   7.651376E-007
   4.268813E-007
   6.594998E-008
   8.080523E-007
   3.686770E-007
   9.153681E-008
   7.631452E-007
   2.640786E-007
   1.519863E-007
   7.864869E-007
   2.133098E-007
   1.853630E-007
   7.246804E-007
   1.327761E-007
   2.614194E-007
   7.297058E-007
   9.568681E-008
   2.978766E-007
   6.591313E-007
   4.487238E-008
   3.856462E-007
   6.558922E-007
   2.431974E-008
   4.258554E-007
   5.829919E-007
   3.326575E-009
   5.231767E-007
   5.699912E-007
   4.265549E-013
   5.629216E-007
   4.917970E-007
   1.020595E-008
   6.632606E-007
   4.666317E-007
   2.628451E-008
   6.949715E-007
   3.825820E-007
   7.021690E-008
   7.893048E-007
   3.462991E-007
   1.072106E-007
   8.022766E-007
   2.602719E-007
   1.860384E-007
   8.781660E-007
   2.174652E-007
   2.424090E-007
   8.603531E-007
   1.386144E-007
   3.535214E-007
   9.057991E-007
   9.909670E-008
   4.215527E-007
   8.469839E-007
   4.210087E-008
   5.544342E-007
   8.513725E-007
   1.832555E-008
   6.189538E-007
   7.481159E-007
   1.528945E-010
   7.547272E-007
   7.094699E-007
   4.291840E-009
   7.933085E-007
   5.707171E-007
   3.857715E-008
   9.052158E-007
   4.979567E-007
   7.678907E-008
   8.962110E-007
   3.469043E-007
   1.685626E-007
   9.623715E-007
   2.641772E-007
   2.356539E-007
   8.903258E-007
   1.384754E-007
   3.715895E-007
   8.924782E-007
   7.697423E-008
   4.453768E-007
   7.573815E-007
   1.385543E-008
   5.958712E-007
   7.011336E-007
   1.869854E-010
   6.438901E-007
   5.305023E-007
   2.225144E-008
   7.636907E-007
   4.380579E-007
   6.222574E-008
   7.489626E-007
   2.698818E-007
   1.635702E-007
   8.034058E-007
   1.792629E-007
   2.423590E-007
   7.208882E-007
   6.801240E-008
   3.905023E-007
   7.042284E-007
   2.300148E-008
   4.648026E-007
   5.626552E-007
   2.603329E-010
   5.984588E-007
   4.812802E-007
   1.703513E-008
   6.267030E-007
   3.204178E-007
   8.634424E-008
   7.076454E-007
   2.269659E-007
   1.575954E-007
   6.712586E-007
   1.086368E-007
   2.827841E-007
   6.712646E-007
   4.848530E-008
   3.660506E-007
   5.631756E-007
   3.576688E-009
   4.962341E-007
   4.919691E-007
   4.051009E-009
   5.578486E-007
   3.550723E-007
   4.940104E-008
   6.490572E-007
   2.614449E-007
   1.133120E-007
   6.470832E-007
   1.425565E-007
   2.232834E-007
   6.539361E-007
   6.822829E-008
   3.189837E-007
   5.741703E-007
   1.117860E-008
   4.488943E-007
   5.069186E-007
   6.801167E-010
   5.304577E-007
   3.826993E-007
   3.290613E-008
   6.194125E-007
   2.798311E-007
   9.390776E-008
   6.317362E-007
   1.575116E-007
   1.981163E-007
   6.371192E-007
   7.432767E-008
   2.995786E-007
   5.662514E-007
   1.370832E-008
   4.253812E-007
   4.927787E-007
   4.321461E-010
   5.066958E-007
   3.655214E-007
   3.195258E-008
   5.863579E-007
   2.554992E-007
   9.538591E-008
   5.922687E-007
   1.341776E-007
   2.010875E-007
   5.864388E-007
   5.492302E-008
   3.023679E-007
   5.053732E-007
   5.073136E-009
   4.245112E-007
   4.212115E-007
   5.413644E-009
   4.967597E-007
   2.889532E-007
   5.696075E-008
   5.647825E-007
   1.813983E-007
   1.373782E-007
   5.505366E-007
   7.360429E-008
   2.605641E-007
   5.226736E-007
   1.638365E-008
   3.631909E-007
   4.161035E-007
   2.267325E-009
   4.798849E-007
   3.159588E-007
   3.828946E-008
   5.234401E-007
   1.805281E-007
   1.307497E-007
   5.562237E-007
   8.621007E-008
   2.322135E-007
   4.929348E-007
   1.403441E-008
   3.676956E-007
   4.234911E-007
   1.163629E-009
   4.486567E-007
   2.864829E-007
   4.622010E-008
   5.295366E-007
   1.777209E-007
   1.246132E-007
   5.105041E-007
   6.437849E-008
   2.523159E-007
   4.802291E-007
   1.087970E-008
   3.483385E-007
   3.600074E-007
   6.805089E-009
   4.578442E-007
   2.559340E-007
   5.349407E-008
   4.776170E-007
   1.223852E-007
   1.592060E-007
   4.866451E-007
   4.257797E-008
   2.592647E-007
   3.950874E-007
   2.986019E-010
   3.856811E-007
   3.068795E-007
   1.933601E-008
   4.356100E-007
   1.687816E-007
   1.021326E-007
   4.755684E-007
   7.534410E-008
   1.985820E-007
   4.101360E-007
   7.546709E-009
   3.304139E-007
   3.377276E-007
   5.415306E-009
   3.994099E-007
   2.020180E-007
   6.830203E-008
   4.593435E-007
   1.017961E-007
   1.585043E-007
   4.139123E-007
   1.798432E-008
   2.896906E-007
   3.537508E-007
   8.005963E-010
   3.687869E-007
   2.222718E-007
   4.818167E-008
   4.392165E-007
   1.190871E-007
   1.312724E-007
   4.062679E-007
   2.648104E-008
   2.576236E-007
   3.534284E-007
   1.316866E-014
   3.391800E-007
   2.267133E-007
   3.674682E-008
   4.117885E-007
   1.232513E-007
   1.143796E-007
   3.851490E-007
   2.834035E-008
   2.373999E-007
   3.351932E-007
   2.765641E-012
   3.207043E-007
   2.111416E-007
   3.788408E-008
   3.929173E-007
   1.089713E-007
   1.190640E-007
   3.646888E-007
   2.036826E-008
   2.442091E-007
   3.093136E-007
   8.474315E-010
   3.256467E-007
   1.844326E-007
   5.168018E-008
   3.889450E-007
   8.477701E-008
   1.421665E-007
   3.489297E-007
   9.375643E-009
   2.707782E-007
   2.810775E-007
   6.321845E-009
   3.445046E-007
   1.526855E-007
   7.685151E-008
   3.913395E-007
   5.804749E-008
   1.775215E-007
   3.318492E-007
   1.544831E-009
   3.055411E-007
   2.477807E-007
   1.943101E-008
   3.637001E-007
   1.177740E-007
   1.101482E-007
   3.858173E-007
   3.301343E-008
   2.158018E-007
   3.034851E-007
   5.795149E-010
   3.332620E-007
   2.049658E-007
   4.017439E-008
   3.674085E-007
   8.044564E-008
   1.462169E-007
   3.603362E-007
   1.268713E-008
   2.492205E-007
   2.581328E-007
   8.931933E-009
   3.482393E-007
   1.520786E-007
   7.033722E-008
   3.531958E-007
   4.292643E-008
   1.868535E-007
   3.155119E-007
   8.661001E-010
   2.781040E-007
   1.982029E-007
   3.049766E-008
   3.485239E-007
   9.449084E-008
   1.107195E-007
   3.182869E-007
   1.279890E-008
   2.281564E-007
   2.517498E-007
   4.350060E-009
   2.949328E-007
   1.294948E-007
   6.760737E-008
   3.270694E-007
   4.194318E-008
   1.574629E-007
   2.608544E-007
   1.791538E-011
   2.609913E-007
   1.738887E-007
   2.833898E-008
   2.903691E-007
   6.332969E-008
   1.175709E-007
   2.788311E-007
   7.216150E-009
   2.008821E-007
   1.844406E-007
   1.290300E-008
   2.730978E-007
   9.389767E-008
   7.225830E-008
   2.569317E-007
   1.528497E-008
   1.710733E-007
   2.071642E-007
   2.078942E-009
   2.301669E-007
   1.041967E-007
   5.368980E-008
   2.602798E-007
   3.127997E-008
   1.304093E-007
   2.029734E-007
   2.240672E-010
   2.190088E-007
   1.285762E-007
   3.171173E-008
   2.383387E-007
   3.826405E-008
   1.167600E-007
   2.200994E-007
   1.083226E-009
   1.884088E-007
   1.316798E-007
   2.498292E-008
   2.423782E-007
   5.417465E-008
   9.139882E-008
   2.108419E-007
   2.252662E-009
   1.834508E-007
   1.495398E-007
   1.436826E-008
   2.215209E-007
   5.625674E-008
   8.584620E-008
   2.209506E-007
   6.168724E-009
   1.599436E-007
   1.435346E-007
   1.296712E-008
   2.229651E-007
   6.619849E-008
   6.994241E-008
   2.036274E-007
   5.710136E-009
   1.584070E-007
   1.497444E-007
   8.502294E-009
   2.001388E-007
   5.873448E-008
   7.133288E-008
   2.033878E-007
   7.043793E-009
   1.425777E-007
   1.308960E-007
   1.205903E-008
   2.027941E-007
   5.622948E-008
   6.919225E-008
   1.820849E-007
   2.551132E-009
   1.563186E-007
   1.252611E-007
   1.509455E-008
   1.922049E-007
   3.899488E-008
   8.908544E-008
   1.828341E-007
   7.293887E-010
   1.610744E-007
   1.017857E-007
   2.960984E-008
   2.073489E-007
   2.998684E-008
   1.033706E-007
   1.649818E-007
   7.840667E-010
   1.901502E-007
   9.172075E-008
   4.273295E-008
   2.039717E-007
   1.465520E-008
   1.376325E-007
   1.631442E-007
   4.462261E-009
   2.021491E-007
   6.776735E-008
   7.042129E-008
   2.165024E-007
   7.242958E-009
   1.583747E-007
   1.399827E-007
   1.663141E-008
   2.286234E-007
   5.379155E-008
   9.053533E-008
   2.012433E-007
   5.707665E-010
   1.921467E-007
   1.260118E-007
   2.870041E-008
   2.244099E-007
   3.028439E-008
   1.235573E-007
   1.931909E-007
   4.365422E-010
   2.008087E-007
   9.163055E-008
   5.336259E-008
   2.287099E-007
   1.616221E-008
   1.424174E-007
   1.577294E-007
   8.414442E-009
   2.206236E-007
   6.708393E-008
   7.394047E-008
   2.024711E-007
   2.583105E-009
   1.747984E-007
   1.314943E-007
   2.097403E-008
   2.108793E-007
   3.340952E-008
   1.097786E-007
   1.848176E-007
   1.028093E-010
   1.828820E-007
   8.565660E-008
   4.861522E-008
   2.096775E-007
   1.425112E-008
   1.307364E-007
   1.388159E-007
   9.542004E-009
   2.008222E-007
   5.454374E-008
   7.259444E-008
   1.751976E-007
   6.858032E-010
   1.634531E-007
   1.050415E-007
   2.592607E-008
   1.846438E-007
   1.983838E-008
   1.108934E-007
   1.488930E-007
   2.165228E-009
   1.667978E-007
   5.672768E-008
   5.890201E-008
   1.742232E-007
   4.151928E-009
   1.303925E-007
   9.830501E-008
   2.063952E-008
   1.778486E-007
   2.695357E-008
   8.757250E-008
   1.339996E-007
   1.841518E-009
   1.623935E-007
   6.257853E-008
   4.731398E-008
   1.568525E-007
   3.052728E-009
   1.325753E-007
   1.023136E-007
   1.707348E-008
   1.636300E-007
   2.164029E-008
   9.511292E-008
   1.382911E-007
   1.553114E-009
   1.542052E-007
   5.272168E-008
   5.709730E-008
   1.642361E-007
   2.799737E-009
   1.305646E-007
   8.970702E-008
   2.519559E-008
   1.750594E-007
   2.007407E-008
   9.754424E-008
   1.249161E-007
   5.210869E-009
   1.690948E-007
   4.949108E-008
   6.183793E-008
   1.514072E-007
   2.596156E-010
   1.478815E-007
   8.483378E-008
   3.026358E-008
   1.638790E-007
   1.023706E-008
   1.157579E-007
   1.184443E-007
   8.646356E-009
   1.600466E-007
   3.151360E-008
   7.967061E-008
   1.433841E-007
   1.510256E-010
   1.427812E-007
   5.802634E-008
   4.704869E-008
   1.563264E-007
   3.949460E-009
   1.173606E-007
   8.400191E-008
   2.223935E-008
   1.574540E-007
   1.687856E-008
   8.884967E-008
   1.053563E-007
   6.792555E-009
   1.485855E-007
   3.503484E-008
   6.163850E-008
   1.201004E-007
   3.697619E-010
   1.327154E-007
   5.494766E-008
   3.837384E-008
   1.276352E-007
   1.507197E-009
   1.128334E-007
   7.396750E-008
   2.046602E-008
   1.284827E-007
   8.278804E-009
   9.138329E-008
   9.022990E-008
   8.352755E-009
   1.237269E-007
   1.873676E-008
   7.037747E-008
   1.027860E-007
   1.749361E-009
   1.146510E-007
   3.120956E-008
   5.102187E-008
   1.109885E-007
   2.345849E-011
   1.024702E-007
   4.423504E-008
   3.427035E-008
   1.147412E-007
   2.323928E-009
   8.830232E-008
   5.655145E-008
   2.094206E-008
   1.149265E-007
   7.566961E-009
   7.460743E-008
   6.772178E-008
   1.146046E-008
   1.132380E-007
   1.475369E-008
   6.214787E-008
   7.779844E-008
   5.155650E-009
   1.103509E-007
   2.336731E-008
   5.083902E-008
   8.693099E-008
   1.447633E-009
   1.062703E-007
   3.299700E-008
   4.059362E-008
   9.502901E-008
   3.044955E-011
   1.012572E-007
   4.352837E-008
   3.118451E-008
   1.018142E-007
   6.900447E-010
   9.494294E-008
   5.443717E-008
   2.273914E-008
   1.068287E-007
   3.232281E-009
   8.757369E-008
   6.537473E-008
   1.538704E-008
   1.098709E-007
   7.482905E-009
   7.878607E-008
   7.539044E-008
   9.373620E-009
   1.104016E-007
   1.299820E-008
   6.917013E-008
   8.384076E-008
   4.881262E-009
   1.085616E-007
   1.938395E-008
   5.885535E-008
   8.984547E-008
   1.913709E-009
   1.039524E-007
   2.565236E-008
   4.907150E-008
   9.313840E-008
   4.475755E-010
   9.853052E-008
   3.132028E-008
   4.060747E-008
   9.419208E-008
   5.489256E-012
   9.257809E-008
   3.576271E-008
   3.383832E-008
   9.362407E-008
   1.498794E-010
   8.721549E-008
   3.927269E-008
   2.843964E-008
   9.202590E-008
   5.527040E-010
   8.227169E-008
   4.168653E-008
   2.431231E-008
   8.970487E-008
   9.793784E-010
   7.829591E-008
   4.336743E-008
   2.117620E-008
   8.712585E-008
   1.339434E-009
   7.496697E-008
   4.429994E-008
   1.885752E-008
   8.439874E-008
   1.570809E-009
   7.228931E-008
   4.457891E-008
   1.724771E-008
   8.186352E-008
   1.702391E-009
   6.995247E-008
   4.423303E-008
   1.616666E-008
   7.938831E-008
   1.728674E-009
   6.785610E-008
   4.328071E-008
   1.553999E-008
   7.703337E-008
   1.680377E-009
   6.583588E-008
   4.179312E-008
   1.528342E-008
   7.478264E-008
   1.544198E-009
   6.419279E-008
   3.991362E-008
   1.546228E-008
   7.272465E-008
   1.307847E-009
   6.310123E-008
   3.775006E-008
   1.604925E-008
   7.082823E-008
   1.009304E-009
   6.240563E-008
   3.526764E-008
   1.704841E-008
   6.898529E-008
   6.751098E-010
   6.210348E-008
   3.249954E-008
   1.848474E-008
   6.718843E-008
   3.580999E-010
   6.209920E-008
   2.948318E-008
   2.034192E-008
   6.528499E-008
   1.106362E-010
   6.229125E-008
   2.619334E-008
   2.269319E-008
   6.326126E-008
   6.528585E-013
   6.261956E-008
   2.270607E-008
   2.553324E-008
   6.101378E-008
   1.026012E-010
   6.290291E-008
   1.902418E-008
   2.891926E-008
   5.845939E-008
   5.016123E-010
   6.312649E-008
   1.529506E-008
   3.279207E-008
   5.546437E-008
   1.292453E-009
