   4.934214E-093
   4.918489E-093
   4.871381E-093
   4.793088E-093
   4.683958E-093
   4.544504E-093
   4.375435E-093
   4.177694E-093
   3.952506E-093
   3.701434E-093
   3.426452E-093
   3.130019E-093
   2.815182E-093
   2.485678E-093
   2.146064E-093
   1.801856E-093
   1.459697E-093
   1.127533E-093
   8.148292E-094
   5.328016E-094
   2.946799E-094
   1.160054E-094
   1.496190E-095
   1.274734E-095
   1.339874E-094
   4.071973E-094
   8.652945E-094
   1.546170E-093
   2.493318E-093
   3.756542E-093
   5.392721E-093
   7.466675E-093
   1.005210E-092
   1.323261E-092
   1.710288E-092
   2.176990E-092
   2.735438E-092
   3.399218E-092
   4.183608E-092
   5.105746E-092
   6.184835E-092
   7.442358E-092
   8.902303E-092
   1.059143E-091
   1.253953E-091
   1.477973E-091
   1.734884E-091
   2.028766E-091
   2.364139E-091
   2.746001E-091
   3.179875E-091
   3.671829E-091
   4.228417E-091
   4.856950E-091
   5.560625E-091
   6.333663E-091
   7.174276E-091
   8.079640E-091
   9.045462E-091
   1.006583E-090
   1.113306E-090
   1.223764E-090
   1.336811E-090
   1.451104E-090
   1.565105E-090
   1.677084E-090
   1.785128E-090
   1.887158E-090
   1.980950E-090
   2.064164E-090
   2.134382E-090
   2.189155E-090
   2.226056E-090
   2.242746E-090
   2.237058E-090
   2.207083E-090
   2.151275E-090
   2.068574E-090
   1.958541E-090
   1.821508E-090
   1.658757E-090
   1.472707E-090
   1.267131E-090
   1.047389E-090
   8.206929E-091
   5.963905E-091
   3.862802E-091
   2.049536E-091
   7.016816E-092
   3.252800E-093
   2.954614E-092
   1.757706E-091
   4.526938E-091
   8.599496E-091
   1.388591E-090
   2.021117E-090
   2.731961E-090
   3.488242E-090
   4.250846E-090
   4.975858E-090
   5.616414E-090
   6.124990E-090
   6.456157E-090
   6.569945E-090
   6.435736E-090
   6.036695E-090
   5.374889E-090
   4.477083E-090
   3.401265E-090
   2.243940E-090
   1.148235E-090
   3.128598E-091
   1.974770E-093
   5.559946E-091
   2.403391E-090
   6.073531E-090
   1.221054E-089
   2.116541E-089
   3.249082E-089
   4.571651E-089
   6.015523E-089
   7.492466E-089
   8.899293E-089
   1.012372E-088
   1.105161E-088
   1.157565E-088
   1.160569E-088
   1.108065E-088
   9.982303E-089
   8.350841E-089
   6.302474E-089
   4.049051E-089
   1.919847E-089
   3.855994E-090
   8.488564E-091
   1.852929E-089
   6.752925E-089
   1.610991E-088
   3.065803E-088
   4.917083E-088
   7.029561E-088
   9.224707E-088
   1.129079E-087
   1.299981E-087
   1.412811E-087
   1.448084E-087
   1.392031E-087
   1.239853E-087
   9.994097E-088
   6.953630E-088
   3.737861E-088
   1.072656E-088
   5.030770E-091
   1.964239E-088
   8.828139E-088
   2.299522E-087
   4.641785E-087
   7.649617E-087
   1.100500E-086
   1.432823E-086
   1.719218E-086
   1.916699E-086
   1.987376E-086
   1.904685E-086
   1.660496E-086
   1.273141E-086
   7.963825E-087
   3.293567E-087
   2.751994E-088
   1.146225E-087
   8.957349E-087
   2.771348E-086
   6.190244E-086
   1.081916E-085
   1.597417E-085
   2.092905E-085
   2.489472E-085
   2.711912E-085
   2.700680E-085
   2.425644E-085
   1.901620E-085
   1.205742E-085
   4.966836E-086
   3.579794E-087
   2.101879E-086
   1.557753E-085
   4.794227E-085
   1.062483E-084
   1.813056E-084
   2.598016E-084
   3.279720E-084
   3.720874E-084
   3.806691E-084
   3.470804E-084
   2.724614E-084
   1.690044E-084
   6.357157E-085
   1.659507E-086
   5.171275E-085
   3.097883E-084
   9.045710E-084
   1.915336E-083
   3.123250E-083
   4.296723E-083
   5.198815E-083
   5.613328E-083
   5.387510E-083
   4.480971E-083
   3.020377E-083
   1.359841E-083
   1.469767E-084
   3.946354E-084
   3.558311E-083
   1.161734E-082
   2.265389E-082
   2.532991E-082
   1.554039E-082
   1.569711E-083
   1.063134E-082
   9.640271E-082
   3.473320E-081
   8.956894E-081
   1.927350E-080
   3.692298E-080
   6.515839E-080
   1.081055E-079
   2.341049E-079
   8.877482E-079
   3.171336E-078
   9.334681E-078
   2.322077E-077
   5.074139E-077
   1.003932E-076
   1.838130E-076
   3.163716E-076
   5.178047E-076
   8.128794E-076
   1.274429E-075
   3.546299E-075
   1.268620E-074
   3.989679E-074
   1.058035E-073
   2.435255E-073
   5.019960E-073
   9.495308E-073
   1.677636E-072
   2.805042E-072
   4.481952E-072
   7.093964E-072
   1.751163E-071
   5.440760E-071
   1.562768E-070
   3.920296E-070
   8.704853E-070
   1.750564E-069
   3.252176E-069
   5.667780E-069
   9.374562E-069
   1.484726E-068
   2.667355E-068
   6.997656E-068
   1.939780E-067
   4.913029E-067
   1.113934E-066
   2.289289E-066
   4.337367E-066
   7.688922E-066
   1.290458E-065
   2.069486E-065
   3.524168E-065
   8.298142E-065
   2.131712E-064
   5.159354E-064
   1.138198E-063
   2.298813E-063
   4.304619E-063
   7.567368E-063
   1.262147E-062
   2.014734E-062
   3.628911E-062
   8.353754E-062
   1.998410E-061
   4.511219E-061
   9.402357E-061
   1.815984E-060
   3.282610E-060
   5.609748E-060
   9.142763E-060
   1.491688E-059
   3.041528E-059
   6.887967E-059
   1.527783E-058
   3.179567E-058
   6.170472E-058
   1.123034E-057
   1.932976E-057
   3.171865E-057
   5.106644E-057
   9.817746E-057
   2.110561E-056
   4.512677E-056
   9.162754E-056
   1.748481E-055
   3.144579E-055
   5.365296E-055
   8.745438E-055
   1.422106E-054
   2.723630E-054
   5.645651E-054
   1.156972E-053
   2.261538E-053
   4.181293E-053
   7.328179E-053
   1.224145E-052
   1.961509E-052
   3.337040E-052
   6.484165E-052
   1.301310E-051
   2.545461E-051
   4.751996E-051
   8.434696E-051
   1.427529E-050
   2.314935E-050
   3.739249E-050
   6.835360E-050
   1.326573E-049
   2.555501E-049
   4.744810E-049
   8.417337E-049
   1.427105E-048
   2.320636E-048
   3.697798E-048
   6.513377E-048
   1.225515E-047
   2.308380E-047
   4.219149E-047
   7.402458E-047
   1.245069E-046
   2.012664E-046
   3.196875E-046
   5.556489E-046
   1.021339E-045
   1.877219E-045
   3.356487E-045
   5.780065E-045
   9.571520E-045
   1.527214E-044
   2.439461E-044
   4.242885E-044
   7.655263E-044
   1.371351E-043
   2.388698E-043
   4.015884E-043
   6.510703E-043
   1.021650E-042
   1.669043E-042
   2.910508E-042
   5.150773E-042
   8.972257E-042
   1.517533E-041
   2.481493E-041
   3.923694E-041
   6.166188E-041
   1.035877E-040
   1.796952E-040
   3.103890E-040
   5.240211E-040
   8.582984E-040
   1.361658E-039
   2.111290E-039
   3.439107E-039
   5.839515E-039
   9.954749E-039
   1.667902E-038
   2.720561E-038
   4.307125E-038
   6.641496E-038
   1.060075E-037
   1.766700E-037
   2.967414E-037
   4.915903E-037
   7.949910E-037
   1.250353E-036
   1.917108E-036
   3.026690E-036
   4.971176E-036
   8.226617E-036
   1.344457E-035
   2.148597E-035
   3.345062E-035
   5.094395E-035
   8.008568E-035
   1.300537E-034
   2.120949E-034
   3.414117E-034
   5.378567E-034
   8.265460E-034
   1.252490E-033
   1.967969E-033
   3.164072E-033
   5.083373E-033
   8.048599E-033
   1.247489E-032
   1.888331E-032
   2.865112E-032
   4.501019E-032
   7.159752E-032
   1.131948E-031
   1.760414E-031
   2.680281E-031
   4.005575E-031
   6.126719E-031
   9.596402E-031
   1.506945E-030
   2.340627E-030
   3.570561E-030
   5.333867E-030
   7.975262E-030
   1.226945E-029
   1.906838E-029
   2.946971E-029
   4.488404E-029
   6.707308E-029
   9.900318E-029
   1.496476E-028
   2.297765E-028
   3.524408E-028
   5.344412E-028
   7.968257E-028
   1.168465E-027
   1.739450E-027
   2.638244E-027
   4.010402E-027
   6.042468E-027
   8.968236E-027
   1.308603E-026
   1.924731E-026
   2.886014E-026
   4.345192E-026
   6.496057E-026
   9.580918E-026
   1.390248E-025
   2.025985E-025
   3.007031E-025
   4.483904E-025
   6.645408E-025
   9.726498E-025
   1.401973E-024
   2.028298E-024
   2.983632E-024
   4.406848E-024
   6.470702E-024
   9.388717E-024
   1.343052E-023
   1.931782E-023
   2.818919E-023
   4.124550E-023
   5.997361E-023
   8.619612E-023
   1.223463E-022
   1.751606E-022
   2.536960E-022
   3.677232E-022
   5.292857E-022
   7.530038E-022
   1.061404E-021
   1.513367E-021
   2.175441E-021
   3.122676E-021
   4.446878E-021
   6.258609E-021
   8.778696E-021
   1.246234E-020
   1.777051E-020
   2.524736E-020
   3.555120E-020
   4.951558E-020
   6.926686E-020
   9.780717E-020
   1.382256E-019
   1.942396E-019
   2.702885E-019
   3.736722E-019
   5.214040E-019
   7.312320E-019
   1.023112E-018
   1.420930E-018
   1.954101E-018
   2.693329E-018
   3.742024E-018
   5.203459E-018
   7.199768E-018
   9.875186E-018
   1.347531E-017
   1.853138E-017
   2.557588E-017
   3.520422E-017
   4.811891E-017
   6.523516E-017
   8.879364E-017
   1.215296E-016
   1.662273E-016
   2.261475E-016
   3.051466E-016
   4.114305E-016
   5.582257E-016
   7.581591E-016
   1.025688E-015
   1.377599E-015
   1.842551E-015
   2.478474E-015
   3.341252E-015
   4.492138E-015
   6.001905E-015
   7.972457E-015
   1.063448E-014
   1.422716E-014
   1.899892E-014
   2.523496E-014
   3.330612E-014
   4.407190E-014
   5.850741E-014
   7.757721E-014
   1.023783E-013
   1.342621E-013
   1.763022E-013
   2.322524E-013
   3.056937E-013
   4.006534E-013
   5.219629E-013
   6.803407E-013
   8.894036E-013
   1.161833E-012
   1.511731E-012
   1.955853E-012
   2.530886E-012
   3.283378E-012
   4.256059E-012
   5.495987E-012
   7.059331E-012
   9.069253E-012
   1.167556E-011
   1.501499E-011
   1.923691E-011
   2.452409E-011
   3.127919E-011
   3.995481E-011
   5.096594E-011
   6.476281E-011
   8.192865E-011
   1.037279E-010
   1.314402E-010
   1.662589E-010
   2.094695E-010
   2.629234E-010
   3.303557E-010
   4.151529E-010
   5.205757E-010
   6.501176E-010
   8.096845E-010
   1.009417E-009
   1.257771E-009
   1.563125E-009
   1.934631E-009
   2.390685E-009
   2.955924E-009
   3.650350E-009
   4.494208E-009
   5.511812E-009
   6.755904E-009
   8.279778E-009
   1.012828E-008
   1.234700E-008
   1.500484E-008
   1.823175E-008
   2.213229E-008
   2.680046E-008
   3.233399E-008
   3.893151E-008
   4.685381E-008
   5.629256E-008
   6.742786E-008
   8.048371E-008
   9.595344E-008
   1.142625E-007
   1.357373E-007
   1.606871E-007
   1.896991E-007
   2.236839E-007
   2.632328E-007
   3.088287E-007
   3.610145E-007
   4.211555E-007
   4.904054E-007
   5.694562E-007
   6.588494E-007
   7.598066E-007
   8.743422E-007
   1.003386E-006
   1.147392E-006
   1.306845E-006
   1.483983E-006
   1.680050E-006
   1.894972E-006
   2.128100E-006
   2.380076E-006
   2.652004E-006
   2.942567E-006
   3.249263E-006
   3.569443E-006
   3.901998E-006
   4.243183E-006
   4.587251E-006
   4.927336E-006
   5.256954E-006
   5.568290E-006
   5.851480E-006
   6.095573E-006
   6.288181E-006
   6.416032E-006
   6.466732E-006
   6.428703E-006
   6.289842E-006
   6.035903E-006
   5.660440E-006
   5.164001E-006
   4.552546E-006
   3.832539E-006
   3.028232E-006
   2.184490E-006
   1.364022E-006
   6.458003E-007
   1.433919E-007
   1.226114E-008
   4.462521E-007
   1.689687E-006
   4.061182E-006
   7.945072E-006
   1.379213E-005
   2.215355E-005
   3.374150E-005
   4.935424E-005
   6.988316E-005
   9.637554E-005
   1.301862E-004
   1.727742E-004
   2.256949E-004
   2.907029E-004
   3.700474E-004
   4.661026E-004
   5.812882E-004
   7.182286E-004
   8.802026E-004
   1.070630E-003
   1.292849E-003
   1.550335E-003
   1.847237E-003
   2.187806E-003
   2.576007E-003
   3.015800E-003
   3.511537E-003
   4.067522E-003
   4.687623E-003
   5.375421E-003
   6.134123E-003
   6.966543E-003
   7.875079E-003
   8.861508E-003
   9.925816E-003
   1.106713E-002
   1.228462E-002
   1.357646E-002
   1.493693E-002
   1.635919E-002
   1.783749E-002
   1.936489E-002
   2.092777E-002
   2.251202E-002
   2.410635E-002
   2.569817E-002
   2.726549E-002
   2.878787E-002
   3.024990E-002
   3.163481E-002
   3.291484E-002
   3.406739E-002
   3.507691E-002
   3.592658E-002
   3.658929E-002
   3.704736E-002
   3.729125E-002
   3.731035E-002
   3.708771E-002
   3.661832E-002
   3.590491E-002
   3.495016E-002
   3.375608E-002
   3.233523E-002
   3.070611E-002
   2.888943E-002
   2.690887E-002
   2.479317E-002
   2.257446E-002
   2.028995E-002
   1.797748E-002
   1.567303E-002
   1.341375E-002
   1.124225E-002
   9.194486E-003
   7.299596E-003
   5.586289E-003
   4.083853E-003
   2.808737E-003
   1.769917E-003
   9.743754E-004
   4.224028E-004
   1.029997E-004
   3.560345E-009
   9.214771E-005
   3.504227E-004
   7.424313E-004
   1.233837E-003
   1.784062E-003
   2.353256E-003
   2.906118E-003
   3.408175E-003
   3.824592E-003
   4.130422E-003
   4.309121E-003
   4.348684E-003
   4.244624E-003
   4.003080E-003
   3.638727E-003
   3.174321E-003
   2.638256E-003
   2.063834E-003
   1.490672E-003
   9.613230E-004
   5.146650E-004
   1.882910E-004
   1.812937E-005
   3.104825E-005
   2.460931E-004
   6.746668E-004
   1.312975E-003
   2.148259E-003
   3.162337E-003
   4.319756E-003
   5.571388E-003
   6.872533E-003
   8.174739E-003
   9.411033E-003
   1.052394E-002
   1.146930E-002
   1.220017E-002
   1.267196E-002
   1.286255E-002
   1.276373E-002
   1.237507E-002
   1.171132E-002
   1.080181E-002
   9.691300E-003
   8.434903E-003
   7.087871E-003
   5.711353E-003
   4.378117E-003
   3.147838E-003
   2.068697E-003
   1.189035E-003
   5.443748E-004
   1.477126E-004
   1.169119E-006
   9.261262E-005
   3.916458E-004
   8.597450E-004
   1.446166E-003
   2.089284E-003
   2.733021E-003
   3.323786E-003
   3.804257E-003
   4.133034E-003
   4.285637E-003
   4.247754E-003
   4.020184E-003
   3.621816E-003
   3.087979E-003
   2.466959E-003
   1.811258E-003
   1.179513E-003
   6.367718E-004
   2.370313E-004
   2.447376E-005
   3.449891E-005
   2.822426E-004
   7.668273E-004
   1.471533E-003
   2.351784E-003
   3.355405E-003
   4.426421E-003
   5.485111E-003
   6.454098E-003
   7.274075E-003
   7.884590E-003
   8.232618E-003
   8.295271E-003
   8.069731E-003
   7.568882E-003
   6.826012E-003
   5.893570E-003
   4.844838E-003
   3.753155E-003
   2.689723E-003
   1.734509E-003
   9.532230E-004
   3.878763E-004
   6.975237E-005
   7.903353E-006
   1.853261E-004
   5.697395E-004
   1.105075E-003
   1.725652E-003
   2.366948E-003
   2.953579E-003
   3.418797E-003
   3.718343E-003
   3.819649E-003
   3.708070E-003
   3.395973E-003
   2.918459E-003
   2.327778E-003
   1.685133E-003
   1.062499E-003
   5.362055E-004
   1.668943E-004
   4.312990E-006
   8.103685E-005
   4.021858E-004
   9.547596E-004
   1.695553E-003
   2.559775E-003
   3.481794E-003
   4.377021E-003
   5.155683E-003
   5.753867E-003
   6.116737E-003
   6.201983E-003
   6.003053E-003
   5.540913E-003
   4.858000E-003
   4.014342E-003
   3.088610E-003
   2.172549E-003
   1.343828E-003
   6.726071E-004
   2.198706E-004
   1.302077E-005
   5.634591E-005
   3.278331E-004
   7.783050E-004
   1.347683E-003
   1.955558E-003
   2.519237E-003
   2.973804E-003
   3.259273E-003
   3.335709E-003
   3.196896E-003
   2.861413E-003
   2.369763E-003
   1.782343E-003
   1.178273E-003
   6.379852E-004
   2.312269E-004
   2.023679E-005
   4.201224E-005
   3.065147E-004
   7.970867E-004
   1.462458E-003
   2.240057E-003
   3.049482E-003
   3.792989E-003
   4.395059E-003
   4.791207E-003
   4.928380E-003
   4.793474E-003
   4.404399E-003
   3.803032E-003
   3.053640E-003
   2.242300E-003
   1.462078E-003
   7.912307E-004
   3.010697E-004
   4.008663E-005
   2.183052E-005
   2.344967E-004
   6.323476E-004
   1.152307E-003
   1.717047E-003
   2.235948E-003
   2.638404E-003
   2.868450E-003
   2.887442E-003
   2.694713E-003
   2.320112E-003
   1.816526E-003
   1.254724E-003
   7.207757E-004
   2.964153E-004
   4.590478E-005
   1.658433E-005
   2.220824E-004
   6.477660E-004
   1.245705E-003
   1.939399E-003
   2.650591E-003
   3.284833E-003
   3.755683E-003
   4.010003E-003
   4.011146E-003
   3.755627E-003
   3.279298E-003
   2.646065E-003
   1.934853E-003
   1.235385E-003
   6.407107E-004
   2.186952E-004
   1.530321E-005
   4.643742E-005
   2.913182E-004
   7.028437E-004
   1.203331E-003
   1.711872E-003
   2.147281E-003
   2.432558E-003
   2.526168E-003
   2.414223E-003
   2.111515E-003
   1.667241E-003
   1.156265E-003
   6.613494E-004
   2.636607E-004
   3.606825E-005
   2.120809E-005
   2.327513E-004
   6.464880E-004
   1.208680E-003
   1.846077E-003
   2.460249E-003
   2.966799E-003
   3.294695E-003
   3.388810E-003
   3.238907E-003
   2.868612E-003
   2.329669E-003
   1.699782E-003
   1.074038E-003
   5.391999E-004
   1.665831E-004
   5.466446E-006
   6.568602E-005
   3.254366E-004
   7.267453E-004
   1.195242E-003
   1.646452E-003
   1.993781E-003
   2.180747E-003
   2.173561E-003
   1.970738E-003
   1.610544E-003
   1.158297E-003
   6.931217E-004
   3.004044E-004
   5.611272E-005
   8.101629E-006
   1.748979E-004
   5.351950E-004
   1.039944E-003
   1.609406E-003
   2.150643E-003
   2.583804E-003
   2.833073E-003
   2.858235E-003
   2.659064E-003
   2.265074E-003
   1.739301E-003
   1.169112E-003
   6.445202E-004
   2.442262E-004
   2.934429E-005
   2.318073E-005
   2.149839E-004
   5.564665E-004
   9.775256E-004
   1.394924E-003
   1.722347E-003
   1.901448E-003
   1.896036E-003
   1.705465E-003
   1.369126E-003
   9.522381E-004
   5.345160E-004
   2.007262E-004
   1.975586E-005
   3.211599E-005
   2.442294E-004
   6.240370E-004
   1.112120E-003
   1.619874E-003
   2.062074E-003
   2.361953E-003
   2.461639E-003
   2.347910E-003
   2.040211E-003
   1.591318E-003
   1.081920E-003
   6.017665E-004
   2.298224E-004
   2.777500E-005
   2.156407E-005
   2.008038E-004
   5.182074E-004
   9.027969E-004
   1.273585E-003
   1.548008E-003
   1.672858E-003
   1.621114E-003
   1.402108E-003
   1.063775E-003
   6.770261E-004
   3.224843E-004
   7.863964E-005
   6.176106E-007
   1.117249E-004
   3.965943E-004
   8.061687E-004
   1.266337E-003
   1.686455E-003
   1.991523E-003
   2.120295E-003
   2.047364E-003
   1.789795E-003
   1.395232E-003
   9.385688E-004
   5.079091E-004
   1.811505E-004
   1.486530E-005
   3.263510E-005
   2.193019E-004
   5.255624E-004
   8.769289E-004
   1.195996E-003
   1.407173E-003
   1.465150E-003
   1.358092E-003
   1.108013E-003
   7.724293E-004
   4.276636E-004
   1.513700E-004
   9.847463E-006
   3.973651E-005
   2.421708E-004
   5.792342E-004
   9.858987E-004
   1.381006E-003
   1.680854E-003
   1.828075E-003
   1.789678E-003
   1.573995E-003
   1.227294E-003
   8.193172E-004
   4.325227E-004
   1.445783E-004
   7.600614E-006
   4.186724E-005
   2.285109E-004
   5.177119E-004
   8.346589E-004
   1.103602E-003
   1.260546E-003
   1.266169E-003
   1.121876E-003
   8.609984E-004
   5.457408E-004
   2.533939E-004
   5.525191E-005
   2.621602E-006
   1.138677E-004
   3.705181E-004
   7.193939E-004
   1.085549E-003
   1.391862E-003
   1.568074E-003
   1.578411E-003
   1.419902E-003
   1.126768E-003
   7.646735E-004
   4.114005E-004
   1.411370E-004
   8.882368E-006
   3.504821E-005
   2.038482E-004
   4.654250E-004
   7.517693E-004
   9.867248E-004
   1.112444E-003
   1.097012E-003
   9.436241E-004
   6.926957E-004
   4.073492E-004
   1.607532E-004
   1.844559E-005
   2.007012E-005
   1.714921E-004
   4.411727E-004
   7.705873E-004
   1.082250E-003
   1.306055E-003
   1.389370E-003
   1.312167E-003
   1.094368E-003
   7.855439E-004
   4.573083E-004
   1.846706E-004
   2.610116E-005
   1.226798E-005
   1.368539E-004
   3.604852E-004
   6.182403E-004
   8.411735E-004
   9.681483E-004
   9.656503E-004
   8.354364E-004
   6.113605E-004
   3.544649E-004
   1.344699E-004
   1.214084E-005
   2.454522E-005
   1.739495E-004
   4.277747E-004
   7.250817E-004
   9.954907E-004
   1.170840E-003
   1.209702E-003
   1.102178E-003
   8.745735E-004
   5.838129E-004
   2.998676E-004
   9.009657E-005
   1.507745E-006
   4.832109E-005
   2.094451E-004
   4.346729E-004
   6.583058E-004
   8.156895E-004
   8.639892E-004
   7.885069E-004
   6.115682E-004
   3.831351E-004
   1.678797E-004
   2.859985E-005
   7.498710E-006
   1.156052E-004
   3.284509E-004
   5.941766E-004
   8.439439E-004
   1.014498E-003
   1.061351E-003
   9.722704E-004
   7.714548E-004
   5.101610E-004
   2.556524E-004
   7.141568E-005
   2.364276E-007
   5.363147E-005
   2.087565E-004
   4.152623E-004
   6.097810E-004
   7.348556E-004
   7.526129E-004
   6.591023E-004
   4.814869E-004
   2.728338E-004
   9.598202E-005
   5.080418E-006
   3.086258E-005
   1.708829E-004
   3.904470E-004
   6.310056E-004
   8.287952E-004
   9.290686E-004
   9.056475E-004
   7.646620E-004
   5.446721E-004
   3.054980E-004
   1.101849E-004
   8.498185E-006
   2.214507E-005
   1.395706E-004
   3.192480E-004
   5.036201E-004
   6.340661E-004
   6.707859E-004
   6.024272E-004
   4.502621E-004
   2.620014E-004
   9.641533E-005
   6.787063E-006
   2.409105E-005
   1.479024E-004
   3.456408E-004
   5.631168E-004
   7.383871E-004
   8.222691E-004
   7.907511E-004
   6.530468E-004
   4.488409E-004
   2.354547E-004
   7.206348E-005
   1.316329E-006
   3.743045E-005
   1.622038E-004
   3.316137E-004
   4.885875E-004
   5.823655E-004
   5.823887E-004
   4.890345E-004
   3.327460E-004
   1.642759E-004
   3.940948E-005
   7.470267E-007
   6.469231E-005
   2.157310E-004
   4.113580E-004
   5.940106E-004
   7.102487E-004
   7.250559E-004
   6.346718E-004
   4.659716E-004
   2.689729E-004
   1.011614E-004
   9.392942E-006
   1.607029E-005
   1.122891E-004
   2.613773E-004
   4.108369E-004
   5.098614E-004
   5.247852E-004
   4.511874E-004
   3.137139E-004
   1.592487E-004
   4.074010E-005
   2.353356E-007
   5.494265E-005
   1.914244E-004
   3.693044E-004
   5.346405E-004
   6.362917E-004
   6.429834E-004
   5.528580E-004
   3.939205E-004
   2.153557E-004
   7.100716E-005
   2.661827E-006
   2.642849E-005
   1.282058E-004
   2.687044E-004
   3.972439E-004
   4.681286E-004
   4.569703E-004
   3.675655E-004
   2.316429E-004
   9.717738E-005
   1.258381E-005
   1.003180E-005
   9.438076E-005
   2.411017E-004
   4.045574E-004
   5.324209E-004
   5.838251E-004
   5.421738E-004
   4.211372E-004
   2.597891E-004
   1.093404E-004
   1.629473E-005
   6.681332E-006
   7.789041E-005
   2.000172E-004
   3.265860E-004
   4.108387E-004
   4.222514E-004
   3.566688E-004
   2.382838E-004
   1.103576E-004
   2.058213E-005
   3.759701E-006
   6.961603E-005
   1.989417E-004
   3.501487E-004
   4.730949E-004
   5.270479E-004
   4.937402E-004
   3.847904E-004
   2.364509E-004
   9.786735E-005
   1.339265E-005
   7.603991E-006
   7.697072E-005
   1.917552E-004
   3.067300E-004
   3.782540E-004
   3.791515E-004
   3.095025E-004
   1.954976E-004
   8.063040E-005
   9.283798E-006
   1.067902E-005
   8.794177E-005
   2.167960E-004
   3.536535E-004
   4.517618E-004
   4.769071E-004
   4.207691E-004
   3.027241E-004
   1.637083E-004
   5.086458E-005
   8.862474E-007
   2.695134E-005
   1.144083E-004
   2.264520E-004
   3.185499E-004
   3.543808E-004
   3.203550E-004
   2.296179E-004
   1.179001E-004
   2.940758E-005
   3.999517E-007
   4.522893E-005
   1.507353E-004
   2.805719E-004
   3.890489E-004
   4.370785E-004
   4.078091E-004
   3.115596E-004
   1.831054E-004
   6.777378E-005
   5.156737E-006
   1.423367E-005
   8.674990E-005
   1.906622E-004
   2.831127E-004
   3.263879E-004
   3.034515E-004
   2.233306E-004
   1.186809E-004
   3.208004E-005
   5.004310E-008
   3.829809E-005
   1.354914E-004
   2.571708E-004
   3.589903E-004
   4.031539E-004
   3.735676E-004
   2.810660E-004
   1.601705E-004
   5.485851E-005
   2.406659E-006
   1.872921E-005
   9.283891E-005
   1.916117E-004
   2.730283E-004
   3.032071E-004
   2.696674E-004
   1.864122E-004
   8.821675E-005
   1.658044E-005
   3.101135E-006
   5.648940E-005
   1.587032E-004
   2.720925E-004
   3.534559E-004
   3.720257E-004
   3.203887E-004
   2.186939E-004
   1.054593E-004
   2.319386E-005
   1.020303E-006
   4.361664E-005
   1.296145E-004
   2.207973E-004
   2.776273E-004
   2.760013E-004
   2.164779E-004
   1.247521E-004
   4.029758E-005
   5.830590E-007
   2.502600E-005
   1.068318E-004
   2.155406E-004
   3.087846E-004
   3.501417E-004
   3.230175E-004
   2.384463E-004
   1.295576E-004
   3.885063E-005
   2.916549E-007
   2.588211E-005
   1.009368E-004
   1.907319E-004
   2.550977E-004
   2.658624E-004
   2.181841E-004
   1.332220E-004
   4.848440E-005
   2.358977E-006
   1.727967E-005
   9.007562E-005
   1.930692E-004
   2.850144E-004
   3.290125E-004
   3.068585E-004
   2.279412E-004
   1.239939E-004
   3.688390E-005
   2.117053E-007
   2.582555E-005
   9.894943E-005
   1.848866E-004
   2.443750E-004
   2.504544E-004
   2.004966E-004
   1.169980E-004
   3.808468E-005
   5.463997E-007
   2.375237E-005
   1.007859E-004
   2.011640E-004
   2.834851E-004
   3.135888E-004
   2.786808E-004
   1.935482E-004
   9.354279E-005
   1.984619E-005
   1.332029E-006
   4.245795E-005
   1.216617E-004
   2.009758E-004
   2.435953E-004
   2.295335E-004
   1.655675E-004
   8.117455E-005
   1.621726E-005
   2.303075E-006
   4.873940E-005
   1.379185E-004
   2.325402E-004
   2.924956E-004
   2.917060E-004
   2.308173E-004
   1.357131E-004
   4.719200E-005
   1.955145E-006
   1.699104E-005
   8.201660E-005
   1.644342E-004
   2.247366E-004
   2.340508E-004
   1.882275E-004
   1.087750E-004
   3.391979E-005
   1.899204E-007
   2.595036E-005
   1.024322E-004
   1.972679E-004
   2.692952E-004
   2.865650E-004
   2.416855E-004
   1.542157E-004
   6.280113E-005
   6.711760E-006
   8.653279E-006
   6.431295E-005
   1.447395E-004
   2.103245E-004
   2.289599E-004
   1.918401E-004
   1.167390E-004
   4.056086E-005
   1.141877E-006
   1.979572E-005
   9.072803E-005
   1.832903E-004
   2.563236E-004
   2.766094E-004
   2.351920E-004
   1.505631E-004
   6.110225E-005
   6.294817E-006
   8.989391E-006
   6.461981E-005
   1.437270E-004
   2.065415E-004
   2.216036E-004
   1.816758E-004
   1.063528E-004
   3.348635E-005
   2.046870E-007
   2.524892E-005
   9.944554E-005
   1.896229E-004
   2.545168E-004
   2.638345E-004
   2.134058E-004
   1.265006E-004
   4.332855E-005
   1.424968E-006
   1.800260E-005
   8.187176E-005
   1.592067E-004
   2.104049E-004
   2.094194E-004
   1.567412E-004
   7.914557E-005
   1.644796E-005
   1.925615E-006
   4.553010E-005
   1.286067E-004
   2.127146E-004
   2.579829E-004
   2.429267E-004
   1.744769E-004
   8.535888E-005
   1.742276E-005
   1.771758E-006
   4.325909E-005
   1.184493E-004
   1.877092E-004
   2.148104E-004
   1.858340E-004
   1.155506E-004
   4.077361E-005
   1.206294E-006
   1.956385E-005
   8.956914E-005
   1.786139E-004
   2.438796E-004
   2.534718E-004
   2.026212E-004
   1.161153E-004
   3.589745E-005
   2.612793E-007
   2.451170E-005
   9.354429E-005
   1.698590E-004
   2.126835E-004
   1.994466E-004
   1.368922E-004
   5.840002E-005
   6.134416E-006
   9.641844E-006
   7.000660E-005
   1.588468E-004
   2.326367E-004
   2.545403E-004
   2.136250E-004
   1.302419E-004
   4.583412E-005
   1.722872E-006
   1.790587E-005
   8.305546E-005
   1.607817E-004
   2.086645E-004
   2.009534E-004
   1.416161E-004
   6.292489E-005
   7.853105E-006
   7.783413E-006
   6.543800E-005
   1.530783E-004
   2.267657E-004
   2.489829E-004
   2.083917E-004
   1.257060E-004
   4.283171E-005
   1.158869E-006
   1.978857E-005
   8.588632E-005
   1.618950E-004
   2.055424E-004
   1.929397E-004
   1.308769E-004
   5.372963E-005
   4.515367E-006
   1.192200E-005
   7.448008E-005
   1.610168E-004
   2.269412E-004
   2.380303E-004
   1.883947E-004
   1.040395E-004
   2.848761E-005
   3.109642E-008
   3.107236E-005
   1.019319E-004
   1.718975E-004
   2.014436E-004
   1.740430E-004
   1.050865E-004
   3.343681E-005
   1.780926E-007
   2.576866E-005
   9.858432E-005
   1.809718E-004
   2.292948E-004
   2.179602E-004
   1.529103E-004
   6.878886E-005
   9.787521E-006
   5.729801E-006
   5.596295E-005
   1.301471E-004
   1.852287E-004
   1.897464E-004
   1.410133E-004
   6.705889E-005
   1.052589E-005
   5.030061E-006
   5.595294E-005
   1.371314E-004
   2.050200E-004
   2.228533E-004
   1.808069E-004
   1.018569E-004
   2.860755E-005
   8.073621E-009
   2.951105E-005
   9.794503E-005
   1.646001E-004
   1.904767E-004
   1.604375E-004
   9.204556E-005
   2.530807E-005
   1.207335E-007
   3.308096E-005
   1.077614E-004
   1.836524E-004
   2.188456E-004
   1.937601E-004
   1.223500E-004
   4.405546E-005
   1.715875E-006
   1.707873E-005
   7.877448E-005
   1.491467E-004
   1.861284E-004
   1.677510E-004
   1.049298E-004
   3.505314E-005
   4.045663E-007
   2.322519E-005
   9.254673E-005
   1.701594E-004
   2.123743E-004
   1.952833E-004
   1.285805E-004
   4.989856E-005
   3.240286E-006
   1.337081E-005
   7.179559E-005
   1.420566E-004
   1.813642E-004
   1.659608E-004
   1.051802E-004
   3.582782E-005
   5.328407E-007
   2.217423E-005
   9.012208E-005
   1.661279E-004
   2.065763E-004
   1.880971E-004
   1.214044E-004
   4.483899E-005
   2.016516E-006
   1.597185E-005
   7.589730E-005
   1.438833E-004
   1.778563E-004
   1.568772E-004
   9.390649E-005
   2.778684E-005
   1.543254E-009
   2.929987E-005
   1.001537E-004
   1.716806E-004
   2.020294E-004
   1.732789E-004
   1.024232E-004
   3.091958E-005
   4.188801E-008
   2.603226E-005
   9.067685E-005
   1.526486E-004
   1.730374E-004
   1.390335E-004
   7.200355E-005
   1.415205E-005
   2.647331E-006
   4.652153E-005
   1.208334E-004
   1.815384E-004
   1.923889E-004
   1.468535E-004
   7.224736E-005
   1.294232E-005
   3.248564E-006
   4.662770E-005
   1.139351E-004
   1.617600E-004
   1.596287E-004
   1.089512E-004
   4.206000E-005
   2.020167E-006
   1.547985E-005
   7.587058E-005
   1.471704E-004
   1.861142E-004
   1.689350E-004
   1.062156E-004
   3.608308E-005
   6.497506E-007
   1.975939E-005
   7.898074E-005
   1.390176E-004
   1.608458E-004
   1.303342E-004
   6.732097E-005
   1.281101E-005
   2.877649E-006
   4.552717E-005
   1.153552E-004
   1.693413E-004
   1.740220E-004
   1.265317E-004
   5.637055E-005
   6.741110E-006
   7.123502E-006
   5.487755E-005
   1.172965E-004
   1.529239E-004
   1.382908E-004
   8.312401E-005
   2.384398E-005
   5.212975E-008
   2.868462E-005
   9.287426E-005
   1.525220E-004
   1.700514E-004
   1.344011E-004
   6.817118E-005
   1.295377E-005
   2.526197E-006
   4.129161E-005
   1.018168E-004
   1.430737E-004
   1.374231E-004
   8.874567E-005
   2.969793E-005
   2.434590E-007
   2.114739E-005
   8.018027E-005
   1.398747E-004
   1.619899E-004
   1.323402E-004
   7.008144E-005
   1.500581E-005
   1.469365E-006
   3.606466E-005
   9.368960E-005
   1.345620E-004
   1.308348E-004
   8.514935E-005
   2.867562E-005
   2.486841E-007
   2.019632E-005
   7.661751E-005
   1.330734E-004
   1.527732E-004
   1.228820E-004
   6.302820E-005
   1.209406E-005
   2.294032E-006
   3.792468E-005
   9.289989E-005
   1.287128E-004
   1.205863E-004
   7.425353E-005
   2.184768E-005
   2.115447E-008
   2.485613E-005
   8.080207E-005
   1.310062E-004
   1.421825E-004
   1.069810E-004
   4.885095E-005
   6.082133E-006
   5.842502E-006
   4.605607E-005
   9.724364E-005
   1.230974E-004
   1.054771E-004
   5.687551E-005
   1.158987E-005
   1.942281E-006
   3.582289E-005
   9.108232E-005
   1.306201E-004
   1.277879E-004
   8.461656E-005
   3.022602E-005
   7.705319E-007
   1.459397E-005
   5.995895E-005
   1.036229E-004
   1.142856E-004
   8.442231E-005
   3.542651E-005
   2.493361E-006
   9.787950E-006
   5.339597E-005
   1.038699E-004
   1.267008E-004
   1.062655E-004
   5.667643E-005
   1.178039E-005
   1.493963E-006
   3.106755E-005
   7.778221E-005
   1.073570E-004
   9.835401E-005
   5.738693E-005
   1.424481E-005
   6.023840E-007
   2.731501E-005
   7.653278E-005
   1.141996E-004
   1.141116E-004
   7.641468E-005
   2.736206E-005
   6.594997E-007
   1.357146E-005
   5.495960E-005
   9.363539E-005
   1.010276E-004
   7.176762E-005
   2.745499E-005
   9.426644E-007
   1.243116E-005
   5.474041E-005
   9.830327E-005
   1.123777E-004
   8.706020E-005
   4.032683E-005
   4.982443E-006
   5.005100E-006
   3.849203E-005
   7.943521E-005
   9.700470E-005
   7.812843E-005
   3.699040E-005
   4.461872E-006
   5.311093E-006
   3.991486E-005
   8.384514E-005
   1.056467E-004
   8.970953E-005
   4.758190E-005
   9.367235E-006
   1.676500E-006
   2.832898E-005
   6.794540E-005
   9.011526E-005
   7.804916E-005
   4.099484E-005
   7.166014E-006
   2.599019E-006
   3.163586E-005
   7.356817E-005
   9.792483E-005
   8.698802E-005
   4.884061E-005
   1.119620E-005
   7.757859E-007
   2.359845E-005
   6.088535E-005
   8.352171E-005
   7.409631E-005
   3.996718E-005
   7.507084E-006
   2.027147E-006
   2.852040E-005
   6.778892E-005
   9.084226E-005
   8.065415E-005
   4.487788E-005
   9.905793E-006
   9.231835E-007
   2.305830E-005
   5.789412E-005
   7.785541E-005
   6.738376E-005
   3.475849E-005
   5.550148E-006
   2.867896E-006
   2.953266E-005
   6.583893E-005
   8.457373E-005
   7.172670E-005
   3.706052E-005
   6.459730E-006
   2.089386E-006
   2.562481E-005
   5.738705E-005
   7.190843E-005
   5.773837E-005
   2.620812E-005
   2.419001E-006
   5.575255E-006
   3.395982E-005
   6.619387E-005
   7.776788E-005
   5.993726E-005
   2.636199E-005
   2.367383E-006
   5.297500E-006
   3.129504E-005
   5.871247E-005
   6.536679E-005
   4.599095E-005
   1.623982E-005
   1.653345E-007
   1.110607E-005
   4.109071E-005
   6.705185E-005
   6.893434E-005
   4.536538E-005
   1.459327E-005
   2.935037E-008
   1.187048E-005
   3.935427E-005
   5.964574E-005
   5.619556E-005
   3.189736E-005
   6.616505E-006
   1.161868E-006
   2.053350E-005
   4.985909E-005
   6.620899E-005
   5.681555E-005
   2.913240E-005
   4.735732E-006
   2.069482E-006
   2.187934E-005
   4.698024E-005
   5.640344E-005
   4.240971E-005
   1.665026E-005
   5.477292E-007
   7.791806E-006
   3.314995E-005
   5.663996E-005
   5.964260E-005
   3.985236E-005
   1.300177E-005
   3.584140E-008
   1.022877E-005
   3.395475E-005
   5.088243E-005
   4.679282E-005
   2.519677E-005
   4.291698E-006
   1.846700E-006
   2.047578E-005
   4.542395E-005
   5.662923E-005
   4.511399E-005
   2.022837E-005
   1.845829E-006
   4.040956E-006
   2.372445E-005
   4.354827E-005
   4.653710E-005
   3.021832E-005
   8.548659E-006
   1.060270E-007
   1.247534E-005
   3.586011E-005
   5.120146E-005
   4.599285E-005
   2.457489E-005
   4.381528E-006
   1.368910E-006
   1.685596E-005
   3.675289E-005
   4.368180E-005
   3.170297E-005
   1.123381E-005
   8.252676E-008
   8.261800E-006
   2.943334E-005
   4.619764E-005
   4.471702E-005
   2.628545E-005
   6.116927E-006
   4.522542E-007
   1.296221E-005
   3.194155E-005
   4.055124E-005
   3.128802E-005
   1.232078E-005
   3.534114E-007
   6.197821E-006
   2.542533E-005
   4.208698E-005
   4.227997E-005
   2.590752E-005
   6.643360E-006
   2.104691E-007
   1.105512E-005
   2.881085E-005
   3.748603E-005
   2.938669E-005
   1.174278E-005
   3.592199E-007
   5.818313E-006
   2.418114E-005
   4.024297E-005
   4.053531E-005
   2.485004E-005
   6.350985E-006
   2.093719E-007
   1.063172E-005
   2.748923E-005
   3.539503E-005
   2.725170E-005
   1.042743E-005
   1.951659E-007
   6.205857E-006
   2.386765E-005
   3.822067E-005
   3.694307E-005
   2.111716E-005
   4.316933E-006
   7.924150E-007
   1.309826E-005
   2.998840E-005
   3.639210E-005
   2.667394E-005
   9.502452E-006
   7.903638E-008
   6.636877E-006
   2.316839E-005
   3.482083E-005
   3.114760E-005
   1.543076E-005
   1.775331E-006
   2.538232E-006
   1.728261E-005
   3.310532E-005
   3.606887E-005
   2.357301E-005
   6.639888E-006
   8.261650E-008
   9.344273E-006
   2.575173E-005
   3.439478E-005
   2.750761E-005
   1.135772E-005
   4.857522E-007
   4.523293E-006
   1.951091E-005
   3.156360E-005
   2.955152E-005
   1.529242E-005
   1.974322E-006
   2.190230E-006
   1.642230E-005
   3.244057E-005
   3.621395E-005
   2.447595E-005
   7.564447E-006
   1.123728E-009
   7.411232E-006
   2.169627E-005
   2.879850E-005
   2.184834E-005
   7.566549E-006
   4.543252E-009
   7.385276E-006
   2.421204E-005
   3.600235E-005
   3.238418E-005
   1.654710E-005
   2.342039E-006
   1.683399E-006
   1.383815E-005
   2.643626E-005
   2.719080E-005
   1.540203E-005
   2.546022E-006
   1.417709E-006
   1.398073E-005
   2.930452E-005
   3.357962E-005
   2.291304E-005
   6.965161E-006
   1.285411E-008
   7.754377E-006
   2.216889E-005
   2.921200E-005
   2.210017E-005
   7.700688E-006
   1.229593E-008
   6.874045E-006
   2.243536E-005
   3.251893E-005
   2.785696E-005
   1.275225E-005
   1.026009E-006
   3.063758E-006
   1.616539E-005
   2.728719E-005
   2.555041E-005
   1.264323E-005
   1.222299E-006
   2.806659E-006
   1.666093E-005
   3.027978E-005
   3.109780E-005
   1.834974E-005
   3.810964E-006
   6.802799E-007
   1.115308E-005
   2.450841E-005
   2.751829E-005
   1.721437E-005
   3.764421E-006
   6.647957E-007
   1.163546E-005
   2.683204E-005
   3.210327E-005
   2.248412E-005
   6.982170E-006
   8.825102E-009
   7.638653E-006
   2.189655E-005
   2.857815E-005
   2.106784E-005
   6.789634E-006
   8.998143E-009
   7.912904E-006
   2.346460E-005
   3.203556E-005
   2.547496E-005
   1.000504E-005
   2.456958E-007
   5.115473E-006
   1.928033E-005
   2.847211E-005
   2.350835E-005
   9.327906E-006
   1.764543E-007
   5.597218E-006
   2.092655E-005
   3.166135E-005
   2.751825E-005
   1.245962E-005
   8.607841E-007
   3.523720E-006
   1.719351E-005
   2.788740E-005
   2.478692E-005
   1.100322E-005
   5.378627E-007
   4.367131E-006
   1.939440E-005
   3.128572E-005
   2.850899E-005
   1.373552E-005
   1.266523E-006
   2.948460E-006
   1.651198E-005
   2.794026E-005
   2.555066E-005
   1.175609E-005
   7.057434E-007
   4.076629E-006
   1.919981E-005
   3.149209E-005
   2.889459E-005
   1.393077E-005
   1.258637E-006
   3.078814E-006
   1.698685E-005
   2.849437E-005
   2.572847E-005
   1.150960E-005
   5.628104E-007
   4.583451E-006
   2.022150E-005
   3.222039E-005
   2.868128E-005
   1.308547E-005
   8.667498E-007
   3.900000E-006
   1.856727E-005
   2.952235E-005
   2.538364E-005
   1.041406E-005
   2.409877E-007
   5.880932E-006
   2.231795E-005
   3.336532E-005
   2.799161E-005
   1.154147E-005
   3.742466E-007
   5.309867E-006
   2.072477E-005
   3.042445E-005
   2.429360E-005
   8.707617E-006
   1.523029E-008
   7.715269E-006
   2.455040E-005
   3.373945E-005
   2.603570E-005
   9.178954E-006
   2.564173E-008
   7.373054E-006
   2.306844E-005
   3.052923E-005
   2.191624E-005
   6.266897E-006
   1.658290E-007
   1.052769E-005
   2.727027E-005
   3.352429E-005
   2.293692E-005
   6.230619E-006
   2.054242E-007
   1.049145E-005
   2.586406E-005
   3.000581E-005
   1.853005E-005
   3.580202E-006
   1.182502E-006
   1.445709E-005
   3.017618E-005
   3.233955E-005
   1.872919E-005
   3.225654E-006
   1.437769E-006
   1.457180E-005
   2.833829E-005
   2.802404E-005
   1.396307E-005
   1.189395E-006
   3.605346E-006
   1.925448E-005
   3.219607E-005
   2.909233E-005
   1.314862E-005
   7.600830E-007
   4.361828E-006
   1.949413E-005
   2.968097E-005
   2.395098E-005
   8.475601E-006
   4.168601E-009
   8.036515E-006
   2.459909E-005
   3.252425E-005
   2.353919E-005
   7.017314E-006
   7.536051E-008
   9.490822E-006
   2.463941E-005
   2.896736E-005
   1.776216E-005
   3.226830E-006
   1.382954E-006
   1.478395E-005
   2.958600E-005
   3.021703E-005
   1.600050E-005
   1.906741E-006
   2.566556E-006
   1.667169E-005
   2.852612E-005
   2.508838E-005
   1.012470E-005
   1.531475E-007
   6.501828E-006
   2.287840E-005
   3.198124E-005
   2.410495E-005
   7.635541E-006
   2.451603E-008
   8.966394E-006
   2.418025E-005
   2.872862E-005
   1.756330E-005
   3.072932E-006
   1.529399E-006
   1.518948E-005
   2.963674E-005
   2.936785E-005
   1.466514E-005
   1.308919E-006
   3.396479E-006
   1.803886E-005
   2.868785E-005
   2.343167E-005
   8.144024E-006
   1.989968E-010
   8.469688E-006
   2.473122E-005
   3.123495E-005
   2.093050E-005
   4.992874E-006
   5.388452E-007
   1.186452E-005
   2.588395E-005
   2.676237E-005
   1.351954E-005
   1.097667E-006
   3.709068E-006
   1.894170E-005
   3.029183E-005
   2.536193E-005
   9.554403E-006
   6.503660E-008
   6.851327E-006
   2.172669E-005
   2.767497E-005
   1.794818E-005
   3.608222E-006
   1.087060E-006
   1.368457E-005
   2.773205E-005
   2.776295E-005
   1.374930E-005
   1.118045E-006
   3.525687E-006
   1.768705E-005
   2.724257E-005
   2.127070E-005
   6.603029E-006
   8.091558E-008
   9.486297E-006
   2.465180E-005
   2.879780E-005
   1.734119E-005
   2.991018E-006
   1.417918E-006
   1.370087E-005
   2.534786E-005
   2.289579E-005
   9.204589E-006
   1.054077E-007
   6.278027E-006
   2.101151E-005
   2.777913E-005
   1.898564E-005
   4.538629E-006
   5.143392E-007
   1.089811E-005
   2.323644E-005
   2.308598E-005
   1.063302E-005
   4.487130E-007
   4.670273E-006
   1.892378E-005
   2.719869E-005
   2.013148E-005
   5.724160E-006
   1.708991E-007
   9.327859E-006
   2.213181E-005
   2.351234E-005
   1.186264E-005
   8.696752E-007
   3.595744E-006
   1.724881E-005
   2.631138E-005
   2.043178E-005
   6.352192E-006
   5.565418E-008
   8.271507E-006
   2.083489E-005
   2.273333E-005
   1.172387E-005
   9.250980E-007
   3.364370E-006
   1.659365E-005
   2.543053E-005
   1.965784E-005
   5.959018E-006
   8.890407E-008
   8.459729E-006
   2.075199E-005
   2.220484E-005
   1.108345E-005
   7.225239E-007
   3.725771E-006
   1.697312E-005
   2.516879E-005
   1.878837E-005
   5.262639E-006
   1.997226E-007
   9.032895E-006
   2.077880E-005
   2.122672E-005
   9.856487E-006
   3.995957E-007
   4.421187E-006
   1.747626E-005
   2.431355E-005
   1.693028E-005
   4.000870E-006
   5.240644E-007
   1.006868E-005
   2.073732E-005
   1.954693E-005
   7.969232E-006
   8.024875E-008
   5.611754E-006
   1.823369E-005
   2.307540E-005
   1.444441E-005
   2.539135E-006
   1.194466E-006
   1.142029E-005
   2.043272E-005
   1.719688E-005
   5.701405E-006
   3.066442E-008
   7.278739E-006
   1.894710E-005
   2.115862E-005
   1.131387E-005
   1.117035E-006
   2.422645E-006
   1.306376E-005
   1.972085E-005
   1.420215E-005
   3.335171E-006
   5.457131E-007
   9.458042E-006
   1.946199E-005
   1.857114E-005
   7.893335E-006
   1.729443E-007
   4.296551E-006
   1.466500E-005
   1.826677E-005
   1.066078E-005
   1.314040E-006
   1.878106E-006
   1.185815E-005
   1.921299E-005
   1.506595E-005
   4.467488E-006
   1.036188E-007
   6.789911E-006
   1.578535E-005
   1.576170E-005
   6.787649E-006
   1.189516E-007
   4.186396E-006
   1.415188E-005
   1.787325E-005
   1.083959E-005
   1.634640E-006
   1.272190E-006
   9.677168E-006
   1.600373E-005
   1.225143E-005
   3.190365E-006
   3.066674E-007
   7.402625E-006
   1.582070E-005
   1.520421E-005
   6.340091E-006
   9.637808E-008
   3.862566E-006
   1.246308E-005
   1.482925E-005
   7.960026E-006
   6.391499E-007
   2.302032E-006
   1.110107E-005
   1.617680E-005
   1.125088E-005
   2.443930E-006
   5.317716E-007
   7.455116E-006
   1.406191E-005
   1.182459E-005
   3.644963E-006
   9.276613E-008
   5.917581E-006
   1.396170E-005
   1.418325E-005
   6.324572E-006
   1.780009E-007
   3.175441E-006
   1.108334E-005
   1.356593E-005
   7.426421E-006
   6.310797E-007
   2.046930E-006
   1.005633E-005
   1.459308E-005
   9.951787E-006
   1.998151E-006
   6.207197E-007
   7.155445E-006
   1.286073E-005
   1.027401E-005
   2.794810E-006
   2.209217E-007
   6.068684E-006
   1.300761E-005
   1.225021E-005
   4.782807E-006
   1.864848E-008
   3.697803E-006
   1.064578E-005
   1.164057E-005
   5.396030E-006
   1.507172E-007
   2.893674E-006
   1.024897E-005
   1.282748E-005
   7.349108E-006
   8.192572E-007
   1.410997E-006
   7.952450E-006
   1.163283E-005
   7.582261E-006
   1.187185E-006
   9.619907E-007
   7.364998E-006
   1.217665E-005
   9.203200E-006
   2.297621E-006
   2.638764E-007
   5.392998E-006
   1.062633E-005
   8.955106E-006
   2.632341E-006
   1.229630E-007
   4.889242E-006
   1.080314E-005
   1.018877E-005
   3.866560E-006
   3.515486E-009
   3.364905E-006
   9.164739E-006
   9.544875E-006
   4.013996E-006
   2.886665E-008
   3.027731E-006
   9.179785E-006
   1.044444E-005
   5.185495E-006
   2.704074E-007
   1.942149E-006
   7.633248E-006
   9.541178E-006
   5.093478E-006
   3.329322E-007
   1.769929E-006
   7.636584E-006
   1.022050E-005
   6.126914E-006
   7.545958E-007
   1.054840E-006
   6.306240E-006
   9.224025E-006
   5.825964E-006
   7.668689E-007
   1.008321E-006
   6.390365E-006
   9.805721E-006
   6.725790E-006
   1.248359E-006
   5.553273E-007
   5.289064E-006
   8.811085E-006
   6.270998E-006
   1.174508E-006
   5.774284E-007
   5.459045E-006
   9.344394E-006
   7.040840E-006
   1.638526E-006
   2.982978E-007
   4.574940E-006
   8.413357E-006
   6.485865E-006
   1.470978E-006
   3.563949E-007
   4.840017E-006
   8.953760E-006
   7.163350E-006
   1.887308E-006
   1.778306E-007
   4.121978E-006
   8.085970E-006
   6.528518E-006
   1.628320E-006
   2.567725E-007
   4.476408E-006
   8.644295E-006
   7.116686E-006
   1.970831E-006
   1.360224E-007
   3.897791E-006
   7.845898E-006
   6.425445E-006
   1.634172E-006
   2.377558E-007
   4.357019E-006
   8.459714E-006
   6.952109E-006
   1.893147E-006
   1.521897E-007
   3.933286E-006
   7.789527E-006
   6.260077E-006
   1.505059E-006
   2.959941E-007
   4.528499E-006
   8.487889E-006
   6.737542E-006
   1.679821E-006
   2.343997E-007
   4.229576E-006
   7.905992E-006
   6.029599E-006
   1.263834E-006
   4.448865E-007
   4.941478E-006
   8.632928E-006
   6.415051E-006
   1.351164E-006
   4.109665E-007
   4.732570E-006
   8.075809E-006
   5.657155E-006
   9.301887E-007
   7.211960E-007
   5.541021E-006
   8.762956E-006
   5.900819E-006
   9.350021E-007
   7.303580E-007
   5.389643E-006
   8.166668E-006
   5.069551E-006
   5.478001E-007
   1.172854E-006
   6.253265E-006
   8.728618E-006
   5.130288E-006
   4.952513E-007
   1.240614E-006
   6.103351E-006
   8.013984E-006
   4.215809E-006
   1.979179E-007
   1.844762E-006
   6.982454E-006
   8.403332E-006
   4.101881E-006
   1.352443E-007
   2.005413E-006
   6.851373E-006
   7.607226E-006
   3.172219E-006
   5.556148E-009
   2.828627E-006
   7.769284E-006
   7.838450E-006
   2.933258E-006
   1.643600E-009
   3.094895E-006
   7.590698E-006
   6.907214E-006
   2.038384E-006
   1.339056E-007
   4.134310E-006
   8.434021E-006
   6.901796E-006
   1.721795E-006
   2.627881E-007
   4.463222E-006
   8.079053E-006
   5.790067E-006
   9.583097E-007
   7.466982E-007
   5.656069E-006
   8.705982E-006
   5.515425E-006
   6.637874E-007
   1.060589E-006
   5.940854E-006
   8.045062E-006
   4.261017E-006
   1.884347E-007
   1.936534E-006
   7.129867E-006
   8.301096E-006
   3.758417E-006
   5.154177E-008
   2.419528E-006
   7.190386E-006
   7.245194E-006
   2.505435E-006
   3.637414E-008
   3.620563E-006
   8.135906E-006
   7.029201E-006
   1.914348E-006
   1.837697E-007
   4.162632E-006
   7.778701E-006
   5.610812E-006
   9.117606E-007
   7.529105E-007
   5.505668E-006
   8.247422E-006
   4.970046E-006
   4.728262E-007
   1.239206E-006
   5.889760E-006
   7.347336E-006
   3.421706E-006
   4.207060E-008
   2.365515E-006
   7.048304E-006
   7.197752E-006
   2.604388E-006
   1.071604E-008
   3.066851E-006
   6.981883E-006
   5.795265E-006
   1.318381E-006
   3.663479E-007
   4.485528E-006
   7.602615E-006
   5.100609E-006
   6.960410E-007
   8.367806E-007
   5.078318E-006
   6.870085E-006
   3.482895E-006
   9.623857E-008
   1.930751E-006
   6.333958E-006
   6.751329E-006
   2.570430E-006
   2.051164E-009
   2.720617E-006
   6.410382E-006
   5.391890E-006
   1.236777E-006
   3.398680E-007
   4.179003E-006
   7.042361E-006
   4.647991E-006
   5.844479E-007
   8.625528E-007
   4.861957E-006
   6.366863E-006
   3.061600E-006
   4.598124E-008
   2.042084E-006
   6.155933E-006
   6.220220E-006
   2.138616E-006
   3.028680E-008
   2.949188E-006
   6.293561E-006
   4.883041E-006
   8.978091E-007
   5.461350E-007
   4.530947E-006
   6.895678E-006
   4.068014E-006
   3.148518E-007
   1.250602E-006
   5.294664E-006
   6.143084E-006
   2.474762E-006
   7.571291E-010
   2.676369E-006
   6.553215E-006
   5.762122E-006
   1.499622E-006
   2.136183E-007
   3.736412E-006
   6.516030E-006
   4.212817E-006
   4.191474E-007
   1.115094E-006
   5.386296E-006
   6.755049E-006
   3.130230E-006
   3.625039E-008
   2.111228E-006
   5.990826E-006
   5.575681E-006
   1.516628E-006
   2.026153E-007
   3.808138E-006
   6.856718E-006
   4.670476E-006
   6.078964E-007
   8.497817E-007
   4.839592E-006
   6.232200E-006
   2.832465E-006
   1.378148E-008
   2.289013E-006
   6.213291E-006
   5.724489E-006
   1.584228E-006
   1.668126E-007
   3.510772E-006
   6.209902E-006
   3.969659E-006
   3.576457E-007
   1.151451E-006
   5.204446E-006
   6.215950E-006
   2.615499E-006
   1.981820E-009
   2.327343E-006
   5.740561E-006
   4.760300E-006
   9.630615E-007
   4.467951E-007
   4.126857E-006
   6.255016E-006
   3.497250E-006
   1.793467E-007
   1.416678E-006
   5.059198E-006
   5.205106E-006
   1.626978E-006
   9.906969E-008
   3.149485E-006
   6.000980E-006
   4.158211E-006
   5.341542E-007
   7.821859E-007
   4.323156E-006
   5.369612E-006
   2.233282E-006
   2.251864E-010
   2.335365E-006
   5.581249E-006
   4.594620E-006
   9.481582E-007
   3.782631E-007
   3.621673E-006
   5.330721E-006
   2.728673E-006
   5.453252E-008
   1.692397E-006
   5.088271E-006
   4.839410E-006
   1.350267E-006
   1.470664E-007
   3.002825E-006
   5.167597E-006
   3.101894E-006
   1.875289E-007
   1.218408E-006
   4.614505E-006
   4.950084E-006
   1.694182E-006
   3.891972E-008
   2.512894E-006
   4.962685E-006
   3.358658E-006
   3.406409E-007
   8.927358E-007
   4.207528E-006
   4.967912E-006
   1.955775E-006
   3.142512E-009
   2.145185E-006
   4.750245E-006
   3.509277E-006
   4.754603E-007
   6.792611E-007
   3.877152E-006
   4.918388E-006
   2.124697E-006
   1.791297E-009
   1.883442E-006
   4.546308E-006
   3.561575E-006
   5.677222E-007
   5.495963E-007
   3.622359E-006
   4.814274E-006
   2.194653E-006
   9.800117E-009
   1.712918E-006
   4.356497E-006
   3.519637E-006
   6.033506E-007
   4.840674E-007
   3.436749E-006
   4.659008E-006
   2.162217E-006
   1.313715E-008
   1.620665E-006
   4.177349E-006
   3.384418E-006
   5.770451E-007
   4.724929E-007
   3.319628E-006
   4.465413E-006
   2.036488E-006
   7.932508E-009
   1.612803E-006
   4.043529E-006
   3.192913E-006
   4.990241E-007
   5.166287E-007
   3.296375E-006
   4.274187E-006
   1.843330E-006
   6.017256E-010
   1.689995E-006
   3.956907E-006
   2.953377E-006
   3.830988E-007
   6.177643E-007
   3.344560E-006
   4.062282E-006
   1.586906E-006
   5.875934E-009
   1.839477E-006
   3.881950E-006
   2.650496E-006
   2.455418E-007
   7.828669E-007
   3.435087E-006
   3.797924E-006
   1.272762E-006
   4.554049E-008
   2.051336E-006
   3.783614E-006
   2.276238E-006
   1.124620E-007
   1.018721E-006
   3.530996E-006
   3.451062E-006
   9.190269E-007
   1.460608E-007
   2.303254E-006
   3.615425E-006
   1.826712E-006
   1.880547E-008
   1.328818E-006
   3.589259E-006
   3.000320E-006
   5.596035E-007
   3.338444E-007
   2.565230E-006
   3.342518E-006
   1.324742E-006
   9.476474E-009
   1.709223E-006
   3.573013E-006
   2.447486E-006
   2.423820E-007
   6.402775E-007
   2.825642E-006
   2.962265E-006
   8.173297E-007
   1.347412E-007
   2.154494E-006
   3.456040E-006
   1.825767E-006
   3.877192E-008
   1.069740E-006
   3.015230E-006
   2.451432E-006
   3.710513E-007
   4.342719E-007
   2.598130E-006
   3.168233E-006
   1.172090E-006
   1.757107E-008
   1.594271E-006
   3.056564E-006
   1.824863E-006
   7.301069E-008
   9.126512E-007
   2.947092E-006
   2.679954E-006
   5.754589E-007
   2.295773E-007
   2.128136E-006
   2.867108E-006
   1.140687E-006
   1.043721E-008
   1.516500E-006
   3.083632E-006
   2.004505E-006
   1.474012E-007
   6.738388E-007
   2.543561E-006
   2.408472E-006
   5.136948E-007
   2.389238E-007
   2.126840E-006
   2.910784E-006
   1.232201E-006
   7.431388E-010
   1.280955E-006
   2.714212E-006
   1.732669E-006
   9.476475E-008
   7.516695E-007
   2.606163E-006
   2.426512E-006
   5.297989E-007
   2.053923E-007
   1.922296E-006
   2.558719E-006
   9.728373E-007
   1.961996E-008
   1.455095E-006
   2.790587E-006
   1.684788E-006
   7.846413E-008
   7.454378E-007
   2.400972E-006
   2.042789E-006
   3.198549E-007
   3.590271E-007
   2.158978E-006
   2.561831E-006
   8.594361E-007
   4.206252E-008
   1.476865E-006
   2.515585E-006
   1.273478E-006
   6.204727E-009
   1.046877E-006
   2.596063E-006
   1.915606E-006
   2.114939E-007
   4.687261E-007
   2.131566E-006
   2.154002E-006
   4.973395E-007
   1.871048E-007
   1.843959E-006
   2.539816E-006
   1.039556E-006
   4.333711E-009
   1.210495E-006
   2.398156E-006
   1.393318E-006
   3.544262E-008
   8.324585E-007
   2.405258E-006
   1.951389E-006
   2.829870E-007
   3.519406E-007
   1.940792E-006
   2.107911E-006
   5.476620E-007
   1.370357E-007
   1.687228E-006
   2.438003E-006
   1.042375E-006
   1.530941E-009
   1.131719E-006
   2.299930E-006
   1.346619E-006
   3.335935E-008
   8.162366E-007
   2.333216E-006
   1.854233E-006
   2.434810E-007
   3.847526E-007
   1.940641E-006
   2.009959E-006
   4.641195E-007
   1.831422E-007
   1.754303E-006
   2.355951E-006
   8.985031E-007
   1.595634E-008
   1.253396E-006
   2.268386E-006
   1.169051E-006
   4.896088E-009
   9.832059E-007
   2.372443E-006
   1.651026E-006
   1.303842E-007
   5.481848E-007
   2.056523E-006
   1.825497E-006
   2.871955E-007
   3.333233E-007
   1.947735E-006
   2.199457E-006
   6.296479E-007
   9.287282E-008
   1.501651E-006
   2.182405E-006
   8.588267E-007
   1.717797E-008
   1.277157E-006
   2.359986E-006
   1.283062E-006
   1.862650E-008
   8.431368E-007
   2.149200E-006
   1.472897E-006
   8.841478E-008
   6.243275E-007
   2.144318E-006
   1.858340E-006
   2.936089E-007
   3.101843E-007
   1.798787E-006
   1.928176E-006
   4.546690E-007
   1.727568E-007
   1.670661E-006
   2.199374E-006
   7.829439E-007
   3.162749E-008
   1.276233E-006
   2.119091E-006
   9.604194E-007
   1.500226E-009
   1.097481E-006
   2.248170E-006
   1.321503E-006
   3.574823E-008
   7.387905E-007
   2.034058E-006
   1.448468E-006
   9.851962E-008
   5.735475E-007
   2.034346E-006
   1.766576E-006
   2.704883E-007
   3.116066E-007
   1.733941E-006
   1.801242E-006
   3.867639E-007
   2.011260E-007
   1.645643E-006
   2.031155E-006
   6.389358E-007
   6.248305E-008
   1.314693E-006
   1.958501E-006
   7.600475E-007
   2.085292E-008
   1.187964E-006
   2.089753E-006
   1.034828E-006
   1.794350E-009
   8.857425E-007
   1.935383E-006
   1.124606E-006
   1.765139E-008
   7.713495E-007
   1.998382E-006
   1.386463E-006
   9.075872E-008
   5.313120E-007
   1.799882E-006
   1.432786E-006
   1.412017E-007
   4.426980E-007
   1.814948E-006
   1.664722E-006
   2.768437E-007
   2.696604E-007
   1.595521E-006
   1.664725E-006
   3.425643E-007
   2.097983E-007
   1.578796E-006
   1.858465E-006
   5.157644E-007
   1.010428E-007
   1.356032E-006
   1.814127E-006
   5.813363E-007
   6.816683E-008
   1.320187E-006
   1.966052E-006
   7.707216E-007
   1.668857E-008
   1.107686E-006
   1.882420E-006
   8.239289E-007
   6.202136E-009
   1.062854E-006
   1.992353E-006
   1.011272E-006
   1.825851E-009
   8.701807E-007
   1.875619E-006
   1.041940E-006
   7.154861E-009
   8.249942E-007
   1.946947E-006
   1.212613E-006
   3.759787E-008
   6.573018E-007
   1.802090E-006
   1.210807E-006
   5.018363E-008
   6.191888E-007
   1.841936E-006
   1.354429E-006
   1.019344E-007
   4.806696E-007
   1.680822E-006
   1.317781E-006
   1.124732E-007
   4.555313E-007
   1.703934E-006
   1.433803E-006
   1.731291E-007
   3.466590E-007
   1.540578E-006
   1.367397E-006
   1.746522E-007
   3.353638E-007
   1.559364E-006
   1.460422E-006
   2.353664E-007
   2.521242E-007
   1.402897E-006
   1.371335E-006
   2.241289E-007
   2.529855E-007
   1.425850E-006
   1.447484E-006
   2.795213E-007
   1.901200E-007
   1.281951E-006
   1.343453E-006
   2.547958E-007
   2.009708E-007
   1.314939E-006
   1.409686E-006
   3.027168E-007
   1.531687E-007
   1.186568E-006
   1.298708E-006
   2.667659E-007
   1.716176E-007
   1.231348E-006
   1.359910E-006
   3.070364E-007
   1.346282E-007
   1.121597E-006
   1.252799E-006
   2.641792E-007
   1.614973E-007
   1.192687E-006
   1.328682E-006
   3.004787E-007
   1.347980E-007
   1.115402E-006
   1.239973E-006
   2.543372E-007
   1.719620E-007
   1.216919E-006
   1.333034E-006
   2.876780E-007
   1.515477E-007
   1.159988E-006
   1.252918E-006
   2.381843E-007
   1.996765E-007
   1.285064E-006
   1.355386E-006
   2.672130E-007
   1.834687E-007
   1.237891E-006
   1.273071E-006
   2.136134E-007
   2.441781E-007
   1.378685E-006
   1.373904E-006
   2.356509E-007
   2.314815E-007
   1.331124E-006
   1.277669E-006
   1.774925E-007
   3.071680E-007
   1.478498E-006
   1.363792E-006
   1.897981E-007
   2.982818E-007
   1.421422E-006
   1.244450E-006
   1.294911E-007
   3.903328E-007
   1.562206E-006
   1.301547E-006
   1.310631E-007
   3.852944E-007
   1.485130E-006
   1.152198E-006
   7.420013E-008
   4.942625E-007
   1.604917E-006
   1.168453E-006
   6.696054E-008
   4.946987E-007
   1.502487E-006
   9.906431E-007
   2.368374E-008
   6.213295E-007
   1.592226E-006
   9.662570E-007
   1.539528E-008
   6.276222E-007
   1.466604E-006
   7.775069E-007
   7.803389E-011
   7.648664E-007
   1.517863E-006
   7.224343E-007
   1.163843E-009
   7.722682E-007
   1.369470E-006
   5.406608E-007
   2.404930E-008
   9.100216E-007
   1.378876E-006
   4.706862E-007
   4.258272E-008
   9.096332E-007
   1.209767E-006
   3.141777E-007
   1.073964E-007
   1.033861E-006
   1.177980E-006
   2.465806E-007
   1.459477E-007
   1.015398E-006
   9.952868E-007
   1.323170E-007
   2.479143E-007
   1.111096E-006
   9.298128E-007
   8.373392E-008
   3.013287E-007
   1.063820E-006
   7.446661E-007
   2.347962E-008
   4.277838E-007
   1.120354E-006
   6.608733E-007
   5.518301E-009
   4.850725E-007
   1.043080E-006
   4.920039E-007
   3.721335E-009
   6.242826E-007
   1.066812E-006
   4.100007E-007
   1.985171E-008
   6.775138E-007
   9.638032E-007
   2.697629E-007
   7.513824E-008
   8.154900E-007
   9.509727E-007
   1.992406E-007
   1.240713E-007
   8.486533E-007
   8.191559E-007
   9.882444E-008
   2.312257E-007
   9.655234E-007
   7.686150E-007
   5.273656E-008
   3.056654E-007
   9.605445E-007
   6.145678E-007
   7.670988E-009
   4.512192E-007
   1.034197E-006
   5.344885E-007
   3.782628E-011
   5.343408E-007
   9.746565E-007
   3.765561E-007
   2.382748E-008
   6.932893E-007
   9.871882E-007
   2.872108E-007
   6.304102E-008
   7.573032E-007
   8.659564E-007
   1.557173E-007
   1.583190E-007
   8.932134E-007
   8.118318E-007
   8.686763E-008
   2.383941E-007
   9.043671E-007
   6.409777E-007
   1.799604E-008
   3.884007E-007
   9.782865E-007
   5.350558E-007
   2.796887E-010
   4.861181E-007
   9.101767E-007
   3.493819E-007
   2.458674E-008
   6.539417E-007
   8.960440E-007
   2.343432E-007
   7.785040E-008
   7.231792E-007
   7.444733E-007
   9.650817E-008
   2.001864E-007
   8.481183E-007
   6.479959E-007
   3.134489E-008
   3.070979E-007
   8.360490E-007
   4.507834E-007
   2.138487E-010
   4.849559E-007
   8.662377E-007
   3.213125E-007
   2.439097E-008
   5.868478E-007
   7.493174E-007
   1.533952E-007
   1.187655E-007
   7.422220E-007
   6.756106E-007
   6.424831E-008
   2.213565E-007
   7.667621E-007
   4.866432E-007
   2.974839E-009
   3.979768E-007
   8.265068E-007
   3.585658E-007
   9.028490E-009
   5.126909E-007
   7.339347E-007
   1.813390E-007
   8.535813E-008
   6.804761E-007
   6.770652E-007
   8.336921E-008
   1.807242E-007
   7.215087E-007
   4.984850E-007
   8.135180E-009
   3.512914E-007
   7.988192E-007
   3.788921E-007
   3.428784E-009
   4.693009E-007
   7.259869E-007
   2.024441E-007
   6.583897E-008
   6.443175E-007
   6.874191E-007
   1.014494E-007
   1.544730E-007
   7.008352E-007
   5.205739E-007
   1.495151E-008
   3.201515E-007
   7.911183E-007
   4.037068E-007
   8.333839E-010
   4.426320E-007
   7.297409E-007
   2.220445E-007
   5.326580E-008
   6.212842E-007
   6.939231E-007
   1.128310E-007
   1.400822E-007
   6.854034E-007
   5.259232E-007
   1.815626E-008
   3.048036E-007
   7.749846E-007
   4.006576E-007
   6.354332E-010
   4.317988E-007
   7.115879E-007
   2.131004E-007
   5.467470E-008
   6.082847E-007
   6.623541E-007
   9.875208E-008
   1.481654E-007
   6.681003E-007
   4.839072E-007
   1.053289E-008
   3.183960E-007
   7.384954E-007
   3.436972E-007
   5.001307E-009
   4.490244E-007
   6.554314E-007
   1.572411E-007
   8.395358E-008
   6.180098E-007
   5.746821E-007
   5.087276E-008
   2.028352E-007
   6.590419E-007
   3.773713E-007
   5.340728E-011
   3.971957E-007
   6.904213E-007
   2.238980E-007
   3.952590E-008
   5.279945E-007
   5.626940E-007
   6.422811E-008
   1.795970E-007
   6.694016E-007
   4.351071E-007
   3.208303E-009
   3.334985E-007
   6.523248E-007
   2.261597E-007
   3.651549E-008
   5.392020E-007
   6.088992E-007
   8.817482E-008
   1.471575E-007
   6.285001E-007
   4.202392E-007
   2.400614E-009
   3.507877E-007
   6.941783E-007
   2.570134E-007
   2.618243E-008
   5.065265E-007
   5.818413E-007
   7.801188E-008
   1.640763E-007
   6.682615E-007
   4.525697E-007
   5.006146E-009
   3.275311E-007
   6.590437E-007
   2.326713E-007
   3.527169E-008
   5.402767E-007
   6.104470E-007
   8.724366E-008
   1.491469E-007
   6.275011E-007
   4.128476E-007
   1.751106E-009
   3.526877E-007
   6.810314E-007
   2.433761E-007
   2.926760E-008
   5.011495E-007
   5.573384E-007
   6.857351E-008
   1.674919E-007
   6.432454E-007
   4.169649E-007
   2.550999E-009
   3.250105E-007
   6.185915E-007
   2.031235E-007
   4.091071E-008
   5.162559E-007
   5.489085E-007
   6.565184E-008
   1.575197E-007
   5.845773E-007
   3.519621E-007
   2.417542E-011
   3.473720E-007
   6.030038E-007
   1.838067E-007
   4.366991E-008
   4.775521E-007
   4.662781E-007
   3.733896E-008
   1.877474E-007
   5.756692E-007
   3.111428E-007
   6.611558E-010
   3.380953E-007
   5.197785E-007
   1.221074E-007
   7.252585E-008
   4.896550E-007
   4.110300E-007
   1.900242E-008
   2.055407E-007
   5.127674E-007
   2.185876E-007
   1.294961E-008
   3.792424E-007
   4.683673E-007
   7.461660E-008
   1.052025E-007
   4.674367E-007
   3.032825E-007
   4.693218E-010
   2.764102E-007
   4.921432E-007
   1.453466E-007
   4.219321E-008
   4.079388E-007
   3.706809E-007
   1.893717E-008
   1.909636E-007
   4.939183E-007
   2.199507E-007
   9.314901E-009
   3.447676E-007
   4.221275E-007
   5.690286E-008
   1.229985E-007
   4.808048E-007
   2.935519E-007
   1.981864E-011
   2.821306E-007
   4.592825E-007
   1.076542E-007
   7.076142E-008
   4.558960E-007
   3.631072E-007
   9.891154E-009
   2.214723E-007
   4.820116E-007
   1.665972E-007
   3.298511E-008
   4.196741E-007
   4.245966E-007
   3.574684E-008
   1.638899E-007
   4.881942E-007
   2.286919E-007
   9.486366E-009
   3.723504E-007
   4.722030E-007
   7.389440E-008
   1.115488E-007
   4.754111E-007
   2.871595E-007
   2.263475E-010
   3.161125E-007
   5.001625E-007
   1.185361E-007
   6.862926E-008
   4.478328E-007
   3.363589E-007
   3.511941E-009
   2.625614E-007
   5.139037E-007
   1.634431E-007
   3.869388E-008
   4.171267E-007
   3.766792E-007
   1.528112E-008
   2.162978E-007
   5.185257E-007
   2.059420E-007
   1.915215E-008
   3.859134E-007
   4.087956E-007
   3.212087E-008
   1.769073E-007
   5.158485E-007
   2.441541E-007
   7.511182E-009
   3.549702E-007
   4.323167E-007
   5.117568E-008
   1.439881E-007
   5.067732E-007
   2.759423E-007
   1.776257E-009
   3.253981E-007
   4.469273E-007
   6.973165E-008
   1.175510E-007
   4.930133E-007
   2.998251E-007
   3.248811E-011
   2.987313E-007
   4.535589E-007
   8.570283E-008
   9.726512E-008
   4.768297E-007
   3.158228E-007
   5.195487E-010
   2.755835E-007
   4.536242E-007
   9.810573E-008
   8.192374E-008
   4.589759E-007
   3.243141E-007
   1.959487E-009
   2.551454E-007
   4.472098E-007
   1.062338E-007
   7.041639E-008
   4.389447E-007
   3.245596E-007
   3.418922E-009
   2.371882E-007
   4.339340E-007
   1.090731E-007
   6.238920E-008
   4.168937E-007
   3.158687E-007
   4.157913E-009
   2.221831E-007
   4.140624E-007
   1.058154E-007
   5.800233E-008
   3.942967E-007
   2.986195E-007
   3.747913E-009
   2.113336E-007
   3.894364E-007
   9.668364E-008
   5.751289E-008
   3.734080E-007
   2.748277E-007
   2.364542E-009
   2.055726E-007
   3.628001E-007
   8.325667E-008
   6.086300E-008
   3.557128E-007
   2.472872E-007
   7.906478E-010
   2.046230E-007
   3.359559E-007
   6.760819E-008
   6.764649E-008
   3.409786E-007
   2.180548E-007
   2.813516E-012
   2.071436E-007
   3.089428E-007
   5.134347E-008
   7.745669E-008
   3.278986E-007
   1.880070E-007
   8.714028E-010
   2.126272E-007
   2.826266E-007
   3.572187E-008
   9.155583E-008
   3.201830E-007
   1.597090E-007
   4.528982E-009
   2.261773E-007
   2.614861E-007
   2.174672E-008
   1.126593E-007
   3.199797E-007
   1.332755E-007
   1.248673E-008
   2.469222E-007
   2.426818E-007
   1.027111E-008
   1.407976E-007
   3.231649E-007
   1.074939E-007
   2.612316E-008
   2.719111E-007
   2.228475E-007
   2.513134E-009
   1.750862E-007
   3.249415E-007
   8.156439E-008
   4.655956E-008
   2.973926E-007
   1.990033E-007
   4.367516E-011
   2.135362E-007
   3.202960E-007
   5.565571E-008
   7.435653E-008
   3.185044E-007
   1.690214E-007
   4.769720E-009
   2.528785E-007
   3.046121E-007
   3.133657E-008
   1.090394E-007
   3.296582E-007
   1.324967E-007
   1.867028E-008
   2.882572E-007
   2.745807E-007
   1.169201E-008
   1.484688E-007
   3.252298E-007
   9.145050E-008
   4.313890E-008
   3.132978E-007
   2.286003E-007
   8.031148E-010
   1.893636E-007
   3.006015E-007
   5.005750E-008
   7.897400E-008
   3.224314E-007
   1.698233E-007
   3.696689E-009
   2.265837E-007
   2.563814E-007
   1.703530E-008
   1.236559E-007
   3.115823E-007
   1.074464E-007
   2.365993E-008
   2.531666E-007
   1.974743E-007
   7.527407E-010
   1.711918E-007
   2.793285E-007
   5.213607E-008
   5.981428E-008
   2.625058E-007
   1.321090E-007
   6.386839E-009
   2.131898E-007
   2.282523E-007
   1.397405E-008
   1.066561E-007
   2.503522E-007
   7.090173E-008
   3.424896E-008
   2.406109E-007
   1.652065E-007
   1.007748E-011
   1.548740E-007
   2.166320E-007
   2.468922E-008
   7.903786E-008
   2.463883E-007
   1.005450E-007
   1.210808E-008
   1.935731E-007
   1.664241E-007
   1.761068E-009
   1.306957E-007
   2.281862E-007
   4.599235E-008
   4.609161E-008
   2.148925E-007
   1.103496E-007
   5.279154E-009
   1.798357E-007
   1.924335E-007
   1.100778E-008
   9.471364E-008
   2.173715E-007
   5.876210E-008
   3.358659E-008
   2.182089E-007
   1.440627E-007
   8.740200E-011
   1.488322E-007
   1.983192E-007
   1.933794E-008
   8.189101E-008
   2.367420E-007
   8.957936E-008
   1.565554E-008
   1.968712E-007
   1.584917E-007
   5.881038E-010
   1.412492E-007
   2.283937E-007
   3.936268E-008
   5.616950E-008
   2.260804E-007
   1.043734E-007
   9.477774E-009
   1.979674E-007
   1.911562E-007
   6.381865E-009
   1.136315E-007
   2.253892E-007
   4.878751E-008
   4.759722E-008
   2.352559E-007
   1.313132E-007
   2.475581E-009
   1.724180E-007
   1.901480E-007
   9.161817E-009
   1.071491E-007
   2.375372E-007
   6.464687E-008
   3.251053E-008
   2.117890E-007
   1.273042E-007
   1.930684E-009
   1.700039E-007
   1.989261E-007
   1.404324E-008
   8.972278E-008
   2.149598E-007
   5.736717E-008
   3.479513E-008
   2.134987E-007
   1.295862E-007
   1.147600E-009
   1.540370E-007
   1.755197E-007
   8.581525E-009
   9.884454E-008
   2.151698E-007
   5.406271E-008
   3.454810E-008
   1.957327E-007
   1.050026E-007
   4.797811E-009
   1.668702E-007
   1.686731E-007
   5.649832E-009
   1.002049E-007
   1.906870E-007
   3.443608E-008
   5.076586E-008
   2.035755E-007
   9.196783E-008
   8.700525E-009
   1.639349E-007
   1.370407E-007
   3.754426E-010
   1.237136E-007
   1.857568E-007
   2.328730E-008
   6.153582E-008
   1.877371E-007
   6.137041E-008
   2.281599E-008
   1.816531E-007
   1.198073E-007
   4.163153E-010
   1.318561E-007
   1.543525E-007
   7.362783E-009
   8.844064E-008
   1.872590E-007
   4.280867E-008
   3.527294E-008
   1.737880E-007
   8.237587E-008
   8.196329E-009
   1.559572E-007
   1.355788E-007
   1.161666E-009
   1.042314E-007
   1.594153E-007
   1.714782E-008
   6.400322E-008
   1.810453E-007
   5.765516E-008
   2.087099E-008
   1.600288E-007
   9.539251E-008
   2.567992E-009
   1.377771E-007
   1.436016E-007
   4.584754E-009
   8.767551E-008
   1.610480E-007
   2.501439E-008
   5.058429E-008
   1.762279E-007
   6.744840E-008
   1.390928E-008
   1.515805E-007
   1.036025E-007
   6.950718E-010
   1.270588E-007
   1.483300E-007
   7.737791E-009
   7.824897E-008
   1.617260E-007
   3.039189E-008
   4.314778E-008
   1.727041E-007
   7.331517E-008
   1.037116E-008
   1.456301E-007
   1.076637E-007
   1.465237E-010
   1.196444E-007
   1.490579E-007
   9.735566E-009
   7.197105E-008
   1.589971E-007
   3.278674E-008
   3.860021E-008
   1.667366E-007
   7.411051E-008
   8.788279E-009
   1.393050E-007
   1.055820E-007
   7.799918E-011
   1.148038E-007
   1.438767E-007
   9.132811E-009
   7.077358E-008
   1.534303E-007
   2.976849E-008
   4.031439E-008
   1.630078E-007
   6.755962E-008
   1.108068E-008
   1.397313E-007
   9.719326E-008
   7.077210E-010
   1.198366E-007
   1.354777E-007
   5.354597E-009
   7.894906E-008
   1.482972E-007
   2.195736E-008
   4.949565E-008
   1.621929E-007
   5.510056E-008
   1.800524E-008
   1.451794E-007
   8.372334E-008
   3.651364E-009
   1.308579E-007
   1.227746E-007
   1.335537E-009
   9.259094E-008
   1.392176E-007
   1.203785E-008
   6.448287E-008
   1.587023E-007
   3.869946E-008
   3.000285E-008
   1.491582E-007
   6.507926E-008
   1.080230E-008
   1.405002E-007
   1.022210E-007
   1.397601E-010
   1.068663E-007
   1.213258E-007
   3.407840E-009
   8.192229E-008
   1.460709E-007
   2.131539E-008
   4.527673E-008
   1.429943E-007
   4.238910E-008
   2.257937E-008
   1.412516E-007
   7.465209E-008
   4.218393E-009
   1.150434E-007
   9.524752E-008
   4.780203E-012
   9.503032E-008
   1.221624E-007
   7.656023E-009
   5.969504E-008
   1.247394E-007
   2.109673E-008
   3.731436E-008
   1.312271E-007
   4.601390E-008
   1.361398E-008
   1.137184E-007
   6.429811E-008
   3.286023E-009
   1.013853E-007
   8.978796E-008
   4.332016E-010
   7.208360E-008
   9.735453E-008
   5.479004E-009
   5.355408E-008
   1.107292E-007
   2.030366E-008
   2.796117E-008
   1.023977E-007
   3.312905E-008
   1.454143E-008
   1.002776E-007
   5.426354E-008
   2.773792E-009
   8.016665E-008
   6.423469E-008
   4.766162E-011
   6.897684E-008
   8.127291E-008
   3.220668E-009
   4.625311E-008
   8.190386E-008
   8.949530E-009
   3.427475E-008
   9.015287E-008
   2.189519E-008
   1.753105E-008
   8.195393E-008
   3.049556E-008
   1.002896E-008
   8.271384E-008
   4.713652E-008
   2.185349E-009
   6.913195E-008
   5.464014E-008
   2.051572E-010
   6.467757E-008
   7.076689E-008
   1.439854E-009
   4.892530E-008
   7.459460E-008
   4.754494E-009
   4.188852E-008
   8.755620E-008
   1.424109E-008
   2.689721E-008
   8.602967E-008
   2.188469E-008
   1.959303E-008
   9.326635E-008
   3.772343E-008
   8.684088E-009
   8.556389E-008
   4.773257E-008
   3.955903E-009
   8.586440E-008
   6.675721E-008
   1.295623E-010
   7.213118E-008
   7.559978E-008
   5.066068E-010
   6.611157E-008
   9.315138E-008
   5.690940E-009
   4.905984E-008
   9.683982E-008
   1.195415E-008
   3.956743E-008
   1.081276E-007
   2.538840E-008
   2.370423E-008
   1.035208E-007
   3.549951E-008
   1.524287E-008
   1.061030E-007
   5.338354E-008
   5.387964E-009
   9.368469E-008
   6.329049E-008
   1.577567E-009
   8.883555E-008
   8.076252E-008
   1.247621E-010
   7.169579E-008
   8.649666E-008
   1.926169E-009
   6.265401E-008
   9.955208E-008
   8.433901E-009
   4.509114E-008
   9.886942E-008
   1.448038E-008
   3.556614E-008
   1.055505E-007
   2.644485E-008
   2.132718E-008
   9.820141E-008
   3.400536E-008
   1.424486E-008
   9.873863E-008
   4.811596E-008
   5.663242E-009
   8.638294E-008
   5.440813E-008
   2.343609E-009
   8.233175E-008
   6.761232E-008
   2.942304E-011
   6.754454E-008
   7.062050E-008
   3.718229E-010
   6.113764E-008
   8.092515E-008
   3.513096E-009
   4.647650E-008
   7.974690E-008
   6.437810E-009
   3.973832E-008
   8.625378E-008
   1.342299E-008
   2.726486E-008
   8.110077E-008
   1.746911E-008
   2.170588E-008
   8.414752E-008
   2.645473E-008
   1.284240E-008
   7.665249E-008
   3.036669E-008
   9.274892E-009
   7.748343E-008
   3.999813E-008
   4.060969E-009
   6.885568E-008
   4.320377E-008
   2.261944E-009
   6.807430E-008
   5.267614E-008
   2.728534E-010
   5.903195E-008
   5.490589E-008
   1.135893E-012
   5.703684E-008
   6.361788E-008
   8.045188E-010
   4.808716E-008
   6.468487E-008
   1.861586E-009
   4.523115E-008
   7.214436E-008
   5.022827E-009
   3.674884E-008
   7.180926E-008
   7.180578E-009
   3.342918E-008
   7.758563E-008
   1.220179E-008
   2.580535E-008
   7.564542E-008
   1.512111E-008
   2.246114E-008
   7.941590E-008
   2.138116E-008
   1.607783E-008
   7.574578E-008
   2.454682E-008
   1.317006E-008
   7.742021E-008
   3.130434E-008
   8.346315E-009
   7.209449E-008
   3.407013E-008
   6.225915E-009
   7.183590E-008
   4.049029E-008
   3.146866E-009
   6.524129E-008
   4.212223E-008
   1.997074E-009
   6.370919E-008
   4.755573E-008
   5.534024E-010
   5.659873E-008
   4.773300E-008
   2.000266E-010
   5.457456E-008
   5.201665E-008
   2.382275E-011
   4.760486E-008
   5.078452E-008
   1.379281E-010
   4.565884E-008
   5.402890E-008
   8.103498E-010
   3.925888E-008
   5.164751E-008
   1.068857E-009
   3.771981E-008
   5.411171E-008
   2.230250E-009
   3.209321E-008
   5.092414E-008
   2.396824E-009
   3.109847E-008
   5.291801E-008
   3.795727E-009
   2.627664E-008
   4.926741E-008
   3.744851E-009
   2.581898E-008
   5.105822E-008
   5.236590E-009
   2.173415E-008
   4.723619E-008
   4.940104E-009
   2.172544E-008
   4.901988E-008
   6.466850E-009
   1.825145E-008
   4.522212E-008
   5.956137E-009
   1.857582E-008
   4.712045E-008
   7.517617E-009
   1.561253E-008
   4.359681E-008
   6.860176E-009
   1.629993E-008
   4.599789E-008
   8.500266E-009
   1.384960E-008
   4.297566E-008
   7.758276E-009
   1.481853E-008
   4.586121E-008
   9.504262E-009
   1.269660E-008
   4.320125E-008
   8.704149E-009
   1.383941E-008
   4.647079E-008
   1.056767E-008
   1.192454E-008
   4.404147E-008
   9.717625E-009
   1.316289E-008
   4.756955E-008
   1.168843E-008
   1.136906E-008
   4.520877E-008
   1.076209E-008
   1.265273E-008
   4.883091E-008
   1.278433E-008
   1.093719E-008
   4.636877E-008
   1.171541E-008
   1.225978E-008
   4.992816E-008
   1.369251E-008
   1.062015E-008
   4.724110E-008
   1.241005E-008
   1.199522E-008
   5.059099E-008
   1.422350E-008
   1.043941E-008
   4.756180E-008
   1.264409E-008
   1.191199E-008
   5.057976E-008
   1.415464E-008
   1.047895E-008
   4.719194E-008
   1.224042E-008
   1.215807E-008
   4.999986E-008
   1.337969E-008
   1.098082E-008
   4.660535E-008
   1.121662E-008
   1.302248E-008
   4.942377E-008
   1.203378E-008
   1.206472E-008
   4.601629E-008
   9.744499E-009
   1.445611E-008
   4.873071E-008
   1.025287E-008
   1.368445E-008
   4.525754E-008
   7.939955E-009
   1.644715E-008
   4.780495E-008
   8.184245E-009
   1.582929E-008
   4.422551E-008
   5.969830E-009
   1.895588E-008
   4.652283E-008
   6.011292E-009
   1.843786E-008
   4.277145E-008
   4.015928E-009
   2.188315E-008
   4.470226E-008
   3.915180E-009
   2.140846E-008
   4.072890E-008
   2.258800E-009
   2.510911E-008
   4.221795E-008
   2.095746E-009
   2.459120E-008
   3.800719E-008
   9.027075E-010
   2.841013E-008
   3.897353E-008
   7.573872E-010
   2.771274E-008
   3.450829E-008
   1.271679E-010
   3.146651E-008
   3.490504E-008
   6.518210E-011
   3.055985E-008
   3.031479E-008
   7.788704E-011
   3.438088E-008
   3.032203E-008
   1.655361E-010
   3.334699E-008
   2.571407E-008
   9.283679E-010
   3.715104E-008
   2.534427E-008
   1.231452E-009
   3.579474E-008
   2.074833E-008
   2.839935E-009
   3.940610E-008
   2.003410E-008
   3.394474E-009
   3.755371E-008
   1.556986E-008
   5.917427E-009
   4.082200E-008
   1.463581E-008
   6.695507E-009
   3.829088E-008
   1.050294E-008
   1.013857E-008
   4.104826E-008
   9.502815E-009
   1.104246E-008
   3.774265E-008
   5.998176E-009
   1.526439E-008
   3.976065E-008
   5.091139E-009
   1.610585E-008
   3.563390E-008
   2.506748E-009
   2.081297E-008
   3.672887E-008
   1.862023E-009
   2.126458E-008
   3.173756E-008
   4.291525E-010
   2.610330E-008
   3.188177E-008
   1.804640E-010
   2.576133E-008
   2.615450E-008
   1.000193E-010
   3.037947E-008
   2.544875E-008
   3.148230E-010
   2.923113E-008
   1.955249E-008
   1.753209E-009
   3.333105E-008
   1.815789E-008
   2.526674E-009
   3.139364E-008
   1.272026E-008
   5.486784E-009
   3.452390E-008
   1.100688E-008
   6.786091E-009
   3.162330E-008
   6.554497E-009
   1.103779E-008
   3.353030E-008
   5.031693E-009
   1.256225E-008
   2.953304E-008
   2.062157E-009
   1.758969E-008
   3.001585E-008
   1.135158E-009
   1.890518E-008
   2.512983E-008
   5.641910E-011
   2.390322E-008
   2.417147E-008
   2.953800E-011
   2.452796E-008
   1.886758E-008
   9.781580E-010
   2.866734E-008
   1.687014E-008
   1.976196E-009
   2.807772E-008
   1.177118E-008
   4.773749E-009
   3.076703E-008
   9.476898E-009
   6.572574E-009
   2.859568E-008
   5.363860E-009
   1.067457E-008
   2.946974E-008
   3.523390E-009
   1.271777E-008
   2.576511E-008
   1.114748E-009
   1.737263E-008
   2.497306E-008
   3.157841E-010
   1.902232E-008
   2.015280E-008
   8.886866E-011
   2.343982E-008
   1.814906E-008
   6.434430E-010
   2.384788E-008
   1.290721E-008
   2.769776E-009
   2.716227E-008
   1.043970E-008
   4.515687E-009
   2.566591E-008
   5.866683E-009
   8.630817E-009
   2.719748E-008
   3.822970E-009
   1.090627E-008
   2.364698E-008
   1.087211E-009
   1.608894E-008
   2.324611E-008
   2.686949E-010
   1.782920E-008
   1.812263E-008
   1.984478E-010
   2.279639E-008
   1.625474E-008
   9.356989E-010
   2.289369E-008
   1.072124E-008
   3.661739E-009
   2.635388E-008
   8.348352E-009
   5.602827E-009
   2.412674E-008
   3.934179E-009
   1.035737E-008
   2.527269E-008
   2.205362E-009
   1.250011E-008
   2.083430E-008
   2.468291E-010
   1.778796E-008
   1.973473E-008
   2.336544E-012
   1.886275E-008
   1.415198E-008
   1.085455E-009
   2.313722E-008
   1.178044E-008
   2.463734E-009
   2.226707E-008
   6.656187E-009
   6.198444E-009
   2.433488E-008
   4.337489E-009
   8.558722E-009
   2.115804E-008
   1.244252E-009
   1.363318E-008
   2.066639E-008
   2.692741E-010
   1.565335E-008
   1.572290E-008
   2.406263E-010
   2.027753E-008
   1.341359E-008
   1.198847E-009
   2.048883E-008
   8.181182E-009
   4.226692E-009
   2.303799E-008
   5.540293E-009
   6.627864E-009
   2.068358E-008
   1.962472E-009
   1.142222E-008
   2.037446E-008
   5.764978E-010
   1.388517E-008
   1.591550E-008
   5.994154E-011
   1.833414E-008
   1.340002E-008
   8.378448E-010
   1.911208E-008
   8.354536E-009
   3.494631E-009
   2.140711E-008
   5.476275E-009
   5.921608E-009
   1.930927E-008
   1.915061E-009
   1.047249E-008
   1.880973E-008
   5.138344E-010
   1.283150E-008
   1.430301E-008
   1.016319E-010
   1.711553E-008
   1.170791E-008
   1.025374E-009
   1.771229E-008
   6.805366E-009
   3.916754E-009
   1.949881E-008
   3.929606E-009
   6.683781E-009
   1.738838E-008
   1.016589E-009
   1.116100E-008
   1.597047E-008
   5.351384E-011
   1.382535E-008
   1.167352E-008
   6.208331E-010
   1.731096E-008
   8.465666E-009
   2.401559E-009
   1.757809E-008
   4.185892E-009
   6.074189E-009
   1.807247E-008
   1.694462E-009
   9.320190E-009
   1.520884E-008
   8.360255E-011
   1.366137E-008
   1.262419E-008
   3.073069E-010
   1.586505E-008
   8.188059E-009
   2.355311E-009
   1.788414E-008
   4.732918E-009
   5.277521E-009
   1.703428E-008
   1.563832E-009
   9.406163E-009
   1.548640E-008
   1.442118E-010
   1.269969E-008
   1.176958E-008
   3.769296E-010
   1.581615E-008
   8.138682E-009
   2.160924E-009
   1.666827E-008
   4.117347E-009
   5.506611E-009
   1.658428E-008
   1.433280E-009
   9.001976E-009
   1.404584E-008
   4.215421E-011
   1.287199E-008
   1.100139E-008
   4.879885E-010
   1.503517E-008
   6.769089E-009
   2.771797E-009
   1.643341E-008
   3.413736E-009
   5.882515E-009
   1.509152E-008
   7.589071E-010
   1.002098E-008
   1.306798E-008
   6.654358E-013
   1.285283E-008
   8.963583E-009
   1.128058E-009
   1.549684E-008
   5.504640E-009
   3.515650E-009
   1.510363E-008
   1.932968E-009
   7.518450E-009
   1.423643E-008
   2.846781E-010
   1.054575E-008
   1.044438E-008
   3.020491E-010
   1.403184E-008
   7.255125E-009
   1.906227E-009
   1.433019E-008
   3.120761E-009
   5.461769E-009
   1.445204E-008
   9.193863E-010
   8.407312E-009
   1.109706E-008
   1.979525E-011
   1.224738E-008
   8.310295E-009
   9.510460E-010
   1.303312E-008
   3.960324E-009
   3.975732E-009
   1.391842E-008
   1.503282E-009
   6.773881E-009
   1.101510E-008
   1.141493E-011
   1.086350E-008
   8.671617E-009
   5.442689E-010
   1.200300E-008
   4.294147E-009
   3.266048E-009
   1.336158E-008
   1.765454E-009
   6.014296E-009
   1.076512E-008
   3.998815E-011
   1.017066E-008
   8.603162E-009
   4.370042E-010
   1.149942E-008
   4.290366E-009
   3.054879E-009
   1.294465E-008
   1.740989E-009
   5.834304E-009
   1.046599E-008
   3.464905E-011
   9.952523E-009
   8.263236E-009
   4.787147E-010
   1.128913E-008
   4.019523E-009
   3.154044E-009
   1.255828E-008
   1.512126E-009
   5.962742E-009
   9.983858E-009
   8.079357E-012
   9.940571E-009
   7.622450E-009
   6.294585E-010
   1.105264E-008
   3.474336E-009
   3.442751E-009
   1.192553E-008
   1.128107E-009
   6.194245E-009
   9.113945E-009
   6.616439E-012
   9.898306E-009
   6.586234E-009
   9.190357E-010
   1.063060E-008
   2.654561E-009
   3.974588E-009
   1.104286E-008
   6.374597E-010
   6.662638E-009
   7.933135E-009
   1.286893E-010
   1.007799E-008
   5.286287E-009
   1.480094E-009
   1.022099E-008
   1.689521E-009
   4.891950E-009
   1.002736E-008
   1.943578E-010
   7.377235E-009
   6.517184E-009
   5.265958E-010
   1.032048E-008
   3.818249E-009
   2.370768E-009
   9.632753E-009
   7.788881E-010
   6.083502E-009
   8.709818E-009
   2.325470E-014
   8.114810E-009
   4.873048E-009
   1.325003E-009
   1.031073E-008
   2.310280E-009
   3.566667E-009
   8.632754E-009
   1.484007E-010
   7.319239E-009
   6.964302E-009
   2.403816E-010
   8.567932E-009
   3.102663E-009
   2.540585E-009
   9.693759E-009
   9.789482E-010
   4.906540E-009
   7.063601E-009
   3.127353E-011
   8.260564E-009
   4.834428E-009
   1.047143E-009
   8.466863E-009
   1.434059E-009
   4.161426E-009
   8.402909E-009
   1.230760E-010
   6.363675E-009
   5.080401E-009
   6.812348E-010
   8.938029E-009
   2.636271E-009
   2.612510E-009
   7.884453E-009
   2.604980E-010
   6.204368E-009
   6.543026E-009
   1.525042E-010
   7.721731E-009
   2.921772E-009
   2.311346E-009
   8.931590E-009
   8.280591E-010
   4.809845E-009
   6.505509E-009
   7.500709E-011
   8.108266E-009
   4.156766E-009
   1.373284E-009
   8.293368E-009
   1.010457E-009
   4.718617E-009
   7.751795E-009
   6.994508E-012
   6.981368E-009
   4.300059E-009
   1.201561E-009
   9.024657E-009
   1.756007E-009
   3.584852E-009
   7.445534E-009
   2.769986E-011
   7.100420E-009
   5.350823E-009
   6.167849E-010
   8.105052E-009
   1.855390E-009
   3.410663E-009
   8.188451E-009
   2.041020E-010
   5.905417E-009
   5.125301E-009
   5.421605E-010
   8.368574E-009
   2.466239E-009
   2.565202E-009
   7.475540E-009
   1.998924E-010
   5.978666E-009
   5.731677E-009
   2.791025E-010
   7.432869E-009
   2.260099E-009
   2.649023E-009
   7.910231E-009
   3.600420E-010
   5.191944E-009
   5.195531E-009
   3.478580E-010
   7.763757E-009
   2.576768E-009
   2.216081E-009
   7.157499E-009
   2.467417E-010
   5.518357E-009
   5.509065E-009
   2.424294E-010
   7.043639E-009
   2.157344E-009
   2.522992E-009
   7.462918E-009
   3.055097E-010
   5.032148E-009
   4.815694E-009
   3.960578E-010
   7.411740E-009
   2.234369E-009
   2.315173E-009
   6.671358E-009
   1.454232E-010
   5.480904E-009
   4.869531E-009
   3.672604E-010
   6.742057E-009
   1.688536E-009
   2.754466E-009
   6.758462E-009
   1.328413E-010
   5.079800E-009
   4.008087E-009
   6.260735E-010
   6.974995E-009
   1.570199E-009
   2.653636E-009
   5.817348E-009
   1.768063E-011
   5.541622E-009
   3.805692E-009
   6.799737E-010
   6.251893E-009
   9.865690E-010
   3.239191E-009
   5.697868E-009
   2.276061E-012
   5.203137E-009
   2.856662E-009
   1.136909E-009
   6.404894E-009
   7.728875E-010
   3.258253E-009
   4.649678E-009
   6.389517E-011
   5.710495E-009
   2.490620E-009
   1.318060E-009
   5.564423E-009
   2.944660E-010
   4.019739E-009
   4.329906E-009
   1.574552E-010
   5.288603E-009
   1.530996E-009
   2.069953E-009
   5.532760E-009
   1.311457E-010
   4.035988E-009
   3.133127E-009
   5.852714E-010
   5.697142E-009
   1.108677E-009
   2.364315E-009
   4.431961E-009
   3.456190E-012
   4.863472E-009
   2.619422E-009
   8.960799E-010
   4.981607E-009
   3.764494E-010
