   2.223772E-280
   2.222993E-280
   2.220649E-280
   2.216713E-280
   2.211146E-280
   2.203890E-280
   2.194872E-280
   2.184004E-280
   2.171183E-280
   2.156292E-280
   2.139199E-280
   2.119761E-280
   2.097825E-280
   2.073226E-280
   2.045792E-280
   2.015345E-280
   1.981702E-280
   1.944679E-280
   1.904094E-280
   1.859770E-280
   1.811539E-280
   1.759246E-280
   1.702756E-280
   1.641958E-280
   1.576773E-280
   1.507161E-280
   1.433128E-280
   1.354740E-280
   1.272127E-280
   1.185504E-280
   1.095175E-280
   1.001554E-280
   9.051820E-281
   8.067404E-281
   7.070768E-281
   6.072252E-281
   5.084314E-281
   4.121809E-281
   3.202290E-281
   2.346340E-281
   1.577942E-281
   9.248800E-282
   4.191714E-282
   9.755153E-283
   1.993389E-284
   1.802763E-282
   6.866049E-282
   1.582281E-281
   2.934927E-281
   4.805570E-281
   7.248687E-281
   1.031120E-280
   1.402983E-280
   1.842889E-280
   2.351814E-280
   2.929067E-280
   3.572099E-280
   4.276323E-280
   5.034966E-280
   5.838960E-280
   6.676860E-280
   7.534833E-280
   8.396686E-280
   9.243981E-280
   1.005622E-279
   1.081112E-279
   1.148502E-279
   1.205334E-279
   1.249127E-279
   1.277448E-279
   1.288012E-279
   1.278792E-279
   1.248145E-279
   1.194974E-279
   1.118894E-279
   1.020440E-279
   9.012930E-280
   7.645359E-280
   6.149473E-280
   4.593244E-280
   3.068451E-280
   1.694697E-280
   6.238550E-281
   4.496509E-282
   1.889458E-281
   1.298454E-280
   3.563732E-280
   7.110721E-280
   1.198934E-279
   1.816396E-279
   2.550719E-279
   3.379754E-279
   4.272112E-279
   5.187814E-279
   6.079456E-279
   6.893939E-279
   7.574837E-279
   8.065437E-279
   8.312530E-279
   8.271008E-279
   7.909332E-279
   7.215933E-279
   6.206640E-279
   4.933165E-279
   3.492751E-279
   2.039068E-279
   7.944275E-280
   6.339801E-281
   2.479097E-280
   1.845996E-279
   5.274378E-279
   1.077368E-278
   1.838962E-278
   2.794647E-278
   3.903806E-278
   5.103484E-278
   6.310814E-278
   7.427278E-278
   8.344963E-278
   8.954927E-278
   9.157850E-278
   8.877116E-278
   8.074486E-278
   6.768533E-278
   5.056010E-278
   3.136331E-278
   1.339349E-278
   1.566230E-279
   2.763637E-279
   2.589560E-278
   7.807339E-278
   1.623032E-277
   2.773080E-277
   4.171349E-277
   5.712668E-277
   7.252009E-277
   8.615175E-277
   9.614660E-277
   1.007096E-276
   9.839694E-277
   8.844779E-277
   7.118112E-277
   4.846011E-277
   2.422820E-277
   5.120509E-278
   1.154291E-278
   2.640268E-277
   9.414525E-277
   2.093327E-276
   3.689194E-276
   5.612093E-276
   7.663630E-276
   9.580085E-276
   1.105991E-275
   1.180305E-275
   1.156271E-275
   1.021011E-275
   7.812891E-276
   4.727794E-276
   1.708288E-276
   2.785349E-278
   1.619621E-276
   8.914454E-276
   2.310690E-275
   4.390057E-275
   6.950525E-275
   9.671562E-275
   1.212334E-274
   1.382258E-274
   1.431285E-274
   1.327015E-274
   1.063487E-274
   6.771301E-275
   2.655668E-275
   9.403460E-277
   1.971229E-275
   1.213625E-274
   3.243466E-274
   6.201186E-274
   9.752111E-274
   1.333581E-273
   1.623852E-273
   1.771194E-273
   1.713942E-273
   1.425139E-273
   9.391538E-274
   3.835664E-274
   1.652218E-275
   2.697491E-274
   1.740805E-273
   4.694299E-273
   8.925587E-273
   1.382752E-272
   1.845042E-272
   2.165445E-272
   2.234804E-272
   1.981460E-272
   1.412990E-272
   6.672977E-273
   7.334854E-274
   2.218892E-273
   2.010255E-272
   5.961644E-272
   1.176103E-271
   1.845293E-271
   2.454841E-271
   2.830034E-271
   2.813276E-271
   2.322721E-271
   1.426989E-271
   4.364138E-272
   1.129035E-273
   1.287486E-271
   5.564995E-271
   1.279021E-270
   2.179502E-270
   3.049909E-270
   3.629989E-270
   3.673589E-270
   3.042038E-270
   1.825099E-270
   4.901574E-271
   6.035836E-272
   2.320621E-270
   9.092099E-270
   1.987277E-269
   3.247792E-269
   4.344042E-269
   4.879709E-269
   4.533587E-269
   3.230341E-269
   1.358165E-269
   3.433400E-271
   1.419736E-269
   8.678580E-269
   2.230374E-268
   3.951817E-268
   5.544094E-268
   6.415936E-268
   6.062347E-268
   4.330436E-268
   1.762777E-268
   1.970152E-270
   2.382095E-268
   1.355909E-267
   3.364596E-267
   5.776667E-267
   7.808839E-267
   8.582368E-267
   7.457488E-267
   4.493323E-267
   1.034996E-267
   4.299687E-268
   8.848973E-267
   3.145296E-266
   6.370495E-266
   9.549671E-266
   1.138115E-265
   1.072534E-265
   7.261608E-266
   2.349505E-266
   9.701099E-268
   8.638077E-266
   3.742257E-265
   8.156905E-265
   1.264637E-264
   1.528583E-264
   1.437407E-264
   9.455940E-265
   2.671095E-265
   4.329213E-266
   1.542927E-264
   6.025432E-264
   1.241712E-263
   1.832295E-263
   2.085756E-263
   1.785240E-263
   9.587747E-264
   1.042720E-264
   4.668916E-264
   4.264957E-263
   1.210626E-262
   2.121496E-262
   2.749600E-262
   2.698192E-262
   1.814456E-262
   5.017283E-263
   1.134202E-263
   3.424740E-262
   1.300167E-261
   2.582110E-261
   3.612725E-261
   3.776246E-261
   2.742729E-261
   9.228048E-262
   4.937178E-263
   3.886538E-261
   1.673592E-260
   3.471080E-260
   4.928963E-260
   5.138492E-260
   3.631060E-260
   1.078140E-260
   1.875194E-261
   6.790092E-260
   2.647227E-259
   5.188596E-259
   6.982677E-259
   6.756015E-259
   4.108038E-259
   6.458680E-260
   1.421506E-259
   1.638721E-258
   4.876427E-258
   8.295028E-258
   9.858909E-258
   8.049404E-258
   3.318101E-258
   3.312333E-261
   8.710254E-258
   4.402307E-257
   9.449040E-257
   1.312668E-256
   1.266012E-256
   7.253978E-257
   7.103646E-258
   4.751117E-257
   4.148207E-256
   1.102457E-255
   1.716978E-255
   1.824158E-255
   1.206269E-255
   2.313507E-256
   3.293283E-256
   4.511351E-255
   1.386595E-254
   2.300042E-254
   2.542682E-254
   1.747940E-254
   3.721881E-255
   3.977394E-255
   6.126065E-254
   1.935926E-253
   3.211539E-253
   3.488347E-253
   2.275137E-253
   3.655919E-254
   9.079424E-254
   1.046434E-252
   2.992650E-252
   4.644614E-252
   4.654141E-252
   2.566062E-252
   1.258492E-253
   2.952002E-252
   2.103352E-251
   4.947579E-251
   6.748226E-251
   5.767859E-251
   2.165378E-251
   1.271433E-252
   1.053362E-250
   4.486655E-250
   8.263544E-250
   9.303189E-250
   5.960051E-250
   7.184703E-251
   3.729757E-250
   3.558752E-249
   9.232268E-249
   1.295830E-248
   1.097945E-248
   3.739653E-249
   6.144076E-250
   2.577833E-248
   9.906647E-248
   1.689996E-247
   1.716589E-247
   8.654444E-248
   4.351282E-250
   1.895875E-247
   1.070344E-246
   2.166122E-246
   2.490502E-246
   1.527062E-246
   1.085725E-247
   1.575430E-246
   1.222808E-245
   2.821680E-245
   3.502793E-245
   2.357560E-245
   2.820367E-246
   1.640563E-245
   1.543428E-244
   3.818292E-244
   4.880005E-244
   3.341499E-244
   4.096739E-245
   2.322299E-244
   2.204639E-243
   5.415031E-243
   6.774262E-243
   4.383245E-243
   3.510161E-244
   4.435066E-243
   3.544094E-242
   8.002097E-242
   9.289640E-242
   5.187434E-242
   7.131045E-244
   1.044789E-241
   6.204947E-241
   1.208080E-240
   1.227563E-240
   5.114696E-241
   3.065409E-242
   2.742194E-240
   1.127001E-239
   1.803795E-239
   1.488362E-239
   3.296424E-240
   5.042726E-240
   7.298143E-239
   2.016009E-238
   2.542229E-238
   1.496273E-238
   2.714078E-240
   2.959615E-238
   1.785741E-237
   3.371938E-237
   3.141768E-237
   9.389495E-238
   5.532380E-238
   1.224662E-236
   3.788253E-236
   4.953531E-236
   2.919011E-236
   3.519680E-238
   6.453272E-236
   3.727050E-235
   6.711341E-235
   5.729377E-235
   1.172960E-235
   2.521704E-235
   3.264315E-234
   8.300432E-234
   9.242406E-234
   3.825411E-234
   4.516032E-235
   2.621179E-233
   9.722696E-233
   1.347453E-232
   7.975473E-233
   4.484000E-235
   2.044983E-232
   1.111004E-231
   1.863293E-231
   1.376687E-231
   1.135605E-232
   1.639380E-231
   1.274856E-230
   2.518791E-230
   2.154440E-230
   3.557775E-231
   1.420348E-230
   1.512541E-229
   3.398164E-229
   3.187948E-229
   7.059386E-230
   1.419700E-229
   1.903863E-228
   4.639803E-228
   4.555168E-228
   1.113321E-228
   1.751485E-228
   2.585829E-227
   6.460068E-227
   6.339863E-227
   1.474405E-227
   2.749260E-227
   3.806767E-226
   9.179314E-226
   8.585600E-226
   1.604070E-226
   5.325287E-226
   6.022204E-225
   1.323066E-224
   1.118791E-224
   1.256957E-225
   1.189306E-224
   1.003597E-223
   1.909799E-223
   1.368725E-223
   3.880329E-225
   2.867064E-223
   1.714478E-222
   2.706861E-222
   1.497026E-222
   2.355960E-224
   7.096147E-222
   2.913157E-221
   3.661138E-221
   1.312749E-221
   6.863781E-222
   1.717438E-220
   4.774045E-220
   4.520569E-220
   6.565491E-221
   4.147378E-220
   3.856357E-219
   7.297545E-219
   4.694286E-219
   4.226040E-224
   1.676134E-218
   7.735295E-218
   9.946788E-218
   3.332127E-218
   2.581457E-218
   5.330271E-217
   1.351666E-216
   1.114622E-216
   5.573341E-218
   2.085775E-216
   1.324671E-215
   1.984155E-215
   8.333766E-216
   2.731070E-216
   9.050849E-215
   2.573576E-214
   2.241954E-214
   1.367212E-215
   3.964561E-214
   2.598697E-213
   3.847942E-213
   1.473091E-213
   8.090629E-214
   2.015171E-212
   5.180578E-212
   3.955936E-212
   3.769362E-214
   1.159677E-211
   5.815500E-211
   7.150077E-211
   1.633807E-211
   4.630273E-211
   5.514559E-210
   1.054173E-209
   5.486463E-210
   7.200348E-211
   4.407445E-209
   1.359183E-208
   1.140784E-208
   2.472071E-210
   2.988470E-208
   1.581947E-207
   1.916375E-207
   3.563560E-208
   1.710645E-207
   1.692057E-206
   2.852508E-206
   1.108676E-206
   7.456476E-207
   1.689191E-205
   3.934274E-205
   2.337995E-205
   1.577186E-206
   1.605409E-204
   5.164766E-204
   4.126826E-204
   8.627115E-207
   1.489349E-203
   6.579159E-203
   6.600850E-203
   3.702884E-204
   1.383993E-202
   8.263597E-202
   9.953135E-202
   1.325735E-202
   1.319351E-201
   1.038086E-200
   1.447654E-200
   2.963606E-201
   1.321909E-200
   1.321118E-199
   2.061256E-199
   5.364988E-200
   1.428237E-199
   1.720793E-198
   2.898309E-198
   8.537239E-199
   1.713764E-198
   2.315301E-197
   4.057276E-197
   1.246434E-197
   2.299353E-197
   3.212399E-196
   5.616087E-196
   1.628275E-196
   3.616079E-196
   4.691281E-195
   7.933825E-195
   2.133014E-195
   5.704805E-195
   6.693975E-194
   1.016167E-193
   1.666804E-194
   1.355203E-193
   1.167804E-192
   1.727650E-192
   4.168590E-193
   1.268603E-192
   1.129659E-191
   8.895401E-192
   2.765218E-192
   1.304570E-190
   5.841926E-190
   1.042400E-189
   1.046417E-189
   5.353181E-190
   1.493676E-189
   2.238248E-188
   1.497164E-187
   6.016107E-187
   2.073383E-186
   6.476780E-186
   1.740208E-185
   4.437017E-185
   1.747374E-184
   7.246455E-184
   2.416619E-183
   7.381437E-183
   2.759075E-182
   9.580264E-182
   2.778600E-181
   8.634073E-181
   3.355953E-180
   1.155345E-179
   3.336211E-179
   1.119940E-178
   4.176040E-178
   1.332823E-177
   3.782164E-177
   1.351502E-176
   4.862142E-176
   1.469783E-175
   4.351800E-175
   1.597253E-174
   5.407323E-174
   1.546783E-173
   4.939142E-173
   1.795677E-172
   5.699043E-172
   1.603883E-171
   5.516322E-171
   1.920608E-170
   5.689707E-170
   1.670987E-169
   5.937442E-169
   1.941856E-168
   5.454712E-168
   1.744491E-167
   6.089244E-167
   1.851913E-166
   5.216534E-166
   1.782627E-165
   5.896733E-165
   1.673084E-164
   5.067296E-164
   1.744972E-163
   5.367210E-163
   1.485915E-162
   4.890935E-162
   1.612550E-161
   4.595766E-161
   1.347838E-160
   4.550132E-160
   1.396279E-159
   3.831889E-159
   1.228086E-158
   3.995488E-158
   1.132451E-157
   3.272343E-157
   1.082660E-156
   3.277131E-156
   8.931783E-156
   2.821480E-155
   8.994212E-155
   2.511537E-154
   7.247339E-154
   2.351774E-153
   6.954277E-153
   1.887235E-152
   5.928706E-152
   1.839852E-151
   5.030440E-151
   1.466651E-150
   4.658617E-150
   1.334304E-149
   3.635545E-149
   1.138500E-148
   3.414176E-148
   9.149568E-148
   2.717455E-147
   8.393964E-147
   2.314209E-146
   6.427158E-146
   1.993656E-145
   5.729150E-145
   1.525807E-144
   4.609073E-144
   1.370191E-143
   3.647219E-143
   1.046806E-142
   3.170504E-142
   8.672665E-142
   2.358213E-141
   7.130684E-141
   2.016469E-140
   5.307660E-140
   1.567345E-139
   4.551802E-139
   1.194575E-138
   3.387073E-138
   9.988647E-138
   2.669233E-137
   7.238045E-137
   2.137745E-136
   5.858695E-136
   1.536247E-135
   4.477632E-135
   1.255128E-134
   3.243543E-134
   9.211225E-134
   2.623093E-133
   6.797975E-133
   1.867197E-132
   5.357500E-132
   1.407338E-131
   3.739645E-131
   1.071649E-130
   2.863086E-130
   7.412617E-130
   2.103606E-129
   5.706837E-129
   1.454786E-128
   4.059689E-128
   1.113993E-127
   2.824538E-127
   7.714486E-127
   2.131417E-126
   5.415698E-126
   1.445166E-125
   4.001822E-125
   1.023366E-124
   2.670893E-124
   7.381139E-124
   1.902545E-123
   4.871630E-123
   1.338666E-122
   3.476419E-122
   8.769535E-122
   2.389246E-121
   6.241883E-121
   1.557613E-120
   4.199147E-120
   1.101454E-119
   2.728533E-119
   7.270468E-119
   1.910999E-118
   4.711620E-118
   1.240486E-117
   3.261348E-117
   8.016532E-117
   2.086048E-116
   5.477232E-116
   1.343458E-115
   3.457767E-115
   9.055438E-115
   2.217068E-114
   5.649557E-114
   1.474242E-113
   3.602426E-113
   9.098574E-113
   2.363947E-112
   5.763060E-112
   1.444306E-111
   3.734141E-111
   9.077387E-111
   2.259742E-110
   5.811407E-110
   1.407805E-109
   3.484690E-109
   8.911398E-109
   2.149967E-108
   5.296309E-108
   1.346499E-107
   3.233470E-107
   7.934000E-107
   2.004798E-106
   4.789591E-106
   1.171473E-105
   2.941285E-105
   6.988286E-105
   1.704937E-104
   4.251988E-104
   1.004487E-103
   2.445884E-103
   6.056360E-103
   1.422616E-102
   3.458842E-102
   8.499179E-102
   1.985704E-101
   4.822153E-101
   1.175138E-100
   2.732407E-100
   6.627815E-100
   1.600674E-099
   3.707490E-099
   8.980376E-099
   2.147721E-098
   4.961544E-098
   1.199417E-097
   2.838534E-097
   6.550021E-097
   1.578822E-096
   3.695546E-096
   8.531363E-096
   2.047850E-095
   4.740558E-095
   1.096394E-094
   2.616724E-094
   5.994154E-094
   1.390147E-093
   3.292976E-093
   7.475187E-093
   1.738688E-092
   4.079988E-092
   9.199861E-092
   2.144456E-091
   4.975831E-091
   1.117974E-090
   2.607158E-090
   5.973246E-090
   1.341831E-089
   3.122882E-089
   7.061444E-089
   1.590621E-088
   3.683312E-088
   8.228869E-088
   1.861594E-087
   4.275295E-087
   9.464362E-087
   2.149707E-086
   4.881316E-086
   1.075491E-085
   2.447327E-085
   5.482199E-085
   1.208084E-084
   2.744230E-084
   6.062095E-084
   1.341137E-083
   3.028088E-083
   6.612102E-083
   1.470319E-082
   3.285572E-082
   7.127083E-082
   1.590006E-081
   3.504835E-081
   7.599106E-081
   1.693734E-080
   3.680051E-080
   8.013041E-080
   1.774889E-079
   3.812703E-079
   8.346469E-079
   1.827850E-078
   3.906572E-078
   8.573116E-078
   1.850353E-077
   3.961752E-077
   8.667881E-077
   1.845487E-076
   3.973089E-076
   8.612647E-076
   1.819223E-075
   3.932604E-075
   8.406524E-075
   1.775571E-074
   3.833129E-074
   8.077202E-074
   1.714858E-073
   3.671576E-073
   7.668246E-073
   1.635381E-072
   3.453429E-072
   7.209810E-072
   1.535786E-071
   3.197129E-071
   6.709630E-071
   1.416822E-070
   2.925685E-070
   6.164649E-070
   1.283326E-069
   2.652380E-069
   5.574234E-069
   1.145001E-068
   2.379487E-068
   4.948229E-068
   1.010870E-067
   2.105644E-067
   4.314669E-067
   8.842871E-067
   1.831609E-066
   3.712857E-066
   7.647132E-066
   1.563335E-065
   3.165460E-065
   6.512168E-065
   1.313119E-064
   2.672320E-064
   5.443035E-064
   1.091302E-063
   2.225624E-063
   4.467933E-063
   8.988535E-063
   1.821008E-062
   3.621748E-062
   7.315427E-062
   1.461738E-061
   2.909944E-061
   5.855718E-061
   1.156474E-060
   2.313098E-060
   4.597047E-060
   9.065217E-060
   1.810328E-059
   3.551505E-059
   7.036002E-059
   1.389639E-058
   2.716699E-058
   5.381480E-058
   1.048603E-057
   2.058672E-057
   4.037655E-057
   7.829734E-057
   1.538206E-056
   2.975999E-056
   5.792934E-056
   1.127556E-055
   2.169605E-055
   4.227173E-055
   8.117064E-055
   1.567348E-054
   3.026071E-054
   5.778867E-054
   1.116674E-053
   2.127338E-053
   4.076466E-053
   7.803187E-053
   1.479258E-052
   2.834864E-052
   5.356545E-052
   1.018999E-051
   1.933185E-051
   3.639160E-051
   6.916265E-051
   1.296113E-050
   2.448413E-050
   4.601790E-050
   8.605086E-050
   1.621276E-049
   3.013575E-049
   5.652945E-049
   1.052213E-048
   1.955161E-048
   3.649842E-048
   6.731487E-048
   1.253517E-047
   2.310344E-047
   4.266966E-047
   7.886675E-047
   1.444177E-046
   2.667974E-046
   4.870117E-046
   8.940067E-046
   1.634949E-045
   2.974796E-045
   5.446367E-045
   9.853611E-045
   1.796957E-044
   3.250479E-044
   5.880164E-044
   1.065538E-043
   1.913013E-043
   3.461804E-043
   6.196273E-043
   1.114464E-042
   1.996630E-042
   3.561919E-042
   6.384899E-042
   1.132329E-041
   2.022961E-041
   3.582274E-041
   6.354836E-041
   1.126300E-040
   1.982834E-040
   3.511686E-040
   6.153339E-040
   1.084853E-039
   1.899191E-039
   3.323904E-039
   5.821112E-039
   1.011567E-038
   1.768582E-038
   3.060595E-038
   5.323875E-038
   9.204065E-038
   1.589405E-037
   2.747372E-037
   4.711936E-037
   8.127820E-037
   1.388165E-036
   2.382276E-036
   4.063043E-036
   6.923296E-036
   1.180105E-035
   1.997081E-035
   3.396842E-035
   5.721618E-035
   9.685203E-035
   1.627892E-034
   2.736798E-034
   4.595316E-034
   7.670951E-034
   1.285479E-033
   2.133991E-033
   3.560985E-033
   5.892359E-033
   9.769954E-033
   1.613857E-032
   2.656429E-032
   4.379859E-032
   7.161949E-032
   1.176721E-031
   1.915023E-031
   3.128713E-031
   5.076682E-031
   8.234599E-031
   1.333181E-030
   2.146266E-030
   3.464616E-030
   5.541094E-030
   8.902954E-030
   1.416861E-029
   2.261465E-029
   3.586187E-029
   5.678602E-029
   8.976317E-029
   1.409711E-028
   2.219417E-028
   3.459501E-028
   5.415387E-028
   8.388498E-028
   1.302964E-027
   2.007783E-027
   3.089609E-027
   4.737228E-027
   7.215894E-027
   1.099970E-026
   1.658516E-026
   2.508934E-026
   3.746471E-026
   5.610765E-026
   8.301573E-026
   1.227664E-025
   1.799523E-025
   2.621597E-025
   3.802094E-025
   5.445162E-025
   7.792038E-025
   1.094789E-024
   1.538978E-024
   2.115787E-024
   2.903083E-024
   3.888689E-024
   5.160664E-024
   6.682473E-024
   8.458375E-024
   1.042747E-023
   1.228506E-023
   1.396208E-023
   1.453069E-023
   1.402291E-023
   1.101258E-023
   6.440883E-024
   1.099396E-024
   1.488287E-024
   2.290163E-023
   9.861148E-023
   3.012020E-022
   7.723640E-022
   1.776815E-021
   3.842164E-021
   7.832560E-021
   1.552103E-020
   2.957574E-020
   5.549725E-020
   1.012589E-019
   1.828910E-019
   3.236368E-019
   5.679998E-019
   9.821356E-019
   1.685314E-018
   2.861715E-018
   4.822266E-018
   8.065382E-018
   1.338517E-017
   2.209491E-017
   3.619175E-017
   5.904627E-017
   9.561960E-017
   1.543509E-016
   2.474297E-016
   3.955100E-016
   6.282192E-016
   9.950794E-016
   1.567281E-015
   2.461413E-015
   3.846433E-015
   5.992406E-015
   9.295041E-015
   1.437095E-014
   2.213406E-014
   3.397405E-014
   5.197153E-014
   7.922135E-014
   1.203919E-013
   1.822982E-013
   2.752650E-013
   4.141379E-013
   6.214287E-013
   9.291323E-013
   1.385659E-012
   2.059226E-012
   3.052548E-012
   4.509497E-012
   6.645186E-012
   9.759700E-012
   1.429788E-011
   2.087859E-011
   3.041045E-011
   4.415518E-011
   6.394640E-011
   9.232647E-011
   1.329521E-010
   1.908858E-010
   2.733347E-010
   3.902596E-010
   5.557005E-010
   7.890201E-010
   1.117252E-009
   1.577581E-009
   2.221502E-009
   3.119870E-009
   4.369877E-009
   6.104414E-009
   8.504522E-009
   1.181675E-008
   1.637445E-008
   2.262949E-008
   3.118848E-008
   4.286939E-008
   5.876281E-008
   8.033119E-008
   1.095113E-007
   1.488849E-007
   2.018488E-007
   2.729028E-007
   3.679288E-007
   4.946676E-007
   6.631731E-007
   8.865857E-007
   1.181862E-006
   1.571010E-006
   2.082241E-006
   2.751902E-006
   3.626283E-006
   4.764570E-006
   6.241622E-006
   8.152421E-006
   1.061626E-005
   1.378328E-005
   1.784071E-005
   2.302223E-005
   2.961705E-005
   3.798312E-005
   4.855989E-005
   6.188652E-005
   7.861949E-005
   9.955680E-005
   1.256617E-004
   1.580939E-004
   1.982404E-004
   2.477543E-004
   3.085930E-004
   3.830650E-004
   4.738746E-004
   5.841753E-004
   7.176185E-004
   8.784101E-004
   1.071358E-003
   1.301928E-003
   1.576277E-003
   1.901353E-003
   2.284869E-003
   2.735306E-003
   3.261901E-003
   3.874645E-003
   4.584168E-003
   5.401696E-003
   6.338827E-003
   7.407431E-003
   8.619276E-003
   9.985872E-003
   1.151791E-002
   1.322504E-002
   1.511514E-002
   1.719401E-002
   1.946449E-002
   2.192610E-002
   2.457407E-002
   2.739899E-002
   3.038579E-002
   3.351353E-002
   3.675455E-002
   4.007439E-002
   4.343134E-002
   4.677667E-002
   5.005476E-002
   5.320380E-002
   5.615658E-002
   5.884198E-002
   6.118635E-002
   6.311592E-002
   6.455870E-002
   6.544781E-002
   6.572360E-002
   6.533774E-002
   6.425514E-002
   6.245827E-002
   5.994841E-002
   5.674948E-002
   5.290802E-002
   4.849564E-002
   4.360727E-002
   3.836126E-002
   3.289574E-002
   2.736570E-002
   2.193739E-002
   1.678256E-002
   1.207118E-002
   7.963727E-003
   4.603078E-003
   2.106381E-003
   5.576456E-004
   1.558065E-006
   4.386177E-004
   1.822174E-003
   4.057917E-003
   7.005975E-003
   1.048603E-002
   1.428506E-002
   1.816788E-002
   2.188986E-002
   2.521098E-002
   2.791126E-002
   2.980481E-002
   3.075449E-002
   3.068162E-002
   2.957559E-002
   2.749552E-002
   2.457101E-002
   2.099390E-002
   1.700836E-002
   1.289359E-002
   8.944966E-003
   5.451313E-003
   2.672433E-003
   8.171211E-004
   2.455850E-005
   3.502964E-004
   1.758712E-003
   4.122944E-003
   7.232555E-003
   1.080940E-002
   1.452976E-002
   1.805219E-002
   2.104805E-002
   2.323185E-002
   2.439006E-002
   2.440206E-002
   2.325602E-002
   2.105095E-002
   1.799183E-002
   1.436987E-002
   1.053662E-002
   6.868164E-003
   3.727275E-003
   1.424455E-003
   1.839275E-004
   1.174368E-004
   1.209815E-003
   3.318174E-003
   6.185352E-003
   9.467697E-003
   1.277255E-002
   1.570239E-002
   1.790201E-002
   1.910042E-002
   1.914635E-002
   1.802685E-002
   1.587332E-002
   1.294573E-002
   9.603775E-003
   6.261834E-003
   3.337503E-003
   1.197198E-003
   1.076438E-004
   1.989134E-004
   1.444958E-003
   3.664640E-003
   6.543865E-003
   9.676553E-003
   1.261971E-002
   1.495397E-002
   1.634428E-002
   1.658687E-002
   1.564238E-002
   1.364162E-002
   1.087045E-002
   7.728380E-003
   4.671314E-003
   2.143626E-003
   5.109062E-004
   3.354519E-006
   6.788794E-004
   2.412267E-003
   4.912978E-003
   7.768993E-003
   1.051190E-002
   1.269028E-002
   1.394464E-002
   1.406496E-002
   1.302856E-002
   1.100412E-002
   8.326100E-003
   5.439763E-003
   2.826355E-003
   9.216453E-004
   4.005640E-005
   3.193662E-004
   1.695030E-003
   3.909687E-003
   6.557672E-003
   9.155375E-003
   1.122925E-002
   1.239893E-002
   1.244848E-002
   1.136662E-002
   9.350027E-003
   6.769332E-003
   4.099750E-003
   1.833764E-003
   3.868739E-004
   1.858051E-005
   7.811662E-004
   2.508340E-003
   4.846521E-003
   7.322453E-003
   9.436448E-003
   1.076126E-002
   1.102743E-002
   1.017997E-002
   8.388562E-003
   6.016818E-003
   3.546678E-003
   1.481231E-003
   2.393959E-004
   6.837948E-005
   9.904582E-004
   2.796992E-003
   5.091303E-003
   7.372815E-003
   9.143062E-003
   1.001538E-002
   9.797082E-003
   8.535273E-003
   6.505533E-003
   4.153318E-003
   1.995299E-003
   5.038293E-004
   9.012704E-007
   5.843150E-004
   2.104566E-003
   4.198445E-003
   6.370884E-003
   8.110478E-003
   9.006799E-003
   8.848010E-003
   7.671222E-003
   5.753641E-003
   3.549341E-003
   1.579343E-003
   3.083836E-004
   3.139946E-005
   8.020120E-004
   2.418726E-003
   4.473355E-003
   6.450724E-003
   7.856091E-003
   8.336568E-003
   7.772108E-003
   6.303274E-003
   4.299369E-003
   2.263718E-003
   7.068139E-004
   1.569145E-005
   3.539914E-004
   1.619183E-003
   3.468790E-003
   5.408193E-003
   6.921412E-003
   7.605018E-003
   7.276744E-003
   6.024044E-003
   4.180617E-003
   2.239362E-003
   7.179205E-004
   2.019777E-005
   3.251926E-004
   1.537844E-003
   3.314286E-003
   5.155925E-003
   6.546478E-003
   7.096927E-003
   6.651856E-003
   5.336678E-003
   3.520314E-003
   1.712985E-003
   4.212089E-004
   3.043358E-006
   5.656189E-004
   1.933764E-003
   3.699660E-003
   5.341829E-003
   6.375601E-003
   6.495990E-003
   5.667889E-003
   4.135284E-003
   2.351948E-003
   8.442630E-004
   5.582166E-005
   2.132505E-004
   1.257947E-003
   2.863054E-003
   4.532953E-003
   5.752949E-003
   6.148153E-003
   5.596197E-003
   4.267371E-003
   2.571898E-003
   1.032342E-003
   1.223181E-004
   1.169376E-004
   1.006675E-003
   2.499669E-003
   4.113444E-003
   5.327902E-003
   5.752286E-003
   5.248646E-003
   3.979804E-003
   2.354792E-003
   8.984924E-004
   8.059184E-005
   1.616674E-004
   1.107349E-003
   2.598891E-003
   4.136891E-003
   5.207355E-003
   5.451986E-003
   4.787822E-003
   3.437681E-003
   1.853410E-003
   5.664412E-004
   6.480752E-006
   3.557933E-004
   1.486149E-003
   3.002380E-003
   4.376497E-003
   5.131107E-003
   5.003041E-003
   4.036225E-003
   2.567739E-003
   1.108907E-003
   1.684181E-004
   7.166834E-005
   8.461284E-004
   2.210447E-003
   3.674194E-003
   4.711048E-003
   4.948955E-003
   4.301695E-003
   3.002008E-003
   1.518006E-003
   3.828352E-004
   2.503375E-006
   5.066409E-004
   1.701518E-003
   3.140554E-003
   4.288766E-003
   4.718670E-003
   4.270940E-003
   3.111633E-003
   1.672354E-003
   4.893108E-004
   1.589739E-006
   3.867694E-004
   1.492860E-003
   2.895216E-003
   4.056958E-003
   4.533915E-003
   4.142520E-003
   3.033059E-003
   1.630544E-003
   4.723266E-004
   9.745061E-007
   3.918965E-004
   1.485118E-003
   2.847109E-003
   3.939881E-003
   4.331375E-003
   3.867306E-003
   2.730280E-003
   1.370245E-003
   3.253195E-004
   7.569358E-006
   5.386499E-004
   1.700179E-003
   3.020621E-003
   3.964717E-003
   4.150069E-003
   3.500634E-003
   2.280371E-003
   9.844212E-004
   1.380744E-004
   8.189625E-005
   8.312183E-004
   2.069594E-003
   3.279257E-003
   3.955511E-003
   3.815519E-003
   2.918277E-003
   1.638308E-003
   5.104993E-004
   5.349420E-006
   3.302708E-004
   1.342030E-003
   2.607075E-003
   3.585115E-003
   3.858038E-003
   3.309747E-003
   2.174156E-003
   9.369166E-004
   1.265819E-004
   8.652395E-005
   8.269265E-004
   2.019725E-003
   3.140921E-003
   3.698136E-003
   3.447142E-003
   2.497500E-003
   1.266448E-003
   2.952715E-004
   9.906810E-006
   5.328060E-004
   1.627437E-003
   2.803060E-003
   3.532435E-003
   3.488759E-003
   2.690977E-003
   1.496996E-003
   4.430554E-004
   9.963452E-007
   3.654230E-004
   1.364318E-003
   2.537250E-003
   3.344379E-003
   3.414642E-003
   2.715190E-003
   1.567620E-003
   5.009713E-004
   6.359975E-006
   3.102433E-004
   1.268008E-003
   2.430897E-003
   3.253951E-003
   3.351513E-003
   2.677708E-003
   1.548114E-003
   4.929356E-004
   5.774784E-006
   3.108953E-004
   1.256318E-003
   2.386172E-003
   3.157349E-003
   3.199331E-003
   2.492305E-003
   1.375846E-003
   3.868299E-004
   3.179399E-008
   3.988669E-004
   1.386105E-003
   2.478977E-003
   3.143584E-003
   3.054559E-003
   2.255562E-003
   1.137219E-003
   2.465691E-004
   1.824323E-005
   5.594630E-004
   1.596960E-003
   2.611547E-003
   3.096403E-003
   2.808584E-003
   1.891755E-003
   8.047966E-004
   9.169211E-005
   1.090202E-004
   8.451973E-004
   1.925879E-003
   2.801972E-003
   3.028257E-003
   2.489407E-003
   1.458986E-003
   4.615504E-004
   3.864636E-006
   3.157337E-004
   1.231390E-003
   2.274486E-003
   2.903412E-003
   2.791164E-003
   1.996079E-003
   9.310930E-004
   1.499862E-004
   5.856276E-005
   7.018494E-004
   1.740100E-003
   2.626086E-003
   2.893116E-003
   2.400140E-003
   1.407132E-003
   4.379665E-004
   2.301598E-006
   3.255765E-004
   1.228577E-003
   2.223500E-003
   2.774455E-003
   2.585060E-003
   1.757855E-003
   7.380008E-004
   7.442977E-005
   1.229824E-004
   8.537714E-004
   1.867103E-003
   2.610143E-003
   2.677961E-003
   2.033523E-003
   1.028683E-003
   2.114247E-004
   2.506083E-005
   5.651663E-004
   1.526754E-003
   2.373279E-003
   2.633196E-003
   2.161888E-003
   1.222236E-003
   3.376655E-004
   7.273372E-007
   3.971831E-004
   1.301768E-003
   2.204198E-003
   2.595692E-003
   2.255862E-003
   1.376398E-003
   4.532547E-004
   5.756470E-006
   2.816973E-004
   1.117040E-003
   2.029395E-003
   2.494163E-003
   2.244419E-003
   1.423934E-003
   5.048010E-004
   1.491358E-005
   2.338126E-004
   1.030982E-003
   1.941445E-003
   2.435457E-003
   2.225758E-003
   1.435013E-003
   5.234653E-004
   1.985939E-005
   2.124189E-004
   9.800883E-004
   1.864780E-003
   2.341378E-003
   2.127864E-003
   1.351637E-003
   4.729192E-004
   1.157299E-005
   2.379369E-004
   1.012310E-003
   1.868794E-003
   2.293654E-003
   2.032925E-003
   1.243601E-003
   3.987280E-004
   2.582297E-006
   2.866033E-004
   1.070800E-003
   1.873553E-003
   2.204493E-003
   1.862408E-003
   1.056682E-003
   2.791681E-004
   2.937987E-006
   3.927686E-004
   1.204809E-003
   1.936715E-003
   2.137181E-003
   1.683346E-003
   8.557556E-004
   1.642621E-004
   3.154366E-005
   5.316282E-004
   1.345057E-003
   1.959123E-003
   1.988568E-003
   1.415723E-003
   6.008266E-004
   5.492104E-005
   1.180299E-004
   7.456776E-004
   1.537547E-003
   1.991170E-003
   1.819737E-003
   1.132808E-003
   3.658440E-004
   2.234876E-006
   2.656265E-004
   9.786235E-004
   1.677741E-003
   1.911618E-003
   1.530361E-003
   7.807429E-004
   1.460522E-004
   3.323779E-005
   5.103375E-004
   1.263490E-003
   1.801491E-003
   1.774894E-003
   1.202053E-003
   4.559341E-004
   1.991023E-005
   1.717530E-004
   8.031516E-004
   1.492284E-003
   1.782183E-003
   1.481740E-003
   7.906095E-004
   1.662740E-004
   2.051243E-005
   4.463323E-004
   1.157000E-003
   1.677255E-003
   1.660129E-003
   1.117912E-003
   4.127559E-004
   1.367611E-005
   1.820687E-004
   7.970272E-004
   1.438175E-003
   1.669841E-003
   1.335434E-003
   6.626123E-004
   1.078336E-004
   4.609233E-005
   5.159967E-004
   1.194045E-003
   1.615892E-003
   1.493358E-003
   9.110186E-004
   2.672653E-004
   1.307658E-007
   2.865982E-004
   9.218248E-004
   1.461833E-003
   1.531165E-003
   1.082359E-003
   4.279415E-004
   2.236103E-005
   1.453651E-004
   7.076514E-004
   1.313918E-003
   1.539550E-003
   1.227463E-003
   5.968685E-004
   8.821532E-005
   5.319793E-005
   5.079742E-004
   1.123767E-003
   1.460651E-003
   1.279263E-003
   7.097229E-004
   1.576733E-004
   1.477464E-005
   3.797610E-004
   9.887268E-004
   1.404632E-003
   1.330086E-003
   8.194415E-004
   2.384431E-004
   3.337285E-007
   2.687500E-004
   8.415028E-004
   1.298535E-003
   1.306932E-003
   8.616898E-004
   2.876376E-004
   1.828189E-006
   2.093929E-004
   7.547018E-004
   1.236386E-003
   1.301480E-003
   9.033213E-004
   3.342439E-004
   9.303296E-006
   1.608262E-004
   6.687301E-004
   1.151288E-003
   1.248845E-003
   8.898744E-004
   3.423225E-004
   1.285849E-005
   1.436238E-004
   6.326368E-004
   1.111477E-003
   1.221414E-003
   8.812720E-004
   3.464686E-004
   1.552606E-005
   1.303161E-004
   5.956051E-004
   1.053291E-003
   1.154569E-003
   8.235190E-004
   3.127871E-004
   1.002409E-005
   1.426320E-004
   6.056954E-004
   1.043722E-003
   1.122367E-003
   7.827560E-004
   2.846320E-004
   5.964879E-006
   1.532654E-004
   6.047527E-004
   1.006266E-003
   1.045547E-003
   6.929607E-004
   2.229608E-004
   2.481053E-007
   1.964730E-004
   6.573544E-004
   1.023357E-003
   1.009724E-003
   6.277635E-004
   1.749362E-004
   1.581598E-006
   2.370598E-004
   6.897990E-004
   9.993209E-004
   9.205836E-004
   5.166322E-004
   1.076699E-004
   1.706077E-005
   3.151942E-004
   7.640747E-004
   1.006681E-003
   8.506025E-004
   4.203899E-004
   5.743778E-005
   4.725230E-005
   3.919720E-004
   8.100845E-004
   9.632774E-004
   7.282848E-004
   2.953237E-004
   1.390094E-005
   1.104237E-004
   5.055947E-004
   8.790180E-004
   9.286969E-004
   6.151691E-004
   1.922815E-004
   9.883342E-010
   1.881140E-004
   5.957959E-004
   8.849042E-004
   8.174670E-004
   4.498756E-004
   8.507561E-005
   2.254747E-005
   3.117349E-004
   7.121240E-004
   8.925514E-004
   7.046676E-004
   3.043791E-004
   2.112067E-005
   8.403214E-005
   4.328834E-004
   7.706081E-004
   8.127028E-004
   5.247095E-004
   1.493455E-004
   1.340532E-006
   2.028803E-004
   5.819258E-004
   8.182423E-004
   7.133846E-004
   3.567036E-004
   4.781832E-005
   4.225283E-005
   3.362223E-004
   6.725681E-004
   7.615856E-004
   5.278392E-004
   1.726716E-004
   1.191453E-007
   1.560889E-004
   5.042647E-004
   7.444391E-004
   6.707303E-004
   3.474039E-004
   5.167028E-005
   3.381343E-005
   3.021622E-004
   6.182497E-004
   7.051951E-004
   4.878642E-004
   1.565874E-004
   3.769122E-009
   1.532823E-004
   4.811251E-004
   6.968689E-004
   6.128696E-004
   3.032248E-004
   3.720531E-005
   4.270135E-005
   3.075722E-004
   5.927655E-004
   6.444679E-004
   4.174649E-004
   1.136752E-004
   2.621349E-006
   1.827913E-004
   4.947513E-004
   6.625544E-004
   5.380515E-004
   2.316577E-004
   1.373172E-005
   7.429225E-005
   3.547248E-004
   6.011579E-004
   5.917909E-004
   3.352244E-004
   6.244675E-005
   1.945246E-005
   2.461735E-004
   5.401529E-004
   6.380099E-004
   4.520266E-004
   1.490211E-004
   7.474726E-008
   1.362134E-004
   4.305484E-004
   6.137001E-004
   5.183991E-004
   2.316038E-004
   1.559208E-005
   6.908404E-005
   3.455224E-004
   5.945451E-004
   5.897421E-004
   3.353476E-004
   6.271814E-005
   1.900893E-005
   2.410354E-004
   5.218146E-004
   6.011256E-004
   4.053953E-004
   1.159021E-004
   1.656112E-006
   1.704896E-004
   4.684141E-004
   6.211606E-004
   4.877439E-004
   1.912353E-004
   4.836883E-006
   9.837675E-005
   3.808012E-004
   5.857197E-004
   5.204399E-004
   2.463027E-004
   2.136746E-005
   5.822817E-005
   3.237804E-004
   5.695200E-004
   5.648208E-004
   3.140727E-004
   5.266525E-005
   2.485339E-005
   2.530330E-004
   5.170760E-004
   5.639032E-004
   3.486096E-004
   7.748670E-005
   1.118519E-005
   2.151938E-004
   4.962259E-004
   5.863352E-004
   3.993415E-004
   1.137553E-004
   1.816266E-006
   1.681193E-004
   4.492154E-004
   5.715543E-004
   4.160810E-004
   1.338614E-004
   8.720033E-008
   1.469645E-004
   4.343827E-004
   5.848115E-004
   4.524910E-004
   1.654365E-004
   1.308284E-006
   1.171739E-004
   3.965225E-004
   5.634988E-004
   4.533772E-004
   1.745669E-004
   2.608558E-006
   1.092422E-004
   3.924965E-004
   5.757133E-004
   4.792153E-004
   1.974659E-004
   6.479226E-006
   9.191195E-005
   3.660174E-004
   5.548524E-004
   4.700827E-004
   1.961421E-004
   6.565496E-006
   9.227768E-005
   3.709754E-004
   5.676408E-004
   4.873260E-004
   2.093953E-004
   9.213588E-006
   8.418102E-005
   3.568484E-004
   5.522895E-004
   4.734652E-004
   1.994269E-004
   6.926953E-006
   9.262053E-005
   3.741652E-004
   5.711198E-004
   4.860635E-004
   2.038146E-004
   7.167556E-006
   9.246202E-005
   3.712983E-004
   5.595702E-004
   4.652435E-004
   1.839951E-004
   3.265965E-006
   1.103466E-004
   4.004364E-004
   5.811491E-004
   4.691439E-004
   1.775353E-004
   1.884240E-006
   1.193000E-004
   4.073632E-004
   5.690765E-004
   4.374465E-004
   1.478495E-004
   6.215067E-011
   1.496094E-004
   4.464902E-004
   5.872653E-004
   4.272498E-004
   1.303427E-004
   9.307904E-007
   1.699187E-004
   4.593474E-004
   5.668732E-004
   3.799951E-004
   9.376123E-005
   8.313255E-006
   2.157595E-004
   5.027124E-004
   5.713243E-004
   3.498926E-004
   6.861040E-005
   1.965542E-005
   2.514247E-004
   5.176786E-004
   5.364301E-004
   2.874554E-004
   3.462557E-005
   4.774376E-005
   3.163726E-004
   5.589136E-004
   5.194420E-004
   2.391937E-004
   1.405242E-005
   8.120675E-005
   3.669221E-004
   5.646678E-004
   4.621172E-004
   1.688825E-004
   4.846042E-007
   1.406352E-004
   4.427616E-004
   5.850672E-004
   4.150487E-004
   1.141935E-004
   4.298567E-006
   2.017811E-004
   4.918927E-004
   5.599546E-004
   3.316788E-004
   5.476253E-005
   3.165232E-005
   2.911486E-004
   5.551148E-004
   5.385336E-004
   2.588951E-004
   1.839106E-005
   7.639051E-005
   3.673519E-004
   5.720024E-004
   4.657448E-004
   1.647775E-004
   6.393687E-008
   1.552456E-004
   4.641645E-004
   5.909792E-004
   3.972656E-004
   9.409420E-005
   1.125659E-005
   2.360207E-004
   5.177970E-004
   5.441939E-004
   2.856822E-004
   2.897110E-005
   6.089370E-005
   3.505629E-004
   5.814418E-004
   4.997448E-004
   1.950720E-004
   2.113757E-006
   1.307867E-004
   4.340693E-004
   5.717914E-004
   3.895136E-004
   9.128646E-005
   1.275992E-005
   2.461007E-004
   5.351383E-004
   5.594719E-004
   2.918300E-004
   2.921030E-005
   6.158311E-005
   3.479852E-004
   5.631991E-004
   4.636048E-004
   1.617263E-004
   9.622989E-010
   1.645669E-004
   4.738565E-004
   5.815873E-004
   3.666960E-004
   7.028729E-005
   2.386163E-005
   2.751537E-004
   5.350562E-004
   5.063818E-004
   2.218559E-004
   7.020953E-006
   1.093449E-004
   4.152984E-004
   5.784234E-004
   4.135570E-004
   1.078849E-004
   7.358750E-006
   2.219310E-004
   5.010200E-004
   5.219463E-004
   2.606829E-004
   1.914462E-005
   7.728416E-005
   3.703763E-004
   5.628206E-004
   4.339412E-004
   1.317309E-004
   1.970571E-006
   1.896513E-004
   4.728076E-004
   5.207349E-004
   2.776633E-004
   2.721338E-005
   6.257788E-005
   3.451102E-004
   5.483256E-004
   4.368831E-004
   1.400116E-004
   8.378539E-007
   1.768582E-004
   4.574415E-004
   5.114375E-004
   2.753408E-004
   2.749716E-005
   6.106491E-005
   3.391092E-004
   5.370561E-004
   4.233481E-004
   1.311997E-004
   1.595327E-006
   1.821499E-004
   4.545133E-004
   4.938197E-004
   2.534432E-004
   1.978767E-005
   7.208602E-005
   3.504329E-004
   5.261812E-004
   3.915965E-004
   1.060470E-004
   6.009501E-006
   2.050559E-004
   4.602922E-004
   4.640823E-004
   2.121571E-004
   7.879757E-006
   9.782361E-005
   3.755864E-004
   5.091779E-004
   3.390841E-004
   6.890602E-005
   1.977879E-005
   2.446781E-004
   4.668758E-004
   4.156659E-004
   1.536745E-004
   7.840925E-008
   1.428631E-004
   4.102180E-004
   4.786869E-004
   2.655911E-004
   2.884165E-005
   5.272335E-005
   3.024181E-004
   4.684232E-004
   3.462129E-004
   8.655929E-005
   9.903189E-006
   2.123147E-004
   4.467984E-004
   4.262372E-004
   1.759704E-004
   2.206932E-006
   1.149791E-004
   3.702956E-004
   4.495358E-004
   2.542105E-004
   2.759682E-005
   5.248589E-005
   2.996825E-004
   4.636367E-004
   3.414431E-004
   8.452144E-005
   9.962893E-006
   2.062601E-004
   4.244681E-004
   3.902055E-004
   1.466931E-004
   8.796929E-008
   1.355860E-004
   3.849894E-004
   4.370467E-004
   2.270124E-004
   1.698364E-005
   6.660506E-005
   3.080860E-004
   4.336352E-004
   2.842349E-004
   4.954438E-005
   2.743511E-005
   2.473489E-004
   4.330915E-004
   3.514345E-004
   1.054388E-004
   2.792322E-006
   1.670385E-004
   3.837589E-004
   3.750139E-004
   1.524531E-004
   9.889359E-007
   1.151263E-004
   3.511923E-004
   4.102538E-004
   2.179791E-004
   1.770039E-005
   5.944025E-005
   2.826522E-004
   3.968412E-004
   2.548722E-004
   4.038245E-005
   3.041897E-005
   2.391614E-004
   3.999521E-004
   3.075839E-004
   8.052071E-005
   7.038237E-006
   1.748932E-004
   3.613503E-004
   3.231923E-004
   1.106796E-004
   4.823801E-007
   1.362749E-004
   3.429303E-004
   3.538566E-004
   1.555734E-004
   3.193868E-006
   8.873210E-005
   2.940244E-004
   3.478122E-004
   1.800087E-004
   1.122052E-005
   6.279403E-005
   2.675642E-004
   3.585447E-004
   2.177888E-004
   2.869764E-005
   3.433251E-005
   2.202927E-004
   3.371909E-004
   2.303208E-004
   4.182401E-005
   2.104104E-005
   1.952096E-004
   3.346786E-004
   2.563815E-004
   6.377930E-005
   8.054279E-006
   1.564912E-004
   3.067090E-004
   2.575428E-004
   7.536740E-005
   3.486752E-006
   1.374943E-004
   2.989276E-004
   2.736035E-004
   9.574133E-005
   2.216908E-007
   1.090266E-004
   2.710109E-004
   2.668677E-004
   1.027901E-004
   3.403578E-008
   9.669565E-005
   2.628555E-004
   2.759362E-004
   1.190225E-004
   1.562792E-006
   7.682979E-005
   2.376419E-004
   2.639048E-004
   1.204065E-004
   2.534207E-006
   7.024348E-005
   2.317037E-004
   2.686357E-004
   1.317163E-004
   5.524298E-006
   5.699186E-005
   2.104195E-004
   2.535164E-004
   1.275391E-004
   5.712341E-006
   5.497249E-005
   2.079461E-004
   2.559660E-004
   1.341279E-004
   8.224873E-006
   4.654443E-005
   1.908210E-004
   2.392955E-004
   1.251595E-004
   6.895589E-006
   4.812605E-005
   1.920464E-004
   2.406339E-004
   1.275257E-004
   8.047780E-006
   4.358778E-005
   1.796548E-004
   2.240324E-004
   1.147549E-004
   5.263434E-006
   4.943519E-005
   1.867218E-004
   2.266136E-004
   1.139929E-004
   5.036583E-006
   4.850868E-005
   1.788852E-004
   2.102983E-004
   9.837222E-005
   2.017982E-006
   5.885893E-005
   1.907282E-004
   2.132252E-004
   9.499198E-005
   1.327493E-006
   6.095982E-005
   1.854663E-004
   1.960987E-004
   7.776046E-005
   1.194725E-008
   7.550997E-005
   1.990990E-004
   1.964782E-004
   7.142993E-005
   1.462386E-007
   8.080367E-005
   1.949669E-004
   1.779209E-004
   5.432409E-005
   2.454412E-006
   9.839553E-005
   2.064429E-004
   1.728498E-004
   4.555104E-005
   5.160148E-006
   1.064340E-004
   2.010721E-004
   1.519809E-004
   3.038833E-005
   1.246944E-005
   1.250009E-004
   2.066869E-004
   1.404505E-004
   2.144169E-005
   1.916301E-005
   1.334771E-004
   1.965570E-004
   1.166373E-004
   1.027509E-005
   3.240722E-005
   1.514362E-004
   1.953120E-004
   1.008866E-004
   4.492003E-006
   4.331799E-005
   1.571521E-004
   1.780194E-004
   7.555249E-005
   2.404709E-007
   6.274994E-005
   1.723088E-004
   1.695755E-004
   5.885697E-005
   5.244532E-007
   7.623709E-005
   1.712077E-004
   1.445076E-004
   3.596633E-005
   6.267639E-006
   9.983356E-005
   1.796703E-004
   1.290274E-004
   2.226686E-005
   1.421092E-005
   1.125531E-004
   1.687999E-004
   9.913884E-005
   7.711724E-006
   3.099884E-005
   1.351775E-004
   1.665511E-004
   7.912701E-005
   1.634346E-006
   4.589193E-005
   1.421314E-004
   1.449619E-004
   5.042260E-005
   6.732042E-007
   7.080767E-005
   1.567339E-004
   1.307967E-004
   3.179541E-005
   5.930630E-006
   8.842135E-005
   1.526053E-004
   1.012389E-004
   1.227740E-005
   2.075651E-005
   1.150511E-004
   1.541012E-004
   7.948344E-005
   2.938336E-006
   3.775864E-005
   1.285830E-004
   1.362933E-004
   4.915938E-005
   4.497717E-007
   6.578823E-005
   1.476105E-004
   1.225247E-004
   2.839110E-005
   6.914656E-006
   8.861613E-005
   1.471087E-004
   9.240935E-005
   8.625756E-006
   2.547754E-005
   1.193298E-004
   1.481583E-004
   6.808835E-005
   7.028251E-007
   4.745418E-005
   1.347779E-004
   1.274579E-004
   3.673466E-005
   3.352928E-006
   8.078116E-005
   1.518103E-004
   1.078961E-004
   1.612318E-005
   1.636472E-005
   1.062907E-004
   1.455487E-004
   7.302000E-005
   1.622283E-006
   4.353495E-005
   1.357933E-004
   1.367387E-004
   4.488852E-005
   1.338639E-006
   7.152874E-005
   1.445224E-004
   1.060429E-004
   1.631423E-005
   1.618008E-005
   1.074444E-004
   1.492501E-004
   7.683277E-005
   2.316435E-006
   4.018666E-005
   1.292679E-004
   1.290344E-004
   3.983561E-005
   2.417492E-006
   7.703951E-005
   1.481674E-004
   1.048763E-004
   1.468725E-005
   1.784723E-005
   1.075118E-004
   1.411434E-004
   6.540480E-005
   4.458033E-007
   5.026077E-005
   1.378437E-004
   1.258334E-004
   3.305697E-005
   4.987306E-006
   8.422182E-005
   1.436925E-004
   8.849933E-005
   6.689463E-006
   2.949939E-005
   1.223789E-004
   1.389382E-004
   5.298905E-005
   1.962279E-007
   6.269680E-005
   1.390454E-004
   1.065738E-004
   1.740467E-005
   1.519107E-005
   1.051481E-004
   1.448633E-004
   7.124832E-005
   1.191985E-006
   4.480052E-005
   1.299137E-004
   1.187416E-004
   2.936398E-005
   6.524866E-006
   8.856148E-005
   1.450676E-004
   8.585110E-005
   5.475305E-006
   3.117882E-005
   1.188748E-004
   1.254291E-004
   4.021968E-005
   2.110533E-006
   7.443762E-005
   1.418196E-004
   9.604483E-005
   1.069407E-005
   2.199821E-005
   1.088843E-004
   1.284274E-004
   4.866109E-005
   3.989971E-007
   6.387758E-005
   1.374144E-004
   1.021803E-004
   1.519327E-005
   1.635235E-005
   1.010608E-004
   1.290070E-004
   5.418726E-005
   7.251349E-009
   5.674240E-005
   1.330206E-004
   1.047909E-004
   1.805119E-005
   1.330846E-005
   9.575317E-005
   1.280022E-004
   5.667615E-005
   3.888973E-008
   5.272062E-005
   1.292675E-004
   1.043751E-004
   1.888697E-005
   1.221043E-005
   9.288671E-005
   1.257524E-004
   5.613451E-005
   5.034902E-008
   5.151547E-005
   1.263609E-004
   1.012965E-004
   1.772139E-005
   1.269948E-005
   9.208126E-005
   1.221370E-004
   5.262947E-005
   1.877161E-011
   5.294147E-005
   1.243640E-004
   9.598093E-005
   1.487699E-005
   1.485630E-005
   9.380404E-005
   1.182255E-004
   4.699862E-005
   2.121769E-007
   5.777016E-005
   1.247790E-004
   8.969059E-005
   1.094280E-005
   1.921015E-005
   9.871079E-005
   1.144321E-004
   3.969563E-005
   1.342772E-006
   6.586566E-005
   1.263397E-004
   8.156357E-005
   6.464118E-006
   2.619413E-005
   1.055507E-004
   1.090985E-004
   3.073384E-005
   4.315729E-006
   7.660669E-005
   1.268948E-004
   7.054658E-005
   2.352383E-006
   3.624280E-005
   1.126502E-004
   1.004852E-004
   2.056155E-005
   1.023760E-005
   8.895807E-005
   1.241072E-004
   5.619773E-005
   7.295250E-008
   4.938133E-005
   1.176769E-004
   8.716012E-005
   1.044827E-005
   2.010712E-005
   1.009874E-004
   1.155873E-004
   3.913176E-005
   1.515132E-006
   6.467703E-005
   1.176816E-004
   6.862413E-005
   2.620777E-006
   3.443238E-005
   1.102179E-004
   1.000850E-004
   2.154153E-005
   8.629046E-006
   8.085296E-005
   1.110869E-004
   4.664496E-005
   8.439628E-008
   5.314443E-005
   1.145898E-004
   7.838077E-005
   7.125689E-006
   2.270839E-005
   9.515202E-005
   9.654723E-005
   2.459200E-005
   5.793585E-006
   7.384865E-005
   1.106484E-004
   5.236240E-005
   1.619137E-007
   4.295484E-005
   1.030631E-004
   7.398684E-005
   7.277420E-006
   2.100717E-005
   9.181839E-005
   9.596745E-005
   2.637558E-005
   4.148651E-006
   6.562612E-005
   1.001212E-004
   4.634788E-005
   1.975998E-008
   4.376649E-005
   1.009356E-004
   7.109461E-005
   6.809629E-006
   1.983669E-005
   8.416447E-005
   8.406594E-005
   1.991259E-005
   6.418165E-006
   6.811789E-005
   9.595821E-005
   4.092249E-005
   3.561855E-008
   4.345262E-005
   9.118053E-005
   5.725869E-005
   2.826174E-006
   2.582890E-005
   8.572635E-005
   7.606416E-005
   1.418218E-005
   9.284677E-006
   6.744080E-005
   8.249629E-005
   2.734048E-005
   1.814003E-006
   5.251007E-005
   8.895098E-005
   4.609356E-005
   4.939144E-007
   3.214661E-005
   8.158026E-005
   5.860978E-005
   5.157826E-006
   1.862628E-005
   7.540885E-005
   7.350611E-005
   1.647167E-005
   6.240885E-006
   5.895310E-005
   7.725249E-005
   2.774691E-005
   1.070249E-006
   4.649500E-005
   8.220656E-005
   4.378116E-005
   5.874770E-007
   2.927628E-005
   7.533275E-005
   5.384004E-005
   4.433531E-006
   1.812333E-005
   7.066089E-005
   6.674472E-005
   1.361134E-005
   7.085566E-006
   5.675294E-005
   6.997998E-005
   2.242684E-005
   2.024630E-006
   4.691827E-005
   7.538182E-005
   3.561867E-005
   2.593053E-008
   3.196420E-005
   7.049630E-005
   4.388384E-005
   1.678703E-006
   2.253652E-005
   6.872189E-005
   5.560261E-005
   7.327594E-006
   1.166040E-005
   5.835100E-005
   5.954916E-005
   1.310899E-005
   5.985218E-006
   5.230334E-005
   6.687563E-005
   2.293024E-005
   1.219920E-006
   4.007755E-005
   6.535794E-005
   2.951513E-005
   3.436024E-008
   3.291469E-005
   6.776069E-005
   4.010202E-005
   1.159463E-006
   2.198261E-005
   6.156799E-005
   4.483974E-005
   3.502114E-006
   1.604737E-005
   6.003864E-005
   5.377067E-005
   8.975649E-006
   8.391328E-006
   5.096977E-005
   5.519642E-005
   1.310472E-005
   4.856809E-006
   4.711768E-005
   6.122235E-005
   2.090121E-005
   1.223195E-006
   3.722015E-005
   5.906881E-005
   2.504822E-005
   2.124508E-007
   3.260631E-005
   6.191437E-005
   3.322756E-005
   3.207596E-007
   2.365240E-005
   5.689840E-005
   3.611015E-005
   1.249931E-006
   1.961401E-005
   5.737247E-005
   4.345325E-005
   4.137292E-006
   1.277471E-005
   5.087050E-005
   4.460567E-005
   6.120532E-006
   9.893977E-006
   4.988802E-005
   5.056234E-005
   1.069218E-005
   5.378517E-006
   4.287733E-005
   4.996853E-005
   1.295535E-005
   3.689579E-006
   4.111630E-005
   5.435536E-005
   1.825550E-005
   1.322237E-006
   3.436173E-005
   5.228891E-005
   2.023424E-005
   6.383654E-007
   3.235828E-005
   5.520836E-005
   2.553628E-005
   1.008822E-008
   2.633315E-005
   5.203288E-005
   2.684957E-005
   3.559845E-008
   2.447825E-005
   5.376790E-005
   3.167607E-005
   6.482891E-007
   1.941455E-005
   4.986297E-005
   3.210888E-005
   1.043842E-006
   1.793337E-005
   5.075080E-005
   3.618607E-005
   2.403497E-006
   1.389578E-005
   4.650693E-005
   3.569454E-005
   2.835447E-006
   1.296100E-005
   4.710837E-005
   3.905650E-005
   4.483512E-006
   1.000926E-005
   4.317783E-005
   3.791535E-005
   4.698637E-006
   9.636190E-006
   4.395779E-005
   4.079968E-005
   6.358997E-006
   7.495018E-006
   4.045461E-005
   3.919872E-005
   6.256124E-006
   7.531381E-006
   4.152904E-005
   4.175269E-005
   7.784298E-006
   5.960910E-006
   3.845117E-005
   3.981716E-005
   7.337446E-006
   6.297264E-006
   3.984170E-005
   4.211755E-005
   8.657287E-006
   5.118949E-006
   3.711007E-005
   3.987757E-005
   7.865679E-006
   5.700074E-006
   3.879088E-005
   4.192625E-005
   8.924153E-006
   4.799150E-006
   3.631633E-005
   3.937151E-005
   7.810499E-006
   5.608303E-006
   3.822777E-005
   4.111811E-005
   8.572870E-006
   4.910727E-006
   3.590200E-005
   3.820746E-005
   7.182960E-006
   5.968987E-006
   3.803037E-005
   3.966244E-005
   7.643970E-006
   5.474942E-006
   3.596167E-005
   3.654422E-005
   6.056680E-006
   6.908982E-006
   3.850725E-005
   3.782668E-005
   6.250592E-006
   6.623206E-006
   3.665146E-005
   3.449339E-005
   4.587286E-006
   8.497097E-006
   3.947850E-005
   3.547760E-005
   4.548280E-006
   8.421653E-006
   3.768885E-005
   3.186851E-005
   2.954456E-006
   1.080541E-005
   4.062686E-005
   3.241364E-005
   2.744137E-006
   1.096708E-005
   3.879051E-005
   2.855292E-005
   1.424262E-006
   1.385661E-005
   4.153686E-005
   2.848487E-005
   1.147056E-006
   1.427221E-005
   3.949143E-005
   2.439464E-005
   3.146856E-007
   1.763599E-005
   4.177302E-005
   2.366523E-005
   1.430740E-007
   1.826639E-005
   3.935213E-005
   1.948268E-005
   2.752883E-008
   2.189225E-005
   4.075919E-005
   1.807471E-005
   1.724977E-007
   2.276061E-005
   3.797009E-005
   1.402791E-005
   9.959529E-007
   2.669214E-005
   3.857491E-005
   1.221061E-005
   1.733266E-006
   2.778908E-005
   3.534377E-005
   8.559939E-006
   3.720443E-006
   3.171630E-005
   3.484763E-005
   6.633357E-006
   5.293506E-006
   3.270011E-005
   3.100109E-005
   3.769843E-006
   8.523894E-006
   3.610739E-005
   2.930469E-005
   2.249742E-006
   1.094219E-005
   3.635296E-005
   2.475172E-005
   6.372655E-007
   1.526891E-005
   3.865691E-005
   2.203322E-005
   8.054535E-008
   1.821541E-005
   3.752616E-005
   1.707003E-005
   2.222956E-007
   2.315118E-005
   3.819226E-005
   1.386489E-005
   1.041754E-006
   2.585846E-005
   3.514019E-005
   9.146075E-006
   3.256669E-006
   3.061093E-005
   3.395034E-005
   6.296040E-006
   5.434980E-006
   3.196786E-005
   2.890893E-005
   2.825722E-006
   9.634837E-006
   3.562086E-005
   2.616966E-005
   1.193787E-006
   1.266152E-005
   3.485596E-005
   1.998706E-005
   2.989283E-008
   1.821831E-005
   3.656391E-005
   1.637059E-005
   2.090668E-007
   2.120668E-005
   3.330685E-005
   1.040401E-005
   1.977388E-006
   2.681424E-005
   3.246792E-005
   6.999591E-006
   4.107822E-006
   2.853232E-005
   2.696887E-005
   2.848884E-006
   8.575946E-006
   3.257701E-005
   2.383615E-005
   9.839684E-007
   1.201665E-005
   3.181547E-005
   1.720344E-005
   1.802774E-009
   1.793876E-005
   3.298508E-005
   1.302482E-005
   6.140181E-007
   2.120403E-005
   2.917582E-005
   7.148746E-006
   3.271746E-006
   2.655015E-005
   2.712659E-005
   3.816670E-006
   6.239202E-006
   2.774870E-005
   2.092486E-005
   7.765334E-007
   1.162857E-005
   3.047022E-005
   1.675021E-005
   4.653247E-009
   1.546985E-005
   2.824343E-005
   1.016232E-005
   1.107266E-006
   2.153704E-005
   2.750195E-005
   6.148968E-006
   3.380820E-006
   2.388336E-005
   2.187210E-005
   1.830052E-006
   8.431517E-006
   2.814451E-005
   1.834922E-005
   2.675317E-007
   1.236563E-005
   2.671006E-005
   1.126762E-005
   5.202230E-007
   1.918267E-005
   2.716519E-005
   7.155984E-006
   2.412032E-006
   2.191197E-005
   2.158874E-005
   2.181641E-006
   7.441983E-006
   2.690629E-005
   1.828725E-005
   3.644241E-007
   1.152371E-005
   2.569889E-005
   1.098948E-005
   4.869185E-007
   1.849730E-005
   2.602624E-005
   6.620080E-006
   2.553447E-006
   2.147803E-005
   2.042867E-005
   1.794353E-006
   7.720526E-006
   2.586921E-005
   1.639243E-005
   1.352018E-007
   1.219793E-005
   2.455124E-005
   9.319142E-006
   8.612657E-007
   1.863363E-005
   2.349165E-005
   4.715776E-006
   3.638405E-006
   2.163542E-005
   1.783339E-005
   8.452624E-007
   9.178771E-006
   2.463685E-005
   1.283379E-005
   3.160831E-008
   1.426864E-005
   2.291801E-005
   6.398813E-006
   2.143765E-006
   2.014903E-005
   2.021656E-005
   2.200910E-006
   6.274246E-006
   2.268096E-005
   1.412151E-005
   3.087785E-008
   1.258158E-005
   2.379024E-005
   8.472036E-006
   1.025955E-006
   1.779693E-005
   2.043706E-005
   2.937693E-006
   5.218861E-006
   2.249579E-005
   1.585589E-005
   2.739524E-007
   1.065843E-005
   2.293230E-005
   9.036651E-006
   7.385855E-007
   1.727141E-005
   2.137038E-005
   3.775553E-006
   4.157716E-006
   2.102902E-005
   1.559123E-005
   3.260885E-007
   1.035557E-005
   2.313450E-005
   9.695185E-006
   4.800939E-007
   1.583815E-005
   2.008365E-005
   3.462958E-006
   4.251334E-006
   2.089705E-005
   1.550464E-005
   3.749498E-007
   9.546370E-006
   2.116975E-005
   8.317102E-006
   7.290254E-007
   1.604641E-005
   1.922286E-005
   3.033511E-006
   4.266303E-006
   1.916933E-005
   1.291137E-005
   7.664843E-008
   1.049660E-005
   2.023647E-005
   6.934698E-006
   1.061528E-006
   1.532936E-005
   1.603743E-005
   1.572206E-006
   5.702702E-006
   1.898711E-005
   1.076611E-005
   4.049762E-009
   1.094147E-005
   1.736083E-005
   4.202438E-006
   2.341529E-006
   1.630429E-005
   1.375623E-005
   6.304090E-007
   6.911997E-006
   1.709092E-005
   7.110888E-006
   5.128342E-007
   1.299536E-005
   1.563068E-005
   2.338743E-006
   3.725442E-006
   1.568339E-005
   9.765822E-006
   1.121239E-009
   9.628001E-006
   1.641004E-005
   4.607603E-006
   1.533963E-006
   1.356750E-005
   1.189482E-005
   5.097512E-007
   6.555207E-006
   1.627515E-005
   7.076266E-006
   3.279152E-007
   1.120785E-005
   1.353795E-005
   1.774487E-006
   4.041607E-006
   1.561330E-005
   9.601294E-006
   3.963398E-009
   8.864586E-006
   1.472940E-005
   3.599605E-006
   2.112228E-006
   1.448640E-005
   1.201244E-005
   4.517043E-007
   6.595638E-006
   1.537240E-005
   5.788129E-006
   7.941564E-007
   1.293081E-005
   1.409560E-005
   1.550676E-006
   4.519238E-006
   1.540320E-005
   8.102760E-006
   1.129427E-007
   1.105623E-005
   1.564882E-005
   3.118251E-006
   2.770126E-006
   1.482883E-005
   1.027497E-005
   3.674481E-008
   9.037683E-006
   1.653121E-005
   4.903351E-006
   1.452742E-006
   1.374290E-005
   1.204198E-005
   4.438425E-007
   7.086087E-006
   1.671397E-005
   6.622118E-006
   6.007626E-007
   1.232256E-005
   1.321457E-005
   1.129415E-006
   5.386503E-006
   1.629609E-005
   8.010839E-006
   1.668352E-007
   1.087608E-005
   1.380403E-005
   1.846511E-006
   4.125131E-006
   1.563635E-005
   8.972975E-006
   1.731230E-008
   9.686254E-006
   1.401150E-005
   2.441801E-006
   3.270478E-006
   1.496864E-005
   9.568530E-006
   4.019394E-009
   8.791973E-006
   1.399335E-005
   2.860150E-006
   2.728327E-006
   1.440041E-005
   9.875685E-006
   3.509718E-008
   8.179276E-006
   1.385736E-005
   3.096989E-006
   2.417057E-006
   1.397008E-005
   9.962841E-006
   6.336348E-008
   7.807041E-006
   1.365889E-005
   3.169883E-006
   2.275477E-006
   1.366975E-005
   9.876744E-006
   7.139183E-008
   7.624481E-006
   1.341467E-005
   3.105754E-006
   2.257134E-006
   1.345659E-005
   9.642127E-006
   5.954453E-008
   7.568668E-006
   1.310188E-005
   2.929468E-006
   2.325599E-006
   1.326740E-005
   9.263374E-006
   3.512924E-008
   7.619329E-006
   1.273109E-005
   2.651283E-006
   2.508249E-006
   1.317722E-005
   8.762462E-006
   7.610971E-009
   7.856342E-006
   1.234770E-005
   2.276171E-006
   2.832177E-006
   1.317348E-005
   8.124801E-006
   3.224961E-009
   8.251351E-006
   1.189683E-005
   1.822883E-006
   3.303661E-006
   1.319221E-005
   7.334848E-006
   5.917130E-008
   8.767741E-006
   1.132298E-005
   1.321666E-006
   3.930695E-006
   1.316455E-005
   6.387561E-006
   2.213615E-007
   9.362863E-006
   1.057791E-005
   8.188387E-007
   4.717004E-006
   1.302353E-005
   5.304050E-006
   5.386536E-007
   9.975013E-006
   9.628050E-006
   3.804718E-007
   5.641509E-006
   1.268719E-005
   4.127969E-006
   1.051279E-006
   1.050994E-005
   8.450712E-006
   8.332034E-008
   6.648473E-006
   1.206583E-005
   2.929215E-006
   1.775668E-006
   1.085720E-005
   7.069750E-006
   5.257945E-009
   7.682394E-006
   1.117594E-005
   1.823286E-006
   2.718152E-006
   1.101187E-005
   5.591995E-006
   2.120330E-007
   8.702714E-006
   1.001777E-005
   8.951866E-007
   3.868662E-006
   1.087452E-005
   4.050831E-006
   7.639245E-007
   9.603627E-006
   8.547169E-006
   2.440659E-007
   5.187951E-006
   1.035146E-005
   2.542725E-006
   1.708830E-006
   1.026468E-005
   6.801853E-006
   7.313678E-012
   6.586591E-006
   9.389580E-006
   1.234370E-006
   3.043595E-006
   1.053901E-005
   4.898747E-006
   2.809030E-007
   7.893540E-006
   7.976329E-006
   3.251992E-007
   4.666223E-006
   1.025739E-005
   3.018719E-006
   1.133317E-006
   8.854534E-006
   6.164937E-006
   1.480624E-010
   6.344670E-006
   9.273104E-006
   1.398506E-006
   2.479939E-006
   9.168397E-006
   4.108116E-006
   3.817442E-007
   7.766269E-006
   7.556798E-006
   2.975226E-007
   4.194185E-006
   8.697599E-006
   2.078888E-006
   1.567127E-006
   8.753254E-006
   5.319233E-006
   2.910896E-008
   6.079814E-006
   7.416669E-006
   5.470928E-007
   3.509888E-006
   8.972976E-006
   2.949672E-006
   8.461739E-007
   7.678455E-006
   5.427442E-006
   1.994393E-009
   5.845081E-006
   8.147414E-006
   9.943597E-007
   2.688888E-006
   8.430277E-006
   3.096315E-006
   7.392156E-007
   7.920813E-006
   6.269926E-006
   3.217202E-008
   5.102443E-006
   7.916373E-006
   1.056142E-006
   2.683425E-006
   8.994671E-006
   3.754233E-006
   4.595881E-007
   7.302082E-006
   6.116432E-006
   3.154775E-008
   5.287699E-006
   8.543831E-006
   1.393579E-006
   2.234980E-006
   8.428281E-006
   3.559932E-006
   5.123025E-007
   7.624930E-006
   6.593402E-006
   8.714730E-008
   4.772641E-006
   7.995333E-006
   1.213464E-006
   2.471127E-006
   8.922051E-006
   3.888955E-006
   4.095529E-007
   7.264192E-006
   6.225268E-006
   4.007832E-008
   5.281897E-006
   8.631549E-006
   1.413089E-006
   2.274180E-006
   8.577996E-006
   3.625644E-006
   5.137081E-007
   7.671705E-006
   6.584548E-006
   8.086034E-008
   4.768978E-006
   7.867776E-006
   1.175247E-006
   2.362615E-006
   8.336502E-006
   3.490505E-006
   4.182361E-007
   6.541344E-006
   5.259368E-006
   1.204885E-008
   4.608567E-006
   6.751196E-006
   8.135366E-007
   2.206849E-006
   6.518515E-006
   2.045391E-006
   8.059687E-007
   5.975682E-006
   3.662272E-006
   4.512932E-008
   4.418521E-006
   4.600545E-006
   1.044648E-007
   3.183694E-006
   5.580180E-006
   8.397304E-007
   1.700075E-006
   5.662429E-006
   1.887738E-006
   7.338059E-007
   5.716288E-006
   3.574755E-006
   5.724387E-008
   4.757208E-006
   5.075894E-006
   1.292608E-007
   3.622850E-006
   6.737132E-006
   1.195592E-006
   1.837547E-006
   7.144661E-006
   2.940421E-006
   5.453246E-007
   6.873608E-006
   5.421462E-006
   6.681366E-009
   4.998929E-006
   7.103204E-006
   6.899982E-007
   2.998697E-006
   8.205206E-006
   2.596765E-006
   9.440203E-007
   7.330649E-006
   4.570528E-006
   6.064983E-008
   5.884291E-006
   6.587769E-006
   3.246044E-007
   3.450431E-006
   7.077890E-006
   1.393954E-006
   1.687073E-006
   7.091474E-006
   3.135342E-006
   3.422936E-007
   5.643327E-006
   4.334160E-006
   1.853328E-010
   4.369036E-006
   5.604849E-006
   4.000954E-007
   2.541432E-006
   5.695045E-006
   1.158840E-006
   1.393564E-006
   5.861558E-006
   2.492790E-006
   3.584509E-007
   4.890555E-006
   3.460817E-006
   2.016678E-008
   4.192973E-006
   4.821220E-006
   2.093155E-007
   2.726046E-006
   5.240358E-006
   8.027191E-007
   1.734599E-006
   5.848709E-006
   2.077900E-006
   5.889311E-007
   5.205325E-006
   3.146222E-006
   1.023269E-007
   4.726510E-006
   4.689081E-006
   8.696333E-008
   3.262434E-006
   5.283244E-006
   5.564325E-007
   2.239042E-006
   6.070780E-006
   1.703051E-006
   9.359093E-007
   5.567768E-006
   2.711227E-006
   3.001578E-007
   5.265498E-006
   4.222356E-006
   1.368391E-009
   3.927462E-006
   4.928220E-006
   2.161128E-007
   3.010663E-006
   5.929693E-006
   1.026712E-006
   1.625470E-006
   5.779130E-006
   1.880674E-006
   8.293234E-007
   5.854654E-006
   3.294230E-006
   1.367985E-007
   4.827824E-006
   4.177248E-006
   1.954126E-009
   4.105033E-006
   5.416234E-006
   3.500595E-007
   2.682379E-006
   5.658766E-006
   9.477222E-007
   1.756546E-006
   6.101311E-006
   2.082364E-006
   6.999928E-007
   5.449495E-006
   2.947776E-006
   2.103221E-007
   5.040961E-006
   4.197610E-006
   2.759748E-009
   3.808744E-006
   4.713503E-006
   1.746891E-007
   2.985645E-006
   5.482985E-006
   7.762043E-007
   1.773721E-006
   5.317297E-006
   1.376953E-006
   1.071039E-006
   5.409261E-006
   2.379523E-006
   3.557388E-007
   4.641962E-006
   2.991617E-006
   7.982676E-008
   4.221463E-006
   3.945227E-006
   2.259809E-008
   3.172241E-006
   4.236932E-006
   1.935397E-007
   2.547690E-006
   4.843243E-006
   6.944187E-007
   1.571336E-006
   4.666840E-006
   1.143921E-006
   1.032485E-006
   4.816109E-006
   1.957037E-006
   4.038897E-007
   4.201645E-006
   2.432626E-006
   1.422655E-007
   3.950432E-006
   3.261848E-006
   8.483495E-011
   3.080426E-006
   3.524338E-006
   6.479045E-008
   2.630445E-006
   4.142716E-006
   3.777036E-007
   1.773686E-006
   4.075213E-006
   6.749551E-007
   1.333487E-006
   4.384843E-006
   1.293580E-006
   6.891446E-007
   3.986722E-006
   1.667643E-006
   3.992814E-007
   3.996943E-006
   2.409469E-006
   8.588890E-008
   3.355831E-006
   2.704914E-006
   8.646405E-009
   3.146003E-006
   3.402331E-006
   5.872553E-008
   2.398394E-006
   3.500006E-006
   1.827616E-007
   2.081586E-006
   4.027520E-006
   5.528621E-007
   1.377587E-006
   3.864214E-006
   8.080733E-007
   1.069771E-006
   4.152970E-006
   1.395004E-006
   5.431619E-007
   3.731784E-006
   1.673669E-006
   3.366132E-007
   3.778421E-006
   2.338950E-006
   7.435791E-008
   3.169041E-006
   2.526869E-006
   1.340882E-008
   3.030182E-006
   3.133217E-006
   3.343231E-008
   2.350523E-006
   3.149359E-006
   1.035029E-007
   2.130820E-006
   3.611724E-006
   3.510511E-007
   1.515825E-006
   3.450189E-006
   4.939121E-007
   1.301946E-006
   3.752894E-006
   8.835683E-007
   8.199263E-007
   3.449103E-006
   1.041701E-006
   6.538683E-007
   3.608800E-006
   1.496948E-006
   3.311670E-007
   3.211163E-006
   1.628485E-006
   2.288203E-007
   3.257186E-006
   2.090773E-006
   6.426829E-008
   2.811923E-006
   2.169455E-006
   2.570218E-008
   2.775529E-006
   2.597412E-006
   2.751204E-009
   2.321029E-006
   2.608142E-006
   1.921082E-008
   2.231494E-006
   2.973742E-006
   1.132083E-007
   1.798740E-006
   2.909477E-006
   1.702906E-007
   1.683084E-006
   3.196936E-006
   3.522572E-007
   1.295702E-006
   3.057344E-006
   4.317380E-007
   1.176466E-006
   3.260659E-006
   6.711188E-007
   8.509676E-007
   3.051861E-006
   7.528990E-007
   7.481291E-007
   3.184512E-006
   1.021353E-006
   5.005703E-007
   2.941753E-006
   1.093034E-006
   4.247636E-007
   3.024177E-006
   1.369443E-006
   2.523313E-007
   2.766261E-006
   1.425212E-006
   2.013840E-007
   2.806897E-006
   1.693914E-006
   9.515225E-008
   2.545383E-006
   1.729683E-006
   6.645255E-008
   2.552527E-006
   1.978764E-006
   1.625613E-008
   2.296074E-006
   1.991547E-006
   6.495287E-009
   2.277422E-006
   2.211123E-006
   1.469920E-009
   2.034355E-006
   2.199973E-006
   6.468021E-009
   1.998403E-006
   2.384899E-006
   3.516787E-008
   1.772553E-006
   2.347054E-006
   4.959682E-008
   1.729308E-006
   2.496784E-006
   1.010393E-007
   1.523400E-006
   2.431779E-006
   1.188539E-007
   1.478839E-006
   2.544535E-006
   1.820700E-007
   1.296897E-006
   2.455086E-006
   1.970858E-007
   1.259138E-006
   2.538515E-006
   2.619513E-007
   1.108512E-006
   2.432438E-006
   2.637436E-007
   1.100288E-006
   2.512890E-006
   3.243392E-007
   9.793957E-007
   2.399127E-006
   3.109149E-007
   9.972538E-007
   2.484385E-006
   3.656117E-007
   8.991895E-007
   2.367774E-006
   3.378830E-007
   9.405430E-007
   2.465926E-006
   3.890283E-007
   8.551158E-007
   2.341419E-006
   3.468629E-007
   9.192053E-007
   2.455987E-006
   3.955440E-007
   8.414251E-007
   2.324423E-006
   3.424749E-007
   9.226558E-007
   2.448470E-006
   3.871965E-007
   8.502902E-007
   2.309325E-006
   3.257966E-007
   9.460414E-007
   2.439286E-006
   3.668521E-007
   8.741512E-007
   2.286698E-006
   2.985591E-007
   9.819003E-007
   2.415464E-006
   3.344260E-007
   9.088500E-007
   2.248156E-006
   2.624657E-007
   1.023464E-006
   2.365186E-006
   2.911747E-007
   9.494992E-007
   2.185540E-006
   2.183426E-007
   1.073040E-006
   2.293203E-006
   2.383805E-007
   1.006222E-006
   2.111881E-006
   1.686185E-007
   1.138772E-006
   2.205921E-006
   1.796573E-007
   1.080118E-006
   2.023836E-006
   1.165623E-007
   1.220672E-006
   2.101535E-006
   1.203078E-007
   1.168561E-006
   1.917280E-006
   6.749882E-008
   1.314895E-006
   1.974577E-006
   6.593816E-008
   1.269064E-006
   1.788718E-006
   2.748326E-008
   1.417939E-006
   1.823144E-006
   2.390810E-008
   1.374973E-006
   1.633222E-006
   3.489733E-009
   1.525101E-006
   1.645786E-006
   1.682897E-009
   1.479818E-006
   1.450852E-006
   3.457839E-009
   1.626505E-006
   1.440824E-006
   6.929014E-009
   1.574803E-006
   1.242812E-006
   3.483235E-008
   1.712438E-006
   1.211971E-006
   4.667023E-008
   1.647983E-006
   1.013757E-006
   1.041680E-007
   1.774412E-006
   9.670346E-007
   1.282368E-007
   1.702334E-006
   7.757648E-007
   2.219507E-007
   1.823111E-006
   7.193899E-007
   2.617662E-007
   1.737003E-006
   5.409579E-007
   3.956389E-007
   1.842366E-006
   4.806219E-007
   4.508096E-007
   1.732307E-006
   3.247243E-007
   6.238334E-007
   1.810524E-006
   2.678137E-007
   6.902828E-007
   1.669292E-006
   1.471619E-007
   8.954972E-007
   1.710424E-006
   1.035880E-007
   9.632696E-007
   1.533221E-006
   3.179171E-008
   1.187448E-006
   1.531030E-006
   1.177691E-008
   1.242538E-006
   1.321256E-006
   1.756787E-009
   1.464828E-006
   1.275107E-006
   1.371666E-008
   1.489480E-006
   1.044033E-006
   7.305766E-008
   1.684441E-006
   9.622572E-007
   1.200454E-007
   1.658370E-006
   7.285496E-007
   2.472881E-007
   1.800472E-006
   6.281545E-007
   3.239238E-007
   1.710764E-006
   4.187158E-007
   5.094326E-007
   1.789057E-006
   3.217297E-007
   6.104272E-007
   1.643870E-006
   1.660476E-007
   8.365767E-007
   1.647616E-006
   9.593191E-008
   9.470041E-007
   1.450949E-006
   1.982839E-008
   1.180971E-006
   1.377468E-006
   8.186103E-010
   1.276701E-006
   1.144841E-006
   2.038564E-008
   1.476920E-006
   1.009542E-006
   6.940317E-008
   1.528736E-006
   7.693816E-007
   1.839706E-007
   1.653284E-006
   6.059408E-007
   3.022476E-007
   1.634409E-006
   3.965821E-007
   4.897417E-007
   1.653582E-006
   2.519601E-007
   6.568309E-007
   1.549388E-006
   1.140704E-007
   8.739247E-007
   1.456966E-006
   3.573296E-008
   1.047822E-006
   1.274634E-006
   3.126526E-010
   1.237178E-006
   1.095070E-006
   1.964008E-008
   1.363028E-006
   8.679212E-007
   9.471457E-008
   1.469011E-006
   6.551032E-007
   2.117755E-007
   1.499149E-006
   4.379589E-007
   3.772300E-007
   1.495385E-006
   2.605061E-007
   5.573015E-007
   1.406662E-006
   1.132198E-007
   7.683302E-007
   1.295070E-006
   2.879923E-008
   9.453059E-007
   1.098459E-006
   3.915307E-010
   1.138295E-006
   9.150288E-007
   3.426766E-008
   1.235010E-006
   6.643817E-007
   1.411363E-007
   1.347182E-006
   4.725337E-007
   2.719664E-007
   1.307924E-006
   2.525921E-007
   4.850388E-007
   1.304339E-006
   1.236921E-007
   6.470360E-007
   1.123227E-006
   1.929175E-008
   8.944488E-007
   1.013468E-006
   2.966401E-010
   9.973122E-007
   7.430189E-007
   5.651829E-008
   1.188639E-006
   5.812997E-007
   1.436304E-007
   1.158136E-006
   3.201257E-007
   3.419978E-007
   1.227450E-006
   1.872180E-007
   4.769377E-007
   1.046939E-006
   4.152752E-008
   7.379685E-007
   9.870586E-007
   3.122838E-009
   8.360027E-007
   7.140687E-007
   3.385622E-008
   1.063702E-006
   5.759118E-007
   1.084026E-007
   1.049688E-006
   3.083889E-007
   3.092776E-007
   1.152160E-006
   1.768065E-007
   4.571131E-007
   9.890475E-007
   3.189321E-008
   7.444242E-007
   9.347528E-007
   2.145175E-010
   8.692510E-007
   6.642215E-007
   5.699841E-008
   1.107446E-006
   5.091301E-007
   1.622683E-007
   1.100470E-006
   2.491513E-007
   4.029292E-007
   1.173059E-006
   1.155802E-007
   5.860304E-007
   9.886590E-007
   7.507970E-009
   8.874694E-007
   8.774635E-007
   1.002339E-008
   1.014043E-006
   5.850429E-007
   1.272665E-007
   1.208024E-006
   3.931351E-007
   2.817897E-007
   1.153107E-006
   1.531786E-007
   5.614724E-007
   1.135334E-006
   4.093837E-008
   7.536138E-007
   8.870134E-007
   3.783519E-009
   1.020427E-006
   7.004218E-007
   6.710158E-008
   1.081305E-006
   3.938524E-007
   2.572249E-007
   1.169219E-006
   2.030867E-007
   4.433255E-007
   1.009774E-006
   3.574489E-008
   7.253452E-007
   8.825588E-007
   3.068718E-010
   8.615954E-007
   5.811307E-007
   8.014676E-008
   1.032121E-006
   3.700298E-007
   2.181748E-007
   9.678836E-007
   1.299952E-007
   4.675818E-007
   9.182591E-007
   2.505943E-008
   6.325347E-007
   6.651700E-007
   1.237188E-008
   8.453932E-007
   4.745346E-007
   9.420583E-008
   8.531832E-007
   2.125889E-007
   2.929733E-007
   8.687806E-007
   7.325093E-008
   4.563229E-007
   6.730514E-007
   3.745346E-011
   6.801598E-007
   5.177887E-007
   3.672583E-008
   7.319377E-007
   2.627394E-007
   1.879401E-007
   7.922637E-007
   1.136995E-007
   3.363042E-007
   6.450440E-007
   6.760405E-009
   5.547850E-007
   5.258308E-007
   1.248851E-008
   6.316516E-007
   2.880931E-007
   1.285866E-007
   7.278988E-007
   1.424304E-007
   2.636135E-007
   6.176814E-007
   1.597997E-008
   4.871249E-007
   5.343830E-007
   3.991033E-009
   5.782511E-007
   3.031798E-007
   1.034005E-007
   7.085851E-007
   1.645503E-007
   2.288872E-007
   6.095793E-007
   2.215437E-008
   4.649299E-007
   5.534714E-007
   1.204395E-009
   5.566422E-007
   3.134381E-007
   9.479044E-008
   7.148061E-007
   1.811131E-007
   2.132249E-007
   6.084638E-007
   2.450232E-008
   4.641688E-007
   5.698012E-007
   4.690753E-010
   5.475523E-007
   3.129966E-007
   9.555233E-008
   7.220061E-007
   1.850692E-007
   2.091103E-007
   5.972484E-007
   2.168011E-008
   4.700015E-007
   5.622385E-007
   7.715229E-010
   5.378294E-007
   2.912657E-007
   1.045526E-007
   7.075543E-007
   1.660539E-007
   2.161113E-007
   5.612117E-007
   1.280674E-008
   4.777066E-007
   5.125834E-007
   4.244877E-009
   5.300816E-007
   2.411681E-007
   1.313160E-007
   6.744958E-007
   1.184763E-007
   2.511789E-007
   5.081761E-007
   1.813791E-009
   5.064445E-007
   4.283979E-007
   2.068509E-008
   5.376043E-007
   1.717052E-007
   1.851778E-007
   6.303534E-007
   5.987474E-008
   3.148641E-007
   4.397551E-007
   3.338651E-009
   5.462393E-007
   3.220161E-007
   6.271565E-008
   5.426937E-007
   9.718990E-008
   2.637516E-007
   5.638879E-007
   1.378787E-008
   3.933816E-007
   3.503984E-007
   3.181204E-008
   5.754905E-007
   2.058364E-007
   1.361345E-007
   5.216450E-007
   3.407176E-008
   3.550654E-007
   4.647108E-007
   7.862563E-010
   4.612656E-007
   2.410235E-007
   9.408238E-008
   5.671966E-007
   9.835336E-008
   2.305257E-007
   4.535098E-007
   1.370671E-009
   4.356297E-007
   3.346927E-007
   3.267833E-008
   4.918434E-007
   1.274973E-007
   1.881753E-007
   5.121835E-007
   2.238342E-008
   3.352133E-007
   3.480939E-007
   1.631714E-008
   4.963810E-007
   1.961527E-007
   1.149897E-007
   4.818534E-007
   3.745641E-008
   3.073979E-007
   4.130720E-007
   1.206900E-009
   4.294072E-007
   2.176866E-007
   9.042357E-008
   5.096655E-007
   7.385669E-008
   2.374649E-007
   4.104261E-007
   1.102642E-011
   4.199106E-007
   2.714857E-007
   5.207049E-008
   4.715902E-007
   8.840832E-008
   2.148398E-007
   4.462756E-007
   4.704299E-009
   3.624506E-007
   2.770137E-007
   4.028722E-008
   4.759923E-007
   1.192732E-007
   1.674242E-007
   4.238211E-007
   7.627201E-009
   3.475131E-007
   3.047898E-007
   2.250537E-008
   4.288424E-007
   1.200165E-007
   1.546222E-007
   4.305832E-007
   1.511046E-008
   3.006087E-007
   2.839523E-007
   2.152930E-008
   4.248800E-007
   1.309937E-007
   1.311921E-007
   3.921896E-007
   1.134047E-008
   3.052866E-007
   2.878721E-007
   1.743021E-008
   3.892478E-007
   1.094334E-007
   1.459263E-007
   3.971874E-007
   1.156435E-008
   2.867434E-007
   2.501871E-007
   2.832228E-008
   4.072472E-007
   1.061081E-007
   1.435392E-007
   3.576099E-007
   3.517246E-009
   3.197351E-007
   2.478195E-007
   3.133312E-008
   3.803376E-007
   7.440925E-008
   1.807328E-007
   3.668974E-007
   1.944850E-009
   3.107921E-007
   2.000579E-007
   5.594802E-008
   4.081691E-007
   6.617375E-008
   1.850189E-007
   3.171394E-007
   5.678165E-010
   3.545616E-007
   1.907615E-007
   6.350559E-008
   3.692551E-007
   3.460768E-008
   2.332399E-007
   3.150983E-007
   2.187586E-009
   3.336847E-007
   1.344158E-007
   1.020084E-007
   3.829243E-007
   2.477908E-008
   2.335616E-007
   2.483486E-007
   1.667320E-008
   3.704099E-007
   1.141049E-007
   1.158749E-007
   3.264890E-007
   4.322976E-009
   2.889738E-007
   2.286380E-007
   2.794946E-008
   3.400151E-007
   6.034779E-008
   1.740592E-007
   3.223830E-007
   3.008362E-010
   2.882108E-007
   1.556338E-007
   6.886792E-008
   3.620583E-007
   3.804638E-008
   1.943160E-007
   2.503683E-007
   8.101732E-009
   3.369865E-007
   1.224607E-007
   9.436511E-008
   3.096500E-007
   6.920912E-009
   2.598517E-007
   2.205300E-007
   2.261085E-008
   3.146753E-007
   5.841759E-008
   1.590955E-007
   2.976368E-007
   2.006797E-010
   2.670916E-007
   1.386935E-007
   6.773575E-008
   3.294195E-007
   2.936101E-008
   1.859210E-007
   2.168953E-007
   1.168624E-008
   3.089465E-007
   9.465230E-008
   9.992683E-008
   2.679307E-007
   1.760718E-009
   2.495068E-007
   1.714415E-007
   3.464250E-008
   2.814176E-007
   3.212669E-008
   1.716220E-007
   2.378592E-007
   2.632183E-009
   2.586757E-007
   8.835406E-008
   9.519435E-008
   2.789293E-007
   6.398396E-009
   2.090532E-007
   1.533754E-007
   3.619274E-008
   2.879331E-007
   4.042764E-008
   1.459080E-007
   2.112856E-007
   4.460629E-009
   2.657819E-007
   9.397961E-008
   8.339286E-008
   2.500207E-007
   3.040688E-009
   2.192809E-007
   1.538053E-007
   3.376234E-008
   2.627817E-007
   2.868392E-008
   1.592303E-007
   2.068772E-007
   5.338372E-009
   2.485049E-007
   7.304079E-008
   9.792203E-008
   2.426800E-007
   1.364768E-009
   2.116995E-007
   1.247368E-007
   4.652551E-008
   2.550013E-007
   1.963810E-008
   1.609458E-007
   1.719087E-007
   1.300854E-008
   2.439241E-007
   5.343927E-008
   1.079484E-007
   2.064547E-007
   2.401467E-010
   2.162632E-007
   9.457705E-008
   6.171395E-008
   2.251201E-007
   5.852779E-009
   1.782805E-007
   1.359315E-007
   2.709628E-008
   2.275060E-007
   2.553021E-008
   1.359783E-007
   1.719590E-007
   6.437489E-009
   2.152767E-007
   5.415597E-008
   9.466207E-008
   1.989016E-007
   4.338492E-012
   1.915623E-007
   8.661404E-008
   5.837846E-008
   2.145086E-007
   6.387929E-009
   1.603381E-007
   1.182921E-007
   2.997713E-008
   2.182792E-007
   2.294659E-008
   1.255525E-007
   1.452645E-007
   1.096957E-008
   2.109927E-007
   4.621350E-008
   9.122519E-008
   1.650389E-007
   1.472080E-009
   1.943343E-007
   7.235350E-008
   6.050003E-008
   1.760721E-007
   5.619729E-010
   1.711632E-007
   9.788953E-008
   3.552846E-008
   1.783073E-007
   6.311877E-009
   1.452472E-007
   1.199067E-007
   1.814529E-008
   1.750261E-007
   1.613971E-008
   1.211521E-007
   1.381254E-007
   7.393559E-009
   1.686219E-007
   2.811187E-008
   9.990366E-008
   1.532464E-007
   1.747812E-009
   1.608162E-007
   4.137502E-008
   8.123968E-008
   1.657577E-007
   1.772147E-012
   1.523115E-007
   5.546446E-008
   6.493535E-008
   1.762924E-007
   1.343390E-009
   1.431165E-007
   7.010282E-008
   5.054881E-008
   1.846860E-007
   5.263194E-009
   1.332752E-007
   8.506585E-008
   3.781405E-008
   1.905974E-007
   1.138157E-008
   1.224848E-007
   9.973761E-008
   2.676114E-008
   1.935299E-007
   1.927745E-008
   1.107318E-007
   1.134256E-007
   1.747454E-008
   1.928178E-007
   2.833560E-008
   9.819216E-008
   1.251987E-007
   1.015139E-008
   1.881179E-007
   3.777155E-008
   8.526635E-008
   1.341456E-007
   5.020697E-009
   1.806942E-007
   4.657701E-008
   7.382825E-008
   1.405743E-007
   2.048427E-009
   1.731454E-007
   5.430184E-008
   6.441273E-008
   1.451728E-007
   5.630243E-010
   1.660270E-007
   6.087037E-008
   5.683072E-008
   1.484804E-007
   3.338071E-011
   1.596216E-007
   6.633579E-008
   5.080340E-008
   1.508711E-007
   8.279540E-011
   1.539433E-007
   7.073597E-008
   4.606749E-008
   1.525647E-007
   4.552950E-010
   1.488976E-007
   7.411919E-008
   4.234928E-008
   1.535651E-007
   9.744990E-010
   1.443137E-007
   7.646880E-008
   3.943751E-008
   1.537788E-007
   1.515533E-009
   1.399577E-007
   7.769629E-008
   3.717774E-008
   1.530298E-007
   1.983433E-009
   1.356213E-007
   7.771572E-008
   3.541590E-008
   1.510220E-007
   2.301720E-009
   1.310726E-007
   7.636932E-008
   3.410260E-008
   1.476760E-007
   2.404574E-009
   1.265264E-007
   7.329349E-008
   3.410731E-008
   1.444995E-007
   2.235635E-009
   1.228315E-007
   6.855922E-008
   3.569949E-008
   1.417927E-007
   1.836546E-009
   1.200412E-007
   6.264733E-008
   3.869948E-008
   1.393209E-007
   1.290734E-009
   1.180698E-007
   5.595972E-008
   4.296352E-008
   1.367805E-007
   7.092458E-010
   1.167494E-007
   4.880735E-008
   4.833585E-008
   1.338110E-007
   2.278635E-010
   1.158943E-007
   4.146878E-008
   5.461668E-008
   1.299901E-007
   1.983169E-012
   1.152252E-007
   3.416783E-008
   6.153162E-008
   1.249255E-007
   2.050442E-010
   1.144274E-007
   2.709058E-008
   6.873068E-008
   1.182793E-007
   1.017405E-009
   1.131647E-007
   2.043624E-008
   7.576695E-008
   1.097576E-007
   2.617286E-009
   1.110862E-007
   1.441180E-008
   8.209279E-008
   9.925148E-008
   5.220445E-009
   1.084464E-007
   9.198345E-009
   8.815427E-008
   8.718570E-008
   9.430509E-009
   1.064073E-007
   4.939065E-009
   9.433986E-008
   7.410796E-008
   1.563899E-008
   1.042753E-007
   1.844990E-009
   1.003009E-007
   6.048461E-008
   2.402433E-008
   1.013397E-007
   1.942600E-010
   1.054964E-007
   4.676348E-008
   3.460132E-008
   9.709700E-008
   2.704234E-010
   1.091993E-007
   3.348028E-008
   4.713247E-008
   9.106466E-008
   2.304495E-009
   1.109000E-007
   2.146834E-008
   6.084812E-008
   8.268331E-008
   6.515067E-009
   1.102350E-007
   1.154363E-008
   7.467163E-008
   7.191832E-008
   1.295183E-008
   1.064990E-007
   4.331916E-009
   8.758703E-008
   5.933125E-008
   2.131707E-008
   9.920000E-008
   4.948594E-010
   9.812751E-008
   4.548759E-008
   3.119341E-008
   8.865149E-008
   4.711966E-010
   1.045518E-007
   3.121242E-008
   4.224970E-008
   7.549089E-008
   4.403827E-009
   1.067937E-007
   1.794521E-008
   5.404451E-008
   6.021006E-008
   1.246689E-008
   1.045545E-007
   7.454481E-009
   6.530436E-008
   4.389642E-008
   2.424549E-008
   9.718652E-008
   1.204668E-009
   7.469999E-008
   2.811095E-008
   3.861345E-008
   8.480861E-008
   3.713729E-010
   8.061360E-008
   1.444531E-008
   5.400090E-008
   6.851882E-008
   5.390107E-009
   8.165093E-008
   4.638725E-009
   6.832145E-008
   4.995764E-008
   1.575724E-008
   7.711940E-008
   1.703950E-010
   7.929461E-008
   3.141974E-008
   2.993996E-008
   6.705809E-008
   1.859332E-009
   8.499777E-008
   1.550568E-008
   4.548502E-008
   5.263072E-008
   9.577466E-009
   8.402167E-008
   4.514806E-009
   5.947666E-008
   3.603438E-008
   2.199452E-008
   7.606944E-008
   6.057797E-011
   6.915820E-008
   2.005557E-008
   3.706247E-008
   6.257291E-008
   2.685084E-009
   7.308748E-008
   7.423632E-009
   5.265247E-008
   4.569219E-008
   1.189533E-008
   7.006711E-008
   6.442139E-010
   6.585564E-008
   2.799304E-008
   2.595539E-008
   6.027561E-008
   1.413332E-009
   7.354279E-008
   1.250791E-008
   4.211393E-008
   4.539584E-008
   9.860376E-009
   7.362410E-008
   2.492509E-009
   5.662641E-008
   2.815809E-008
   2.449923E-008
   6.579384E-008
   2.185495E-010
   6.568908E-008
   1.243661E-008
   4.218917E-008
   5.132465E-008
   6.155635E-009
   6.671538E-008
   2.249425E-009
   5.851265E-008
   3.320425E-008
   1.880103E-008
   5.918314E-008
   4.036891E-010
   6.891814E-008
   1.583625E-008
   3.467821E-008
   4.470397E-008
   7.426068E-009
   7.017124E-008
   3.739721E-009
   4.899121E-008
   2.693563E-008
   2.137670E-008
   6.191897E-008
   4.910810E-011
   5.755108E-008
   1.087135E-008
   3.873713E-008
   4.637547E-008
   5.605105E-009
   5.793661E-008
   1.277933E-009
   5.443632E-008
   2.731573E-008
   1.883349E-008
   4.929868E-008
   1.360693E-009
   6.342450E-008
   1.033954E-008
   3.542614E-008
   3.381614E-008
   1.156544E-008
   6.203776E-008
   8.321333E-010
   4.955534E-008
   1.647309E-008
   2.878596E-008
   5.012807E-008
   2.195659E-009
   5.557582E-008
   3.505429E-009
   4.710970E-008
   3.155681E-008
   1.390008E-008
   5.058883E-008
   2.974352E-010
   5.939171E-008
   1.290071E-008
   3.125798E-008
   3.612060E-008
   8.688465E-009
   6.037516E-008
   1.443953E-009
   4.666803E-008
   1.777390E-008
   2.579117E-008
   4.931663E-008
   1.652266E-009
   5.291307E-008
   3.678284E-009
   4.428569E-008
   3.022558E-008
   1.287792E-008
   4.685904E-008
   3.798106E-010
   5.584961E-008
   1.138235E-008
   2.939360E-008
   3.118487E-008
   9.542718E-009
   5.524083E-008
   8.149623E-010
   4.282169E-008
   1.306356E-008
   2.704390E-008
   4.239124E-008
   2.624130E-009
   4.614637E-008
   1.356621E-009
   4.442255E-008
   2.302120E-008
   1.491276E-008
   3.716451E-008
   2.153129E-009
   5.285652E-008
   6.218539E-009
   3.045308E-008
   2.049861E-008
   1.533196E-008
   4.761708E-008
   7.325759E-012
   3.974321E-008
   5.021904E-009
   3.426688E-008
   3.124949E-008
   6.634305E-009
   3.708851E-008
   1.773059E-010
   4.819535E-008
   1.214318E-008
   2.102808E-008
   2.339303E-008
   9.660356E-009
   4.933211E-008
   8.436289E-010
   3.319125E-008
   7.353007E-009
   2.864369E-008
   3.592004E-008
   3.052173E-009
   3.461846E-008
   1.075526E-013
