  2.530492916770608E+029  0.000000000000000E+000
  2.361430106969074E+029  1.375344038597031E-006
  2.203662422108835E+029 -5.501376154388124E-006
  2.056435232312458E+029  2.063016057895546E-005
  1.919044331845991E+029 -3.494570094639141E-005
  1.790832535003068E+029  3.500535231876108E-005
  1.671186610491241E+029 -2.092825698303937E-005
  1.559534251300716E+029  6.633949940589634E-006
  1.455341411732087E+029 -5.607703237083613E-006
  1.358109719575462E+029  1.579702346550926E-005
  1.267374103703470E+029 -1.550666495214667E-005
  1.182700550332985E+029  4.155910670270663E-006
  1.103684056404881E+029 -1.117138186700426E-006
  1.029946672485588E+029  3.128025342954864E-007
  9.611357000295293E+028 -1.340719504815200E-007
  8.969220043615215E+028  2.234852676305936E-007
  8.369984403692141E+028 -7.600295778053008E-007
  7.810783833753739E+028  2.816793501355056E-006
  7.288943581629250E+028 -1.050714442761492E-005
  6.801967595951431E+028  3.921178420910464E-005
  6.347526634407812E+028 -6.219270152095456E-005
  5.923446885885485E+028  4.126427964125099E-005
  5.527700046366181E+028 -1.871696569843584E-005
  5.158393143594298E+028  3.360358315249238E-005
  4.813759755221459E+028 -3.155007602368457E-005
  4.492151366383966E+028  8.449430054396813E-006
  4.192029707468639E+028 -2.247644193902681E-006
  3.911959245141238E+028  5.411467212139101E-007
  3.650600354377497E+028  8.289685128259472E-008
  3.406702910807025E+028 -8.725736685798427E-007
  3.179100311154180E+028  3.407397823036776E-006
  2.966703893174646E+028 -1.275701762356726E-005
  2.768497728397332E+028  4.762051221346783E-005
  2.583533782013194E+028 -9.357741942692609E-005
  2.410927263963238E+028  7.424681145739598E-005
  2.249852662737748E+028 -3.511492371143077E-005
  2.099539492413869E+028  6.621272293056266E-005
  1.959268808530249E+028 -6.144090486182836E-005
  1.828369611883076E+028  1.125599382552375E-005
  1.706215820464772E+028  1.641692955973337E-005
  1.592223151754309E+028 -7.692387252222168E-005
  1.485846337138522E+028  1.229838182956907E-004
  1.386576624608956E+028 -7.842159527808719E-005
  1.293939123587741E+028  2.240766012543096E-005
  1.207490755170628E+028 -1.120920568140108E-005
  1.126818021994576E+028  2.242932305793782E-005
  1.051535052549821E+028 -7.850808655035021E-005
  9.812817408680712E+027  1.233081204522359E-004
  9.157220972550694E+027 -7.813475048804203E-005
  8.545424947621017E+027  2.093613942060764E-005
  7.974503154867424E+027 -5.609807194388552E-006
  7.441724777501471E+027  1.503089356946561E-006
  6.944541445228128E+027 -4.027106911621397E-007
  6.480575044953904E+027  1.079138654664436E-007
  6.047606345864305E+027 -2.894477070363473E-008
  5.643564384462484E+027  7.785065534923287E-009
  5.266516558795881E+027 -2.115339622886402E-009
  4.914659384489846E+027  5.961411434503085E-010
  4.586309868372762E+027 -1.890731377428175E-010
  4.279897458431251E+027  7.999959434894771E-011
  3.993956531590700E+027 -5.077342648095926E-011
  3.727119383388904E+027  4.294229840287532E-011
  3.478109686011192E+027 -4.084395395852805E-011
  3.245736383395742E+027  4.028170425922286E-011
  3.028887994208294E+027 -4.013104990634939E-011
  2.826527295436415E+027  4.009068219416072E-011
  2.637686361174068E+027 -4.007986569827947E-011
  2.461461932866095E+027  4.007696742694315E-011
  2.297011098867740E+027 -4.007619083747914E-011
  2.143547262653772E+027  4.007598275095941E-011
  2.000336380392493E+027 -4.007592699434449E-011
  1.866693449888276E+027  4.007591205440455E-011
  1.741979234098657E+027 -4.007590805125971E-011
  1.625597203553997E+027  4.007590697862028E-011
  1.516990683054785E+027 -4.007590669120741E-011
  1.415640188998752E+027  4.007590661419536E-011
  1.321060944601760E+027 -4.007590659356005E-011
  1.232800561127354E+027  4.007590658803083E-011
  1.150436874033899E+027 -4.007590658654929E-011
  1.073575923689220E+027  4.007590658615231E-011
  1.001850070994162E+027 -4.007590658604593E-011
  9.349162389017583E+026  4.007590658601744E-011
  8.724542714209209E+026 -4.007590658600980E-011
  8.141654022554582E+026  4.007590658600775E-011
  7.597708257536731E+026 -4.007590658600720E-011
  7.090103633331445E+026  4.007590658600706E-011
  6.616412190019752E+026 -4.007590658600702E-011
  6.174368180239476E+026  4.007590658600701E-011
  5.761857231727263E+026 -4.007590658600701E-011
  5.376906233913660E+026  4.007590658600701E-011
  5.017673900197058E+026 -4.007590658600701E-011
  4.682441960754312E+026  4.007590658600701E-011
  4.369606943761655E+026 -4.007590658600701E-011
  4.077672505714141E+026  4.007590658600701E-011
  3.805242274158195E+026 -4.007590658600701E-011
  3.551013168602834E+026  4.007590658600701E-011
  3.313769167662338E+026 -4.007590658600701E-011
  3.092375492617536E+026  4.007590658600701E-011
  2.885773179574697E+026 -4.007590658600701E-011
  2.692974014259731E+026  4.007590658600701E-011
  2.513055805219929E+026 -4.007590658600701E-011
  2.345157972824197E+026  4.007590658600701E-011
  2.188477432963167E+026 -4.007590658600701E-011
  2.042264755760269E+026  4.007590658600701E-011
  1.905820580920171E+026 -4.007590658600701E-011
  1.778492272568631E+026  4.007590658600701E-011
  1.659670797583238E+026 -4.007590658600701E-011
  1.548787812483616E+026  4.007590658600701E-011
  1.445312944947131E+026 -4.007590658600701E-011
  1.348751256947178E+026  4.007590658600701E-011
  1.258640877379768E+026 -4.007590658600701E-011
  1.174550792854872E+026  4.007590658600701E-011
  1.096078786085502E+026 -4.007590658600701E-011
  1.022849512013493E+026  4.007590658600701E-011
  9.545127024697560E+025 -4.007590658600701E-011
  8.907414907815858E+025  4.007590658600701E-011
  8.312308483133485E+025 -4.007590658600701E-011
  7.756961254622323E+025  4.007590658600701E-011
  7.238716901304118E+025 -4.007590658600701E-011
  6.755096571611934E+025  4.007590658600701E-011
  6.303787026618271E+025 -4.007590658600701E-011
  5.882629575416775E+025  4.007590658600701E-011
  5.489609749733649E+025 -4.007590658600701E-011
  5.122847668380626E+025  4.007590658600701E-011
  4.780589045461040E+025 -4.007590658600701E-011
  4.461196799319714E+025  4.007590658600701E-011
  4.163143222100800E+025 -4.007590658600701E-011
  3.885002672459270E+025  4.007590658600701E-011
  3.625444756474011E+025 -4.007590658600701E-011
  3.383227964145681E+025  4.007590658600701E-011
  3.157193731041582E+025 -4.007590658600701E-011
  2.946260896683419E+025  4.007590658600701E-011
  2.749420533171411E+025 -4.007590658600701E-011
  2.565731119309231E+025  4.007590658600701E-011
  2.394314037146745E+025 -4.007590658600701E-011
  2.234349369399769E+025  4.007590658600701E-011
  2.085071977645166E+025 -4.007590658600701E-011
  1.945767842532628E+025  4.007590658600701E-011
  1.815770648507739E+025 -4.007590658600701E-011
  1.694458596710479E+025  4.007590658600701E-011
  1.581251430804704E+025 -4.007590658600701E-011
  1.475607661512631E+025  4.007590658600701E-011
  1.377021976578816E+025 -4.007590658600701E-011
  1.285022823775029E+025  4.007590658600701E-011
  1.199170155385125E+025 -4.007590658600701E-011
  1.119053323381390E+025  4.007590658600701E-011
  1.044289115224646E+025 -4.007590658600701E-011
  9.745199208929940E+024  4.007590658600701E-011
  9.094120223717848E+024 -4.007590658600701E-011
  8.486539974231587E+024  4.007590658600701E-011
  7.919552300001043E+024 -4.007590658600701E-011
  7.390445201800952E+024  4.007590658600701E-011
  6.896687869693781E+024 -4.007590658600701E-011
  6.435918577732042E+024  4.007590658600701E-011
  6.005933387418264E+024 -4.007590658600701E-011
  5.604675605889439E+024  4.007590658600701E-011
  5.230225948402535E+024 -4.007590658600701E-011
  4.880793358066624E+024  4.007590658600701E-011
  4.554706438910781E+024 -4.007590658600701E-011
  4.250405461310691E+024  4.007590658600701E-011
  3.966434901534524E+024 -4.007590658600701E-011
  3.701436479723454E+024  4.007590658600701E-011
  3.454142663006291E+024 -4.007590658600701E-011
  3.223370602672507E+024  4.007590658600701E-011
  3.008016476404118E+024 -4.007590658600701E-011
  2.807050208504347E+024  4.007590658600701E-011
  2.619510542869019E+024 -4.007590658600701E-011
  2.444500445133849E+024  4.007590658600701E-011
  2.281182812005340E+024 -4.007590658600701E-011
  2.128776467252252E+024  4.007590658600701E-011
  1.986552425205792E+024 -4.007590658600701E-011
  1.853830403896222E+024  4.007590658600701E-011
  1.729975571147595E+024 -4.007590658600701E-011
  1.614395508066651E+024  4.007590658600701E-011
  1.506537375401715E+024 -4.007590658600701E-011
  1.405885269217799E+024  4.007590658600701E-011
  1.311957753239656E+024 -4.007590658600701E-011
  1.224305556059564E+024  4.007590658600701E-011
  1.142509422195173E+024 -4.007590658600701E-011
  1.066178106718682E+024  4.007590658600701E-011
  9.949465038652837E+023 -4.007590658600701E-011
  9.284739006697195E+023  4.007590658600701E-011
  8.664423472777670E+023 -4.007590658600701E-011
  8.085551361375922E+023  4.007590658600701E-011
  7.545353827966758E+023 -4.007590658600701E-011
  7.041247015160190E+023  4.007590658600701E-011
  6.570819693668675E+023 -4.007590658600701E-011
  6.131821728984157E+023  4.007590658600701E-011
  5.722153318599056E+023 -4.007590658600701E-011
  5.339854948290980E+023  4.007590658600701E-011
  4.983098019430334E+023 -4.007590658600701E-011
  4.650176102479669E+023  4.007590658600701E-011
  4.339496774848722E+023 -4.007590658600701E-011
  4.049574004064247E+023  4.007590658600701E-011
  3.779021039821976E+023 -4.007590658600701E-011
  3.526543780922249E+023  4.007590658600701E-011
  3.290934585362154E+023 -4.007590658600701E-011
  3.071066493976854E+023  4.007590658600701E-011
  2.865887840000743E+023 -4.007590658600701E-011
  2.674417218765053E+023  4.007590658600701E-011
  2.495738793471120E+023 -4.007590658600701E-011
  2.328997914585993E+023  4.007590658600701E-011
  2.173397031907246E+023 -4.007590658600701E-011
  2.028191879743659E+023  4.007590658600701E-011
  1.892687916964851E+023 -4.007590658600701E-011
  1.766237004892016E+023  4.007590658600701E-011
  1.648234307139529E+023 -4.007590658600701E-011
  1.538115396578850E+023  4.007590658600701E-011
  1.435353555586827E+023 -4.007590658600701E-011
  1.339457256665027E+023  4.007590658600701E-011
  1.249967811379465E+023 -4.007590658600701E-011
  1.166457176375208E+023  4.007590658600701E-011
  1.088525905971643E+023 -4.007590658600701E-011
  1.015801241545321E+023  4.007590658600701E-011
  9.479353285615749E+022 -4.007590658600701E-011
  8.846035527266578E+022  4.007590658600701E-011
  8.255029873019390E+022 -4.007590658600701E-011
  7.703509441533913E+022  4.007590658600701E-011
  7.188836216057965E+022 -4.007590658600701E-011
  6.708548426341157E+022  4.007590658600701E-011
  6.260348773565871E+022 -4.007590658600701E-011
  5.842093441973262E+022  4.007590658600701E-011
  5.451781844625033E+022 -4.007590658600701E-011
  5.087547054253219E+022  4.007590658600701E-011
  4.747646873427088E+022 -4.007590658600701E-011
  4.430455501324222E+022  4.007590658600701E-011
  4.134455757246517E+022 -4.007590658600701E-011
  3.858231823684885E+022  4.007590658600701E-011
  3.600462474221418E+022 -4.007590658600701E-011
  3.359914753877003E+022  4.007590658600701E-011
  3.135438081676315E+022 -4.007590658600701E-011
  2.925958747221815E+022  4.007590658600701E-011
  2.730474774952890E+022 -4.007590658600701E-011
  2.548051131525005E+022  4.007590658600701E-011
  2.377815253384965E+022 -4.007590658600701E-011
  2.218952873149876E+022  4.007590658600701E-011
  2.070704124826699E+022 -4.007590658600701E-011
  1.932359909242964E+022  4.007590658600701E-011
  1.803258502303886E+022 -4.007590658600701E-011
  1.682782389852614E+022  4.007590658600701E-011
  1.570355313994170E+022 -4.007590658600701E-011
  1.465439516755172E+022  4.007590658600701E-011
  1.367533167895278E+022 -4.007590658600701E-011
  1.276167964567136E+022  4.007590658600701E-011
  1.190906891343597E+022 -4.007590658600701E-011
  1.111342129898027E+022  4.007590658600701E-011
  1.037093108339349E+022 -4.007590658600701E-011
  9.678046808714634E+021  4.007590658600701E-011
  9.031454290700326E+021 -4.007590658600701E-011
  8.428060766513537E+021  4.007590658600701E-011
  7.864980101508843E+021 -4.007590658600701E-011
  7.339518984355765E+021  4.007590658600701E-011
  6.849164044469015E+021 -4.007590658600701E-011
  6.391569830126248E+021  4.007590658600701E-011
  5.964547589770453E+021 -4.007590658600701E-011
  5.566054802836098E+021  4.007590658600701E-011
  5.194185410023210E+021 -4.007590658600701E-011
  4.847160696289041E+021  4.007590658600701E-011
  4.523320782949153E+021 -4.007590658600701E-011
  4.221116688193181E+021  4.007590658600701E-011
  3.939102918039333E+021 -4.007590658600701E-011
  3.675930552288931E+021  4.007590658600701E-011
  3.430340792409904E+021 -4.007590658600701E-011
  3.201158940487647E+021  4.007590658600701E-011
  2.987288780443564E+021 -4.007590658600701E-011
  2.787707334645678E+021  4.007590658600701E-011
  2.601459970831274E+021 -4.007590658600701E-011
  2.427655835937177E+021  4.007590658600701E-011
  2.265463594996857E+021 -4.007590658600701E-011
  2.114107454722794E+021  4.007590658600701E-011
  1.972863452754221E+021 -4.007590658600701E-011
  1.841055994821067E+021  4.007590658600701E-011
  1.718054623260767E+021 -4.007590658600701E-011
  1.603271001431205E+021  4.007590658600701E-011
  1.496156099595718E+021 -4.007590658600701E-011
  1.396197568819760E+021  4.007590658600701E-011
  1.302917290318140E+021 -4.007590658600701E-011
  1.215869088530916E+021  4.007590658600701E-011
  1.134636596989229E+021 -4.007590658600701E-011
  1.058831266763110E+021  4.007590658600701E-011
  9.880905079653583E+020 -4.007590658600701E-011
  9.220759554219602E+020  4.007590658600701E-011
  8.604718502134717E+020 -4.007590658600701E-011
  8.029835293459834E+020  4.007590658600701E-011
  7.493360163275181E+020 -4.007590658600701E-011
  6.992727059083399E+020  4.007590658600701E-011
  6.525541366940622E+020 -4.007590658600701E-011
  6.089568457607585E+020  4.007590658600701E-011
  5.682722997934929E+020 -4.007590658600701E-011
  5.303058976357361E+020  4.007590658600701E-011
  4.948760394786779E+020 -4.007590658600701E-011
  4.618132582382177E+020  4.007590658600701E-011
  4.309594089648542E+020 -4.007590658600701E-011
  4.021669124092861E+020  4.007590658600701E-011
  3.752980491255699E+020 -4.007590658600701E-011
  3.502243007354039E+020  4.007590658600701E-011
  3.268257352026981E+020 -4.007590658600701E-011
  3.049904331780889E+020  4.007590658600701E-011
  2.846139526695092E+020 -4.007590658600701E-011
  2.655988294782397E+020  4.007590658600701E-011
  2.478541110109402E+020 -4.007590658600701E-011
  2.312949212378080E+020  4.007590658600701E-011
  2.158420547159797E+020 -4.007590658600701E-011
  2.014215977363215E+020  4.007590658600701E-011
  1.879645747814914E+020 -4.007590658600701E-011
  1.754066186042166E+020  4.007590658600701E-011
  1.636876623477177E+020 -4.007590658600701E-011
  1.527516522356378E+020  4.007590658600701E-011
  1.425462794572224E+020 -4.007590658600701E-011
  1.330227299653122E+020  4.007590658600701E-011
  1.241354509903894E+020 -4.007590658600701E-011
  1.158419331538728E+020  4.007590658600701E-011
  1.081025071384746E+020 -4.007590658600701E-011
  1.008801539430565E+020  4.007590658600701E-011
  9.414032781440246E+019 -4.007590658600701E-011
  8.785079100895992E+019  4.007590658600701E-011
  8.198145959418696E+019 -4.007590658600701E-011
  7.650425955194687E+019  4.007590658600701E-011
  7.139299249566741E+019 -4.007590658600701E-011
  6.662321035896779E+019  4.007590658600701E-011
  6.217209845636651E+019 -4.007590658600701E-011
  5.801836635673078E+019  4.007590658600701E-011
  5.414214604749490E+019 -4.007590658600701E-011
  5.052489690255121E+019  4.007590658600701E-011
  4.714931699925741E+019 -4.007590658600701E-011
  4.399926036037516E+019  4.007590658600701E-011
  4.105965972509364E+019 -4.007590658600701E-011
  3.831645447973846E+019  4.007590658600701E-011
  3.575652340344672E+019 -4.007590658600701E-011
  3.336762190711859E+019  4.007590658600701E-011
  3.113832346544897E+019 -4.007590658600701E-011
  2.905796496189854E+019  4.007590658600701E-011
  2.711659568517969E+019 -4.007590658600701E-011
  2.530492973329897E+019  4.007590658600701E-011
  2.361430159749623E+019 -4.007590658600701E-011
  2.203662471363104E+019  4.007590658600701E-011
  2.056435278276038E+019 -4.007590658600701E-011
  1.919044367589736E+019  4.007590658600701E-011
  1.790832575030137E+019 -4.007590658600701E-011
  1.671186641618437E+019  4.007590658600701E-011
  1.559534280348296E+019 -4.007590658600701E-011
  1.455341438838992E+019  4.007590658600701E-011
  1.358109744871349E+019 -4.007590658600701E-011
  1.267374122587997E+019  4.007590658600701E-011
  1.182700567955832E+019 -4.007590658600701E-011
  1.103684072850341E+019  4.007590658600701E-011
  1.029946687832324E+019 -4.007590658600701E-011
  9.611357143509453E+018  4.007590658600701E-011
  8.969220177261206E+018 -4.007590658600701E-011
  8.369984528409218E+018  4.007590658600701E-011
  7.810783950138435E+018 -4.007590658600701E-011
  7.288943690238257E+018  4.007590658600701E-011
  6.801967697304246E+018 -4.007590658600701E-011
  6.347526681696465E+018  4.007590658600701E-011
  5.923446974147890E+018 -4.007590658600701E-011
  5.527700128731757E+018  4.007590658600701E-011
  5.158393220457010E+018 -4.007590658600701E-011
  4.813759791083650E+018  4.007590658600701E-011
  4.492151399850195E+018 -4.007590658600701E-011
  4.192029738698982E+018  4.007590658600701E-011
  3.911959274285076E+018 -4.007590658600701E-011
  3.650600381574228E+018  4.007590658600701E-011
  3.406702936186737E+018 -4.007590658600701E-011
  3.179100334838266E+018  4.007590658600701E-011
  2.966703915276393E+018 -4.007590658600701E-011
  2.768497749022457E+018  4.007590658600701E-011
  2.583533782011523E+018 -4.007590658600701E-011
  2.410927299887295E+018  4.007590658600701E-011
  2.249852696261710E+018 -4.007590658600701E-011
  2.099539523698087E+018  4.007590658600701E-011
  1.959268808528980E+018 -4.007590658600701E-011
  1.828369611881893E+018  4.007590658600701E-011
  1.706215820463668E+018 -4.007590658600701E-011
  1.592223151753278E+018  4.007590658600701E-011
  1.485846359278397E+018 -4.007590658600701E-011
  1.386576624608059E+018  4.007590658600701E-011
  1.293939123586903E+018 -4.007590658600701E-011
  1.207490755169846E+018  4.007590658600701E-011
  1.126818021993847E+018 -4.007590658600701E-011
  1.051535052549141E+018  4.007590658600701E-011
  9.812817554896740E+017 -4.007590658600701E-011
  9.157220972544773E+017  4.007590658600701E-011
  8.545424947615489E+017 -4.007590658600701E-011
  7.974503154862267E+017  4.007590658600701E-011
  7.441724777496654E+017 -4.007590658600701E-011
  6.944541445223633E+017  4.007590658600701E-011
  6.480575044949711E+017 -4.007590658600701E-011
  6.047606345860390E+017  4.007590658600701E-011
  5.643564384458832E+017 -4.007590658600701E-011
  5.266516558792472E+017  4.007590658600701E-011
  4.914659384486665E+017 -4.007590658600701E-011
  4.586309868369795E+017  4.007590658600701E-011
  4.279897458428481E+017 -4.007590658600701E-011
  3.993956531588116E+017  4.007590658600701E-011
  3.727119383386492E+017 -4.007590658600701E-011
  3.478109686008941E+017  4.007590658600701E-011
  3.245736383393642E+017 -4.007590658600701E-011
  3.028887994206334E+017  4.007590658600701E-011
  2.826527295434586E+017 -4.007590658600701E-011
  2.637686361172361E+017  4.007590658600701E-011
  2.461461932864502E+017 -4.007590658600701E-011
  2.297011098866252E+017  4.007590658600701E-011
  2.143547262652384E+017 -4.007590658600701E-011
  2.000336380391198E+017  4.007590658600701E-011
  1.866693449887068E+017 -4.007590658600701E-011
  1.741979234097530E+017  4.007590658600701E-011
  1.625597203552944E+017 -4.007590658600701E-011
  1.516990683053803E+017  4.007590658600701E-011
  1.415640188997837E+017 -4.007590658600701E-011
  1.321060944600905E+017  4.007590658600701E-011
  1.232800561126556E+017 -4.007590658600701E-011
  1.150436874033154E+017  4.007590658600701E-011
  1.073575923688526E+017 -4.007590658600701E-011
  1.001850070993514E+017  4.007590658600701E-011
  9.349162389011534E+016 -4.007590658600701E-011
  8.724542714203568E+016  4.007590658600701E-011
  8.141654022549315E+016 -4.007590658600701E-011
  7.597708257531816E+016  4.007590658600701E-011
  7.090103633326858E+016 -4.007590658600701E-011
  6.616412190015472E+016  4.007590658600701E-011
  6.174368180235481E+016 -4.007590658600701E-011
  5.761857231723535E+016  4.007590658600701E-011
  5.376906233910180E+016 -4.007590658600701E-011
  5.017673900193813E+016  4.007590658600701E-011
  4.682441960751284E+016 -4.007590658600701E-011
  4.369606943758829E+016  4.007590658600701E-011
  4.077672505711504E+016 -4.007590658600701E-011
  3.805242274155734E+016  4.007590658600701E-011
  3.551013168600538E+016 -4.007590658600701E-011
  3.313769167660194E+016  4.007590658600701E-011
  3.092375492615534E+016 -4.007590658600700E-011
  2.885773179572829E+016  4.007590658600699E-011
  2.692974014257988E+016 -4.007590658600696E-011
  2.513055805218304E+016  4.007590658600682E-011
  2.345157972822680E+016 -4.007590658600631E-011
  2.188477432961751E+016  4.007590658600440E-011
  2.042264755758946E+016 -4.007590658599729E-011
  1.905820580918939E+016  4.007590658597073E-011
  1.778492272567480E+016 -4.007590658587162E-011
  1.659670797582165E+016  4.007590658550174E-011
  1.548787812482614E+016 -4.007590658412132E-011
  1.445312944946195E+016  4.007590657896952E-011
  1.348751256946305E+016 -4.007590655974272E-011
  1.258640877378954E+016  4.007590648798734E-011
  1.174550792854112E+016 -4.007590622019264E-011
  1.096078786084792E+016  4.007590522076918E-011
  1.022849512012832E+016 -4.007590149087007E-011
  9.545127024691382E+015  4.007588757069708E-011
  8.907414907810096E+015 -4.007583561990425E-011
  8.312308483128106E+015  4.007564173690588E-011
  7.756961254617304E+015 -4.007491815570527E-011
  7.238716901299432E+015  4.007221771390118E-011
  6.755096571607562E+015 -4.006213952788543E-011
  6.303787026614192E+015  4.002452722562654E-011
  5.882629575412969E+015 -3.988415620260673E-011
  5.489609749730097E+015  3.936028441278637E-011
  5.122847668377311E+015 -3.740516827652475E-011
  4.780589045457948E+015  3.010857552129863E-011
  4.461196799316828E+015 -2.877320636655754E-012
  4.163143222098108E+015 -1.859929297467562E-011
  3.885002672456756E+015 -2.877320636655751E-012
  3.625444756471666E+015  3.010857552129863E-011
  3.383227964143494E+015 -3.740516827652475E-011
  3.157193731039540E+015  3.936028441278637E-011
  2.946260896681514E+015 -3.988415620260673E-011
  2.749420533169632E+015  4.002452722562654E-011
  2.565731119307570E+015 -4.006213952788543E-011
  2.394314037145196E+015  4.007221771390118E-011
  2.234349369398324E+015 -4.007491815570527E-011
  2.085071977643818E+015  4.007564173690587E-011
  1.945767842531369E+015 -4.007583561990424E-011
  1.815770648506564E+015  4.007588757069708E-011
  1.694458596709384E+015 -4.007590149087007E-011
  1.581251430803682E+015  4.007590522076917E-011
  1.475607661511676E+015 -4.007590622019263E-011
  1.377021976577925E+015  4.007590648798734E-011
  1.285022823774198E+015 -4.007590655974271E-011
  1.199170155384349E+015  4.007590657896950E-011
  1.119053323380666E+015 -4.007590658412131E-011
  1.044289115223970E+015  4.007590658550173E-011
   974519920892364.      -4.007590658587161E-011
   909412022371197.       4.007590658597073E-011
   848653997422610.      -4.007590658599728E-011
   791955229999592.       4.007590658600440E-011
   739044520179617.      -4.007590658600630E-011
   689668786968932.       4.007590658600682E-011
   643591857772788.      -4.007590658600695E-011
   600593338741438.       4.007590658600699E-011
   560467560588581.      -4.007590658600700E-011
   523022594839915.       4.007590658600699E-011
   488079335806347.      -4.007590658600697E-011
   455470643890783.       4.007590658600690E-011
   425040546130794.      -4.007590658600663E-011
   396643490153196.       4.007590658600560E-011
   370143647972106.      -4.007590658600177E-011
   345414266300406.       4.007590658598746E-011
   322337060267042.      -4.007590658593407E-011
   300801647640217.       4.007590658573482E-011
   280705020850253.      -4.007590658499122E-011
   261951054286732.       4.007590658221608E-011
   244450044513227.      -4.007590657185908E-011
   228118281200386.       4.007590653320624E-011
   212877646725088.      -4.007590638895189E-011
   198655242520451.       4.007590585058733E-011
   185383040389502.      -4.007590384138343E-011
   172997557114648.       4.007589634293237E-011
   161439550806561.      -4.007586835833204E-011
   150653737540074.       4.007576391838181E-011
   140588526921689.      -4.007537414318117E-011
   131195775323881.       4.007391948232889E-011
   122430555605877.      -4.006849061412038E-011
   114250942219443.       4.004822980213866E-011
   106617810671799.      -3.997261542242025E-011
   99494650386464.0       3.969041871552835E-011
   92847390066911.9      -3.863724626767912E-011
   86644234727720.6       3.470675318317415E-011
   80855513613706.9      -2.003795329300350E-011
   75453538279618.8       5.369153402832843E-012
   70412470151556.4      -1.438660318327875E-012
   65708196936644.2       3.854878704786560E-013
   61318217289801.9      -1.032911635867491E-013
   57221533185953.5       2.767678386834041E-014
   53398549482875.3      -7.415971886612536E-015
   49830980194271.1       1.987103678109739E-015
   46501761024766.6      -5.324428258264180E-016
   43394967748459.1       1.426676251959336E-016
   40495740040616.3      -3.822767495731651E-017
   37790210398195.3       1.024307463333241E-017
   35265437809199.7      -2.744623576013139E-018
   32909345853600.2       7.354196707201406E-019
   30710664939748.6      -1.970551068674239E-019
   28658878399988.9       5.280075674955481E-020
   26744172187633.2      -1.414792013079536E-020
   24957387934695.1       3.790923773626642E-021
   23289979145844.9      -1.015774963711203E-021
   21733970319058.4       2.721760812181698E-022
   20281918797423.5      -7.292936116147626E-023
   18926879169636.3       1.954136342773525E-023
   17662370048908.7      -5.236092549464735E-024
   16482343071384.6       1.403006770123694E-024
   15381153965778.6      -3.759345310300417E-025
   14353535555859.0       1.007313539964725E-025
   13394572566641.6      -2.699088495584836E-026
   12499678113786.6       7.232185826920906E-027
   11664571763744.5      -1.937858351835268E-027
   10885259059709.4       5.192475804201664E-028
   10158012415446.6      -1.391319698453980E-028
   9479353285609.61       3.728029896142572E-029
   8846035527260.86      -9.989226000304846E-030
   8255029873014.05       2.676605039793658E-030
   7703509441528.93      -7.171941588697838E-031
   7188836216053.31       1.921715956854769E-031
   6708548426336.82      -5.149222387212376E-032
   6260348773561.82       1.379729980301814E-032
   5842093441969.48      -3.696975339948800E-033
   5451781844621.50       9.906015567770562E-034
   5087547054249.93      -2.654308871594252E-034
   4747646873424.02       7.112199186064443E-035
   4430455501321.35      -1.905708028315255E-035
   4134455757243.84       5.106329271965798E-036
   3858231823682.39      -1.368236804710639E-036
   3600462474219.09       3.666179468767553E-037
   3359914753874.83      -9.823498279638285E-038
   3135438081674.29       2.632198430877602E-038
   2925958747219.92      -7.052954438721218E-039
   2730474774951.12       1.889833446108853E-039
   2548051131523.36      -5.063793457141928E-040
   2377815253383.43       1.356839367479183E-040
   2218952873148.44      -3.635640127748034E-041
   2070704124825.36       9.741668362003099E-042
   1932359909241.71      -2.610272170532052E-042
   1803258502302.72       6.994203201251077E-043
   1682782389851.53      -1.874091099683791E-043
   1570355313993.15       5.021611974840867E-044
   1465439516754.22      -1.345536902525558E-044
   1367533167894.39       3.605356352613626E-045
   1276167964566.31      -9.660563851989296E-046
   1190906891342.83       2.588691881820920E-046
   1111342129897.31      -6.942036752943848E-047
   1037093108338.68       1.881228193566191E-047
   967804680870.837      -5.828760213209176E-048
   903145429069.449       4.502758917174791E-048
   842806076650.808      -1.218227545548999E-047
   786498010150.375       4.422634290478515E-047
   733951898435.101      -1.647230961636506E-046
   684916404446.458       6.146660417498173E-046
   639156983012.211      -2.293941070835619E-045
   596454758976.659       8.561098241592658E-045
   556605480283.249      -3.195045189553501E-044
   519418541001.985       1.192407093405474E-043
   484716069628.590      -4.450123854666546E-043
   452332078294.623       1.660808832526071E-042
   422111668819.045      -6.198222944637630E-042
   393910291803.678       2.313208294602445E-041
   367593055228.655      -8.633010883946017E-041
   343034079240.768       3.221883524118162E-040
   320115894048.558      -1.202423300807805E-039
   298728878044.163       4.487504850819403E-039
   278770733464.387      -1.674759610246981E-038
   260145997082.959       6.250287955905983E-038
   242765583593.561      -2.332639221337695E-037
   226546359499.539       8.705528089760182E-037
   211410745472.143      -3.248947313770303E-036
   197286345275.295       1.212523644610520E-035
   184105599481.988      -4.525199847065048E-035
   171805462325.966       1.688827574364967E-034
   160327100143.017      -6.302790312753365E-034
   149615609959.475       2.352233367664849E-033
   139619756881.886      -8.778654439384060E-033
   130291729031.730       3.276238438987139E-032
   121586908853.013      -1.222708831201015E-031
   113463659698.850       4.563211480905348E-031
   105883126676.242      -1.703013709242038E-030
   98809050796.4719       6.355733688877616E-030
   92207595542.1364      -2.371992104626843E-029
   86047185021.2915       8.852395049619610E-029
   80298352934.5464      -3.303758809385160E-028
   74933601632.7033       1.232979573257868E-027
   69927270590.7887      -4.601542412092955E-027
   65255413669.3640       1.717319007511395E-026
   60895684576.0364      -6.409121788836286E-026
   56827229979.3125       2.391916814783375E-025
   53030589763.5393      -8.926755080249873E-025
   49487603947.8358       3.331510350621612E-024
   46181325823.7919      -1.243336589446146E-023
   43095940896.4575       4.640195322722424E-023
   40216691240.9026      -1.731744470144355E-022
   37529804912.5327       6.462958348305177E-022
   35022430073.5177      -2.412008892307636E-021
   32682573520.2487       9.001739734400025E-021
   30499043317.7892      -3.359495004529247E-020
   28461395266.9325       1.253780604467698E-019
   26559882947.8068      -4.679172917417869E-019
   24785411101.0780       1.746291106520378E-018
   23129492123.7658      -6.517247134339725E-018
   21584205471.5840       2.432269743083853E-017
   20142159773.6191      -9.077354258901438E-017
   18796457478.1370       3.387714729252190E-016
   17540661860.4103      -1.264312349111862E-015
   16368766234.7612       4.718477923522228E-015
   15275165223.5539      -1.760959934497705E-014
   14254627945.7130       6.571991945638599E-014
   13302272996.5226      -2.452700784805669E-013
   12413545099.0309       9.153603944658817E-013
   11584193315.3798      -3.416171499382960E-012
   10810250713.8405       1.274932560306596E-011
   10088015394.2991      -4.758113091288088E-011
   9414032781.43416       1.775751980484576E-010
   8785079100.89031      -6.627196612809494E-010
   8198145959.41339       2.473303447075340E-009
   7650425955.18974      -9.230494127020412E-009
   7139299249.56212       3.444867306100631E-008
   6662321035.89248      -1.285541791403606E-007
   6217209845.63266       4.797279675938501E-007
   5801836635.66937      -1.790317615328454E-006
   5414214604.74605       6.681542493719965E-006
   5052489690.25192      -2.493585235955140E-005
   4714931664.79379       8.914375522962294E-006
   4399925970.47075      -1.072160965639118E-005
   4105965865.43539      -8.101662570205938E-006
   3831645283.82055      -1.998236864790423E-005
   3575652087.25594      -3.818999978069571E-005
   3336761791.38295      -6.392241921360424E-005
   3113831708.54686      -1.163392288265823E-004
   2905795463.08329      -2.096407935628271E-004
   2711657873.63726      -3.875134494336807E-004
   2530490153.53055      -7.226585130135230E-004
   2361425401.04532      -1.370024195735552E-003
   2203654321.98146      -2.630135844399414E-003
   2056421112.01512      -5.137758898929627E-003
   1919019362.23891      -1.014500636742446E-002
   1790787740.78894      -2.051205301798191E-002
   1671104957.15515      -4.150660059972240E-002
   1559383003.15475      -8.771932902504545E-002
   1455056563.36715      -0.179444339779586     
   1357564106.33685      -0.406610021444014     
   1266310984.45125      -0.806200694296353     
   1180593647.92588       -2.08875399956222     
   1099440568.05456       -3.54907333379853     
   1021281296.45115       -12.2611512767283     
   943300164.494870       -11.6164054340036     
   864379000.672655       -30.9985727422066     
   780347892.753459       -32.6517220417942     
   692209214.071354       -36.9455901266025     
   602315894.336168       -37.0288948615821     
   513937199.682480       -36.0179274102106     
   430246757.696836       -34.1782036900027     
   353705443.909637       -32.2820203004710     
   285830571.423861       -30.6226409706400     
   227246742.037204       -29.2934871195449     
   177876391.474136       -28.2180986467066     
   137158854.857273       -27.2631950577762     
   104241257.715313       -26.2976609642782     
   78125403.9956890       -25.2221175117373     
   57774001.4870342       -23.9702952277876     
   42184294.2105675       -22.4951721811681     
   30436135.5602312       -20.7479466741894     
   21719736.2313128       -18.6554974734629     
   15347343.2546856       -16.0997894947587     
   10752810.1321108       -12.9030463602585     
   7482859.67806223       -8.82626518103424     
   5183476.92661107       -3.59644911394491     
   3584247.72011412        3.01299501316160     
   2482698.67242422        11.0264544452021     
   1729947.82511026        20.0535667107562     
   1218346.93915736        29.1385448168307     
   871325.162986227        36.8834897702261     
   635325.630232617        41.9522460478065     
   473547.695600322        43.6928471909555     
   361155.994967732        42.3894354879646     
   281659.716573821        38.9725592194982     
   224236.339748499        34.5053249415029     
   181819.336391306        29.8236991742912     
   149784.294833869        25.4339279106530     
   125077.954199374        21.5687039785716     
   105655.960117604        18.2864292592312     
   90125.4472306726        15.5544445580649     
   77518.9787002413        13.3025353867508     
   67151.1177241078        11.4520700915185     
   58526.5981230086        9.92962803869715     
   51280.7612396126        8.67206972204805     
   45140.3216092858        7.62739019060922     
   39897.0882092889        6.75375392656722     
   35390.0581453812        6.01792299002852     
   31493.0044266790        5.39363787892631     
   28105.7269906130        4.86017661515372     
   25147.7858629574        4.40115751198173     
   22553.9430948529        4.00358059963116     
   20270.7994037749        3.65707613088747     
   18254.2786227616        3.35332236933753     
   16467.7223918598        3.08559724114754     
   14880.4300481059        2.84843381099057     
   13466.5274579116        2.63735538042657     
   12204.0818108480        2.44867128272454     
   11074.4023940370        2.27931883639625     
   10061.4834707160        2.12674040903953     
   9151.55680292772        1.98878724358464     
   8332.72954761403        1.86364375795038     
   7594.68919631140        1.74976757877337     
   6928.46158472417        1.64584173160782     
   6326.21122489331        1.55073627981434     
   5781.07562535818        1.46347735121685     
   5287.02708520123        1.38322197848097     
   4838.75683325537        1.30923754276842     
   4431.57744653057        1.24088488473581     
   4061.34030340824        1.17760435462527     
   3724.36546670540        1.11890423209701     
   3417.38189300448        1.06435106633532     
   3137.47626009838        1.01356158156269     
   2882.04901826332       0.966195864391218     
   2648.77652162215       0.921951606354410     
   2435.57829696826       0.880559218880712     
   2240.58866968874       0.841777672677565     
   2062.13209800671       0.805390941789104     
   1898.70167396819       0.771204953202481     
   1748.94033733926       0.739044962349723     
   1611.62442070046       0.708753287150521     
   1485.64920355245       0.680187346192697     
   1370.01620257436       0.653217955050889     
   1263.82196620606       0.627727842653362     
   1166.24817597775       0.603610355897532     
   1076.55288570414       0.580768325674461     
   994.062753778119       0.559113071613102     
   918.166144134938       0.538563526680732     
   848.306988659117       0.519045465242904     
   783.979318397774       0.500490820972607     
   724.722383358125       0.482837082756746     
   670.116291256724       0.466026758641025     
   619.778104645891       0.450006899176689     
   573.358343609868       0.434728672722766     
   530.537847899889       0.420146986395498     
   491.024958130195       0.406220147087038     
   454.552980625150       0.392909557969310     
   420.877904807568       0.380179445397789     
   389.776345747829       0.367996616434278     
   361.043687734722       0.356330229347459     
   334.492407551418       0.345151621117788     
   309.950558604358       0.334434077176901     
   287.260399200796       0.324152732359023     
   266.277150164009       0.314284373088096     
   246.867868620555       0.304807330367334     
   228.910426251983       0.295701349708722     
   212.292581580393       0.286947483429941     
   196.911136984693       0.278527989813824     
   182.671172139404       0.270426241921209     
   169.485346447630       0.262626644156632     
   157.273263818629       0.255114556124266     
   145.960893830956       0.247876222887924     
   135.480043935161       0.240898711204813     
   125.767877894920       0.234169850896567     
   116.766476150458       0.227678181302517     
   108.422434220300       0.221412901780781     
   100.686495642929       0.215363826401152     
   93.5132163043166       0.209521342184797     
   86.8606573052072       0.203876370543814     
   80.6901037976783       0.198420331833523     
   74.9658074674898       0.193145112522893     
   69.6547505602711       0.188043034947688     
   64.7264295485143       0.183106829242197     
   60.1526567151129       0.178329607457578     
   55.9073780899934       0.173704839511496     
   51.9665063211856       0.169226330904083     
   48.3077671921517       0.164888202067891     
   44.9105586148826       0.160684869142737     
   41.7558210344986       0.156611026191935     
   38.8259182770608       0.152661628500328     
   36.1045279590671       0.148831877261188     
   33.5765406556105       0.145117205072682     
   31.2279670952659       0.141513262591243     
   29.0458527141795       0.138015905997147     
   27.0181989602421       0.134621185324176     
   25.1338907912233       0.131325333528676     
   23.3826298588604       0.128124756350465     
   21.7548729146154       0.125016022693480     
   20.2417750125598       0.121995855765563     
   18.8351371209998       0.119061124707318     
   17.5273577873690       0.116208836734431     
   16.3113885308861       0.113436129816267     
   15.1806926647867       0.110740265798866     
   14.1292072748477       0.108118623878811     
   13.1513081036333       0.105568694622016     
   12.2417771106340       0.103088074172704     
   11.3957724974007       0.100674458906586     
   10.6088010040794       9.832564042929981E-002
   9.87669229956472       9.603950074029585E-002
   9.19557530195207       9.381400782994626E-002
   8.56185627920135       9.164721142524870E-002
   7.97219859203585       8.953723900133481E-002
   7.42350395219098       8.748229205916479E-002
   6.91289507928866       8.548064258707951E-002
   6.43769964892532       8.353062967834118E-002
   5.99543543309970       8.163065641086636E-002
   5.58379654193823       7.977918686644594E-002
   5.20064068286212       7.797474327207010E-002
   4.84397735993625       7.621590337112594E-002
   4.51195694219756       7.450129788190574E-002
   4.20286053532435       7.282960811146946E-002
   3.91509059612101       7.119956367462754E-002
   3.64716223399228       6.960994037648968E-002
   3.39769514790325       6.805955816689552E-002
   3.16540615129564       6.654727918878453E-002
   2.94910224108937       6.507200599887042E-002
   2.74767417026389       6.363267977646521E-002
   2.56009048661378       6.222827871999262E-002
   2.38539200312702       6.085781644229886E-002
   2.22268666806373       5.952034052604245E-002
   2.07114480523618       5.821493105945077E-002
   1.92999469722392       5.694069933391580E-002
   1.79851848631681       5.569678653766195E-002
   1.67604836987750       5.448236256871338E-002
   1.56196306856609       5.329662482143700E-002
   1.45568454748602       5.213879714783971E-002
   1.35667497180135       5.100812876344290E-002
   1.26443387975224       4.990389326406017E-002
   1.17849555726669       4.882538764959520E-002
   1.09842659954045       4.777193145023653E-002
   1.02382364604125       4.674286583094541E-002
  0.954311276395538       4.573755275158742E-002
  0.889540055541684       4.475537422167769E-002
  0.829184717389387       4.379573149465939E-002
  0.772942477016242       4.285804438770165E-002
  0.720531462163964       4.194175055386362E-002
  0.671689255473406       4.104630487075676E-002
  0.626171539523400       4.017117875765871E-002
  0.583750837317536       3.931585963272800E-002
  0.544215341398845       3.847985027102519E-002
  0.507367825268345       3.766266833874712E-002
  0.473024631242508       3.686384576017109E-002
  0.441014729309771       3.608292832876760E-002
  0.411178841939866       3.531947512594311E-002
  0.383368630164249       3.457305812953643E-002
  0.357445936583653       3.384326171900875E-002
  0.333282081271564       3.312968231301040E-002
  0.310757206832386       3.243192786759830E-002
  0.289759669141607       3.174961762098112E-002
  0.270185470544340       3.108238157291275E-002
  0.251937732519371       3.042986024487580E-002
  0.234926205029855       2.979170428286029E-002
  0.219066809980216       2.916757412227478E-002
  0.204281216382784       2.855713970353936E-002
  0.190496445008402       2.796008014508635E-002
  0.177644500453496       2.737608346113676E-002
  0.165662028702995       2.680484627228801E-002
  0.154489998404721       2.624607358593577E-002
  0.144073404197333       2.569947843140375E-002
  0.134360990551236       2.516478175547081E-002
  0.125304994690775       2.464171206189028E-002
  0.116860907267158       2.413000525918375E-002
  0.108987249545363       2.362940440162004E-002
  0.101645365955468       2.313965950721789E-002
  9.479923093972217E-002  2.266052733492610E-002
  8.841526910183170E-002  2.219177120198315E-002
  8.246218773472373E-002  2.173316078403723E-002
  7.691082086785211E-002  2.128447196346666E-002
  7.173398403533660E-002  2.084548664271227E-002
  6.690633902215506E-002  2.041599252389308E-002
  6.240426789757866E-002  1.999578310020234E-002
  5.820575569333228E-002  1.958465729631343E-002
  5.429028112883032E-002  1.918241950884972E-002
  5.063871482754436E-002  1.878887933983560E-002
  4.723322450731464E-002  1.840385154129765E-002
  4.405718666344424E-002  1.802715581009582E-002
  4.109510429690185E-002  1.765861673577776E-002
  3.833253027109209E-002  1.729806361457919E-002
  3.575599590959494E-002  1.694533038470659E-002
  3.335294447418798E-002  1.660025547207132E-002
  3.111166918748798E-002  1.626268170847043E-002
  2.902125548781892E-002  1.593245620613322E-002
  2.707152722555370E-002  1.560943027979363E-002
  2.525299653030408E-002  1.529345931200167E-002
  2.355681709705352E-002  1.498440269236842E-002
  2.197474065674108E-002  1.468212370419050E-002
  2.049907641300272E-002  1.438648944095977E-002
  1.912265324184607E-002  1.409737068631801E-002
  1.783878446505439E-002  1.381464191096150E-002
  1.664123502116017E-002  1.353818105610019E-002
  1.552419086996558E-002  1.326786957422494E-002
  1.448223047788180E-002  1.300359225368312E-002
  1.351029824186884E-002  1.274523720217234E-002
  1.260367971953892E-002  1.249269567417504E-002
  1.175797854208887E-002  1.224586209766913E-002
  1.096909489520058E-002  1.200463387797012E-002
  1.023320546093341E-002  1.176891138403663E-002
  9.546744720974120E-003  1.153859779741421E-002
  8.906387528442547E-003  1.131359907845839E-002
  8.309032861812794E-003  1.109382380072008E-002
  7.751788680431755E-003  1.087918308635518E-002
  7.231957806630480E-003  1.066959050556874E-002
  6.747024764557519E-003  1.046496188479672E-002
  6.294643510643083E-003  1.026521531891400E-002
  5.872625995053871E-003  1.007027084502442E-002
  5.478931497642616E-003  9.880050509077979E-003
  5.111656685756222E-003  9.694478027010879E-003
  4.769026344860340E-003  9.513478756920555E-003
  4.449384736285605E-003  9.336979398881163E-003
  4.151187539518355E-003  9.164907937840756E-003
  3.872994339362175E-003  8.997193260644281E-003
  3.613461621001071E-003  8.833765119966454E-003
  3.371336238514225E-003  8.674553697269275E-003
  3.145449324738770E-003  8.519489503009034E-003
  2.934710612562814E-003  8.368502966798455E-003
  2.738103139767241E-003  8.221524213293989E-003
  2.554678311431724E-003  8.078482660326134E-003
  2.383551295687557E-003  7.939306755753999E-003
  2.223896730246484E-003  7.803923475441831E-003
  2.074944718668538E-003  7.672258086054843E-003
  1.935977096761253E-003  7.544233570987137E-003
  1.806323950834190E-003  7.419770312915849E-003
  1.685360370773630E-003  7.298785543275357E-003
  1.572503422058409E-003  7.181192948904430E-003
  1.467209321915349E-003  7.066902151436062E-003
  1.368970805816640E-003  6.955818211308312E-003
  1.277314671457158E-003  6.847841174729238E-003
  1.191799488221591E-003  6.742865581579393E-003
  1.112013460963793E-003  6.640779999522022E-003
  1.037572437678028E-003  6.541466579895227E-003
  9.681180513475660E-004  6.444800722381674E-003
  9.033159869138424E-004  6.350650643469256E-003
  8.428543649224734E-004  6.258877220970401E-003
  7.864422339738511E-004  6.169333643131964E-003
  7.338081646386308E-004  6.081865513691566E-003
  6.846989379948990E-004  5.996310701619929E-003
  6.388783224065361E-004  5.912499615906930E-003
  5.961259325936625E-004  5.830255452478524E-003
  5.562361654481327E-004  5.749394724831489E-003
  5.190172074218874E-004  5.669727865897753E-003
  4.842901086653739E-004  5.591060169762492E-003
  4.518879194189949E-004  5.513192721732960E-003
  4.216548844642047E-004  5.435923813856314E-003
  3.934456917239820E-004  5.359050297673798E-003
  3.671247713663318E-004  5.282369273816368E-003
  3.425656420105374E-004  5.205680043619853E-003
  3.196503008653040E-004  5.128785945610243E-003
  2.982686548418155E-004  5.051496687358924E-003
  2.783179898841723E-004  4.973630489551902E-003
  2.597024759456053E-004  4.895016401673768E-003
  2.423327052122482E-004  4.815496676690318E-003
  2.261252613379080E-004  4.734928939580329E-003
  2.110023176040093E-004  4.653188471625831E-003
  1.968912620594527E-004  4.570170023875527E-003
  1.837243478261917E-004  4.485789815467118E-003
  1.714383668785565E-004  4.399986801543077E-003
  1.599743457183226E-004  4.312723968340045E-003
  1.492772614738059E-004  4.223989089022096E-003
  1.392957770503767E-004  4.133795037108256E-003
  1.299819940522096E-004  4.042179825732814E-003
  1.212912222812773E-004  3.949206196057309E-003
  1.131817646999752E-004  3.854959773518449E-003
  1.056147168187176E-004  3.759551980269367E-003
  9.855377953974919E-005  3.663101723055500E-003
  9.196508455360120E-005  3.565795833295422E-003
  8.581703144541055E-005  3.467653290916165E-003
  8.008013572501057E-005  3.369393816122364E-003
  7.472688704756815E-005  3.269184154299643E-003
  6.973161694084290E-005  3.174767834283265E-003
  6.507037540111793E-005  3.058183359606945E-003
  6.072081576273071E-005  3.024744287979664E-003
  5.666208728611459E-005  2.682384315053435E-003
  5.287473494655254E-005  3.495280586591141E-003
  4.934060594062158E-005  0.000000000000000E+000
