  2.698794302801851E-007  2.698794302801851E-007
  2.761720930612951E-007  2.761720930612951E-007
  2.826114791082233E-007  2.826114791082233E-007
  2.892010095008285E-007  2.892010095008285E-007
  2.959441850866246E-007  2.959441850866246E-007
  3.028445883406819E-007  3.028445883406819E-007
  3.099058852688892E-007  3.099058852688892E-007
  3.171318273555965E-007  3.171318273555965E-007
  3.245262535566681E-007  3.245262535566681E-007
  3.320930923390064E-007  3.320930923390064E-007
  3.398363637676296E-007  3.398363637676296E-007
  3.477601816414139E-007  3.477601816414139E-007
  3.558687556786306E-007  3.558687556786306E-007
  3.641663937534439E-007  3.641663937534439E-007
  3.726575041845548E-007  3.726575041845548E-007
  3.813465980772071E-007  3.813465980772071E-007
  3.902382917198012E-007  3.902382917198012E-007
  3.993373090363868E-007  3.993373090363868E-007
  4.086484840963399E-007  4.086484840963399E-007
  4.181767636825543E-007  4.181767636825543E-007
  4.279272099195143E-007  4.279272099195143E-007
  4.379050029626459E-007  4.379050029626459E-007
  4.481154437503689E-007  4.481154437503689E-007
  4.585639568203224E-007  4.585639568203224E-007
  4.692560931912485E-007  4.692560931912485E-007
  4.801975333120741E-007  4.801975333120741E-007
  4.913940900797510E-007  4.913940900797510E-007
  5.028517119274640E-007  5.028517119274640E-007
  5.145764859848414E-007  5.145764859848414E-007
  5.265746413118496E-007  5.265746413118496E-007
  5.388525522080899E-007  5.388525522080899E-007
  5.514167415992569E-007  5.514167415992569E-007
  5.642738845025531E-007  5.642738845025531E-007
  5.774308115729050E-007  5.774308115729050E-007
  5.908945127318632E-007  5.908945127318632E-007
  6.046721408811128E-007  6.046721408811128E-007
  6.187710157025713E-007  6.187710157025713E-007
  6.331986275470845E-007  6.331986275470845E-007
  6.479626414137962E-007  6.479626414137962E-007
  6.630709010223002E-007  6.630709010223002E-007
  6.785314329797357E-007  6.785314329797357E-007
  6.943524510450451E-007  6.943524510450451E-007
  7.105423604926570E-007  7.105423604926570E-007
  7.271097625779114E-007  7.271097625779114E-007
  7.440634591066022E-007  7.440634591066022E-007
  7.614124571110616E-007  7.614124571110616E-007
  7.791659736352725E-007  7.791659736352725E-007
  7.973334406315491E-007  7.973334406315491E-007
  8.159245099713876E-007  8.159245099713876E-007
  8.349490585731530E-007  8.349490585731530E-007
  8.544171936493165E-007  8.544171936493165E-007
  8.743392580760418E-007  8.743392580760418E-007
  8.947258358879628E-007  8.947258358879628E-007
  9.155877579010832E-007  9.155877579010832E-007
  9.369361074667691E-007  9.369361074667691E-007
  9.587822263599108E-007  9.587822263599108E-007
  9.811377208043618E-007  9.811377208043618E-007
  1.004014467638874E-006  1.004014467638874E-006
  1.027424620626788E-006  1.027424620626788E-006
  1.051380616912843E-006  1.051380616912843E-006
  1.075895183630532E-006  1.075895183630532E-006
  1.100981344663508E-006  1.100981344663508E-006
  1.126652427564639E-006  1.126652427564639E-006
  1.152922070636388E-006  1.152922070636388E-006
  1.179804230176268E-006  1.179804230176268E-006
  1.207313187891236E-006  1.207313187891236E-006
  1.235463558484955E-006  1.235463558484955E-006
  1.264270297421956E-006  1.264270297421956E-006
  1.293748708872830E-006  1.293748708872830E-006
  1.323914453844654E-006  1.323914453844654E-006
  1.354783558500998E-006  1.354783558500998E-006
  1.386372422675900E-006  1.386372422675900E-006
  1.418697828586362E-006  1.418697828586362E-006
  1.451776949747969E-006  1.451776949747969E-006
  1.485627360098383E-006  1.485627360098383E-006
  1.520267043333558E-006  1.520267043333558E-006
  1.555714402461625E-006  1.555714402461625E-006
  1.591988269579533E-006  1.591988269579533E-006
  1.629107915877626E-006  1.629107915877626E-006
  1.667093061877487E-006  1.667093061877487E-006
  1.705963887908484E-006  1.705963887908484E-006
  1.745741044828554E-006  1.745741044828554E-006
  1.786445664994971E-006  1.786445664994971E-006
  1.828099373490878E-006  1.828099373490878E-006
  1.870724299613577E-006  1.870724299613577E-006
  1.914343088630657E-006  1.914343088630657E-006
  1.958978913810229E-006  1.958978913810229E-006
  2.004655488731631E-006  2.004655488731631E-006
  2.051397079883164E-006  2.051397079883164E-006
  2.099228519553538E-006  2.099228519553538E-006
  2.148175219023877E-006  2.148175219023877E-006
  2.198263182067303E-006  2.198263182067303E-006
  2.249519018763233E-006  2.249519018763233E-006
  2.301969959633787E-006  2.301969959633787E-006
  2.355643870109748E-006  2.355643870109748E-006
  2.410569265333803E-006  2.410569265333803E-006
  2.466775325308923E-006  2.466775325308923E-006
  2.524291910399896E-006  2.524291910399896E-006
  2.583149577196291E-006  2.583149577196291E-006
  2.643379594745244E-006  2.643379594745244E-006
  2.705013961162702E-006  2.705013961162702E-006
  2.768085420631942E-006  2.768085420631942E-006
  2.832627480798416E-006  2.832627480798416E-006
  2.898674430570112E-006  2.898674430570112E-006
  2.966261358332921E-006  2.966261358332921E-006
  3.035424170590710E-006  3.035424170590710E-006
  3.106199611039913E-006  3.106199611039913E-006
  3.178625280088876E-006  3.178625280088876E-006
  3.252739654832238E-006  3.252739654832238E-006
  3.328582109491004E-006  3.328582109491004E-006
  3.406192936329154E-006  3.406192936329154E-006
  3.485613367057892E-006  3.485613367057892E-006
  3.566885594738885E-006  3.566885594738885E-006
  3.650052796198178E-006  3.650052796198178E-006
  3.735159154962627E-006  3.735159154962627E-006
  3.822249884731058E-006  3.822249884731058E-006
  3.911371253392644E-006  3.911371253392644E-006
  4.002570607605165E-006  4.002570607605165E-006
  4.095896397946351E-006  4.095896397946351E-006
  4.191398204651490E-006  4.191398204651490E-006
  4.289126763951113E-006  4.289126763951113E-006
  4.389133995022677E-006  4.389133995022677E-006
  4.491473027570536E-006  4.491473027570536E-006
  4.596198230048911E-006  4.596198230048911E-006
  4.703365238542793E-006  4.703365238542793E-006
  4.813030986322137E-006  4.813030986322137E-006
  4.925253734085022E-006  4.925253734085022E-006
  5.040093100905874E-006  5.040093100905874E-006
  5.157610095905124E-006  5.157610095905124E-006
  5.277867150657202E-006  5.277867150657202E-006
  5.400928152353969E-006  5.400928152353969E-006
  5.526858477741299E-006  5.526858477741299E-006
  5.655725027846756E-006  5.655725027846756E-006
  5.787596263516827E-006  5.787596263516827E-006
  5.922542241782615E-006  5.922542241782615E-006
  6.060634653073235E-006  6.060634653073235E-006
  6.201946859296710E-006  6.201946859296710E-006
  6.346553932808595E-006  6.346553932808595E-006
  6.494532696288988E-006  6.494532696288988E-006
  6.645961763549100E-006  6.645961763549100E-006
  6.800921581289083E-006  6.800921581289083E-006
  6.959494471829247E-006  6.959494471829247E-006
  7.121764676837373E-006  7.121764676837373E-006
  7.287818402075285E-006  7.287818402075285E-006
  7.457743863188574E-006  7.457743863188574E-006
  7.631631332563563E-006  7.631631332563563E-006
  7.809573187276591E-006  7.809573187276591E-006
  7.991663958160957E-006  7.991663958160957E-006
  8.178000380017585E-006  8.178000380017585E-006
  8.368681442996095E-006  8.368681442996095E-006
  8.563808445173522E-006  8.563808445173522E-006
  8.763485046358597E-006  8.763485046358597E-006
  8.967817323150133E-006  8.967817323150133E-006
  9.176913825278801E-006  9.176913825278801E-006
  9.390885633262119E-006  9.390885633262119E-006
  9.609846417403277E-006  9.609846417403277E-006
  9.833912498165156E-006  9.833912498165156E-006
  1.006320290795151E-005  1.006320290795151E-005
  1.029783945432820E-005  1.029783945432820E-005
  1.053794678471782E-005  1.053794678471782E-005
  1.078365245260240E-005  1.078365245260240E-005
  1.103508698526889E-005  1.103508698526889E-005
  1.129238395313378E-005  1.129238395313378E-005
  1.155568004068328E-005  1.155568004068328E-005
  1.182511511906700E-005  1.182511511906700E-005
  1.210083232038349E-005  1.210083232038349E-005
  1.238297811369698E-005  1.238297811369698E-005
  1.267170238282595E-005  1.267170238282595E-005
  1.296715850594442E-005  1.296715850594442E-005
  1.326950343703843E-005  1.326950343703843E-005
  1.357889778926095E-005  1.357889778926095E-005
  1.389550592022927E-005  1.389550592022927E-005
  1.421949601931017E-005  1.421949601931017E-005
  1.455104019693932E-005  1.455104019693932E-005
  1.489031457602207E-005  1.489031457602207E-005
  1.523749938546427E-005  1.523749938546427E-005
  1.559277905588265E-005  1.559277905588265E-005
  1.595634231754550E-005  1.595634231754550E-005
  1.632838230059573E-005  1.632838230059573E-005
  1.670909663760925E-005  1.670909663760925E-005
  1.709868756854332E-005  1.709868756854332E-005
  1.749736204813017E-005  1.749736204813017E-005
  1.790533185577323E-005  1.790533185577323E-005
  1.832281370800397E-005  1.832281370800397E-005
  1.875002937355902E-005  1.875002937355902E-005
  1.918720579113876E-005  1.918720579113876E-005
  1.963457518990943E-005  1.963457518990943E-005
  2.009237521281319E-005  2.009237521281319E-005
  2.056084904275087E-005  2.056084904275087E-005
  2.104024553170491E-005  2.104024553170491E-005
  2.153081933287045E-005  2.153081933287045E-005
  2.203283103586482E-005  2.203283103586482E-005
  2.254654730508714E-005  2.254654730508714E-005
  2.307224102130124E-005  2.307224102130124E-005
  2.361019142651688E-005  2.361019142651688E-005
  2.416068427224634E-005  2.416068427224634E-005
  2.472401197121447E-005  2.472401197121447E-005
  2.530047375260306E-005  2.530047375260306E-005
  2.589037582091145E-005  2.589037582091145E-005
  2.649403151851763E-005  2.649403151851763E-005
  2.711176149202608E-005  2.711176149202608E-005
  2.774389386249028E-005  2.774389386249028E-005
  2.839076439959993E-005  2.839076439959993E-005
  2.905271669992582E-005  2.905271669992582E-005
  2.973010236931568E-005  2.973010236931568E-005
  3.042328120953851E-005  3.042328120953851E-005
  3.113262140927591E-005  3.113262140927591E-005
  3.185849973956117E-005  3.185849973956117E-005
  3.260130175377032E-005  3.260130175377032E-005
  3.336142199227030E-005  3.336142199227030E-005
  3.413926419183313E-005  3.413926419183313E-005
  3.493524149992646E-005  3.493524149992646E-005
  3.574977669399438E-005  3.574977669399438E-005
  3.658330240584404E-005  3.658330240584404E-005
  3.743626135125720E-005  3.743626135125720E-005
  3.830910656494803E-005  3.830910656494803E-005
  3.920230164099161E-005  3.920230164099161E-005
  4.011632097884986E-005  4.011632097884986E-005
  4.105165003512581E-005  4.105165003512581E-005
  4.200878558117863E-005  4.200878558117863E-005
  4.298823596673593E-005  4.298823596673593E-005
  4.399052138964316E-005  4.399052138964316E-005
  4.501617417189163E-005  4.501617417189163E-005
  4.606573904207234E-005  4.606573904207234E-005
  4.713977342440406E-005  4.713977342440406E-005
  4.823884773448882E-005  4.823884773448882E-005
  4.936354568195090E-005  4.936354568195090E-005
  5.051446458011952E-005  5.051446458011952E-005
  5.169221566291827E-005  5.169221566291827E-005
  5.289742440912952E-005  5.289742440912952E-005
  5.413073087420442E-005  5.413073087420442E-005
  5.539279002979388E-005  5.539279002979388E-005
  5.668427211118009E-005  5.668427211118009E-005
  5.800586297279154E-005  5.800586297279154E-005
  5.935826445198990E-005  5.935826445198990E-005
  6.074219474131981E-005  6.074219474131981E-005
  6.215838876941935E-005  6.215838876941935E-005
  6.360759859079050E-005  6.360759859079050E-005
  6.509059378463693E-005  6.509059378463693E-005
  6.660816186297846E-005  6.660816186297846E-005
  6.816110868825752E-005  6.816110868825752E-005
  6.975025890065820E-005  6.975025890065820E-005
  7.137645635536299E-005  7.137645635536299E-005
  7.304056456997746E-005  7.304056456997746E-005
  7.474346718235923E-005  7.474346718235923E-005
  7.648606841909199E-005  7.648606841909199E-005
  7.826929357485136E-005  7.826929357485136E-005
  8.009408950291576E-005  8.009408950291576E-005
  8.196142511707949E-005  8.196142511707949E-005
  8.387229190523337E-005  8.387229190523337E-005
  8.582770445488283E-005  8.582770445488283E-005
  8.782870099087959E-005  8.782870099087959E-005
  8.987634392565054E-005  8.987634392565054E-005
  9.197172042221329E-005  9.197172042221329E-005
  9.411594297027383E-005  9.411594297027383E-005
  9.631014997570963E-005  9.631014997570963E-005
  9.855550636374832E-005  9.855550636374832E-005
  1.008532041961584E-004  1.008532041961584E-004
  1.032044633027766E-004  1.032044633027766E-004
  1.056105319277038E-004  1.056105319277038E-004
  1.080726873905079E-004  1.080726873905079E-004
  1.105922367627820E-004  1.105922367627820E-004
  1.131705175604128E-004  1.131705175604128E-004
  1.158088984519210E-004  1.158088984519210E-004
  1.185087799832468E-004  1.185087799832468E-004
  1.212715953193613E-004  1.212715953193613E-004
  1.240988110030887E-004  1.240988110030887E-004
  1.269919277315426E-004  1.269919277315426E-004
  1.299524811505778E-004  1.299524811505778E-004
  1.329820426676777E-004  1.329820426676777E-004
  1.360822202837002E-004  1.360822202837002E-004
  1.392546594439190E-004  1.392546594439190E-004
  1.425010439088049E-004  1.425010439088049E-004
  1.458230966450023E-004  1.458230966450023E-004
  1.492225807369672E-004  1.492225807369672E-004
  1.527013003197429E-004  1.527013003197429E-004
  1.562611015333609E-004  1.562611015333609E-004
  1.599038734993646E-004  1.599038734993646E-004
  1.636315493199663E-004  1.636315493199663E-004
  1.674461071003584E-004  1.674461071003584E-004
  1.713495709947132E-004  1.713495709947132E-004
  1.753440122764135E-004  1.753440122764135E-004
  1.794315504330757E-004  1.794315504330757E-004
  1.836143542869320E-004  1.836143542869320E-004
  1.878946431411583E-004  1.878946431411583E-004
  1.922746879527413E-004  1.922746879527413E-004
  1.967568125324960E-004  1.967568125324960E-004
  2.013433947728596E-004  2.013433947728596E-004
  2.060368679040945E-004  2.060368679040945E-004
  2.108397217795581E-004  2.108397217795581E-004
  2.157545041907036E-004  2.157545041907036E-004
  2.207838222124941E-004  2.207838222124941E-004
  2.259303435799277E-004  2.259303435799277E-004
  2.311967980963880E-004  2.311967980963880E-004
  2.365859790745473E-004  2.365859790745473E-004
  2.421007448105682E-004  2.421007448105682E-004
  2.477440200923701E-004  2.477440200923701E-004
  2.535187977427324E-004  2.535187977427324E-004
  2.594281401980393E-004  2.594281401980393E-004
  2.654751811234774E-004  2.654751811234774E-004
  2.716631270655164E-004  2.716631270655164E-004
  2.779952591425323E-004  2.779952591425323E-004
  2.844749347744358E-004  2.844749347744358E-004
  2.911055894522013E-004  2.911055894522013E-004
  2.978907385482048E-004  2.978907385482048E-004
  3.048339791683001E-004  3.048339791683001E-004
  3.119389920465871E-004  3.119389920465871E-004
  3.192095434838413E-004  3.192095434838413E-004
  3.266494873306004E-004  3.266494873306004E-004
  3.342627670159221E-004  3.342627670159221E-004
  3.420534176228540E-004  3.420534176228540E-004
  3.500255680116718E-004  3.500255680116718E-004
  3.581834429919784E-004  3.581834429919784E-004
  3.665313655447637E-004  3.665313655447637E-004
  3.750737590955626E-004  3.750737590955626E-004
  3.838151498398724E-004  3.838151498398724E-004
  3.927601691220040E-004  3.927601691220040E-004
  4.019135558685852E-004  4.019135558685852E-004
  4.112801590779461E-004  4.112801590779461E-004
  4.208649403666517E-004  4.208649403666517E-004
  4.306729765744712E-004  4.306729765744712E-004
  4.407094624291047E-004  4.407094624291047E-004
  4.509797132720075E-004  4.509797132720075E-004
  4.614891678466992E-004  4.614891678466992E-004
  4.722433911509545E-004  4.722433911509545E-004
  4.832480773543139E-004  4.832480773543139E-004
  4.945090527823889E-004  4.945090527823889E-004
  5.060322789694475E-004  5.060322789694475E-004
  5.178238557808275E-004  5.178238557808275E-004
  5.298900246067294E-004  5.298900246067294E-004
  5.422371716289884E-004  5.422371716289884E-004
  5.548718311624664E-004  5.548718311624664E-004
  5.678006890727189E-004  5.678006890727189E-004
  5.810305862716465E-004  5.810305862716465E-004
  5.945685222928661E-004  5.945685222928661E-004
  6.084216589485769E-004  6.084216589485769E-004
  6.225973240697372E-004  6.225973240697372E-004
  6.371030153313951E-004  6.371030153313951E-004
  6.519464041650715E-004  6.519464041650715E-004
  6.671353397601178E-004  6.671353397601178E-004
  6.826778531560204E-004  6.826778531560204E-004
  6.985821614276612E-004  6.985821614276612E-004
  7.148566719655876E-004  7.148566719655876E-004
  7.315099868533857E-004  7.315099868533857E-004
  7.485509073442920E-004  7.485509073442920E-004
  7.659884384392306E-004  7.659884384392306E-004
  7.838317935684954E-004  7.838317935684954E-004
  8.020903993793557E-004  8.020903993793557E-004
  8.207739006318974E-004  8.207739006318974E-004
  8.398921652054698E-004  8.398921652054698E-004
  8.594552892181430E-004  8.594552892181430E-004
  8.794736022616504E-004  8.794736022616504E-004
  8.999576727543069E-004  8.999576727543069E-004
  9.209183134144860E-004  9.209183134144860E-004
  9.423665868572481E-004  9.423665868572481E-004
  9.643138113167902E-004  9.643138113167902E-004
  9.867715664974379E-004  9.867715664974379E-004
  1.009751699555935E-003  1.009751699555935E-003
  1.033266331217869E-003  1.033266331217869E-003
  1.057327862031087E-003  1.057327862031087E-003
  1.081948978759065E-003  1.081948978759065E-003
  1.107142660917185E-003  1.107142660917185E-003
  1.132922187454996E-003  1.132922187454996E-003
  1.159301143587539E-003  1.159301143587539E-003
  1.186293427778909E-003  1.186293427778909E-003
  1.213913258881277E-003  1.213913258881277E-003
  1.242175183432637E-003  1.242175183432637E-003
  1.271094083116641E-003  1.271094083116641E-003
  1.300685182387904E-003  1.300685182387904E-003
  1.330964056266254E-003  1.330964056266254E-003
  1.361946638303455E-003  1.361946638303455E-003
  1.393649228725980E-003  1.393649228725980E-003
  1.426088502757502E-003  1.426088502757502E-003
  1.459281519124815E-003  1.459281519124815E-003
  1.493245728750955E-003  1.493245728750955E-003
  1.527998983639399E-003  1.527998983639399E-003
  1.563559545953218E-003  1.563559545953218E-003
  1.599946097293191E-003  1.599946097293191E-003
  1.637177748178917E-003  1.637177748178917E-003
  1.675274047737036E-003  1.675274047737036E-003
  1.714254993600746E-003  1.714254993600746E-003
  1.754141042024848E-003  1.754141042024848E-003
  1.794953118220670E-003  1.794953118220670E-003
  1.836712626915208E-003  1.836712626915208E-003
  1.879441463138969E-003  1.879441463138969E-003
  1.923162023247031E-003  1.923162023247031E-003
  1.967897216177890E-003  1.967897216177890E-003
  2.013670474954771E-003  2.013670474954771E-003
  2.060505768434129E-003  2.060505768434129E-003
  2.108427613306092E-003  2.108427613306092E-003
  2.157461086351771E-003  2.157461086351771E-003
  2.207631836962292E-003  2.207631836962292E-003
  2.258966099924590E-003  2.258966099924590E-003
  2.311490708479009E-003  2.311490708479009E-003
  2.365233107653816E-003  2.365233107653816E-003
  2.420221367881828E-003  2.420221367881828E-003
  2.476484198904400E-003  2.476484198904400E-003
  2.534050963968082E-003  2.534050963968082E-003
  2.592951694319303E-003  2.592951694319303E-003
  2.653217104002539E-003  2.653217104002539E-003
  2.714878604967426E-003  2.714878604967426E-003
  2.777968322490366E-003  2.777968322490366E-003
  2.842519110916241E-003  2.842519110916241E-003
  2.908564569725853E-003  2.908564569725853E-003
  2.976139059934816E-003  2.976139059934816E-003
  3.045277720829619E-003  3.045277720829619E-003
  3.116016487046677E-003  3.116016487046677E-003
  3.188392106000162E-003  3.188392106000162E-003
  3.262442155664526E-003  3.262442155664526E-003
  3.338205062717585E-003  3.338205062717585E-003
  3.415720121050104E-003  3.415720121050104E-003
  3.495027510647859E-003  3.495027510647859E-003
  3.576168316852142E-003  3.576168316852142E-003
  3.659184550004715E-003  3.659184550004715E-003
  3.744119165483236E-003  3.744119165483236E-003
  3.831016084133170E-003  3.831016084133170E-003
  3.919920213102209E-003  3.919920213102209E-003
  4.010877467083247E-003  4.010877467083247E-003
  4.103934789971867E-003  4.103934789971867E-003
  4.199140176944428E-003  4.199140176944428E-003
  4.296542696962608E-003  4.296542696962608E-003
  4.396192515710461E-003  4.396192515710461E-003
  4.498140918969808E-003  4.498140918969808E-003
  4.602440336439840E-003  4.602440336439840E-003
  4.709144366006771E-003  4.709144366006771E-003
  4.818307798469198E-003  4.818307798469198E-003
  4.929986642724914E-003  4.929986642724914E-003
  5.044238151424640E-003  5.044238151424640E-003
  5.161120847098266E-003  5.161120847098266E-003
  5.280694548758845E-003  5.280694548758845E-003
  5.403020398989689E-003  5.403020398989689E-003
  5.528160891519554E-003  5.528160891519554E-003
  5.656179899291010E-003  5.656179899291010E-003
  5.787142703026613E-003  5.787142703026613E-003
  5.921116020297678E-003  5.921116020297678E-003
  6.058168035099909E-003  6.058168035099909E-003
  6.198368427940169E-003  6.198368427940169E-003
  6.341788406438351E-003  6.341788406438351E-003
  6.488500736448047E-003  6.488500736448047E-003
  6.638579773699518E-003  6.638579773699518E-003
  6.792101495968046E-003  6.792101495968046E-003
  6.949143535770623E-003  6.949143535770623E-003
  7.109785213593364E-003  7.109785213593364E-003
  7.274107571651963E-003  7.274107571651963E-003
  7.442193408186807E-003  7.442193408186807E-003
  7.614127312294235E-003  7.614127312294235E-003
  7.789995699294811E-003  7.789995699294811E-003
  7.969886846639089E-003  7.969886846639089E-003
  8.153890930350858E-003  8.153890930350858E-003
  8.342100062007274E-003  8.342100062007274E-003
  8.534608326254857E-003  8.534608326254857E-003
  8.731511818859511E-003  8.731511818859511E-003
  8.932908685288357E-003  8.932908685288357E-003
  9.138899159820350E-003  9.138899159820350E-003
  9.349585605181943E-003  9.349585605181943E-003
  9.565072552703429E-003  9.565072552703429E-003
  9.785466742990674E-003  9.785466742990674E-003
  1.001087716710624E-002  1.001087716710624E-002
  1.024141510825295E-002  1.024141510825295E-002
  1.047719418395211E-002  1.047719418395211E-002
  1.071833038870747E-002  1.071833038870747E-002
  1.096494213714525E-002  1.096494213714525E-002
  1.121715030761922E-002  1.121715030761922E-002
  1.147507828626888E-002  1.147507828626888E-002
  1.173885201151758E-002  1.173885201151758E-002
  1.200860001899597E-002  1.200860001899597E-002
  1.228445348687541E-002  1.228445348687541E-002
  1.256654628159377E-002  1.256654628159377E-002
  1.285501500395557E-002  1.285501500395557E-002
  1.314999903558618E-002  1.314999903558618E-002
  1.345164058571856E-002  1.345164058571856E-002
  1.376008473828940E-002  1.376008473828940E-002
  1.407547949931980E-002  1.407547949931980E-002
  1.439797584455367E-002  1.439797584455367E-002
  1.472772776732544E-002  1.472772776732544E-002
  1.506489232662668E-002  1.506489232662668E-002
  1.540962969533882E-002  1.540962969533882E-002
  1.576210320859786E-002  1.576210320859786E-002
  1.612247941225392E-002  1.612247941225392E-002
  1.649092811138668E-002  1.649092811138668E-002
  1.686762241883540E-002  1.686762241883540E-002
  1.725273880369951E-002  1.725273880369951E-002
  1.764645713976335E-002  1.764645713976335E-002
  1.804896075379606E-002  1.804896075379606E-002
  1.846043647367463E-002  1.846043647367463E-002
  1.888107467627562E-002  1.888107467627562E-002
  1.931106933507760E-002  1.931106933507760E-002
  1.975061806741394E-002  1.975061806741394E-002
  2.019992218131183E-002  2.019992218131183E-002
  2.065918672185042E-002  2.065918672185042E-002
  2.112862051696762E-002  2.112862051696762E-002
  2.160843622264150E-002  2.160843622264150E-002
  2.209885036736868E-002  2.209885036736868E-002
  2.260008339585812E-002  2.260008339585812E-002
  2.311235971185569E-002  2.311235971185569E-002
  2.363590772000983E-002  2.363590772000983E-002
  2.417095986668547E-002  2.417095986668547E-002
  2.471775267962878E-002  2.471775267962878E-002
  2.527652680638125E-002  2.527652680638125E-002
  2.584752705133694E-002  2.584752705133694E-002
  2.643100241133273E-002  2.643100241133273E-002
  2.702720610965602E-002  2.702720610965602E-002
  2.763639562835083E-002  2.763639562835083E-002
  2.825883273869682E-002  2.825883273869682E-002
  2.889478352973279E-002  2.889478352973279E-002
  2.954451843468912E-002  2.954451843468912E-002
  3.020831225519062E-002  3.020831225519062E-002
  3.088644418308403E-002  3.088644418308403E-002
  3.157919781974122E-002  3.157919781974122E-002
  3.228686119268196E-002  3.228686119268196E-002
  3.300972676935604E-002  3.300972676935604E-002
  3.374809146791848E-002  3.374809146791848E-002
  3.450225666482603E-002  3.450225666482603E-002
  3.527252819907807E-002  3.527252819907807E-002
  3.605921637291905E-002  3.605921637291905E-002
  3.686263594881407E-002  3.686263594881407E-002
  3.768310614250388E-002  3.768310614250388E-002
  3.852095061193969E-002  3.852095061193969E-002
  3.937649744189288E-002  3.937649744189288E-002
  4.025007912402907E-002  4.025007912402907E-002
  4.114203253223053E-002  4.114203253223053E-002
  4.205269889294534E-002  4.205269889294534E-002
  4.298242375033767E-002  4.298242375033767E-002
  4.393155692600578E-002  4.393155692600578E-002
  4.490045247303227E-002  4.490045247303227E-002
  4.588946862412471E-002  4.588946862412471E-002
  4.689896773359951E-002  4.689896773359951E-002
  4.792931621295931E-002  4.792931621295931E-002
  4.898088445980820E-002  4.898088445980820E-002
  5.005404677984605E-002  5.005404677984605E-002
  5.114918130167981E-002  5.114918130167981E-002
  5.226666988418510E-002  5.226666988418510E-002
  5.340689801615028E-002  5.340689801615028E-002
  5.457025470793123E-002  5.457025470793123E-002
  5.575713237484388E-002  5.575713237484388E-002
  5.696792671201936E-002  5.696792671201936E-002
  5.820303656044620E-002  5.820303656044620E-002
  5.946286376392323E-002  5.946286376392323E-002
  6.074781301664709E-002  6.074781301664709E-002
  6.205829170115894E-002  6.205829170115894E-002
  6.339470971637666E-002  6.339470971637666E-002
  6.475747929544114E-002  6.475747929544114E-002
  6.614701481310861E-002  6.614701481310861E-002
  6.756373258242397E-002  6.756373258242397E-002
  6.900805064041622E-002  6.900805064041622E-002
  7.048038852256247E-002  7.048038852256247E-002
  7.198116702577298E-002  7.198116702577298E-002
  7.351080795965939E-002  7.351080795965939E-002
  7.506973388585568E-002  7.506973388585568E-002
  7.665836784517265E-002  7.665836784517265E-002
  7.827713307237776E-002  7.827713307237776E-002
  7.992645269840513E-002  7.992645269840513E-002
  8.160674943981440E-002  8.160674943981440E-002
  8.331844527533216E-002  8.331844527533216E-002
  8.506196110932913E-002  8.506196110932913E-002
  8.683771642209941E-002  8.683771642209941E-002
  8.864612890683451E-002  8.864612890683451E-002
  9.048761409320118E-002  9.048761409320118E-002
  9.236258495745775E-002  9.236258495745775E-002
  9.427145151906832E-002  9.427145151906832E-002
  9.621462042379890E-002  9.621462042379890E-002
  9.819249451331068E-002  9.819249451331068E-002
  0.100205472381292       0.100205472381292     
  0.102253947916205       0.102253947916205     
  0.104338309830758       0.104338309830758     
  0.106458941178235       0.106458941178235     
  0.108616218855888       0.108616218855888     
  0.110810513095577       0.110810513095577     
  0.113042186941950       0.113042186941950     
  0.115311595718440       0.115311595718440     
  0.117619086481439       0.117619086481439     
  0.119964997463034       0.119964997463034     
  0.122349657502738       0.122349657502738     
  0.124773385468713       0.124773385468713     
  0.127236489669011       0.127236489669011     
  0.129739267253418       0.129739267253418     
  0.132282003606555       0.132282003606555     
  0.134864971732902       0.134864971732902     
  0.137488431634522       0.137488431634522     
  0.140152629682256       0.140152629682256     
  0.142857797981269       0.142857797981269     
  0.145604153731846       0.145604153731846     
  0.148391898586416       0.148391898586416     
  0.151221218003818       0.151221218003818     
  0.154092280601902       0.154092280601902     
  0.157005237509596       0.157005237509596     
  0.159960221719631       0.159960221719631     
  0.162957347443173       0.162957347443173     
  0.165996709467652       0.165996709467652     
  0.169078382519159       0.169078382519159     
  0.172202420630782       0.172202420630782     
  0.175368856518350       0.175368856518350     
  0.178577700965073       0.178577700965073     
  0.181828942216606       0.181828942216606     
  0.185122545388116       0.185122545388116     
  0.188458451884961       0.188458451884961     
  0.191836578838627       0.191836578838627     
  0.195256818559581       0.195256818559581     
  0.198719038008748       0.198719038008748     
  0.202223078289314       0.202223078289314     
  0.205768754160593       0.205768754160593     
  0.209355853575675       0.209355853575675     
  0.212984137244616       0.212984137244616     
  0.216653338224882       0.216653338224882     
  0.220363161540796       0.220363161540796     
  0.224113283833672       0.224113283833672     
  0.227903353044352       0.227903353044352     
  0.231732988129782       0.231732988129782     
  0.235601778815257       0.235601778815257     
  0.239509285383916       0.239509285383916     
  0.243455038505011       0.243455038505011     
  0.247438539102424       0.247438539102424     
  0.251459258264819       0.251459258264819     
  0.255516637198787       0.255516637198787     
  0.259610087226200       0.259610087226200     
  0.263738989826968       0.263738989826968     
  0.267902696728235       0.267902696728235     
  0.272100530040992       0.272100530040992     
  0.276331782444971       0.276331782444971     
  0.280595717422528       0.280595717422528     
  0.284891569542166       0.284891569542166     
  0.289218544792153       0.289218544792153     
  0.293575820964625       0.293575820964625     
  0.297962548090350       0.297962548090350     
  0.302377848924264       0.302377848924264     
  0.306820819481680       0.306820819481680     
  0.311290529624954       0.311290529624954     
  0.315786023700234       0.315786023700234     
  0.320306321223754       0.320306321223754     
  0.324850417616979       0.324850417616979     
  0.329417284989772       0.329417284989772     
  0.334005872970550       0.334005872970550     
  0.338615109582297       0.338615109582297     
  0.343243902163091       0.343243902163091     
  0.347891138329691       0.347891138329691     
  0.352555686982562       0.352555686982562     
  0.357236399350559       0.357236399350559     
  0.361932110073380       0.361932110073380     
  0.366641638319730       0.366641638319730     
  0.371363788939025       0.371363788939025     
  0.376097353644343       0.376097353644343     
  0.380841112224199       0.380841112224199     
  0.385593833780632       0.385593833780632     
  0.390354277990978       0.390354277990978     
  0.395121196390616       0.395121196390616     
  0.399893333673909       0.399893333673909     
  0.404669429010465       0.404669429010465     
  0.409448217373812       0.409448217373812     
  0.414228430879515       0.414228430879515     
  0.419008800129735       0.419008800129735     
  0.423788055561201       0.423788055561201     
  0.428564928793556       0.428564928793556     
  0.433338153975032       0.433338153975032     
  0.438106469122428       0.438106469122428     
  0.442868617452379       0.442868617452379     
  0.447623348700929       0.447623348700929     
  0.452369420428504       0.452369420428504     
  0.457105599307380       0.457105599307380     
  0.461830662388854       0.461830662388854     
  0.466543398347390       0.466543398347390     
  0.471242608699082       0.471242608699082     
  0.475927108991912       0.475927108991912     
  0.480595729965327       0.480595729965327     
  0.485247318676844       0.485247318676844     
  0.489880739593454       0.489880739593454     
  0.494494875645757       0.494494875645757     
  0.499088629242881       0.499088629242881     
  0.503660923246393       0.503660923246393     
  0.508210701901532       0.508210701901532     
  0.512736931724264       0.512736931724264     
  0.517238602342812       0.517238602342812     
  0.521714727292434       0.521714727292434     
  0.526164344762449       0.526164344762449     
  0.530586518294575       0.530586518294575     
  0.534980337431887       0.534980337431887     
  0.539344918317816       0.539344918317816     
  0.543679404244758       0.543679404244758     
  0.547982966152053       0.547982966152053     
  0.552254803073208       0.552254803073208     
  0.556494142532403       0.556494142532403     
  0.560700240890477       0.560700240890477     
  0.564872383640693       0.564872383640693     
  0.569009885654747       0.569009885654747     
  0.573112091379616       0.573112091379616     
  0.577178374985939       0.577178374985939     
  0.581208140468763       0.581208140468763     
  0.585200821701593       0.585200821701593     
  0.589155882444776       0.589155882444776     
  0.593072816309387       0.593072816309387     
  0.596951146677802       0.596951146677802     
  0.600790426582295       0.600790426582295     
  0.604590238543056       0.604590238543056     
  0.608350194367051       0.608350194367051     
  0.612069934909259       0.612069934909259     
  0.615749129797853       0.615749129797853     
  0.619387477124923       0.619387477124923     
  0.622984703104416       0.622984703104416     
  0.626540561698941       0.626540561698941     
  0.630054834217166       0.630054834217166     
  0.633527328883537       0.633527328883537     
  0.636957880382027       0.636957880382027     
  0.640346349375669       0.640346349375669     
  0.643692622003616       0.643692622003616     
  0.646996609357425       0.646996609357425     
  0.650258246938340       0.650258246938340     
  0.653477494097207       0.653477494097207     
  0.656654333458733       0.656654333458733     
  0.659788770331749       0.659788770331749     
  0.662880832107064       0.662880832107064     
  0.665930567644505       0.665930567644505     
  0.668938046650708       0.668938046650708     
  0.671903359049120       0.671903359049120     
  0.674826614343724       0.674826614343724     
  0.677707940977849       0.677707940977849     
  0.680547485689453       0.680547485689453     
  0.683345412864200       0.683345412864200     
  0.686101903887560       0.686101903887560     
  0.688817156497162       0.688817156497162     
  0.691491384136545       0.691491384136545     
  0.694124815311383       0.694124815311383     
  0.696717692949273       0.696717692949273     
  0.699270273763999       0.699270273763999     
  0.701782827625253       0.701782827625253     
  0.704255636934665       0.704255636934665     
  0.706688996008954       0.706688996008954     
  0.709083210470956       0.709083210470956     
  0.711438596649252       0.711438596649252     
  0.713755480987020       0.713755480987020     
  0.716034199460746       0.716034199460746     
  0.718275097009303       0.718275097009303     
  0.720478526973916       0.720478526973916     
  0.722644850549479       0.722644850549479     
  0.724774436247581       0.724774436247581     
  0.726867659371637       0.726867659371637     
  0.728924901504427       0.728924901504427     
  0.730946550008282       0.730946550008282     
  0.732932997538205       0.732932997538205     
  0.734884641568060       0.734884641568060     
  0.736801883930002       0.736801883930002     
  0.738685130367282       0.738685130367282     
  0.740534790100478       0.740534790100478     
  0.742351275407225       0.742351275407225     
  0.744135001215466       0.744135001215466     
  0.745886384710183       0.745886384710183     
  0.747605844953630       0.747605844953630     
  0.749293802518956       0.749293802518956     
  0.750950679137146       0.750950679137146     
  0.752576897357207       0.752576897357207     
  0.754172880219425       0.754172880219425     
  0.755739050941586       0.755739050941586     
  0.757275832617969       0.757275832617969     
  0.758783647930959       0.758783647930959     
  0.760262918875078       0.760262918875078     
  0.761714066493219       0.761714066493219     
  0.763137510624868       0.763137510624868     
  0.764533669666114       0.764533669666114     
  0.765902960341164       0.765902960341164     
  0.767245797485147       0.767245797485147     
  0.768562593837956       0.768562593837956     
  0.769853759848841       0.769853759848841     
  0.771119703491537       0.771119703491537     
  0.772360830089608       0.772360830089608     
  0.773577542151753       0.773577542151753     
  0.774770239216828       0.774770239216828     
  0.775939317708269       0.775939317708269     
  0.777085170797645       0.777085170797645     
  0.778208188277094       0.778208188277094     
  0.779308756440313       0.779308756440313     
  0.780387257971893       0.780387257971893     
  0.781444071844653       0.781444071844653     
  0.782479573224742       0.782479573224742     
  0.783494133384233       0.783494133384233     
  0.784488119620933       0.784488119620933     
  0.785461895185146       0.785461895185146     
  0.786415819213115       0.786415819213115     
  0.787350246666917       0.787350246666917     
  0.788265528280520       0.788265528280520     
  0.789162010511773       0.789162010511773     
  0.790040035500075       0.790040035500075     
  0.790899941029483       0.790899941029483     
  0.791742060497035       0.791742060497035     
  0.792566722886030       0.792566722886030     
  0.793374252744054       0.793374252744054     
  0.794164970165545       0.794164970165545     
  0.794939190778649       0.794939190778649     
  0.795697225736183       0.795697225736183     
  0.796439381710474       0.796439381710474     
  0.797165960891900       0.797165960891900     
  0.797877260990922       0.797877260990922     
  0.798573575243413       0.798573575243413     
  0.799255192419103       0.799255192419103     
  0.799922396832964       0.799922396832964     
  0.800575468359359       0.800575468359359     
  0.801214682448775       0.801214682448775     
  0.801840310146979       0.801840310146979     
  0.802452618116440       0.802452618116440     
  0.803051868659861       0.803051868659861     
  0.803638319745664       0.803638319745664     
  0.804212225035262       0.804212225035262     
  0.804773833912029       0.804773833912029     
  0.805323391511763       0.805323391511763     
  0.805861138754547       0.805861138754547     
  0.806387312377865       0.806387312377865     
  0.806902144970835       0.806902144970835     
  0.807405865009458       0.807405865009458     
  0.807898696892732       0.807898696892732     
  0.808380860979517       0.808380860979517     
  0.808852573626060       0.808852573626060     
  0.809314047224035       0.809314047224035     
  0.809765490239000       0.809765490239000     
  0.810207107249147       0.810207107249147     
  0.810639098984266       0.810639098984266     
  0.811061662364786       0.811061662364786     
  0.811474990540801       0.811474990540801     
  0.811879272930965       0.811879272930965     
  0.812274695261174       0.812274695261174     
  0.812661439602912       0.812661439602912     
  0.813039684411155       0.813039684411155     
  0.813409604561748       0.813409604561748     
  0.813771371388124       0.813771371388124     
  0.814125152717294       0.814125152717294     
  0.814471112904960       0.814471112904960     
  0.814809412869674       0.814809412869674     
  0.815140210125920       0.815140210125920     
  0.815463658816006       0.815463658816006     
  0.815779909740650       0.815779909740650     
  0.816089110388137       0.816089110388137     
  0.816391404961937       0.816391404961937     
  0.816686934406633       0.816686934406633     
  0.816975836432049       0.816975836432049     
  0.817258245535420       0.817258245535420     
  0.817534293021477       0.817534293021477     
  0.817804107020276       0.817804107020276     
  0.818067812502629       0.818067812502629     
  0.818325531292958       0.818325531292958     
  0.818577382079408       0.818577382079408     
  0.818823480421005       0.818823480421005     
  0.819063938751710       0.819063938751710     
  0.819298866381102       0.819298866381102     
  0.819528369491525       0.819528369491525     
  0.819752551131416       0.819752551131416     
  0.819971511204600       0.819971511204600     
  0.820185346455269       0.820185346455269     
  0.820394150448370       0.820394150448370     
  0.820598013545084       0.820598013545084     
  0.820797022873110       0.820797022873110     
  0.820991262291371       0.820991262291371     
  0.821180812348805       0.821180812348805     
  0.821365750236844       0.821365750236844     
  0.821546149735142       0.821546149735142     
  0.821722081150159       0.821722081150159     
  0.821893611246067       0.821893611246067     
  0.822060803167487       0.822060803167487     
  0.822223716353555       0.822223716353555     
  0.822382406442660       0.822382406442660     
  0.822536925167291       0.822536925167291     
  0.822687320238305       0.822687320238305     
  0.822833635217886       0.822833635217886     
  0.822975909380484       0.822975909380484     
  0.823114177560848       0.823114177560848     
  0.823248469988334       0.823248469988334     
  0.823378812106537       0.823378812106537     
  0.823505224377239       0.823505224377239     
  0.823627722067608       0.823627722067608     
  0.823746315019518       0.823746315019518     
  0.823861007399732       0.823861007399732     
  0.823971797429693       0.823971797429693     
  0.824078677093461       0.824078677093461     
  0.824181631822339       0.824181631822339     
  0.824280640154589       0.824280640154589     
  0.824375673368497       0.824375673368497     
  0.824466695086982       0.824466695086982     
  0.824553660851797       0.824553660851797     
  0.824636517665208       0.824636517665208     
  0.824715203496953       0.824715203496953     
  0.824789646754080       0.824789646754080     
  0.824859765711107       0.824859765711107     
  0.824925467897839       0.824925467897839     
  0.824986649441879       0.824986649441879     
  0.825043194362807       0.825043194362807     
  0.825094973814679       0.825094973814679     
  0.825141845273377       0.825141845273377     
  0.825183651665055       0.825183651665055     
  0.825220220431682       0.825220220431682     
  0.825251362529466       0.825251362529466     
  0.825276871355645       0.825276871355645     
  0.825296521598839       0.825296521598839     
  0.825310068007875       0.825310068007875     
  0.825317244073682       0.825317244073682     
  0.825317760618509       0.825317760618509     
  0.825311304286390       0.825311304286390     
  0.825297535928400       0.825297535928400     
  0.825276088875893       0.825276088875893     
  0.825246567094514       0.825246567094514     
  0.825208543211373       0.825208543211373     
  0.825161556407343       0.825161556407343     
  0.825105110166046       0.825105110166046     
  0.825038669870640       0.825038669870640     
  0.824961660239056       0.824961660239056     
  0.824873462587943       0.824873462587943     
  0.824773411915064       0.824773411915064     
  0.824660793789507       0.824660793789507     
  0.824534841038616       0.824534841038616     
  0.824394730220103       0.824394730220103     
  0.824239577867469       0.824239577867469     
  0.824068436496452       0.824068436496452     
  0.823880290359928       0.823880290359928     
  0.823674050938406       0.823674050938406     
  0.823448552153091       0.823448552153091     
  0.823202545288366       0.823202545288366     
  0.822934693610538       0.822934693610538     
  0.822643566669822       0.822643566669822     
  0.822327634272819       0.822327634272819     
  0.821985260113194       0.821985260113194     
  0.821614695048924       0.821614695048924     
  0.821214070015430       0.821214070015430     
  0.820781388565099       0.820781388565099     
  0.820314519025283       0.820314519025283     
  0.819811186268779       0.819811186268779     
  0.819268963093247       0.819268963093247     
  0.818685261208906       0.818685261208906     
  0.818057321837397       0.818057321837397     
  0.817382205928888       0.817382205928888     
  0.816656784009448       0.816656784009448     
  0.815877725676573       0.815877725676573     
  0.815041488767488       0.815041488767488     
  0.814144308232758       0.814144308232758     
  0.813182184756774       0.813182184756774     
  0.812150873177083       0.812150873177083     
  0.811045870766365       0.811045870766365     
  0.809862405454262       0.809862405454262     
  0.808595424081408       0.808595424081408     
  0.807239580794990       0.807239580794990     
  0.805789225714068       0.805789225714068     
  0.804238394013878       0.804238394013878     
  0.802580795601478       0.802580795601478     
  0.800809805580380       0.800809805580380     
  0.798918455729317       0.798918455729317     
  0.796899427249925       0.796899427249925     
  0.794745045069748       0.794745045069748     
  0.792447274020475       0.792447274020475     
  0.789997717246220       0.789997717246220     
  0.787387617232634       0.787387617232634     
  0.784607859884147       0.784607859884147     
  0.781648982112674       0.781648982112674     
  0.778501183435958       0.778501183435958     
  0.775154342116063       0.775154342116063     
  0.771598036396855       0.771598036396855     
  0.767821571422033       0.767821571422033     
  0.763814012430304       0.763814012430304     
  0.759564224829423       0.759564224829423     
  0.755060921743423       0.755060921743423     
  0.750292719604759       0.750292719604759     
  0.745248202322169       0.745248202322169     
  0.739915994492835       0.739915994492835     
  0.734284844040678       0.734284844040678     
  0.728343714548418       0.728343714548418     
  0.722081887406633       0.722081887406633     
  0.715489073726227       0.715489073726227     
  0.708555535750157       0.708555535750157     
  0.701272217255338       0.701272217255338     
  0.693630882157539       0.693630882157539     
  0.685624260223177       0.685624260223177     
  0.677246198456821       0.677246198456821     
  0.668491816378659       0.668491816378659     
  0.659357663041240       0.659357663041240     
  0.649841873271100       0.649841873271100     
  0.639944320272447       0.639944320272447     
  0.629666761413087       0.629666761413087     
  0.619012973745304       0.619012973745304     
  0.607988875615433       0.607988875615433     
  0.596602630604839       0.596602630604839     
  0.584864730040231       0.584864730040231     
  0.572788050429066       0.572788050429066     
  0.560387882428944       0.560387882428944     
  0.547681928356033       0.547681928356033     
  0.534690265778466       0.534690265778466     
  0.521435275420355       0.521435275420355     
  0.507941532407009       0.507941532407009     
  0.494235660790205       0.494235660790205     
  0.480346152274265       0.480346152274265     
  0.466303151082790       0.466303151082790     
  0.452138207920688       0.452138207920688     
  0.437884006952069       0.437884006952069     
  0.423574070586954       0.423574070586954     
  0.409242447606256       0.409242447606256     
  0.394923390718363       0.394923390718363     
  0.380651030002920       0.380651030002920     
  0.366459048839289       0.366459048839289     
  0.352380368831090       0.352380368831090     
  0.338446849928922       0.338446849928922     
  0.324689011436744       0.324689011436744     
  0.311135778890285       0.311135778890285     
  0.297814260953224       0.297814260953224     
  0.284749559529975       0.284749559529975     
  0.271964615287106       0.271964615287106     
  0.259480089753533       0.259480089753533     
  0.247314284175143       0.247314284175143     
  0.235483094370257       0.235483094370257     
  0.223999999999806       0.223999999999806     
