  0.999999703614545       9.083334657228507E-037
  0.999999696703853       9.960596611937356E-037
  0.999999689632026       1.092258389608020E-036
  0.999999682395310       1.197747922089920E-036
  0.999999674989858       1.313425557796347E-036
  0.999999667411736       1.440275256386764E-036
  0.999999659656918       1.579376007631389E-036
  0.999999651721285       1.731911009350000E-036
  0.999999643600620       1.899177731749354E-036
  0.999999635290609       2.082598953766892E-036
  0.999999626786837       2.283734865296419E-036
  0.999999618084786       2.504296338237819E-036
  0.999999609179834       2.746159479254977E-036
  0.999999600067249       3.011381588028327E-036
  0.999999590742189       3.302218656743644E-036
  0.999999581199701       3.621144559668551E-036
  0.999999571434715       3.970872096044110E-036
  0.999999561442043       4.354376065283314E-036
  0.999999551216378       4.774918570755158E-036
  0.999999540752283       5.236076767389385E-036
  0.999999530044203       5.741773289124314E-036
  0.999999519086448       6.296309615014945E-036
  0.999999507873194       6.904402657814948E-036
  0.999999496398487       7.571224886256687E-036
  0.999999484656229       8.302448322311044E-036
  0.999999472640182       9.104292787669815E-036
  0.999999460343962       9.983578809837277E-036
  0.999999447761036       1.094778563785247E-035
  0.999999434884721       1.200511486112647E-035
  0.999999421708174       1.316456017253920E-035
  0.999999408224395       1.443598386920378E-035
  0.999999394426221       1.583020074161707E-035
  0.999999380306321       1.735907006476117E-035
  0.999999365857194       1.903559647363618E-035
  0.999999351071164       2.087404058127562E-035
  0.999999335940373       2.289004028016616E-035
  0.999999320456786       2.510074375886648E-035
  0.999999304612175       2.752495536527024E-035
  0.999999288398121       3.018329555723232E-035
  0.999999271806012       3.309837630110447E-035
  0.999999254827033       3.629499341012811E-035
  0.999999237452162       3.980033745872196E-035
  0.999999219672170       4.364422506671053E-035
  0.999999201477610       4.785935252080575E-035
  0.999999182858815       5.248157389065713E-035
  0.999999163805894       5.755020600513573E-035
  0.999999144308726       6.310836288299291E-035
  0.999999124356950       6.920332246257394E-035
  0.999999103939968       7.588692875000385E-035
  0.999999083046934       8.321603280653318E-035
  0.999999061666746       9.125297632609959E-035
  0.999999039788046       1.000661219164340E-034
  0.999999017399211       1.097304345943028E-034
  0.999998994488346       1.203281194411055E-034
  0.999998971043279       1.319493208427523E-034
  0.999998947051554       1.446928892615790E-034
  0.999998922500425       1.586672220624908E-034
  0.999998897376850       1.739911855454333E-034
  0.999998871667479       1.907951260270297E-034
  0.999998845358657       2.092219785716829E-034
  0.999998818436403       2.294284828030466E-034
  0.999998790886417       2.515865161376008E-034
  0.999998762694060       2.758845557808629E-034
  0.999998733844355       3.025292819220225E-034
  0.999998704321977       3.317473357638286E-034
  0.999998674111238       3.637872473415885E-034
  0.999998643196091       3.989215495293725E-034
  0.999998611560110       4.374490962152264E-034
  0.999998579186489       4.796976043638675E-034
  0.999998546058028       5.260264415897256E-034
  0.999998512157126       5.768296829515155E-034
  0.999998477465775       6.325394629695275E-034
  0.999998441965540       6.936296513779944E-034
  0.999998405637566       7.606198838785974E-034
  0.999998368462550       8.340799821808113E-034
  0.999998330420743       9.146348009260845E-034
  0.999998291491934       1.002969542723927E-033
  0.999998251655442       1.099835586509737E-033
  0.999998210890102       1.206056878800560E-033
  0.999998169174257       1.322536942212942E-033
  0.999998126485745       1.450266560857531E-033
  0.999998082801887       1.590332207982579E-033
  0.999998038099474       1.743925287552093E-033
  0.999997992354759       1.912352268367705E-033
  0.999997945543438       2.097045796935365E-033
  0.999997897640641       2.299576883603134E-033
  0.999997848620920       2.521668265625628E-033
  0.999997798458231       2.765209060821660E-033
  0.999997747125926       3.032270836469347E-033
  0.999997694596732       3.325125230121063E-033
  0.999997640842743       3.646263272221220E-033
  0.999997585835401       3.998416574885401E-033
  0.999997529545482       4.384580567073015E-033
  0.999997471943081       4.808039973792206E-033
  0.999997412997597       5.272396756063584E-033
  0.999997352677712       5.781600749300509E-033
  0.999997290951382       6.339983260716446E-033
  0.999997227785813       6.952293911539419E-033
  0.999997163147447       7.623741037413862E-033
  0.999997097001945       8.360035990636247E-033
  0.999997029314164       9.167441721059678E-033
  0.999996960048145       1.005282604889724E-032
  0.999996889167090       1.102372008256300E-032
  0.999996816633343       1.208838227845323E-032
  0.999996742408365       1.325586868756088E-032
  0.999996666452729       1.453610998644153E-032
  0.999996588726077       1.593999594775630E-032
  0.999996509187119       1.747946806889888E-032
  0.999996427793599       1.916762114660575E-032
  0.999996344502273       2.101881466154353E-032
  0.999996259268892       2.304879492031086E-032
  0.999996172048176       2.527482899379453E-032
  0.999996082793787       2.771585159115929E-032
  0.999995991458308       3.039262611878113E-032
  0.999995897993215       3.332792129409059E-032
  0.999995802348854       3.654670481660238E-032
  0.999995704474413       4.007635574349603E-032
  0.999995604317893       4.394689737621201E-032
  0.999995501826089       4.819125263899518E-032
  0.999995396944548       5.284552412163190E-032
  0.999995289617550       5.794930116842145E-032
  0.999995179788078       6.354599662547569E-032
  0.999995067397784       6.968321611071518E-032
  0.999994952386958       7.641316294756458E-032
  0.999994834694501       8.379308220670758E-032
  0.999994714257887       9.188574763291017E-032
  0.999994591013134       1.007599955987018E-031
  0.999994464894766       1.104913106267114E-031
  0.999994335835782       1.211624674610975E-031
  0.999994203767619       1.328642351495125E-031
  0.999994068620114       1.456961491245047E-031
  0.999993930321470       1.597673578516558E-031
  0.999993788798214       1.751975512460178E-031
  0.999993643975162       1.921179787539256E-031
  0.999993495775375       2.106725657599520E-031
  0.999993344120122       2.310191378151207E-031
  0.999993188928834       2.533307630996112E-031
  0.999993030119066       2.777972245388857E-031
  0.999992867606451       3.046266340949926E-031
  0.999992701304652       3.340472029641299E-031
  0.999992531125321       3.663091827376837E-031
  0.999992356978051       4.016869940381526E-031
  0.999992178770325       4.404815607360243E-031
  0.999991996407469       4.830228696023150E-031
  0.999991809792606       5.296727771690291E-031
  0.999991618826594       5.808280876725149E-031
  0.999991423407984       6.369239282605091E-031
  0.999991223432959       6.984374501721482E-031
  0.999991018795285       7.658918873729299E-031
  0.999990809386246       8.398610071670726E-031
  0.999990595094596       9.209739906438478E-031
  0.999990375806493       1.009920784470575E-030
  0.999990151405441       1.107457969554196E-030
  0.999989921772229       1.214415196489758E-030
  0.999989686784865       1.331702242535174E-030
  0.999989446318514       1.460316750138232E-030
  0.999989200245431       1.601352712839043E-030
  0.999988948434890       1.756009780728168E-030
  0.999988690753122       1.925603464611723E-030
  0.999988427063233       2.111576325678997E-030
  0.999988157225142       2.315510245850704E-030
  0.999987881095500       2.539139883178040E-030
  0.999987598527619       2.784367426742649E-030
  0.999987309371386       3.053278776560845E-030
  0.999987013473192       3.348161286116405E-030
  0.999986710675847       3.671523218437597E-030
  0.999986400818494       4.026115081209290E-030
  0.999986083736525       4.414953022393658E-030
  0.999985759261499       4.841344485359375E-030
  0.999985427221043       5.308916341738026E-030
  0.999985087438767       5.821645741301660E-030
  0.999984739734172       6.383893941265718E-030
  0.999984383922545       7.000443402763989E-030
  0.999984019814870       7.676538470032135E-030
  0.999983647217725       8.417929978309967E-030
  0.999983265933176       9.230924169889565E-030
  0.999982875758678       1.012243633438027E-029
  0.999982476486961       1.110004962944474E-029
  0.999982067905923       1.217207958232396E-029
  0.999981649798519       1.334764482078870E-029
  0.999981221942644       1.463674463514017E-029
  0.999980784111012       1.605034403098661E-029
  0.999980336071042       1.760046699623609E-029
  0.999979877584728       1.930029877561420E-029
  0.999979408408517       2.116429802263043E-029
  0.999978928293178       2.320831978293173E-029
  0.999978436983670       2.544975035511008E-029
  0.999977934219005       2.790765517605685E-029
  0.999977419732112       3.060294098873936E-029
  0.999976893249692       3.355853367175625E-029
  0.999976354492078       3.679957324324242E-029
  0.999975803173081       4.035362769777284E-029
  0.999975238999841       4.425092749510159E-029
  0.999974661672670       4.852462269522887E-029
  0.999974070884895       5.321106492691031E-029
  0.999973466322693       5.835011658794590E-029
  0.999972847664927       6.398548990720881E-029
  0.999972214582970       7.016511875236586E-029
  0.999971566740539       7.694156634576254E-029
  0.999970903793506       8.437247235636402E-029
  0.999970225389728       9.252104317056065E-029
  0.999969531168849       1.014565895119032E-028
  0.999968820762110       1.112551159825638E-028
  0.999968093792164       1.219999675409384E-028
  0.999967349872860       1.337825384140759E-028
  0.999966588609048       1.467030494746622E-028
  0.999965809596370       1.608714006946063E-028
  0.999965012421037       1.764081059258408E-028
  0.999964196659620       1.934453179591788E-028
  0.999963361878816       2.121279525799220E-028
  0.999962507635222       2.326149211809265E-028
  0.999961633475101       2.550804824171579E-028
  0.999960738934141       2.797157243982618E-028
  0.999959823537202       3.067301900259505E-028
  0.999958886798075       3.363536593005107E-028
  0.999957928219212       3.688381037558039E-028
  0.999956947291473       4.044598296461555E-028
  0.999955943493848       4.435218281139090E-028
  0.999954916293184       4.863563523268623E-028
  0.999953865143900       5.333277435052487E-028
  0.999952789487697       5.848355298747820E-028
  0.999951688753270       6.413178249036097E-028
  0.999950562355991       7.032550537264727E-028
  0.999949409697608       7.711740394506899E-028
  0.999948230165927       8.456524840994360E-028
  0.999947023134483       9.273238823042401E-028
  0.999945787962214       1.016882909539234E-027
  0.999944523993112       1.115091330725702E-027
  0.999943230555884       1.222784479461313E-027
  0.999941906963589       1.340878362981591E-027
  0.999940552513279       1.470377453283100E-027
  0.999939166485620       1.612383230673640E-027
  0.999937748144517       1.768103552414140E-027
  0.999936296736718       1.938862926134350E-027
  0.999934811491417       2.126113775399483E-027
  0.999933291619845       2.331448793243160E-027
  0.999931736314852       2.556614488735045E-027
  0.999930144750477       2.803526041798209E-027
  0.999928516081512       3.074283592617714E-027
  0.999926849443051       3.371190104182882E-027
  0.999925143950036       3.696770949884908E-027
  0.999923398696783       4.053795392762644E-027
  0.999921612756502       4.445300139077439E-027
  0.999919785180809       4.874615166539388E-027
  0.999917914999221       5.345392046852645E-027
  0.999916001218639       5.861635003460664E-027
  0.999914042822827       6.427734968634124E-027
  0.999912038771867       7.048506929552453E-027
  0.999909988001611       7.729230881001214E-027
  0.999907889423119       8.475696732980215E-027
  0.999905741922077       9.294253555151654E-027
  0.999903544358208       1.019186357693984E-026
  0.999901295564668       1.117616140253839E-026
  0.999898994347429       1.225551894442986E-026
  0.999896639484644       1.343911662765512E-026
  0.999894229726000       1.473702147039807E-026
  0.999891763792053       1.616027270492891E-026
  0.999889240373556       1.772097566707430E-026
  0.999886658130759       1.943240475269925E-026
  0.999884015692704       2.130911631679274E-026
  0.999881311656494       2.336707247530160E-026
  0.999878544586553       2.562377686257454E-026
  0.999875713013863       2.809842349894811E-026
  0.999872815435189       3.081206003449479E-026
  0.999869850312281       3.378776675720565E-026
  0.999866816071059       3.705085288793890E-026
  0.999863711100778       4.062907183146797E-026
  0.999860533753178       4.455285721416070E-026
  0.999857282341610       4.885558171558294E-026
  0.999853955140141       5.357384089515210E-026
  0.999850550382642       5.874776442751129E-026
  0.999847066261853       6.442135739336672E-026
  0.999843500928427       7.064287452810382E-026
  0.999839852489948       7.746523061075167E-026
  0.999836119009933       8.494645048317779E-026
  0.999832298506802       9.315016252638022E-026
  0.999828388952838       1.021461397902699E-025
  0.999824388273104       1.120108933785371E-025
  0.999820294344353       1.228283231345259E-025
  0.999816104993898       1.346904311612686E-025
  0.999811817998472       1.476981042431069E-025
  0.999807431083039       1.619619718221829E-025
  0.999802941919603       1.776033468255126E-025
  0.999798348125969       1.947552573428035E-025
  0.999793647264488       2.135635779276477E-025
  0.999788836840767       2.341882701417732E-025
  0.999783914302344       2.568047428908670E-025
  0.999778877037350       2.816053441190008E-025
  0.999773722373120       3.088009965455289E-025
  0.999768447574784       3.386229913530117E-025
  0.999763049843819       3.713249550776298E-025
  0.999757526316577       4.071850064261251E-025
  0.999751874062763       4.465081213580381E-025
  0.999746090083895       4.896287265426561E-025
  0.999740171311714       5.369135432416479E-025
  0.999734114606568       5.887647057974010E-025
  0.999727916755756       6.456231812416270E-025
  0.999721574471825       7.079725190987580E-025
  0.999715084390840       7.763429632657361E-025
  0.999708443070610       8.513159609278773E-025
  0.999701646988864       9.335291068457292E-025
  0.999694692541403       1.023681565048912E-024
  0.999687576040191       1.122540014031294E-024
  0.999680293711410       1.230945165991976E-024
  0.999672841693476       1.349818915546335E-024
  0.999665216035000       1.480172178682098E-024
  0.999657412692698       1.623113488602804E-024
  0.999649427529273       1.779858421534676E-024
  0.999641256311224       1.951739932627647E-024
  0.999632894706620       2.140219689817096E-024
  0.999624338282821       2.346900501995212E-024
  0.999615582504135       2.573539947142224E-024
  0.999606622729439       2.822065316266729E-024
  0.999597454209733       3.094590000187890E-024
  0.999588072085634       3.393431458455236E-024
  0.999578471384829       3.721130923148436E-024
  0.999568647019453       4.080475005043922E-024
  0.999558593783415       4.474519385802825E-024
  0.999548306349659       4.906614797562848E-024
  0.999537779267365       5.380435510755811E-024
  0.999527006959085       5.900010572287919E-024
  0.999515983717809       6.469758059592353E-024
  0.999504703703970       7.094522641692046E-024
  0.999493160942375       7.779616766512134E-024
  0.999481349319073       8.530865824495399E-024
  0.999469262578137       9.354657672361212E-024
  0.999456894318390       1.025799693789705E-023
  0.999444237990041       1.124856456729458E-023
  0.999431286891253       1.233478312108635E-023
  0.999418034164631       1.352588837358114E-023
  0.999404472793623       1.483200782425113E-023
  0.999390595598848       1.626424678824767E-023
  0.999376395234334       1.783478279761173E-023
  0.999361864183674       1.955696911534812E-023
  0.999346994756086       2.144544824194784E-023
  0.999331779082396       2.351627637882793E-023
  0.999316209110919       2.578705990623342E-023
  0.999300276603246       2.827710503520140E-023
  0.999283973129946       3.100758190508960E-023
  0.999267290066154       3.400170452086987E-023
  0.999250218587070       3.728492805892295E-023
  0.999232749663354       4.088516521758663E-023
  0.999214874056411       4.483302345045524E-023
  0.999196582313574       4.916206509777915E-023
  0.999177864763176       5.390909262577161E-023
  0.999158711509508       5.911446139684724E-023
  0.999139112427665       6.482242262760128E-023
  0.999119057158275       7.108149944767463E-023
  0.999098535102107       7.794489925370902E-023
  0.999077535414557       8.547096586076882E-023
  0.999056047000012       9.372367529149769E-023
  0.999034058506083       1.027731794137619E-022
  0.999011558317706       1.126964020437456E-022
  0.998988534551119       1.235776925768543E-022
  0.998964975047691       1.355095426971231E-022
  0.998940867367619       1.485933722512662E-022
  0.998916198783484       1.629403909605692E-022
  0.998890956273653       1.786725432875111E-022
  0.998865126515548       1.959235444797441E-022
  0.998838695878748       2.148400165878589E-022
  0.998811650417940       2.355827341017666E-022
  0.998783975865722       2.583279897807299E-022
  0.998755657625232       2.832690922719580E-022
  0.998726680762620       3.106180082308895E-022
  0.998697029999341       3.406071628822868E-022
  0.998666689704295       3.734914143054611E-022
  0.998635643885769       4.095502182006986E-022
  0.998603876183214       4.490900015097844E-022
  0.998571369858836       4.924467650350703E-022
  0.998538107788995       5.399889371438373E-022
  0.998504072455418       5.921205027741969E-022
  0.998469245936214       6.492844342934881E-022
  0.998433609896695       7.119664533198353E-022
  0.998397145579979       7.806991554238888E-022
  0.998359833797406       8.560665327045508E-022
  0.998321654918727       9.387089326057094E-022
  0.998282588862078       1.029328495039226E-021
  0.998242615083743       1.128695113933939E-021
  0.998201712567678       1.237652973775556E-021
  0.998159859814814       1.357127716575589E-021
  0.998117034832123       1.488134300050241E-021
  0.998073215121444       1.631785613647417E-021
  0.998028377668063       1.789301925481537E-021
  0.997982498929046       1.962021240275638E-021
  0.997935554821317       2.151410656128098E-021
  0.997887520709475       2.359078816382265E-021
  0.997838371393349       2.586789562152907E-021
  0.997788081095277       2.836476901232122E-021
  0.997736623447119       3.110261420245004E-021
  0.997683971476977       3.410468279146131E-021
  0.997630097595643       3.739646940545121E-021
  0.997574973582744       4.100592801036118E-021
  0.997518570572587       4.496370907806147E-021
  0.997460859039716       4.930341961446898E-021
  0.997401808784143       5.406190825242194E-021
  0.997341388916271       5.927957782413096E-021
  0.997279567841497       6.500072806052547E-021
  0.997216313244488       7.127393131968327E-021
  0.997151592073114       7.815244452591500E-021
  0.997085370522056       8.569466080733328E-021
  0.997017614016056       9.396460465544653E-021
  0.996948287192818       1.030324747983138E-020
  0.996877353885555       1.129752393821776E-020
  0.996804777105165       1.238772884986555E-020
  0.996730519022031       1.358311495792438E-020
  0.996654540947454       1.489382717101498E-020
  0.996576803314692       1.633098855027943E-020
  0.996497265659605       1.790679457936127E-020
  0.996415886600907       1.963461651464143E-020
  0.996332623820008       2.152911468974018E-020
  0.996247434040448       2.360636273234764E-020
  0.996160273006898       2.588398374357135E-020
  0.996071095463751       2.838129959096378E-020
  0.995979855133264       3.111949457706486E-020
  0.995886504693270       3.412179486659268E-020
  0.995790995754430       3.741366518836083E-020
  0.995693278837039       4.102302447370729E-020
  0.995593303347367       4.498048225291280E-020
  0.995491017553520       4.931959780610428E-020
  0.995386368560841       5.407716425695139E-020
  0.995279302286806       5.929352000767910E-020
  0.995169763435443       6.501289014429954E-020
  0.995057695471249       7.128376069344266E-020
  0.994943040592593       7.815928888885279E-020
  0.994825739704613       8.569775290883657E-020
  0.994705732391584       9.396304487823045E-020
  0.994582956888774       1.030252112925922E-019
  0.994457350053740       1.129610454213474E-019
  0.994328847337108       1.238547366838868E-019
  0.994197382752781       1.357985824717566E-019
  0.994062888847610       1.488937684151311E-019
  0.993925296670487       1.632512236670728E-019
  0.993784535740885       1.789925584094916E-019
  0.993640534016802       1.962510914754584E-019
  0.993493217862142       2.151729767393831E-019
  0.993342512013497       2.359184377558340E-019
  0.993188339546341       2.586631210363786E-019
  0.993030621840614       2.835995793493224E-019
  0.992869278545714       3.109388975179092E-019
  0.992704227544871       3.409124743875036E-019
  0.992535384918900       3.737739759414376E-019
  0.992362664909347       4.098014759794577E-019
  0.992185979880996       4.492998023439766E-019
  0.992005240283755       4.926031084006682E-019
  0.991820354613905       5.400776913656207E-019
  0.991631229374713       5.921250811369500E-019
  0.991437769036412       6.491854255515795E-019
  0.991239875995522       7.117412004665743E-019
  0.991037450533546       7.803212757795192E-019
  0.990830390775007       8.555053714763920E-019
  0.990618592644846       9.379289410528462E-019
  0.990401949825159       1.028288523222672E-018
  0.990180353711304       1.127347606734964E-018
  0.989953693367350       1.235943057401395E-018
  0.989721855480876       1.354992161122374E-018
  0.989484724317140       1.485500341834285E-018
  0.989242181672594       1.628569618921851E-018
  0.988994106827768       1.785407874796188E-018
  0.988740376499519       1.957339010080917E-018
  0.988480864792653       2.145814071231290E-018
  0.988215443150924       2.352423443495187E-018
  0.987943980307421       2.578910210976535E-018
  0.987666342234347       2.827184795253601E-018
  0.987382392092201       3.099340994616327E-018
  0.987091990178380       3.397673557605090E-018
  0.986794993875195       3.724697437253178E-018
  0.986491257597337       4.083168886360675E-018
  0.986180632738792       4.476108569372170E-018
  0.985862967619224       4.906826883119009E-018
  0.985538107429845       5.378951696954706E-018
  0.985205894178795       5.896458742808468E-018
  0.984866166636039       6.463704907568871E-018
  0.984518760277819       7.085464704165950E-018
  0.984163507230675       7.766970223939099E-018
  0.983800236215070       8.513954901573398E-018
  0.983428772488632       9.332701455290311E-018
  0.983048937789053       1.023009439934435E-017
  0.982660550276688       1.121367756348311E-017
  0.982263424476859       1.229171709517723E-017
  0.981857371221931       1.347327046545135E-017
  0.981442197593180       1.476826204840992E-017
  0.981017706862502       1.618756589844783E-017
  0.980583698434003       1.774309640809967E-017
  0.980139967785527       1.944790759398510E-017
  0.979686306410154       2.131630182886766E-017
  0.979222501757744       2.336394891502679E-017
  0.978748337176555       2.560801647856195E-017
  0.978263591855026       2.806731275657957E-017
  0.977768040763754       3.076244295019142E-017
  0.977261454597763       3.371598042668302E-017
  0.976743599719102       3.695265417496680E-017
  0.976214238099882       4.049955405047754E-017
  0.975673127265786       4.438635549004187E-017
  0.975120020240178       4.864556553509950E-017
  0.974554665488850       5.331279217422037E-017
  0.973976806865542       5.842703920450550E-017
  0.973386183558289       6.403102901766794E-017
  0.972782530036717       7.017155594197979E-017
  0.972165576000381       7.689987301761127E-017
  0.971535046328259       8.427211535210657E-017
  0.970890661029498       9.234976349693830E-017
  0.970232135195555       1.012001506075574E-016
  0.969559178953827       1.108970175006042E-016
  0.968871497422924       1.215211201057013E-016
  0.968168790669695       1.331608942284843E-016
  0.967450753668158       1.459131829994815E-016
  0.966717076260486       1.598840328836736E-016
  0.965967443120169       1.751895646718859E-016
  0.965201533717546       1.919569264718117E-016
  0.964419022287841       2.103253363679878E-016
  0.963619577801884       2.304472231314471E-016
  0.962802863939685       2.524894741364829E-016
  0.961968539067044       2.766348004898899E-016
  0.961116256215391       3.030832303036470E-016
  0.960245663065029       3.320537420522955E-016
  0.959356401932009       3.637860510588723E-016
  0.958448109758816       3.985425633565207E-016
  0.957520418109098       4.366105124858488E-016
  0.956572953166648       4.783042962206160E-016
  0.955605335738875       5.239680317771111E-016
  0.954617181264982       5.739783497672971E-016
  0.953608099829109       6.287474490151664E-016
  0.952577696178674       6.887264363835222E-016
  0.951525569748183       7.544089779696469E-016
  0.950451314688731       8.263352904392955E-016
  0.949354519903522       9.050965038969824E-016
  0.948234769089615       9.913394305558010E-016
  0.947091640786224       1.085771776593067E-015
  0.945924708429832       1.189167837981655E-015
  0.944733540416415       1.302374724795694E-015
  0.943517700171087       1.426319162530280E-015
  0.942276746225437       1.562014923377076E-015
  0.941010232302898       1.710570945192969E-015
  0.939717707412444       1.873200201121572E-015
  0.938398715950926       2.051229388514705E-015
  0.937052797814387       2.246109511993593E-015
  0.935679488518650       2.459427442231260E-015
  0.934278319329542       2.692918539376230E-015
  0.932848817403045       2.948480438024797E-015
  0.931390505935748       3.228188099340947E-015
  0.929902904325881       3.534310245380195E-015
  0.928385528345313       3.869327300962146E-015
  0.926837890322824       4.235950979627694E-015
  0.925259499338969       4.637145662388020E-015
  0.923649861432898       5.076151731207572E-015
  0.922008479821432       5.556511033552713E-015
  0.920334855130728       6.082094669980131E-015
  0.918628485640856       6.657133313740611E-015
  0.916888867543585       7.286250289849444E-015
  0.915115495213712       7.974497661149461E-015
  0.913307861494204       8.727395590700644E-015
  0.911465457995452       9.550975273517790E-015
  0.909587775408926       1.045182575640194E-014
  0.907674303835466       1.143714499254280E-014
  0.905724533128501       1.251479550789257E-014
  0.903737953252394       1.369336508922464E-014
  0.901714054656157       1.498223293950991E-014
  0.899652328662724       1.639164178499972E-014
  0.897552267873968       1.793277646044953E-014
  0.895413366591621       1.961784954452206E-014
  0.893235121254222       2.146019466686416E-014
  0.891017030890213       2.347436816197534E-014
  0.888758597587257       2.567625980311585E-014
  0.886459326977827       2.808321341250793E-014
  0.884118728741099       3.071415821235939E-014
  0.881736317121106       3.358975185521239E-014
  0.879311611461133       3.673253615225189E-014
  0.876844136754248       4.016710660499388E-014
  0.874333424209835       4.392029693974832E-014
  0.871779011835975       4.802137994599050E-014
  0.869180445037446       5.250228602989998E-014
  0.866537277229081       5.739784101350346E-014
  0.863849070464176       6.274602483880943E-014
  0.861115396077591       6.858825297581978E-014
  0.858335835343120       7.496968248418307E-014
  0.855509980144670       8.193954484141007E-014
  0.852637433660718       8.955150782697068E-014
  0.849717811061468       9.786406894227188E-014
  0.846750740218064       1.069409830525916E-013
  0.843735862423148       1.168517271597163E-013
  0.840672833122004       1.276720054545933E-013
  0.837561322653458       1.394842980591405E-013
  0.834401016999618       1.523784571469617E-013
  0.831191618543526       1.664523544356816E-013
  0.827932846833654       1.818125843706734E-013
  0.824624439354170       1.985752276729471E-013
  0.821266152299808       2.168666803048882E-013
  0.817857761354095       2.368245533185101E-013
  0.814399062469649       2.585986494942121E-013
  0.810889872649168       2.823520231561619E-013
  0.807330030725691       3.082621300660052E-013
  0.803719398140611       3.365220748524604E-013
  0.800057859717898       3.673419640335439E-013
  0.796345324432890       4.009503733339401E-013
  0.792581726173982       4.375959386958982E-013
  0.788767024495446       4.775490811317460E-013
  0.784901205359631       5.211038763737259E-013
  0.780984281866629       5.685800811466527E-013
  0.777016294969583       6.203253288255852E-013
  0.772997314173641       6.767175082491936E-013
  0.768927438216611       7.381673405452061E-013
  0.764806795729295       8.051211699929052E-013
  0.760635545873454       8.780639862053146E-013
  0.756413878955363       9.575226962670113E-013
  0.752142017012846       1.044069666919528E-012
  0.747820214373722       1.138326558452657E-012
  0.743448758183556       1.240968473644703E-012
  0.739027968900632       1.352728446906704E-012
  0.734558200756056       1.474402300734022E-012
  0.730039842176934       1.606853898663723E-012
  0.725473316170591       1.751020826188418E-012
  0.720859080667826       1.907920533498333E-012
  0.716197628823249       2.078656976525693E-012
  0.711489489270790       2.264427795562210E-012
  0.706735226332546       2.466532073725994E-012
  0.701935440179187       2.686378720783474E-012
  0.697090766940222       2.925495531301679E-012
  0.692201878762526       3.185538969833625E-012
  0.687269483815620       3.468304739843781E-012
  0.682294326242285       3.775739197381453E-012
  0.677277186053247       4.109951675129305E-012
  0.672218878964739       4.473227787415277E-012
  0.667120256177928       4.868043792103616E-012
  0.661982204099297       5.297082091001442E-012
  0.656805644001246       5.763247956559725E-012
  0.651591531622301       6.269687579242503E-012
  0.646340856706520       6.819807537018409E-012
  0.641054642481801       7.417295796029562E-012
  0.635733945077028       8.066144359652241E-012
  0.630379852878109       8.770673691922228E-012
  0.624993485823186       9.535559050698765E-012
  0.619575994637460       1.036585887603134E-011
  0.614128560008272       1.126704539002298E-011
  0.608652391701244       1.224503757610639E-011
  0.603148727618525       1.330623671812215E-011
  0.597618832800318       1.445756469297355E-011
  0.592063998371098       1.570650522499618E-011
  0.586485540432094       1.706114832559363E-011
  0.580884798901802       1.853023815822916E-011
  0.575263136306477       2.012322458660918E-011
  0.569621936522722       2.185031868293448E-011
  0.563962603474472       2.372255249352456E-011
  0.558286559786833       2.575184338103866E-011
  0.552595245399380       2.795106328603225E-011
  0.546890116141691       3.033411327581641E-011
  0.541172642274018       3.291600377565252E-011
  0.535444306996122       3.571294090635063E-011
  0.529706604927436       3.874241938348723E-011
  0.523961040561812       4.202332246687307E-011
  0.518209126700218       4.557602948474463E-011
  0.512452382864819       4.942253149560233E-011
  0.506692333697963       5.358655569186298E-011
  0.500930507349651       5.809369919373272E-011
  0.495168433857094       6.297157292916198E-011
  0.489407643520018       6.824995634663974E-011
  0.483649665275372       7.396096376218140E-011
  0.477896025075117       8.013922320041918E-011
  0.472148244270740       8.682206865250529E-011
  0.466407838008127       9.404974674090026E-011
  0.460676313636381       1.018656388533623E-010
  0.454955169134130       1.103164998859312E-010
  0.449245891556779       1.194527148177991E-010
  0.443549955508101       1.293285744300785E-010
  0.437868821639463       1.400025715760462E-010
  0.432203935179878       1.515377195129436E-010
  0.426556724499955       1.640018939153208E-010
  0.420928599712688       1.774682003077888E-010
  0.415320951313914       1.920153687814513E-010
  0.409735148865082       2.077281779938227E-010
  0.404172539720855       2.246979105974056E-010
  0.398634447803892       2.430228423979606E-010
  0.393122172428979       2.628087677106338E-010
  0.387636987178534       2.841695635613378E-010
  0.382180138831279       3.072277955729321E-010
  0.376752846345749       3.321153685818221E-010
  0.371356299900073       3.589742252515376E-010
  0.365991659989302       3.879570961867383E-010
  0.360660056581354       4.192283053051193E-010
  0.355362588332462       4.529646344970296E-010
  0.350100321862824       4.893562518946193E-010
  0.344874291092962       5.286077083854375E-010
  0.339685496641110       5.709390073410374E-010
  0.334534905281770       6.165867528910745E-010
  0.329423449465411       6.658053824592258E-010
  0.324352026899076       7.188684896909173E-010
  0.319321500187536       7.760702443463876E-010
  0.314332696534443       8.377269162080798E-010
  0.309386407502768       9.041785105611103E-010
  0.304483388833706       9.757905233521005E-010
  0.299624360323027       1.052955824717468E-009
  0.294810005753760       1.136096680200430E-009
  0.290040972883971       1.225666919649304E-009
  0.285317873488248       1.322154264511488E-009
  0.280641283451432       1.426082825011376E-009
  0.276011742913007       1.538015779530004E-009
  0.271429756460491       1.658558249393455E-009
  0.266895793370080       1.788360383230460E-009
  0.262410287892704       1.928120666081365E-009
  0.257973639583637       2.078589469536251E-009
  0.253586213673702       2.240572860354254E-009
  0.249248341480086       2.414936686274834E-009
  0.244960320854743       2.602610959081182E-009
  0.240722416668331       2.804594556422353E-009
  0.236534861327603       3.021960265451106E-009
  0.232397855324171       3.255860192996551E-009
  0.228311567812536       3.507531568771965E-009
  0.224276137215304       3.778302970027889E-009
  0.220291671853495       4.069600998107538E-009
  0.216358250599877       4.382957439555339E-009
  0.212475923553277       4.720016946781455E-009
  0.208644712731847       5.082545275805771E-009
  0.204864612783296       5.472438121306744E-009
  0.201135591710136       5.891730592096928E-009
  0.197457591608036       6.342607373250801E-009
  0.193830529415406       6.827413624438091E-009
  0.190254297672418       7.348666667582383E-009
  0.186728765287694       7.909068520786622E-009
  0.183253778310945       8.511519339565059E-009
  0.179829160709942       9.159131830812193E-009
  0.176454715150213       9.855246709646083E-009
  0.173130223775959       1.060344927430883E-008
  0.169855448990725       1.140758717971333E-008
  0.166630134236443       1.227178949602155E-008
  0.163454004769523       1.320048714485129E-008
  0.160326768432734       1.419843481236513E-008
  0.157248116421690       1.527073444563172E-008
  0.154217724044825       1.642286044629690E-008
  0.151235251475795       1.766068668379895E-008
  0.148300344497337       1.899051545914797E-008
  0.145412635235655       2.041910855970406E-008
  0.142571742884483       2.195372055548136E-008
  0.139777274418042       2.360213449832120E-008
  0.137028825292164       2.537270019686766E-008
  0.134325980132914       2.727437525270484E-008
  0.131668313412119       2.931676905632892E-008
  0.129055390109248       3.151018995589903E-008
  0.126486766359172       3.386569582700662E-008
  0.123961990085354       3.639514828809237E-008
  0.121480601618107       3.911127082370997E-008
  0.119042134297581       4.202771109666344E-008
  0.116646115061216       4.515910775022234E-008
  0.114292065015408       4.852116202324648E-008
  0.111979499991230       5.213071452422917E-008
  0.109707931084038       5.600582753510606E-008
  0.107476865176889       6.016587324230173E-008
  0.105285805447680       6.463162832101124E-008
  0.103134251859999       6.942537532929439E-008
  0.101021701637697       7.457101140133088E-008
  9.894764972321210E-002  8.009416476429801E-008
  9.691158921971862E-002  8.602231964097649E-008
  9.491301181721230E-002  9.238495014052235E-008
  9.295140820264093E-002  9.921366378307182E-008
  9.102626845424416E-002  1.065423553501777E-007
  8.913708242026820E-002  1.144073718027184E-007
  8.728334008225182E-002  1.228476890611342E-007
  8.546453190309933E-002  1.319051014998734E-007
  8.368014916016671E-002  1.416244250690298E-007
  8.192968426361136E-002  1.520537150216605E-007
  8.021263106026412E-002  1.632444992954489E-007
  7.852848512329696E-002  1.752520286726012E-007
  7.687674402797481E-002  1.881355449224797E-007
  7.525690761378070E-002  2.019585682178511E-007
  7.366847823322144E-002  2.167892052082189E-007
  7.211096098762529E-002  2.327004792329278E-007
  7.058386395024574E-002  2.497706842630384E-007
  6.908669837699548E-002  2.680837642749340E-007
  6.761897890513693E-002  2.877297198807256E-007
  6.618022374025676E-002  3.088050441713823E-007
  6.476995483185941E-002  3.314131898687758E-007
  6.338769803790779E-002  3.556650700330861E-007
  6.203298327864684E-002  3.816795947331093E-007
  6.070534468004247E-002  4.095842462595947E-007
  5.940432070716729E-002  4.395156956467176E-007
  5.812945428786234E-002  4.716204634650031E-007
  5.688029292700345E-002  5.060556280614647E-007
  5.565638881169662E-002  5.429895846503544E-007
  5.445729890772434E-002  5.826028589018865E-007
  5.328258504755931E-002  6.250889789377213E-007
  5.213181401025982E-002  6.706554099221727E-007
  5.100455759355559E-002  7.195245557383401E-007
  4.990039267842749E-002  7.719348325601067E-007
  4.881890128647910E-002  8.281418194757298E-007
  4.775967063039394E-002  8.884194916882631E-007
  4.672229315776476E-002  9.530615422139978E-007
  4.570636658857672E-002  1.022382798424443E-006
  4.471149394661837E-002  1.096720740232059E-006
  4.373728358508978E-002  1.176437127207269E-006
  4.278334920666970E-002  1.261919742436457E-006
  4.184930987829799E-002  1.353584261490242E-006
  4.093479004092088E-002  1.451876255470962E-006
  4.003941951444278E-002  1.557273337750939E-006
  3.916283349811931E-002  1.670287464701716E-006
  3.830467256662171E-002  1.791467401452403E-006
  3.746458266199248E-002  1.921401364505996E-006
  3.664221508170985E-002  2.060719853890029E-006
  3.583722646306919E-002  2.210098688425937E-006
  3.504927876408267E-002  2.370262258674622E-006
  3.427803924109386E-002  2.541987013158483E-006
  3.352318042329504E-002  2.726105194577563E-006
  3.278438008433106E-002  2.923508843934973E-006
  3.206132121116518E-002  3.135154091769750E-006
  3.135369197037659E-002  3.362065757070378E-006
  3.066118567205412E-002  3.605342275915546E-006
  2.998350073144340E-002  3.866160983467602E-006
  2.932034062849941E-002  4.145783774635971E-006
  2.867141386549016E-002  4.445563170540671E-006
  2.803643392279177E-002  4.766948819848763E-006
  2.741511921300997E-002  5.111494466138199E-006
  2.680719303355698E-002  5.480865414674032E-006
  2.621238351780742E-002  5.876846534372086E-006
  2.563042358495208E-002  6.301350833286320E-006
  2.506105088866365E-002  6.756428648700439E-006
  2.450400776468257E-002  7.244277495844760E-006
  2.395904117742696E-002  7.767252622410150E-006
  2.342590266572601E-002  8.327878319407048E-006
  2.290434828777189E-002  8.928860042535077E-006
  2.239413856538006E-002  9.573097402104658E-006
  2.189503842764429E-002  1.026369808370521E-005
  2.140681715406832E-002  1.100399276626435E-005
  2.092924831725227E-002  1.179755110891038E-005
  2.046210972520830E-002  1.264819888315886E-005
  2.000518336337484E-002  1.356003633241664E-005
  1.955825533639742E-002  1.453745784666185E-005
  1.912111580973881E-002  1.558517304644026E-005
  1.869355895117873E-002  1.670822937705013E-005
  1.827538287225934E-002  1.791203632099859E-005
  1.786638956973088E-002  1.920239134453923E-005
  1.746638486704769E-002  2.058550770237733E-005
  1.707517835596203E-002  2.206804423349597E-005
  1.669258333826145E-002  2.365713729055633E-005
  1.631841676769116E-002  2.536043495550021E-005
  1.595249919210157E-002  2.718613370488474E-005
  1.559465469585810E-002  2.914301770015575E-005
  1.524471084254806E-002  3.124050089057364E-005
  1.490249861801738E-002  3.348867212990453E-005
  1.456785237376737E-002  3.589834352233809E-005
  1.424060977073987E-002  3.848110222846449E-005
  1.392061172351739E-002  4.124936597860500E-005
  1.360770234496219E-002  4.421644255841891E-005
  1.330172889131728E-002  4.739659355059240E-005
  1.300254170778995E-002  5.080510263663265E-005
  1.270999417463692E-002  5.445834878444151E-005
  1.242394265376914E-002  5.837388467052896E-005
  1.214424643589151E-002  6.257052071054608E-005
  1.187076768819271E-002  6.706841509839693E-005
  1.160337140259825E-002  7.188917028264222E-005
  1.134192534459828E-002  7.705593633936328E-005
  1.108630000266113E-002  8.259352173326202E-005
  1.083636853824184E-002  8.852851199367020E-005
  1.059200673639391E-002  9.488939686948781E-005
  1.035309295699174E-002  1.017067065670447E-004
  1.011950808656953E-002  1.090131577176435E-004
  9.891135490782067E-003  1.168438097673039E-004
  9.667860967491797E-003  1.252362325301877E-004
  9.449572700485197E-003  1.342306856995401E-004
  9.236161213821354E-003  1.438703111659996E-004
  9.027519326814325E-003  1.542013390530156E-004
  8.823542109650313E-003  1.652733084431538E-004
  8.624126839640193E-003  1.771393038375371E-004
  8.429172958106662E-003  1.898562084638283E-004
  8.238582027905325E-003  2.034849756263798E-004
  8.052257691578172E-003  2.180909193757160E-004
  7.870105630137014E-003  2.337440258637597E-004
  7.692033522474622E-003  2.505192868465399E-004
  7.517951005400076E-003  2.684970568978714E-004
  7.347769634294933E-003  2.877634360061256E-004
  7.181402844386117E-003  3.084106793421174E-004
  7.018765912631037E-003  3.305376361097724E-004
  6.859775920210066E-003  3.542502195230820E-004
  6.704351715621323E-003  3.796619100934093E-004
  6.552413878372105E-003  4.068942945609363E-004
  6.403884683261203E-003  4.360776429635652E-004
  6.258688065245940E-003  4.673515265063570E-004
  6.116749584887582E-003  5.008654790752639E-004
  5.977996394368522E-003  5.367797054310374E-004
  5.842357204074348E-003  5.752658393233635E-004
  5.709762249733660E-003  6.165077549821412E-004
  5.580143260108644E-003  6.607024356730114E-004
  5.453433425228729E-003  7.080609032482852E-004
  5.329567365159979E-003  7.588092128831179E-004
  5.208481099302421E-003  8.131895174605493E-004
  5.090112016207578E-003  8.714612063586332E-004
  4.974398843908384E-003  9.339021236987948E-004
  4.861281620753427E-003  1.000809871437316E-003
  4.750701666737565E-003  1.072503203021980E-003
  4.642601555320944E-003  1.149323513693809E-003
  4.536925085728275E-003  1.231636433889702E-003
  4.433617255720367E-003  1.319833532596018E-003
  4.332624234829924E-003  1.414334137915670E-003
  4.233893338053638E-003  1.515587282541996E-003
  4.137372999992671E-003  1.624073782281341E-003
  4.043012749433816E-003  1.740308456232174E-003
  3.950763184363573E-003  1.864842497710986E-003
  3.860575947407819E-003  1.998266005512808E-003
  3.772403701689668E-003  2.141210685605341E-003
  3.686200107098543E-003  2.294352733878252E-003
  3.601919796963615E-003  2.458415911100456E-003
  3.519518355125285E-003  2.634174821774741E-003
  3.438952293398502E-003  2.822458409116632E-003
  3.360179029422327E-003  3.024153678917930E-003
  3.283156864890524E-003  3.240209665578695E-003
  3.207844964158625E-003  3.471641654097049E-003
  3.134203333223359E-003  3.719535672285434E-003
  3.062192799071220E-003  3.985053267924283E-003
  2.991774989393589E-003  4.269436585957387E-003
  2.922912312666818E-003  4.574013761163021E-003
  2.855567938596631E-003  4.900204641984634E-003
  2.789705778927241E-003  5.249526861354900E-003
  2.725290468616980E-003  5.623602270375202E-003
  2.662287347383444E-003  6.024163750592715E-003
  2.600662441622827E-003  6.453062420320079E-003
  2.540382446709711E-003  6.912275249933734E-003
  2.481414709685563E-003  7.403913100327959E-003
  2.423727212346228E-003  7.930229197648490E-003
  2.367288554740994E-003  8.493628056032175E-003
  2.312067939098392E-003  9.096674858281631E-003
  2.258035154196677E-003  9.742105302143445E-003
  2.205160560199923E-003  1.043283591706361E-002
  2.153415073984098E-003  1.117197485288717E-002
  2.102770154981097E-003  1.196283313786260E-002
  2.053197791572614E-003  1.280893639840905E-002
  2.004670488070097E-003  1.371403702730145E-002
  1.957161252321628E-003  1.468212678010941E-002
  1.910643583991446E-003  1.571744977176550E-002
  1.865091463563293E-003  1.682451583590602E-002
  1.820479342124247E-003  1.800811419897757E-002
  1.776782131991728E-003  1.927332740888877E-002
  1.733975198252601E-003  2.062554544405294E-002
  1.692034351289756E-003  2.207047991285549E-002
  1.650935840378241E-003  2.361417823573235E-002
  1.610656348439821E-003  2.526303768200906E-002
  1.571172988051593E-003  2.702381911127979E-002
  1.532463298811035E-003  2.890366024427615E-002
  1.494505246166248E-003  3.091008826078528E-002
  1.457277221826104E-003  3.305103149215968E-002
  1.420758045870268E-003  3.533482994330445E-002
  1.384926970683360E-003  3.777024434377503E-002
  1.349763686840443E-003  4.036646338990264E-002
  1.315248331072359E-003  4.313310879991655E-002
  1.281361496438512E-003  4.608023776220486E-002
  1.248084244831259E-003  4.921834231365983E-002
  1.215398121929382E-003  5.255834514116828E-002
  1.183285174707551E-003  5.611159125562579E-002
  1.151727971593765E-003  5.988983494550391E-002
  1.120709625346512E-003  6.390522137737308E-002
  1.090213818697159E-003  6.817026217557462E-002
  1.060224832770224E-003  7.269780428444576E-002
  1.030727578253707E-003  7.750099139647643E-002
  1.001707629243005E-003  8.259321722119231E-002
  9.731512596245168E-004  8.798806987542972E-002
  9.450454817982102E-004  9.369926669930317E-002
  9.173780874621153E-004  9.974057884712774E-002
  8.901376900957695E-004  0.106125745072572     
  8.633137686845046E-004  0.112868374226154     
  8.368967121229487E-004  0.119981836114515     
  8.108778636255404E-004  0.127479140538052     
  7.852495643561768E-004  0.135372804529271     
  7.600051953710451E-004  0.143674708060525     
  7.351392168516043E-004  0.152395938777395     
  7.106472034928538E-004  0.161546626642112     
  6.865258748104613E-004  0.171135769737248     
  6.627731190447760E-004  0.181171052878609     
  6.393880092766551E-004  0.191658661110118     
  6.163708103362060E-004  0.202603090592064     
  5.937229750880201E-004  0.214006959834059     
  5.714471287221250E-004  0.225870824648895     
  5.495470397749721E-004  0.238193000594197     
  5.280275767545003E-004  0.250969397004022     
  5.068946494512704E-004  0.264193366969352     
  4.861551342852361E-004  0.277855577781649     
  4.658167833636497E-004  0.291943906384593     
  4.458881173054777E-004  0.306443364265628     
  4.263783023136615E-004  0.321336055944837     
  4.072970124371729E-004  0.336601174773163     
  3.886542784452055E-004  0.352215039131909     
  3.704603252180130E-004  0.368151171335830     
  3.527254000225357E-004  0.384380420597827     
  3.354595944642012E-004  0.400871130338739     
  3.186726632671110E-004  0.417589348955126     
  3.023738433123204E-004  0.434499081933888     
  2.865716765397513E-004  0.451562581974043     
  2.712738403790655E-004  0.468740672596379     
  2.564869893094899E-004  0.485993099645048     
  2.422166109550817E-004  0.503278904163290     
  2.284668998040258E-004  0.520556809404216     
  2.152406512086674E-004  0.537785614253821     
  2.025391777938950E-004  0.554924585122174     
  1.903622497973272E-004  0.571933838411788     
  1.787080602116403E-004  0.588774705996529     
  1.675732149258659E-004  0.605410076723319     
  1.569527473976350E-004  0.621804707752254     
  1.468401567599864E-004  0.637925500538000     
  1.372274676993892E-004  0.653741737377941     
  1.281053099566646E-004  0.669225275657357     
  1.194630149148086E-004  0.684350698154789     
  1.112887264567924E-004  0.699095418979687     
  1.035695231057078E-004  0.713439745852594     
  9.629154839698446E-005  0.727366900465974     
  8.944014647068508E-005  0.740862999550883     
  8.299999999989287E-005  0.753917000000220     
