    1.000000E+00    1.000000E+00    1.000000E+00    1.000000E+00    1.000000E+00    1.000000E+00
    1.000000E+00    1.000000E+00    1.000000E+00    1.000000E+00    1.000000E+00    1.000000E+00
    1.000000E+00    1.000000E+00    1.000000E+00    1.000000E+00    1.000000E+00    1.000000E+00
    1.000000E+00    1.000000E+00    1.000000E+00    1.000000E+00    1.000000E+00    1.000000E+00
    1.000000E+00    1.000000E+00    1.000000E+00    1.000000E+00    1.000000E+00    1.000000E+00
    1.000000E+00    1.000000E+00    1.000000E+00    1.000000E+00    1.000000E+00    1.000000E+00
    1.000000E+00    1.000000E+00    1.000000E+00    1.000000E+00    1.000000E+00    1.000000E+00
    1.000000E+00    1.000000E+00    1.000000E+00    1.000000E+00    1.000000E+00    1.000000E+00
    1.000000E+00    1.000000E+00    1.000000E+00    1.000000E+00    1.000000E+00    1.000000E+00
    1.000000E+00    1.000000E+00    1.000000E+00    1.000000E+00    1.000000E+00    1.000000E+00
    1.000000E+00    1.000000E+00    1.000000E+00    1.000000E+00    1.000000E+00    1.000000E+00
    1.000000E+00    1.000000E+00    1.000000E+00    1.000000E+00    1.000000E+00    1.000000E+00
    9.999999E-01    9.999999E-01    9.999999E-01    9.999999E-01    9.999999E-01    9.999999E-01
    9.999999E-01    9.999999E-01    9.999999E-01    9.999999E-01    9.999999E-01    9.999999E-01
    9.999999E-01    9.999999E-01    9.999999E-01    9.999999E-01    9.999999E-01    9.999999E-01
    9.999999E-01    9.999999E-01    9.999999E-01    9.999999E-01    9.999999E-01    9.999999E-01
    9.999999E-01    9.999999E-01    9.999999E-01    9.999999E-01    9.999999E-01    9.999999E-01
    9.999999E-01    9.999999E-01    9.999999E-01    9.999999E-01    9.999999E-01    9.999999E-01
    9.999999E-01    9.999999E-01    9.999999E-01    9.999999E-01    9.999999E-01    9.999999E-01
    9.999999E-01    9.999999E-01    9.999999E-01    9.999999E-01    9.999999E-01    9.999999E-01
    9.999999E-01    9.999999E-01    9.999999E-01    9.999999E-01    9.999999E-01    9.999999E-01
    9.999999E-01    9.999999E-01    9.999999E-01    9.999999E-01    9.999999E-01    9.999999E-01
    9.999999E-01    9.999999E-01    9.999999E-01    9.999999E-01    9.999999E-01    9.999999E-01
    9.999999E-01    9.999999E-01    9.999999E-01    9.999999E-01    9.999999E-01    9.999999E-01
    9.999999E-01    9.999999E-01    9.999999E-01    9.999999E-01    9.999999E-01    9.999999E-01
    9.999999E-01    9.999999E-01    9.999999E-01    9.999999E-01    9.999999E-01    9.999999E-01
    9.999998E-01    9.999998E-01    9.999998E-01    9.999998E-01    9.999998E-01    9.999998E-01
    9.999998E-01    9.999998E-01    9.999998E-01    9.999998E-01    9.999998E-01    9.999998E-01
    9.999998E-01    9.999998E-01    9.999998E-01    9.999998E-01    9.999998E-01    9.999998E-01
    9.999998E-01    9.999998E-01    9.999998E-01    9.999998E-01    9.999998E-01    9.999998E-01
    9.999998E-01    9.999998E-01    9.999998E-01    9.999998E-01    9.999998E-01    9.999998E-01
    9.999998E-01    9.999998E-01    9.999998E-01    9.999998E-01    9.999998E-01    9.999998E-01
    9.999998E-01    9.999998E-01    9.999998E-01    9.999998E-01    9.999997E-01    9.999997E-01
    9.999997E-01    9.999997E-01    9.999997E-01    9.999997E-01    9.999997E-01    9.999997E-01
    9.999997E-01    9.999997E-01    9.999997E-01    9.999997E-01    9.999997E-01    9.999997E-01
    9.999997E-01    9.999997E-01    9.999997E-01    9.999997E-01    9.999997E-01    9.999997E-01
    9.999997E-01    9.999997E-01    9.999997E-01    9.999997E-01    9.999997E-01    9.999997E-01
    9.999996E-01    9.999996E-01    9.999996E-01    9.999996E-01    9.999996E-01    9.999996E-01
    9.999996E-01    9.999996E-01    9.999996E-01    9.999996E-01    9.999996E-01    9.999996E-01
    9.999996E-01    9.999996E-01    9.999996E-01    9.999996E-01    9.999996E-01    9.999996E-01
    9.999995E-01    9.999995E-01    9.999995E-01    9.999995E-01    9.999995E-01    9.999995E-01
    9.999995E-01    9.999995E-01    9.999995E-01    9.999995E-01    9.999995E-01    9.999995E-01
    9.999995E-01    9.999995E-01    9.999995E-01    9.999995E-01    9.999995E-01    9.999994E-01
    9.999994E-01    9.999994E-01    9.999994E-01    9.999994E-01    9.999994E-01    9.999994E-01
    9.999994E-01    9.999994E-01    9.999994E-01    9.999994E-01    9.999994E-01    9.999994E-01
    9.999993E-01    9.999993E-01    9.999993E-01    9.999993E-01    9.999993E-01    9.999993E-01
    9.999992E-01    9.999992E-01    9.999992E-01    9.999992E-01    9.999992E-01    9.999992E-01
    9.999992E-01    9.999992E-01    9.999992E-01    9.999992E-01    9.999992E-01    9.999992E-01
    9.999991E-01    9.999991E-01    9.999991E-01    9.999991E-01    9.999991E-01    9.999991E-01
    9.999991E-01    9.999991E-01    9.999991E-01    9.999991E-01    9.999990E-01    9.999990E-01
    9.999990E-01    9.999990E-01    9.999990E-01    9.999990E-01    9.999990E-01    9.999990E-01
    9.999989E-01    9.999989E-01    9.999989E-01    9.999989E-01    9.999989E-01    9.999989E-01
    9.999988E-01    9.999988E-01    9.999988E-01    9.999988E-01    9.999988E-01    9.999988E-01
    9.999987E-01    9.999987E-01    9.999987E-01    9.999987E-01    9.999987E-01    9.999987E-01
    9.999986E-01    9.999986E-01    9.999986E-01    9.999986E-01    9.999986E-01    9.999986E-01
    9.999985E-01    9.999985E-01    9.999985E-01    9.999985E-01    9.999985E-01    9.999985E-01
    9.999984E-01    9.999984E-01    9.999984E-01    9.999984E-01    9.999984E-01    9.999983E-01
    9.999982E-01    9.999982E-01    9.999982E-01    9.999982E-01    9.999982E-01    9.999982E-01
    9.999981E-01    9.999981E-01    9.999981E-01    9.999981E-01    9.999981E-01    9.999980E-01
    9.999979E-01    9.999979E-01    9.999979E-01    9.999979E-01    9.999979E-01    9.999979E-01
    9.999977E-01    9.999977E-01    9.999977E-01    9.999977E-01    9.999977E-01    9.999977E-01
    9.999976E-01    9.999976E-01    9.999976E-01    9.999976E-01    9.999976E-01    9.999975E-01
    9.999974E-01    9.999974E-01    9.999974E-01    9.999974E-01    9.999974E-01    9.999973E-01
    9.999971E-01    9.999971E-01    9.999971E-01    9.999971E-01    9.999971E-01    9.999971E-01
    9.999969E-01    9.999969E-01    9.999969E-01    9.999969E-01    9.999969E-01    9.999968E-01
    9.999967E-01    9.999967E-01    9.999967E-01    9.999967E-01    9.999967E-01    9.999966E-01
    9.999964E-01    9.999964E-01    9.999964E-01    9.999964E-01    9.999964E-01    9.999963E-01
    9.999961E-01    9.999961E-01    9.999961E-01    9.999961E-01    9.999961E-01    9.999959E-01
    9.999958E-01    9.999958E-01    9.999958E-01    9.999958E-01    9.999958E-01    9.999956E-01
    9.999954E-01    9.999954E-01    9.999954E-01    9.999954E-01    9.999954E-01    9.999952E-01
    9.999951E-01    9.999951E-01    9.999951E-01    9.999951E-01    9.999950E-01    9.999948E-01
    9.999947E-01    9.999947E-01    9.999947E-01    9.999946E-01    9.999946E-01    9.999944E-01
    9.999942E-01    9.999942E-01    9.999942E-01    9.999942E-01    9.999942E-01    9.999939E-01
    9.999937E-01    9.999937E-01    9.999937E-01    9.999937E-01    9.999937E-01    9.999934E-01
    9.999932E-01    9.999932E-01    9.999932E-01    9.999932E-01    9.999932E-01    9.999928E-01
    9.999927E-01    9.999927E-01    9.999927E-01    9.999927E-01    9.999926E-01    9.999922E-01
    9.999921E-01    9.999921E-01    9.999921E-01    9.999921E-01    9.999920E-01    9.999915E-01
    9.999914E-01    9.999914E-01    9.999914E-01    9.999914E-01    9.999913E-01    9.999907E-01
    9.999907E-01    9.999907E-01    9.999907E-01    9.999907E-01    9.999906E-01    9.999899E-01
    9.999900E-01    9.999900E-01    9.999900E-01    9.999900E-01    9.999899E-01    9.999890E-01
    9.999892E-01    9.999892E-01    9.999892E-01    9.999891E-01    9.999890E-01    9.999880E-01
    9.999883E-01    9.999883E-01    9.999883E-01    9.999882E-01    9.999881E-01    9.999869E-01
    9.999873E-01    9.999873E-01    9.999873E-01    9.999873E-01    9.999871E-01    9.999857E-01
    9.999863E-01    9.999863E-01    9.999863E-01    9.999862E-01    9.999861E-01    9.999844E-01
    9.999852E-01    9.999852E-01    9.999852E-01    9.999851E-01    9.999849E-01    9.999830E-01
    9.999840E-01    9.999840E-01    9.999840E-01    9.999839E-01    9.999836E-01    9.999814E-01
    9.999826E-01    9.999826E-01    9.999826E-01    9.999826E-01    9.999823E-01    9.999797E-01
    9.999812E-01    9.999812E-01    9.999812E-01    9.999811E-01    9.999808E-01    9.999778E-01
    9.999797E-01    9.999797E-01    9.999797E-01    9.999796E-01    9.999792E-01    9.999756E-01
    9.999780E-01    9.999780E-01    9.999780E-01    9.999779E-01    9.999774E-01    9.999733E-01
    9.999762E-01    9.999762E-01    9.999762E-01    9.999761E-01    9.999755E-01    9.999707E-01
    9.999743E-01    9.999743E-01    9.999743E-01    9.999741E-01    9.999735E-01    9.999678E-01
    9.999722E-01    9.999722E-01    9.999722E-01    9.999720E-01    9.999712E-01    9.999646E-01
    9.999699E-01    9.999699E-01    9.999699E-01    9.999697E-01    9.999688E-01    9.999611E-01
    9.999675E-01    9.999675E-01    9.999675E-01    9.999672E-01    9.999662E-01    9.999571E-01
    9.999648E-01    9.999648E-01    9.999648E-01    9.999645E-01    9.999633E-01    9.999527E-01
    9.999619E-01    9.999619E-01    9.999619E-01    9.999616E-01    9.999602E-01    9.999477E-01
    9.999588E-01    9.999588E-01    9.999588E-01    9.999584E-01    9.999567E-01    9.999422E-01
    9.999555E-01    9.999555E-01    9.999555E-01    9.999550E-01    9.999530E-01    9.999360E-01
    9.999518E-01    9.999518E-01    9.999518E-01    9.999513E-01    9.999490E-01    9.999291E-01
    9.999479E-01    9.999479E-01    9.999479E-01    9.999473E-01    9.999446E-01    9.999213E-01
    9.999437E-01    9.999437E-01    9.999437E-01    9.999429E-01    9.999397E-01    9.999125E-01
    9.999391E-01    9.999391E-01    9.999391E-01    9.999382E-01    9.999345E-01    9.999026E-01
    9.999341E-01    9.999341E-01    9.999341E-01    9.999331E-01    9.999287E-01    9.998914E-01
    9.999287E-01    9.999287E-01    9.999287E-01    9.999275E-01    9.999224E-01    9.998788E-01
    9.999229E-01    9.999229E-01    9.999229E-01    9.999215E-01    9.999155E-01    9.998645E-01
    9.999166E-01    9.999166E-01    9.999166E-01    9.999149E-01    9.999080E-01    9.998483E-01
    9.999098E-01    9.999098E-01    9.999098E-01    9.999079E-01    9.998997E-01    9.998299E-01
    9.999024E-01    9.999024E-01    9.999024E-01    9.999002E-01    9.998906E-01    9.998090E-01
    9.998945E-01    9.998945E-01    9.998944E-01    9.998918E-01    9.998807E-01    9.997851E-01
    9.998858E-01    9.998858E-01    9.998858E-01    9.998828E-01    9.998697E-01    9.997579E-01
    9.998765E-01    9.998765E-01    9.998765E-01    9.998729E-01    9.998576E-01    9.997269E-01
    9.998665E-01    9.998665E-01    9.998664E-01    9.998622E-01    9.998444E-01    9.996914E-01
    9.998556E-01    9.998556E-01    9.998555E-01    9.998506E-01    9.998297E-01    9.996508E-01
    9.998438E-01    9.998438E-01    9.998438E-01    9.998380E-01    9.998136E-01    9.996042E-01
    9.998310E-01    9.998310E-01    9.998310E-01    9.998243E-01    9.997957E-01    9.995508E-01
    9.998173E-01    9.998173E-01    9.998172E-01    9.998094E-01    9.997759E-01    9.994895E-01
    9.998024E-01    9.998024E-01    9.998023E-01    9.997931E-01    9.997540E-01    9.994189E-01
    9.997863E-01    9.997863E-01    9.997862E-01    9.997754E-01    9.997297E-01    9.993377E-01
    9.997688E-01    9.997688E-01    9.997688E-01    9.997562E-01    9.997026E-01    9.992442E-01
    9.997500E-01    9.997500E-01    9.997500E-01    9.997352E-01    9.996726E-01    9.991364E-01
    9.997296E-01    9.997296E-01    9.997296E-01    9.997123E-01    9.996391E-01    9.990119E-01
    9.997076E-01    9.997076E-01    9.997076E-01    9.996874E-01    9.996017E-01    9.988682E-01
    9.996838E-01    9.996838E-01    9.996838E-01    9.996602E-01    9.995599E-01    9.987020E-01
    9.996581E-01    9.996581E-01    9.996580E-01    9.996304E-01    9.995132E-01    9.985099E-01
    9.996303E-01    9.996303E-01    9.996302E-01    9.995979E-01    9.994608E-01    9.982875E-01
    9.996002E-01    9.996002E-01    9.996001E-01    9.995623E-01    9.994020E-01    9.980299E-01
    9.995677E-01    9.995677E-01    9.995676E-01    9.995234E-01    9.993359E-01    9.977315E-01
    9.995326E-01    9.995326E-01    9.995324E-01    9.994808E-01    9.992615E-01    9.973855E-01
    9.994946E-01    9.994946E-01    9.994944E-01    9.994340E-01    9.991776E-01    9.969842E-01
    9.994536E-01    9.994536E-01    9.994534E-01    9.993827E-01    9.990829E-01    9.965186E-01
    9.994092E-01    9.994092E-01    9.994090E-01    9.993264E-01    9.989758E-01    9.959782E-01
    9.993613E-01    9.993613E-01    9.993610E-01    9.992645E-01    9.988546E-01    9.953506E-01
    9.993095E-01    9.993095E-01    9.993092E-01    9.991963E-01    9.987171E-01    9.946218E-01
    9.992536E-01    9.992536E-01    9.992532E-01    9.991212E-01    9.985611E-01    9.937751E-01
    9.991932E-01    9.991931E-01    9.991927E-01    9.990385E-01    9.983837E-01    9.927913E-01
    9.991279E-01    9.991279E-01    9.991274E-01    9.989471E-01    9.981818E-01    9.916480E-01
    9.990574E-01    9.990574E-01    9.990568E-01    9.988461E-01    9.979517E-01    9.903192E-01
    9.989813E-01    9.989812E-01    9.989805E-01    9.987343E-01    9.976892E-01    9.887749E-01
    9.988991E-01    9.988990E-01    9.988982E-01    9.986105E-01    9.973893E-01    9.869801E-01
    9.988103E-01    9.988103E-01    9.988093E-01    9.984731E-01    9.970465E-01    9.848943E-01
    9.987145E-01    9.987145E-01    9.987134E-01    9.983206E-01    9.966541E-01    9.824707E-01
    9.986111E-01    9.986111E-01    9.986098E-01    9.981510E-01    9.962047E-01    9.796551E-01
    9.984996E-01    9.984995E-01    9.984980E-01    9.979622E-01    9.956893E-01    9.763853E-01
    9.983792E-01    9.983791E-01    9.983774E-01    9.977517E-01    9.950980E-01    9.725891E-01
    9.982494E-01    9.982493E-01    9.982473E-01    9.975167E-01    9.944189E-01    9.681840E-01
    9.981094E-01    9.981093E-01    9.981069E-01    9.972541E-01    9.936387E-01    9.630752E-01
    9.979585E-01    9.979584E-01    9.979556E-01    9.969603E-01    9.927416E-01    9.571543E-01
    9.977959E-01    9.977957E-01    9.977925E-01    9.966310E-01    9.917098E-01    9.502977E-01
    9.976206E-01    9.976204E-01    9.976166E-01    9.962616E-01    9.905224E-01    9.423652E-01
    9.974318E-01    9.974316E-01    9.974272E-01    9.958467E-01    9.891556E-01    9.331982E-01
    9.972285E-01    9.972283E-01    9.972231E-01    9.953802E-01    9.875817E-01    9.226185E-01
    9.970097E-01    9.970094E-01    9.970034E-01    9.948550E-01    9.857693E-01    9.104273E-01
    9.967742E-01    9.967739E-01    9.967669E-01    9.942631E-01    9.836820E-01    8.964041E-01
    9.965210E-01    9.965206E-01    9.965125E-01    9.935955E-01    9.812781E-01    8.803070E-01
    9.962487E-01    9.962483E-01    9.962388E-01    9.928416E-01    9.785100E-01    8.618739E-01
    9.959561E-01    9.959556E-01    9.959446E-01    9.919897E-01    9.753234E-01    8.408249E-01
    9.956418E-01    9.956413E-01    9.956284E-01    9.910262E-01    9.716563E-01    8.168669E-01
    9.953045E-01    9.953038E-01    9.952889E-01    9.899358E-01    9.674383E-01    7.897009E-01
    9.949426E-01    9.949418E-01    9.949245E-01    9.887008E-01    9.625897E-01    7.590327E-01
    9.945546E-01    9.945537E-01    9.945335E-01    9.873015E-01    9.570204E-01    7.245883E-01
    9.941389E-01    9.941378E-01    9.941144E-01    9.857154E-01    9.506294E-01    6.861337E-01
    9.936938E-01    9.936926E-01    9.936653E-01    9.839169E-01    9.433035E-01    6.435023E-01
    9.932176E-01    9.932162E-01    9.931845E-01    9.818774E-01    9.349167E-01    5.966280E-01
    9.927086E-01    9.927069E-01    9.926702E-01    9.795642E-01    9.253300E-01    5.455863E-01
    9.921649E-01    9.921630E-01    9.921205E-01    9.769410E-01    9.143907E-01    4.906417E-01
    9.915848E-01    9.915826E-01    9.915334E-01    9.739667E-01    9.019331E-01    4.323001E-01
    9.909664E-01    9.909639E-01    9.909069E-01    9.705957E-01    8.877789E-01    3.713617E-01
    9.903080E-01    9.903050E-01    9.902391E-01    9.667770E-01    8.717392E-01    3.089678E-01
    9.896076E-01    9.896042E-01    9.895280E-01    9.624542E-01    8.536172E-01    2.466319E-01
    9.888635E-01    9.888596E-01    9.887716E-01    9.575647E-01    8.332120E-01    1.862402E-01
    9.880740E-01    9.880694E-01    9.879680E-01    9.520401E-01    8.103248E-01    1.300033E-01
    9.872374E-01    9.872321E-01    9.871152E-01    9.458056E-01    7.847667E-01    8.034084E-02
    9.863521E-01    9.863461E-01    9.862115E-01    9.387801E-01    7.563686E-01    3.967908E-02
    9.854167E-01    9.854098E-01    9.852550E-01    9.308762E-01    7.249946E-01    1.015406E-02
    9.844299E-01    9.844220E-01    9.842442E-01    9.220010E-01    6.905573E-01   -6.771273E-03
    9.833906E-01    9.833815E-01    9.831776E-01    9.120563E-01    6.530374E-01   -1.073442E-02
    9.822978E-01    9.822874E-01    9.820538E-01    9.009400E-01    6.125047E-01   -2.861554E-03
    9.811510E-01    9.811390E-01    9.808718E-01    8.885474E-01    5.691418E-01    1.401333E-02
    9.799495E-01    9.799359E-01    9.796306E-01    8.747733E-01    5.232689E-01    3.545947E-02
    9.786935E-01    9.786779E-01    9.783296E-01    8.595145E-01    4.753667E-01    5.603706E-02
    9.773829E-01    9.773652E-01    9.769685E-01    8.426732E-01    4.260958E-01    7.041221E-02
    9.760184E-01    9.759982E-01    9.755472E-01    8.241606E-01    3.763080E-01    7.484865E-02
    9.746008E-01    9.745779E-01    9.740659E-01    8.039021E-01    3.270441E-01    6.864508E-02
    9.731314E-01    9.731055E-01    9.725253E-01    7.818425E-01    2.795147E-01    5.483673E-02
    9.716120E-01    9.715826E-01    9.709263E-01    7.579526E-01    2.350549E-01    3.946676E-02
    9.700444E-01    9.700113E-01    9.692702E-01    7.322354E-01    1.950522E-01    2.918412E-02
    9.684313E-01    9.683940E-01    9.675588E-01    7.047340E-01    1.608414E-01    2.788983E-02
    9.667755E-01    9.667336E-01    9.657942E-01    6.755386E-01    1.335716E-01    3.424062E-02
    9.650803E-01    9.650332E-01    9.639788E-01    6.447936E-01    1.140512E-01    4.211601E-02
    9.633492E-01    9.632964E-01    9.621153E-01    6.127043E-01    1.025902E-01    4.471235E-02
    9.615862E-01    9.615273E-01    9.602070E-01    5.795410E-01    9.886400E-02    3.991654E-02
    9.597957E-01    9.597299E-01    9.582573E-01    5.456417E-01    1.018340E-01    3.229639E-02
    9.579821E-01    9.579090E-01    9.562699E-01    5.114115E-01    1.097621E-01    2.877030E-02
    9.561503E-01    9.560691E-01    9.542488E-01    4.773177E-01    1.203507E-01    3.127025E-02
    9.543053E-01    9.542153E-01    9.521982E-01    4.438798E-01    1.310231E-01    3.462923E-02
    9.524520E-01    9.523525E-01    9.501224E-01    4.116544E-01    1.393251E-01    3.336497E-02
    9.505957E-01    9.504860E-01    9.480258E-01    3.812136E-01    1.433885E-01    2.910484E-02
    9.487416E-01    9.486210E-01    9.459131E-01    3.531181E-01    1.423492E-01    2.762919E-02
    9.468892E-01    9.467566E-01    9.437829E-01    3.278852E-01    1.365846E-01    2.932874E-02
    9.468130E-01    9.466799E-01    9.436947E-01    3.269091E-01    1.362633E-01    2.939255E-02
    9.467368E-01    9.466032E-01    9.436066E-01    3.259387E-01    1.359366E-01    2.945216E-02
    9.466607E-01    9.465265E-01    9.435185E-01    3.249740E-01    1.356046E-01    2.950723E-02
    9.465846E-01    9.464499E-01    9.434303E-01    3.240151E-01    1.352676E-01    2.955746E-02
    9.465085E-01    9.463732E-01    9.433422E-01    3.230619E-01    1.349255E-01    2.960255E-02
    9.464324E-01    9.462966E-01    9.432540E-01    3.221146E-01    1.345787E-01    2.964226E-02
    9.463564E-01    9.462201E-01    9.431659E-01    3.211731E-01    1.342273E-01    2.967634E-02
    9.462803E-01    9.461435E-01    9.430777E-01    3.202374E-01    1.338714E-01    2.970459E-02
    9.462043E-01    9.460670E-01    9.429895E-01    3.193076E-01    1.335112E-01    2.972682E-02
    9.461284E-01    9.459905E-01    9.429013E-01    3.183838E-01    1.331468E-01    2.974289E-02
    9.460525E-01    9.459141E-01    9.428131E-01    3.174658E-01    1.327785E-01    2.975267E-02
    9.459766E-01    9.458376E-01    9.427249E-01    3.165538E-01    1.324064E-01    2.975607E-02
    9.459007E-01    9.457612E-01    9.426367E-01    3.156478E-01    1.320306E-01    2.975302E-02
    9.458249E-01    9.456849E-01    9.425485E-01    3.147478E-01    1.316514E-01    2.974350E-02
    9.457490E-01    9.456085E-01    9.424603E-01    3.138538E-01    1.312689E-01    2.972749E-02
    9.456733E-01    9.455322E-01    9.423721E-01    3.129659E-01    1.308833E-01    2.970502E-02
    9.455975E-01    9.454560E-01    9.422839E-01    3.120840E-01    1.304948E-01    2.967616E-02
    9.455219E-01    9.453797E-01    9.421957E-01    3.112082E-01    1.301035E-01    2.964097E-02
    9.454462E-01    9.453035E-01    9.421076E-01    3.103385E-01    1.297096E-01    2.959959E-02
    9.453706E-01    9.452274E-01    9.420194E-01    3.094749E-01    1.293134E-01    2.955214E-02
    9.452950E-01    9.451512E-01    9.419312E-01    3.086175E-01    1.289149E-01    2.949879E-02
    9.452195E-01    9.450752E-01    9.418430E-01    3.077663E-01    1.285144E-01    2.943974E-02
    9.451440E-01    9.449991E-01    9.417549E-01    3.069212E-01    1.281121E-01    2.937522E-02
    9.450685E-01    9.449231E-01    9.416667E-01    3.060824E-01    1.277081E-01    2.930545E-02
    9.449931E-01    9.448472E-01    9.415786E-01    3.052497E-01    1.273026E-01    2.923072E-02
    9.449178E-01    9.447713E-01    9.414904E-01    3.044234E-01    1.268958E-01    2.915130E-02
    9.448425E-01    9.446954E-01    9.414023E-01    3.036032E-01    1.264878E-01    2.906751E-02
    9.447673E-01    9.446196E-01    9.413142E-01    3.027894E-01    1.260790E-01    2.897968E-02
    9.446921E-01    9.445439E-01    9.412262E-01    3.019818E-01    1.256694E-01    2.888814E-02
    9.446169E-01    9.444682E-01    9.411381E-01    3.011806E-01    1.252592E-01    2.879326E-02
    9.445419E-01    9.443926E-01    9.410501E-01    3.003856E-01    1.248487E-01    2.869541E-02
    9.444669E-01    9.443170E-01    9.409621E-01    2.995971E-01    1.244379E-01    2.859497E-02
    9.443919E-01    9.442415E-01    9.408742E-01    2.988148E-01    1.240272E-01    2.849234E-02
    9.443171E-01    9.441661E-01    9.407862E-01    2.980390E-01    1.236166E-01    2.838791E-02
    9.442422E-01    9.440907E-01    9.406983E-01    2.972695E-01    1.232063E-01    2.828210E-02
    9.441675E-01    9.440154E-01    9.406105E-01    2.965064E-01    1.227966E-01    2.817530E-02
    9.440929E-01    9.439402E-01    9.405227E-01    2.957497E-01    1.223876E-01    2.806794E-02
    9.440183E-01    9.438650E-01    9.404349E-01    2.949995E-01    1.219795E-01    2.796042E-02
    9.439438E-01    9.437900E-01    9.403471E-01    2.942556E-01    1.215725E-01    2.785316E-02
    9.438693E-01    9.437150E-01    9.402594E-01    2.935182E-01    1.211667E-01    2.774655E-02
    9.437950E-01    9.436400E-01    9.401718E-01    2.927873E-01    1.207623E-01    2.764098E-02
    9.437207E-01    9.435652E-01    9.400842E-01    2.920629E-01    1.203596E-01    2.753685E-02
    9.436466E-01    9.434905E-01    9.399967E-01    2.913449E-01    1.199586E-01    2.743454E-02
    9.435725E-01    9.434158E-01    9.399092E-01    2.906334E-01    1.195596E-01    2.733439E-02
    9.434985E-01    9.433413E-01    9.398217E-01    2.899284E-01    1.191627E-01    2.723678E-02
    9.434247E-01    9.432668E-01    9.397344E-01    2.892299E-01    1.187681E-01    2.714201E-02
    9.433509E-01    9.431925E-01    9.396471E-01    2.885379E-01    1.183759E-01    2.705042E-02
    9.432772E-01    9.431182E-01    9.395598E-01    2.878524E-01    1.179864E-01    2.696229E-02
    9.432036E-01    9.430440E-01    9.394727E-01    2.871735E-01    1.175997E-01    2.687790E-02
    9.431302E-01    9.429700E-01    9.393856E-01    2.865011E-01    1.172159E-01    2.679749E-02
    9.430568E-01    9.428961E-01    9.392986E-01    2.858352E-01    1.168352E-01    2.672130E-02
    9.429836E-01    9.428223E-01    9.392117E-01    2.851759E-01    1.164579E-01    2.664952E-02
    9.429105E-01    9.427486E-01    9.391248E-01    2.845231E-01    1.160839E-01    2.658234E-02
    9.428375E-01    9.426750E-01    9.390381E-01    2.838769E-01    1.157135E-01    2.651990E-02
    9.427647E-01    9.426015E-01    9.389514E-01    2.832372E-01    1.153468E-01    2.646232E-02
    9.426920E-01    9.425282E-01    9.388648E-01    2.826042E-01    1.149841E-01    2.640970E-02
    9.426194E-01    9.424550E-01    9.387783E-01    2.819776E-01    1.146253E-01    2.636210E-02
    9.425469E-01    9.423820E-01    9.386920E-01    2.813577E-01    1.142707E-01    2.631956E-02
    9.424746E-01    9.423091E-01    9.386057E-01    2.807443E-01    1.139204E-01    2.628209E-02
    9.424025E-01    9.422363E-01    9.385195E-01    2.801375E-01    1.135746E-01    2.624967E-02
    9.423304E-01    9.421637E-01    9.384335E-01    2.795373E-01    1.132333E-01    2.622224E-02
    9.422586E-01    9.420912E-01    9.383475E-01    2.789437E-01    1.128967E-01    2.619974E-02
    9.421869E-01    9.420189E-01    9.382617E-01    2.783566E-01    1.125650E-01    2.618205E-02
    9.421154E-01    9.419468E-01    9.381760E-01    2.777761E-01    1.122381E-01    2.616905E-02
    9.420440E-01    9.418748E-01    9.380905E-01    2.772022E-01    1.119164E-01    2.616059E-02
    9.419728E-01    9.418030E-01    9.380050E-01    2.766349E-01    1.115998E-01    2.615648E-02
    9.419018E-01    9.417313E-01    9.379197E-01    2.760742E-01    1.112886E-01    2.615652E-02
    9.418309E-01    9.416599E-01    9.378346E-01    2.755200E-01    1.109827E-01    2.616049E-02
    9.417603E-01    9.415886E-01    9.377496E-01    2.749724E-01    1.106824E-01    2.616814E-02
    9.416898E-01    9.415175E-01    9.376647E-01    2.744313E-01    1.103876E-01    2.617921E-02
    9.416195E-01    9.414466E-01    9.375800E-01    2.738969E-01    1.100986E-01    2.619341E-02
    9.415494E-01    9.413759E-01    9.374955E-01    2.733689E-01    1.098153E-01    2.621046E-02
    9.414796E-01    9.413054E-01    9.374111E-01    2.728476E-01    1.095379E-01    2.623004E-02
    9.414099E-01    9.412351E-01    9.373269E-01    2.723328E-01    1.092665E-01    2.625184E-02
    9.413405E-01    9.411651E-01    9.372429E-01    2.718245E-01    1.090012E-01    2.627552E-02
    9.412713E-01    9.410952E-01    9.371590E-01    2.713228E-01    1.087419E-01    2.630076E-02
    9.412023E-01    9.410256E-01    9.370754E-01    2.708276E-01    1.084889E-01    2.632722E-02
    9.411335E-01    9.409562E-01    9.369919E-01    2.703389E-01    1.082421E-01    2.635454E-02
    9.410650E-01    9.408870E-01    9.369086E-01    2.698567E-01    1.080016E-01    2.638241E-02
    9.409967E-01    9.408181E-01    9.368256E-01    2.693810E-01    1.077674E-01    2.641046E-02
    9.409287E-01    9.407495E-01    9.367427E-01    2.689119E-01    1.075397E-01    2.643839E-02
    9.408609E-01    9.406810E-01    9.366601E-01    2.684492E-01    1.073185E-01    2.646584E-02
    9.407934E-01    9.406129E-01    9.365777E-01    2.679930E-01    1.071038E-01    2.649252E-02
    9.407261E-01    9.405450E-01    9.364955E-01    2.675433E-01    1.068956E-01    2.651811E-02
    9.406592E-01    9.404774E-01    9.364135E-01    2.671000E-01    1.066940E-01    2.654232E-02
    9.405925E-01    9.404101E-01    9.363318E-01    2.666631E-01    1.064990E-01    2.656488E-02
    9.405261E-01    9.403430E-01    9.362504E-01    2.662327E-01    1.063107E-01    2.658552E-02
    9.404600E-01    9.402763E-01    9.361692E-01    2.658088E-01    1.061289E-01    2.660400E-02
    9.403943E-01    9.402099E-01    9.360882E-01    2.653912E-01    1.059539E-01    2.662010E-02
    9.403288E-01    9.401437E-01    9.360076E-01    2.649800E-01    1.057855E-01    2.663362E-02
    9.402636E-01    9.400779E-01    9.359272E-01    2.645752E-01    1.056237E-01    2.664439E-02
    9.401988E-01    9.400125E-01    9.358470E-01    2.641767E-01    1.054686E-01    2.665224E-02
    9.401343E-01    9.399473E-01    9.357672E-01    2.637846E-01    1.053202E-01    2.665706E-02
    9.400702E-01    9.398825E-01    9.356877E-01    2.633988E-01    1.051784E-01    2.665875E-02
    9.400064E-01    9.398180E-01    9.356085E-01    2.630194E-01    1.050432E-01    2.665721E-02
    9.399430E-01    9.397539E-01    9.355296E-01    2.626462E-01    1.049146E-01    2.665242E-02
    9.398799E-01    9.396902E-01    9.354510E-01    2.622793E-01    1.047925E-01    2.664433E-02
    9.398172E-01    9.396269E-01    9.353728E-01    2.619187E-01    1.046770E-01    2.663296E-02
    9.397549E-01    9.395639E-01    9.352949E-01    2.615643E-01    1.045679E-01    2.661832E-02
    9.396930E-01    9.395013E-01    9.352174E-01    2.612161E-01    1.044653E-01    2.660049E-02
    9.396315E-01    9.394391E-01    9.351402E-01    2.608741E-01    1.043691E-01    2.657952E-02
    9.395704E-01    9.393774E-01    9.350633E-01    2.605383E-01    1.042792E-01    2.655552E-02
    9.395098E-01    9.393160E-01    9.349869E-01    2.602087E-01    1.041955E-01    2.652862E-02
    9.394495E-01    9.392551E-01    9.349108E-01    2.598852E-01    1.041180E-01    2.649896E-02
    9.393897E-01    9.391946E-01    9.348352E-01    2.595678E-01    1.040467E-01    2.646670E-02
    9.393304E-01    9.391346E-01    9.347599E-01    2.592565E-01    1.039814E-01    2.643202E-02
    9.392715E-01    9.390750E-01    9.346850E-01    2.589513E-01    1.039220E-01    2.639512E-02
    9.392131E-01    9.390159E-01    9.346106E-01    2.586521E-01    1.038686E-01    2.635620E-02
    9.391551E-01    9.389573E-01    9.345366E-01    2.583589E-01    1.038209E-01    2.631548E-02
    9.390977E-01    9.388991E-01    9.344630E-01    2.580717E-01    1.037788E-01    2.627320E-02
    9.390407E-01    9.388415E-01    9.343899E-01    2.577905E-01    1.037424E-01    2.622958E-02
    9.389843E-01    9.387843E-01    9.343172E-01    2.575153E-01    1.037114E-01    2.618488E-02
    9.389283E-01    9.387277E-01    9.342450E-01    2.572459E-01    1.036857E-01    2.613932E-02
    9.388729E-01    9.386716E-01    9.341733E-01    2.569824E-01    1.036653E-01    2.609316E-02
    9.388181E-01    9.386160E-01    9.341021E-01    2.567248E-01    1.036500E-01    2.604663E-02
    9.387638E-01    9.385610E-01    9.340314E-01    2.564730E-01    1.036397E-01    2.599996E-02
    9.387100E-01    9.385065E-01    9.339611E-01    2.562270E-01    1.036342E-01    2.595338E-02
    9.386568E-01    9.384526E-01    9.338914E-01    2.559868E-01    1.036334E-01    2.590711E-02
    9.386042E-01    9.383993E-01    9.338222E-01    2.557523E-01    1.036372E-01    2.586136E-02
    9.385522E-01    9.383465E-01    9.337536E-01    2.555235E-01    1.036454E-01    2.581632E-02
    9.385007E-01    9.382944E-01    9.336855E-01    2.553004E-01    1.036579E-01    2.577215E-02
    9.384499E-01    9.382428E-01    9.336179E-01    2.550829E-01    1.036745E-01    2.572904E-02
    9.383997E-01    9.381919E-01    9.335509E-01    2.548711E-01    1.036951E-01    2.568712E-02
    9.383501E-01    9.381416E-01    9.334845E-01    2.546648E-01    1.037195E-01    2.564651E-02
    9.383011E-01    9.380919E-01    9.334186E-01    2.544640E-01    1.037476E-01    2.560732E-02
    9.382528E-01    9.380428E-01    9.333534E-01    2.542688E-01    1.037791E-01    2.556963E-02
    9.382052E-01    9.379945E-01    9.332887E-01    2.540790E-01    1.038139E-01    2.553352E-02
    9.381582E-01    9.379467E-01    9.332247E-01    2.538946E-01    1.038518E-01    2.549902E-02
    9.381118E-01    9.378997E-01    9.331612E-01    2.537156E-01    1.038927E-01    2.546617E-02
    9.380662E-01    9.378533E-01    9.330984E-01    2.535420E-01    1.039364E-01    2.543495E-02
    9.380212E-01    9.378076E-01    9.330362E-01    2.533737E-01    1.039827E-01    2.540537E-02
    9.379770E-01    9.377626E-01    9.329747E-01    2.532106E-01    1.040314E-01    2.537738E-02
    9.379334E-01    9.377183E-01    9.329138E-01    2.530528E-01    1.040823E-01    2.535093E-02
    9.378906E-01    9.376747E-01    9.328535E-01    2.529002E-01    1.041353E-01    2.532597E-02
    9.378485E-01    9.376318E-01    9.327940E-01    2.527527E-01    1.041902E-01    2.530240E-02
    9.378071E-01    9.375897E-01    9.327350E-01    2.526103E-01    1.042467E-01    2.528014E-02
    9.377664E-01    9.375482E-01    9.326768E-01    2.524730E-01    1.043047E-01    2.525909E-02
    9.377265E-01    9.375076E-01    9.326192E-01    2.523407E-01    1.043640E-01    2.523912E-02
    9.376873E-01    9.374676E-01    9.325624E-01    2.522134E-01    1.044244E-01    2.522014E-02
    9.376489E-01    9.374285E-01    9.325062E-01    2.520909E-01    1.044857E-01    2.520200E-02
    9.376113E-01    9.373900E-01    9.324507E-01    2.519734E-01    1.045477E-01    2.518459E-02
    9.375744E-01    9.373524E-01    9.323959E-01    2.518607E-01    1.046103E-01    2.516778E-02
    9.375383E-01    9.373155E-01    9.323419E-01    2.517528E-01    1.046733E-01    2.515145E-02
    9.375029E-01    9.372794E-01    9.322885E-01    2.516496E-01    1.047364E-01    2.513547E-02
    9.374684E-01    9.372441E-01    9.322359E-01    2.515510E-01    1.047995E-01    2.511973E-02
    9.374346E-01    9.372095E-01    9.321840E-01    2.514571E-01    1.048623E-01    2.510413E-02
    9.374017E-01    9.371758E-01    9.321328E-01    2.513678E-01    1.049248E-01    2.508856E-02
    9.373695E-01    9.371428E-01    9.320824E-01    2.512830E-01    1.049868E-01    2.507293E-02
    9.373381E-01    9.371106E-01    9.320327E-01    2.512027E-01    1.050479E-01    2.505717E-02
    9.373075E-01    9.370793E-01    9.319837E-01    2.511268E-01    1.051082E-01    2.504120E-02
    9.372778E-01    9.370487E-01    9.319355E-01    2.510552E-01    1.051674E-01    2.502498E-02
    9.372488E-01    9.370190E-01    9.318880E-01    2.509880E-01    1.052254E-01    2.500846E-02
    9.372207E-01    9.369900E-01    9.318412E-01    2.509250E-01    1.052819E-01    2.499160E-02
    9.371933E-01    9.369619E-01    9.317952E-01    2.508662E-01    1.053369E-01    2.497440E-02
    9.371668E-01    9.369345E-01    9.317499E-01    2.508115E-01    1.053901E-01    2.495684E-02
    9.371411E-01    9.369080E-01    9.317054E-01    2.507609E-01    1.054415E-01    2.493894E-02
    9.371162E-01    9.368823E-01    9.316616E-01    2.507142E-01    1.054908E-01    2.492071E-02
    9.370921E-01    9.368574E-01    9.316186E-01    2.506716E-01    1.055381E-01    2.490218E-02
    9.370688E-01    9.368333E-01    9.315763E-01    2.506328E-01    1.055830E-01    2.488339E-02
    9.370463E-01    9.368100E-01    9.315348E-01    2.505978E-01    1.056255E-01    2.486437E-02
    9.370247E-01    9.367875E-01    9.314939E-01    2.505666E-01    1.056655E-01    2.484517E-02
    9.370038E-01    9.367658E-01    9.314539E-01    2.505391E-01    1.057028E-01    2.482585E-02
    9.369838E-01    9.367449E-01    9.314145E-01    2.505152E-01    1.057374E-01    2.480647E-02
    9.369646E-01    9.367249E-01    9.313759E-01    2.504949E-01    1.057691E-01    2.478707E-02
    9.369461E-01    9.367056E-01    9.313381E-01    2.504781E-01    1.057979E-01    2.476772E-02
    9.369285E-01    9.366871E-01    9.313009E-01    2.504646E-01    1.058237E-01    2.474846E-02
    9.369117E-01    9.366695E-01    9.312645E-01    2.504546E-01    1.058464E-01    2.472935E-02
    9.368956E-01    9.366526E-01    9.312288E-01    2.504478E-01    1.058658E-01    2.471043E-02
    9.368804E-01    9.366365E-01    9.311939E-01    2.504442E-01    1.058821E-01    2.469174E-02
    9.368659E-01    9.366212E-01    9.311596E-01    2.504438E-01    1.058950E-01    2.467332E-02
    9.368522E-01    9.366066E-01    9.311260E-01    2.504464E-01    1.059046E-01    2.465518E-02
    9.368393E-01    9.365928E-01    9.310932E-01    2.504520E-01    1.059109E-01    2.463735E-02
    9.368272E-01    9.365798E-01    9.310610E-01    2.504606E-01    1.059137E-01    2.461982E-02
    9.368158E-01    9.365676E-01    9.310295E-01    2.504720E-01    1.059130E-01    2.460261E-02
    9.368052E-01    9.365561E-01    9.309987E-01    2.504862E-01    1.059090E-01    2.458571E-02
    9.367953E-01    9.365454E-01    9.309686E-01    2.505030E-01    1.059014E-01    2.456908E-02
    9.367862E-01    9.365354E-01    9.309392E-01    2.505225E-01    1.058905E-01    2.455272E-02
    9.367778E-01    9.365261E-01    9.309104E-01    2.505446E-01    1.058761E-01    2.453658E-02
    9.367702E-01    9.365176E-01    9.308823E-01    2.505690E-01    1.058582E-01    2.452062E-02
    9.367632E-01    9.365097E-01    9.308548E-01    2.505959E-01    1.058370E-01    2.450482E-02
    9.367570E-01    9.365026E-01    9.308279E-01    2.506251E-01    1.058124E-01    2.448910E-02
    9.367515E-01    9.364962E-01    9.308017E-01    2.506565E-01    1.057845E-01    2.447344E-02
    9.367467E-01    9.364905E-01    9.307762E-01    2.506901E-01    1.057533E-01    2.445776E-02
    9.367426E-01    9.364855E-01    9.307512E-01    2.507257E-01    1.057189E-01    2.444203E-02
    9.367392E-01    9.364812E-01    9.307268E-01    2.507633E-01    1.056813E-01    2.442619E-02
    9.367364E-01    9.364775E-01    9.307031E-01    2.508028E-01    1.056407E-01    2.441019E-02
    9.367343E-01    9.364745E-01    9.306799E-01    2.508442E-01    1.055971E-01    2.439399E-02
    9.367329E-01    9.364722E-01    9.306573E-01    2.508873E-01    1.055506E-01    2.437754E-02
    9.367321E-01    9.364705E-01    9.306352E-01    2.509320E-01    1.055013E-01    2.436082E-02
    9.367320E-01    9.364694E-01    9.306138E-01    2.509783E-01    1.054492E-01    2.434379E-02
    9.367325E-01    9.364690E-01    9.305929E-01    2.510261E-01    1.053945E-01    2.432644E-02
    9.367336E-01    9.364692E-01    9.305725E-01    2.510753E-01    1.053373E-01    2.430875E-02
    9.367353E-01    9.364700E-01    9.305526E-01    2.511259E-01    1.052777E-01    2.429072E-02
    9.367376E-01    9.364713E-01    9.305333E-01    2.511777E-01    1.052158E-01    2.427235E-02
    9.367405E-01    9.364733E-01    9.305145E-01    2.512306E-01    1.051518E-01    2.425366E-02
    9.367440E-01    9.364758E-01    9.304962E-01    2.512847E-01    1.050858E-01    2.423467E-02
    9.367480E-01    9.364789E-01    9.304783E-01    2.513397E-01    1.050178E-01    2.421541E-02
    9.367526E-01    9.364826E-01    9.304610E-01    2.513956E-01    1.049480E-01    2.419591E-02
    9.367578E-01    9.364868E-01    9.304441E-01    2.514524E-01    1.048767E-01    2.417621E-02
    9.367635E-01    9.364915E-01    9.304276E-01    2.515099E-01    1.048038E-01    2.415637E-02
    9.367697E-01    9.364968E-01    9.304117E-01    2.515680E-01    1.047296E-01    2.413643E-02
    9.367764E-01    9.365026E-01    9.303961E-01    2.516267E-01    1.046541E-01    2.411645E-02
    9.367837E-01    9.365089E-01    9.303810E-01    2.516860E-01    1.045776E-01    2.409648E-02
    9.367914E-01    9.365156E-01    9.303663E-01    2.517456E-01    1.045001E-01    2.407660E-02
    9.367996E-01    9.365229E-01    9.303520E-01    2.518056E-01    1.044218E-01    2.405685E-02
    9.368083E-01    9.365306E-01    9.303381E-01    2.518658E-01    1.043429E-01    2.403729E-02
    9.368175E-01    9.365388E-01    9.303245E-01    2.519262E-01    1.042634E-01    2.401798E-02
    9.368271E-01    9.365474E-01    9.303114E-01    2.519866E-01    1.041836E-01    2.399897E-02
    9.368372E-01    9.365565E-01    9.302986E-01    2.520471E-01    1.041035E-01    2.398030E-02
    9.368476E-01    9.365660E-01    9.302861E-01    2.521075E-01    1.040233E-01    2.396202E-02
    9.368585E-01    9.365759E-01    9.302740E-01    2.521677E-01    1.039431E-01    2.394417E-02
    9.368699E-01    9.365862E-01    9.302622E-01    2.522277E-01    1.038630E-01    2.392676E-02
    9.368816E-01    9.365969E-01    9.302507E-01    2.522874E-01    1.037833E-01    2.390983E-02
    9.368937E-01    9.366080E-01    9.302396E-01    2.523467E-01    1.037039E-01    2.389338E-02
    9.369061E-01    9.366194E-01    9.302287E-01    2.524056E-01    1.036250E-01    2.387742E-02
    9.369190E-01    9.366313E-01    9.302181E-01    2.524639E-01    1.035467E-01    2.386195E-02
    9.369322E-01    9.366435E-01    9.302078E-01    2.525215E-01    1.034692E-01    2.384697E-02
    9.369457E-01    9.366560E-01    9.301978E-01    2.525785E-01    1.033924E-01    2.383244E-02
    9.369596E-01    9.366688E-01    9.301880E-01    2.526348E-01    1.033166E-01    2.381836E-02
    9.369738E-01    9.366820E-01    9.301784E-01    2.526901E-01    1.032418E-01    2.380469E-02
    9.369883E-01    9.366955E-01    9.301691E-01    2.527446E-01    1.031680E-01    2.379140E-02
    9.370032E-01    9.367093E-01    9.301600E-01    2.527981E-01    1.030955E-01    2.377845E-02
    9.370183E-01    9.367234E-01    9.301511E-01    2.528506E-01    1.030241E-01    2.376579E-02
    9.370337E-01    9.367377E-01    9.301424E-01    2.529019E-01    1.029541E-01    2.375338E-02
    9.370494E-01    9.367524E-01    9.301339E-01    2.529520E-01    1.028854E-01    2.374116E-02
    9.370653E-01    9.367673E-01    9.301256E-01    2.530010E-01    1.028181E-01    2.372910E-02
    9.370815E-01    9.367824E-01    9.301174E-01    2.530485E-01    1.027523E-01    2.371714E-02
    9.370979E-01    9.367978E-01    9.301094E-01    2.530948E-01    1.026879E-01    2.370523E-02
    9.371146E-01    9.368134E-01    9.301016E-01    2.531395E-01    1.026250E-01    2.369333E-02
    9.371315E-01    9.368292E-01    9.300939E-01    2.531828E-01    1.025637E-01    2.368140E-02
    9.371486E-01    9.368453E-01    9.300864E-01    2.532245E-01    1.025039E-01    2.366938E-02
    9.371660E-01    9.368615E-01    9.300789E-01    2.532646E-01    1.024457E-01    2.365726E-02
    9.371835E-01    9.368780E-01    9.300716E-01    2.533031E-01    1.023890E-01    2.364499E-02
    9.372012E-01    9.368946E-01    9.300644E-01    2.533398E-01    1.023338E-01    2.363256E-02
    9.372191E-01    9.369114E-01    9.300572E-01    2.533747E-01    1.022802E-01    2.361994E-02
    9.372371E-01    9.369284E-01    9.300502E-01    2.534078E-01    1.022281E-01    2.360712E-02
    9.372553E-01    9.369455E-01    9.300432E-01    2.534391E-01    1.021775E-01    2.359410E-02
    9.372737E-01    9.369628E-01    9.300363E-01    2.534684E-01    1.021283E-01    2.358087E-02
    9.372922E-01    9.369802E-01    9.300295E-01    2.534957E-01    1.020806E-01    2.356744E-02
    9.373109E-01    9.369977E-01    9.300227E-01    2.535210E-01    1.020342E-01    2.355382E-02
    9.373296E-01    9.370154E-01    9.300159E-01    2.535442E-01    1.019891E-01    2.354003E-02
    9.373485E-01    9.370332E-01    9.300092E-01    2.535653E-01    1.019453E-01    2.352609E-02
    9.373675E-01    9.370511E-01    9.300025E-01    2.535843E-01    1.019027E-01    2.351201E-02
    9.373866E-01    9.370691E-01    9.299959E-01    2.536011E-01    1.018612E-01    2.349784E-02
    9.374058E-01    9.370871E-01    9.299892E-01    2.536157E-01    1.018209E-01    2.348360E-02
    9.374251E-01    9.371053E-01    9.299825E-01    2.536281E-01    1.017815E-01    2.346931E-02
    9.374444E-01    9.371235E-01    9.299758E-01    2.536381E-01    1.017430E-01    2.345502E-02
    9.374638E-01    9.371418E-01    9.299691E-01    2.536458E-01    1.017054E-01    2.344075E-02
    9.374833E-01    9.371601E-01    9.299624E-01    2.536512E-01    1.016686E-01    2.342653E-02
    9.375029E-01    9.371785E-01    9.299557E-01    2.536542E-01    1.016324E-01    2.341239E-02
    9.375224E-01    9.371970E-01    9.299489E-01    2.536548E-01    1.015969E-01    2.339836E-02
    9.375421E-01    9.372154E-01    9.299420E-01    2.536530E-01    1.015618E-01    2.338445E-02
    9.375617E-01    9.372339E-01    9.299352E-01    2.536488E-01    1.015272E-01    2.337067E-02
    9.375814E-01    9.372524E-01    9.299282E-01    2.536421E-01    1.014930E-01    2.335705E-02
    9.376011E-01    9.372710E-01    9.299212E-01    2.536329E-01    1.014590E-01    2.334358E-02
    9.376208E-01    9.372895E-01    9.299141E-01    2.536212E-01    1.014252E-01    2.333027E-02
    9.376405E-01    9.373080E-01    9.299069E-01    2.536070E-01    1.013915E-01    2.331710E-02
    9.376602E-01    9.373266E-01    9.298996E-01    2.535903E-01    1.013578E-01    2.330407E-02
    9.376798E-01    9.373451E-01    9.298923E-01    2.535710E-01    1.013241E-01    2.329117E-02
    9.376995E-01    9.373636E-01    9.298848E-01    2.535492E-01    1.012902E-01    2.327837E-02
    9.377191E-01    9.373820E-01    9.298772E-01    2.535249E-01    1.012561E-01    2.326565E-02
    9.377387E-01    9.374005E-01    9.298695E-01    2.534981E-01    1.012217E-01    2.325299E-02
    9.377583E-01    9.374188E-01    9.298617E-01    2.534686E-01    1.011869E-01    2.324037E-02
    9.377779E-01    9.374372E-01    9.298538E-01    2.534367E-01    1.011517E-01    2.322774E-02
    9.377973E-01    9.374555E-01    9.298457E-01    2.534022E-01    1.011160E-01    2.321510E-02
    9.378168E-01    9.374737E-01    9.298375E-01    2.533651E-01    1.010798E-01    2.320241E-02
    9.378361E-01    9.374919E-01    9.298291E-01    2.533255E-01    1.010429E-01    2.318966E-02
    9.378554E-01    9.375099E-01    9.298206E-01    2.532834E-01    1.010054E-01    2.317683E-02
    9.378746E-01    9.375279E-01    9.298119E-01    2.532387E-01    1.009673E-01    2.316389E-02
    9.378938E-01    9.375459E-01    9.298030E-01    2.531916E-01    1.009284E-01    2.315086E-02
    9.379128E-01    9.375637E-01    9.297940E-01    2.531420E-01    1.008887E-01    2.313773E-02
    9.379318E-01    9.375815E-01    9.297848E-01    2.530898E-01    1.008482E-01    2.312450E-02
    9.379507E-01    9.375991E-01    9.297755E-01    2.530353E-01    1.008070E-01    2.311118E-02
    9.379694E-01    9.376166E-01    9.297659E-01    2.529782E-01    1.007649E-01    2.309780E-02
    9.379881E-01    9.376341E-01    9.297561E-01    2.529188E-01    1.007219E-01    2.308438E-02
    9.380067E-01    9.376514E-01    9.297462E-01    2.528569E-01    1.006782E-01    2.307096E-02
    9.380251E-01    9.376686E-01    9.297360E-01    2.527927E-01    1.006335E-01    2.305756E-02
    9.380434E-01    9.376857E-01    9.297257E-01    2.527262E-01    1.005881E-01    2.304423E-02
    9.380616E-01    9.377026E-01    9.297151E-01    2.526573E-01    1.005418E-01    2.303100E-02
    9.380796E-01    9.377194E-01    9.297043E-01    2.525861E-01    1.004948E-01    2.301793E-02
    9.380976E-01    9.377361E-01    9.296933E-01    2.525126E-01    1.004469E-01    2.300505E-02
    9.381153E-01    9.377526E-01    9.296821E-01    2.524370E-01    1.003983E-01    2.299240E-02
    9.381330E-01    9.377690E-01    9.296706E-01    2.523591E-01    1.003490E-01    2.298003E-02
    9.381505E-01    9.377852E-01    9.296589E-01    2.522791E-01    1.002991E-01    2.296795E-02
    9.381678E-01    9.378012E-01    9.296470E-01    2.521969E-01    1.002485E-01    2.295621E-02
    9.381850E-01    9.378171E-01    9.296348E-01    2.521127E-01    1.001973E-01    2.294481E-02
    9.382020E-01    9.378329E-01    9.296224E-01    2.520264E-01    1.001456E-01    2.293377E-02
    9.382188E-01    9.378484E-01    9.296097E-01    2.519381E-01    1.000934E-01    2.292308E-02
    9.382355E-01    9.378638E-01    9.295967E-01    2.518479E-01    1.000408E-01    2.291275E-02
    9.382520E-01    9.378790E-01    9.295835E-01    2.517557E-01    9.998786E-02    2.290276E-02
    9.382683E-01    9.378941E-01    9.295701E-01    2.516617E-01    9.993464E-02    2.289307E-02
    9.382845E-01    9.379089E-01    9.295564E-01    2.515659E-01    9.988121E-02    2.288366E-02
    9.383004E-01    9.379235E-01    9.295424E-01    2.514682E-01    9.982764E-02    2.287449E-02
    9.383162E-01    9.379380E-01    9.295281E-01    2.513688E-01    9.977401E-02    2.286550E-02
    9.383317E-01    9.379523E-01    9.295135E-01    2.512678E-01    9.972038E-02    2.285665E-02
    9.383471E-01    9.379663E-01    9.294987E-01    2.511651E-01    9.966683E-02    2.284788E-02
    9.383623E-01    9.379802E-01    9.294835E-01    2.510609E-01    9.961345E-02    2.283913E-02
    9.383773E-01    9.379938E-01    9.294681E-01    2.509551E-01    9.956030E-02    2.283035E-02
    9.383920E-01    9.380073E-01    9.294524E-01    2.508478E-01    9.950747E-02    2.282148E-02
    9.384066E-01    9.380205E-01    9.294364E-01    2.507391E-01    9.945502E-02    2.281248E-02
    9.385383E-01    9.381389E-01    9.292618E-01    2.496013E-01    9.897287E-02    2.271114E-02
    9.386466E-01    9.382334E-01    9.290554E-01    2.483856E-01    9.859215E-02    2.259941E-02
    9.387291E-01    9.383019E-01    9.288150E-01    2.471480E-01    9.833145E-02    2.250250E-02
    9.387843E-01    9.383426E-01    9.285391E-01    2.459406E-01    9.816318E-02    2.240831E-02
    9.388110E-01    9.383545E-01    9.282266E-01    2.448064E-01    9.802808E-02    2.231918E-02
    9.388085E-01    9.383368E-01    9.278767E-01    2.437759E-01    9.786323E-02    2.224468E-02
    9.387763E-01    9.382890E-01    9.274891E-01    2.428646E-01    9.762854E-02    2.216317E-02
    9.387142E-01    9.382109E-01    9.270639E-01    2.420729E-01    9.731946E-02    2.207569E-02
    9.386224E-01    9.381029E-01    9.266011E-01    2.413870E-01    9.696217E-02    2.200057E-02
    9.385014E-01    9.379652E-01    9.261015E-01    2.407826E-01    9.659676E-02    2.193076E-02
    9.383516E-01    9.377983E-01    9.255655E-01    2.402287E-01    9.625866E-02    2.186271E-02
    9.381738E-01    9.376031E-01    9.249942E-01    2.396933E-01    9.596625E-02    2.179889E-02
    9.379687E-01    9.373803E-01    9.243884E-01    2.391482E-01    9.571783E-02    2.172856E-02
    9.377375E-01    9.371310E-01    9.237493E-01    2.385733E-01    9.549688E-02    2.166510E-02
    9.374811E-01    9.368562E-01    9.230782E-01    2.379598E-01    9.528287E-02    2.161035E-02
    9.372007E-01    9.365570E-01    9.223763E-01    2.373107E-01    9.506366E-02    2.155224E-02
    9.368975E-01    9.362346E-01    9.216450E-01    2.366400E-01    9.484337E-02    2.149774E-02
    9.365726E-01    9.358902E-01    9.208857E-01    2.359690E-01    9.463876E-02    2.144062E-02
    9.362273E-01    9.355252E-01    9.200998E-01    2.353226E-01    9.446380E-02    2.139117E-02
    9.358629E-01    9.351406E-01    9.192889E-01    2.347238E-01    9.431262E-02    2.134437E-02
    9.354806E-01    9.347379E-01    9.184543E-01    2.341896E-01    9.415767E-02    2.129503E-02
    9.350816E-01    9.343183E-01    9.175976E-01    2.337276E-01    9.397009E-02    2.124863E-02
    9.346673E-01    9.338829E-01    9.167202E-01    2.333353E-01    9.374724E-02    2.120389E-02
    9.342389E-01    9.334331E-01    9.158237E-01    2.330003E-01    9.351999E-02    2.116428E-02
    9.337975E-01    9.329701E-01    9.149093E-01    2.327040E-01    9.332747E-02    2.112127E-02
    9.333443E-01    9.324950E-01    9.139787E-01    2.324250E-01    9.318130E-02    2.108155E-02
    9.328806E-01    9.320090E-01    9.130331E-01    2.321438E-01    9.305674E-02    2.104347E-02
    9.324073E-01    9.315133E-01    9.120739E-01    2.318463E-01    9.292155E-02    2.100834E-02
    9.319256E-01    9.310088E-01    9.111025E-01    2.315256E-01    9.277038E-02    2.097104E-02
    9.314365E-01    9.304967E-01    9.101201E-01    2.311821E-01    9.262430E-02    2.093721E-02
    9.309410E-01    9.299779E-01    9.091281E-01    2.308223E-01    9.249825E-02    2.090469E-02
    9.304401E-01    9.294535E-01    9.081277E-01    2.304558E-01    9.237981E-02    2.087308E-02
    9.299346E-01    9.289243E-01    9.071200E-01    2.300927E-01    9.224711E-02    2.084103E-02
    9.294256E-01    9.283912E-01    9.061063E-01    2.297409E-01    9.209981E-02    2.081265E-02
    9.289137E-01    9.278551E-01    9.050875E-01    2.294054E-01    9.196034E-02    2.078361E-02
    9.283998E-01    9.273167E-01    9.040649E-01    2.290882E-01    9.184548E-02    2.075564E-02
    9.278846E-01    9.267768E-01    9.030395E-01    2.287887E-01    9.174850E-02    2.072916E-02
    9.273689E-01    9.262362E-01    9.020122E-01    2.285055E-01    9.165134E-02    2.070357E-02
    9.268533E-01    9.256955E-01    9.009840E-01    2.282366E-01    9.154779E-02    2.067829E-02
    9.263384E-01    9.251553E-01    8.999559E-01    2.279799E-01    9.144173E-02    2.065425E-02
    9.258249E-01    9.246163E-01    8.989287E-01    2.277337E-01    9.134056E-02    2.063146E-02
    9.253133E-01    9.240790E-01    8.979034E-01    2.274961E-01    9.124417E-02    2.060839E-02
    9.248041E-01    9.235439E-01    8.968807E-01    2.272657E-01    9.114753E-02    2.058698E-02
    9.242978E-01    9.230115E-01    8.958614E-01    2.270422E-01    9.105091E-02    2.056620E-02
    9.237949E-01    9.224823E-01    8.948463E-01    2.268263E-01    9.096353E-02    2.054551E-02
    9.232957E-01    9.219568E-01    8.938362E-01    2.266201E-01    9.088929E-02    2.052624E-02
    9.228008E-01    9.214352E-01    8.928316E-01    2.264253E-01    9.081584E-02    2.050721E-02
    9.223103E-01    9.209180E-01    8.918334E-01    2.262421E-01    9.073275E-02    2.048886E-02
    9.218247E-01    9.204055E-01    8.908421E-01    2.260677E-01    9.064951E-02    2.047126E-02
    9.213442E-01    9.198980E-01    8.898584E-01    2.258967E-01    9.057622E-02    2.045404E-02
    9.208692E-01    9.193958E-01    8.888828E-01    2.257232E-01    9.050556E-02    2.043775E-02
    9.203999E-01    9.188992E-01    8.879159E-01    2.255438E-01    9.043335E-02    2.042148E-02
    9.199365E-01    9.184083E-01    8.869583E-01    2.253599E-01    9.036856E-02    2.040611E-02
    9.194792E-01    9.179235E-01    8.860104E-01    2.251775E-01    9.030903E-02    2.039117E-02
    9.190282E-01    9.174448E-01    8.850729E-01    2.250047E-01    9.024619E-02    2.037669E-02
    9.185836E-01    9.169724E-01    8.841461E-01    2.248473E-01    9.018025E-02    2.036279E-02
    9.181457E-01    9.165066E-01    8.832304E-01    2.247051E-01    9.012057E-02    2.034910E-02
    9.177145E-01    9.160473E-01    8.823265E-01    2.245729E-01    9.006522E-02    2.033619E-02
    9.172901E-01    9.155948E-01    8.814345E-01    2.244434E-01    9.001054E-02    2.032344E-02
    9.168726E-01    9.151491E-01    8.805551E-01    2.243122E-01    8.995813E-02    2.031133E-02
    9.164621E-01    9.147104E-01    8.796884E-01    2.241804E-01    8.990793E-02    2.029937E-02
    9.160587E-01    9.142786E-01    8.788350E-01    2.240527E-01    8.985631E-02    2.028796E-02
    9.156624E-01    9.138538E-01    8.779950E-01    2.239333E-01    8.980499E-02    2.027680E-02
    9.152732E-01    9.134360E-01    8.771690E-01    2.238216E-01    8.975922E-02    2.026613E-02
    9.148912E-01    9.130254E-01    8.763571E-01    2.237133E-01    8.971615E-02    2.025571E-02
    9.145163E-01    9.126218E-01    8.755597E-01    2.236037E-01    8.966926E-02    2.024575E-02
    9.141486E-01    9.122253E-01    8.747770E-01    2.234917E-01    8.962937E-02    2.023598E-02
    9.137881E-01    9.118360E-01    8.740093E-01    2.233809E-01    8.958706E-02    2.022664E-02
    9.134347E-01    9.114537E-01    8.732569E-01    2.232762E-01    8.954590E-02    2.021749E-02
    9.130884E-01    9.110784E-01    8.725200E-01    2.231797E-01    8.950931E-02    2.020872E-02
    9.127491E-01    9.107102E-01    8.717988E-01    2.230897E-01    8.947216E-02    2.020019E-02
    9.124169E-01    9.103490E-01    8.710934E-01    2.230030E-01    8.943519E-02    2.019193E-02
    9.120917E-01    9.099946E-01    8.704042E-01    2.229174E-01    8.939999E-02    2.018397E-02
    9.117733E-01    9.096472E-01    8.697312E-01    2.228329E-01    8.936552E-02    2.017621E-02
    9.114619E-01    9.093066E-01    8.690745E-01    2.227506E-01    8.933338E-02    2.016876E-02
    9.111572E-01    9.089727E-01    8.684345E-01    2.226709E-01    8.930225E-02    2.016151E-02
    9.108592E-01    9.086455E-01    8.678110E-01    2.225937E-01    8.927029E-02    2.015450E-02
    9.105679E-01    9.083249E-01    8.672043E-01    2.225185E-01    8.924058E-02    2.014775E-02
    9.102831E-01    9.080109E-01    8.666145E-01    2.224452E-01    8.921168E-02    2.014117E-02
    9.100047E-01    9.077033E-01    8.660415E-01    2.223737E-01    8.918418E-02    2.013481E-02
    9.097328E-01    9.074021E-01    8.654855E-01    2.223048E-01    8.915703E-02    2.012865E-02
    9.094671E-01    9.071071E-01    8.649464E-01    2.222397E-01    8.913001E-02    2.012269E-02
    9.092076E-01    9.068183E-01    8.644243E-01    2.221783E-01    8.910444E-02    2.011688E-02
    9.089542E-01    9.065356E-01    8.639191E-01    2.221190E-01    8.908053E-02    2.011135E-02
    9.087068E-01    9.062589E-01    8.634309E-01    2.220595E-01    8.905613E-02    2.010594E-02
    9.084653E-01    9.059881E-01    8.629595E-01    2.220002E-01    8.903321E-02    2.010069E-02
    9.082295E-01    9.057231E-01    8.625049E-01    2.219432E-01    8.901110E-02    2.009563E-02
    9.079995E-01    9.054638E-01    8.620669E-01    2.218881E-01    8.898960E-02    2.009072E-02
    9.077750E-01    9.052100E-01    8.616455E-01    2.218371E-01    8.896845E-02    2.008595E-02
    9.075560E-01    9.049618E-01    8.612405E-01    2.217844E-01    8.894779E-02    2.008134E-02
    9.073423E-01    9.047189E-01    8.608517E-01    2.217359E-01    8.892844E-02    2.007689E-02
    9.071338E-01    9.044813E-01    8.604790E-01    2.216892E-01    8.890933E-02    2.007255E-02
    9.069305E-01    9.042488E-01    8.601221E-01    2.216444E-01    8.889061E-02    2.006836E-02
    9.067322E-01    9.040213E-01    8.597807E-01    2.215993E-01    8.887269E-02    2.006429E-02
    9.065388E-01    9.037988E-01    8.594547E-01    2.215548E-01    8.885553E-02    2.006035E-02
    9.063501E-01    9.035812E-01    8.591437E-01    2.215123E-01    8.883846E-02    2.005649E-02
    9.061661E-01    9.033682E-01    8.588473E-01    2.214716E-01    8.882182E-02    2.005283E-02
    9.059867E-01    9.031598E-01    8.585653E-01    2.214321E-01    8.880630E-02    2.004924E-02
    9.058117E-01    9.029559E-01    8.582973E-01    2.213938E-01    8.879095E-02    2.004576E-02
    9.056410E-01    9.027563E-01    8.580429E-01    2.213568E-01    8.877563E-02    2.004238E-02
    9.054744E-01    9.025610E-01    8.578017E-01    2.213209E-01    8.876149E-02    2.003910E-02
    9.053119E-01    9.023698E-01    8.575732E-01    2.212857E-01    8.874740E-02    2.003592E-02
    9.051534E-01    9.021826E-01    8.573570E-01    2.212510E-01    8.873363E-02    2.003283E-02
    9.049986E-01    9.019992E-01    8.571526E-01    2.212176E-01    8.872046E-02    2.002982E-02
    9.048476E-01    9.018196E-01    8.569595E-01    2.211857E-01    8.870748E-02    2.002690E-02
    9.047000E-01    9.016436E-01    8.567772E-01    2.211547E-01    8.869492E-02    2.002406E-02
    9.045559E-01    9.014711E-01    8.566051E-01    2.211240E-01    8.868280E-02    2.002130E-02
    9.044150E-01    9.013020E-01    8.564428E-01    2.210944E-01    8.867077E-02    2.001859E-02
    9.042772E-01    9.011360E-01    8.562896E-01    2.210655E-01    8.865920E-02    2.001598E-02
    9.041424E-01    9.009732E-01    8.561449E-01    2.210368E-01    8.864794E-02    2.001337E-02
    9.040104E-01    9.008132E-01    8.560082E-01    2.210092E-01    8.863680E-02    2.001092E-02
    9.038811E-01    9.006560E-01    8.558789E-01    2.209827E-01    8.862606E-02    2.000848E-02
    9.037543E-01    9.005014E-01    8.557564E-01    2.209563E-01    8.861548E-02    2.000609E-02
    9.036299E-01    9.003493E-01    8.556400E-01    2.209304E-01    8.860511E-02    2.000375E-02
    9.035076E-01    9.001995E-01    8.555291E-01    2.209050E-01    8.859464E-02    2.000146E-02
    9.033872E-01    9.000517E-01    8.554232E-01    2.208800E-01    8.858495E-02    1.999921E-02
    9.032687E-01    8.999059E-01    8.553217E-01    2.208555E-01    8.857514E-02    1.999698E-02
    9.031517E-01    8.997618E-01    8.552238E-01    2.208315E-01    8.856543E-02    1.999471E-02
    9.030362E-01    8.996191E-01    8.551291E-01    2.208074E-01    8.855585E-02    1.999262E-02
    9.029217E-01    8.994778E-01    8.550369E-01    2.207837E-01    8.854635E-02    1.999048E-02
    9.028081E-01    8.993375E-01    8.549467E-01    2.207602E-01    8.853693E-02    1.998835E-02
    9.026952E-01    8.991980E-01    8.548578E-01    2.207368E-01    8.852754E-02    1.998622E-02
    9.025827E-01    8.990590E-01    8.547697E-01    2.207134E-01    8.851814E-02    1.998419E-02
    9.024702E-01    8.989203E-01    8.546818E-01    2.206900E-01    8.850874E-02    1.998198E-02
    9.023575E-01    8.987815E-01    8.545937E-01    2.206663E-01    8.849927E-02    1.997984E-02
    9.022443E-01    8.986423E-01    8.545047E-01    2.206425E-01    8.848974E-02    1.997769E-02
    9.021301E-01    8.985024E-01    8.544143E-01    2.206185E-01    8.848007E-02    1.997551E-02
    9.020145E-01    8.983613E-01    8.543220E-01    2.205940E-01    8.847026E-02    1.997329E-02
    9.018972E-01    8.982187E-01    8.542273E-01    2.205690E-01    8.846022E-02    1.997097E-02
    9.017777E-01    8.980741E-01    8.541296E-01    2.205433E-01    8.844998E-02    1.996871E-02
    9.016555E-01    8.979269E-01    8.540284E-01    2.205168E-01    8.843942E-02    1.996633E-02
    9.015301E-01    8.977768E-01    8.539232E-01    2.204899E-01    8.842847E-02    1.996386E-02
    9.014008E-01    8.976230E-01    8.538135E-01    2.204616E-01    8.841720E-02    1.996131E-02
    9.012670E-01    8.974650E-01    8.536985E-01    2.204323E-01    8.840541E-02    1.995866E-02
    9.011281E-01    8.973021E-01    8.535778E-01    2.204014E-01    8.839310E-02    1.995585E-02
    9.009832E-01    8.971335E-01    8.534507E-01    2.203694E-01    8.838017E-02    1.995295E-02
    9.008316E-01    8.969585E-01    8.533164E-01    2.203354E-01    8.836656E-02    1.994987E-02
    9.006724E-01    8.967760E-01    8.531743E-01    2.202995E-01    8.835216E-02    1.994663E-02
    9.005045E-01    8.965853E-01    8.530234E-01    2.202614E-01    8.833688E-02    1.994317E-02
    9.003269E-01    8.963851E-01    8.528629E-01    2.202209E-01    8.832064E-02    1.993950E-02
    9.001384E-01    8.961743E-01    8.526918E-01    2.201776E-01    8.830331E-02    1.993560E-02
    8.999377E-01    8.959517E-01    8.525089E-01    2.201292E-01    8.828471E-02    1.993140E-02
    8.997235E-01    8.957158E-01    8.523131E-01    2.200816E-01    8.826479E-02    1.992690E-02
    8.994942E-01    8.954652E-01    8.521029E-01    2.200282E-01    8.824334E-02    1.992206E-02
    8.992481E-01    8.951982E-01    8.518768E-01    2.199695E-01    8.822023E-02    1.991684E-02
    8.989833E-01    8.949129E-01    8.516332E-01    2.199082E-01    8.819528E-02    1.991120E-02
    8.986979E-01    8.946074E-01    8.513702E-01    2.198409E-01    8.816824E-02    1.990502E-02
    8.983897E-01    8.942795E-01    8.510857E-01    2.197679E-01    8.813896E-02    1.989849E-02
    8.980563E-01    8.939268E-01    8.507775E-01    2.196880E-01    8.810718E-02    1.989131E-02
    8.976951E-01    8.935467E-01    8.504430E-01    2.196025E-01    8.807264E-02    1.988352E-02
    8.973031E-01    8.931364E-01    8.500796E-01    2.195088E-01    8.803506E-02    1.987507E-02
    8.968774E-01    8.926928E-01    8.496843E-01    2.194068E-01    8.799444E-02    1.986580E-02
    8.964144E-01    8.922125E-01    8.492538E-01    2.192954E-01    8.794955E-02    1.985573E-02
    8.959106E-01    8.916918E-01    8.487844E-01    2.191743E-01    8.790092E-02    1.984467E-02
    8.953618E-01    8.911268E-01    8.482724E-01    2.190420E-01    8.784785E-02    1.983280E-02
    8.947637E-01    8.905131E-01    8.477136E-01    2.188973E-01    8.778989E-02    1.981969E-02
    8.941115E-01    8.898459E-01    8.471032E-01    2.187398E-01    8.772671E-02    1.980541E-02
    8.934001E-01    8.891201E-01    8.464365E-01    2.185675E-01    8.765757E-02    1.978985E-02
    8.926238E-01    8.883302E-01    8.457080E-01    2.183793E-01    8.758208E-02    1.977277E-02
    8.917767E-01    8.874701E-01    8.449120E-01    2.181736E-01    8.749966E-02    1.975415E-02
    8.908521E-01    8.865333E-01    8.440422E-01    2.179491E-01    8.740955E-02    1.973381E-02
    8.898429E-01    8.855129E-01    8.430920E-01    2.177038E-01    8.731114E-02    1.971160E-02
    8.887417E-01    8.844012E-01    8.420541E-01    2.174358E-01    8.720359E-02    1.968733E-02
    8.875403E-01    8.831902E-01    8.409209E-01    2.171433E-01    8.708639E-02    1.966085E-02
    8.862298E-01    8.818711E-01    8.396841E-01    2.168241E-01    8.695833E-02    1.963194E-02
    8.848010E-01    8.804347E-01    8.383348E-01    2.164758E-01    8.681867E-02    1.960042E-02
    8.832440E-01    8.788711E-01    8.368637E-01    2.160961E-01    8.666637E-02    1.956604E-02
    8.815481E-01    8.771697E-01    8.352609E-01    2.156824E-01    8.650048E-02    1.952859E-02
    8.797022E-01    8.753196E-01    8.335158E-01    2.152319E-01    8.631982E-02    1.948780E-02
    8.776945E-01    8.733089E-01    8.316172E-01    2.147408E-01    8.612325E-02    1.944342E-02
    8.755128E-01    8.711254E-01    8.295535E-01    2.142087E-01    8.590954E-02    1.939517E-02
    8.731440E-01    8.687563E-01    8.273125E-01    2.136305E-01    8.567756E-02    1.934281E-02
    8.705748E-01    8.661882E-01    8.248814E-01    2.130029E-01    8.542584E-02    1.928593E-02
    8.677914E-01    8.634074E-01    8.222473E-01    2.123228E-01    8.515308E-02    1.922439E-02
    8.647796E-01    8.603998E-01    8.193967E-01    2.115866E-01    8.485787E-02    1.915774E-02
    8.615250E-01    8.571510E-01    8.163158E-01    2.107912E-01    8.453882E-02    1.908571E-02
    8.580129E-01    8.536466E-01    8.129909E-01    2.099325E-01    8.419449E-02    1.900805E-02
    8.542288E-01    8.498719E-01    8.094080E-01    2.090074E-01    8.382341E-02    1.892420E-02
    8.501583E-01    8.458126E-01    8.055536E-01    2.080120E-01    8.342427E-02    1.883409E-02
    8.457871E-01    8.414547E-01    8.014141E-01    2.069464E-01    8.299558E-02    1.873729E-02
    8.411018E-01    8.367846E-01    7.969766E-01    2.057974E-01    8.253603E-02    1.863356E-02
    8.360893E-01    8.317894E-01    7.922290E-01    2.045714E-01    8.204437E-02    1.852256E-02
    8.307376E-01    8.264572E-01    7.871597E-01    2.032624E-01    8.151940E-02    1.840404E-02
    8.250359E-01    8.207771E-01    7.817586E-01    2.018678E-01    8.096006E-02    1.827776E-02
    8.189746E-01    8.147397E-01    7.760165E-01    2.003851E-01    8.036542E-02    1.814351E-02
    8.125457E-01    8.083369E-01    7.699258E-01    1.988122E-01    7.973468E-02    1.800111E-02
    8.057430E-01    8.015626E-01    7.634808E-01    1.971482E-01    7.906724E-02    1.785043E-02
    7.985621E-01    7.944125E-01    7.566772E-01    1.953914E-01    7.836268E-02    1.769137E-02
    7.910008E-01    7.868843E-01    7.495131E-01    1.935415E-01    7.762047E-02    1.752387E-02
    7.830592E-01    7.789780E-01    7.419884E-01    1.915985E-01    7.684152E-02    1.734795E-02
    7.747396E-01    7.706960E-01    7.341054E-01    1.895630E-01    7.602510E-02    1.716364E-02
    7.660466E-01    7.620429E-01    7.258686E-01    1.874361E-01    7.517220E-02    1.697107E-02
    7.569875E-01    7.530258E-01    7.172846E-01    1.852195E-01    7.428321E-02    1.677038E-02
    7.475716E-01    7.436541E-01    7.083625E-01    1.829157E-01    7.335910E-02    1.656177E-02
    7.378107E-01    7.339396E-01    6.991135E-01    1.805274E-01    7.240139E-02    1.634553E-02
    7.277189E-01    7.238961E-01    6.895507E-01    1.780581E-01    7.141107E-02    1.612196E-02
    7.173122E-01    7.135396E-01    6.796895E-01    1.755117E-01    7.038984E-02    1.589140E-02
    7.066086E-01    7.028880E-01    6.695469E-01    1.728927E-01    6.933946E-02    1.565426E-02
    6.956276E-01    6.919607E-01    6.591413E-01    1.702058E-01    6.826184E-02    1.541098E-02
    6.843903E-01    6.807788E-01    6.484929E-01    1.674561E-01    6.715909E-02    1.516202E-02
