   -1.000000E+00   -1.000000E+00   -1.000000E+00   -1.000000E+00   -1.000000E+00   -1.000000E+00
   -1.000000E+00   -1.000000E+00   -1.000000E+00   -1.000000E+00   -1.000000E+00   -1.000000E+00
   -1.000000E+00   -1.000000E+00   -1.000000E+00   -1.000000E+00   -1.000000E+00   -1.000000E+00
   -1.000000E+00   -1.000000E+00   -1.000000E+00   -1.000000E+00   -1.000000E+00   -1.000000E+00
   -1.000000E+00   -1.000000E+00   -1.000000E+00   -1.000000E+00   -1.000000E+00   -1.000000E+00
   -1.000000E+00   -1.000000E+00   -1.000000E+00   -1.000000E+00   -1.000000E+00   -1.000000E+00
   -1.000000E+00   -1.000000E+00   -1.000000E+00   -1.000000E+00   -1.000000E+00   -1.000000E+00
   -1.000000E+00   -1.000000E+00   -1.000000E+00   -1.000000E+00   -1.000000E+00   -1.000000E+00
   -1.000000E+00   -1.000000E+00   -1.000000E+00   -1.000000E+00   -1.000000E+00   -1.000000E+00
   -1.000000E+00   -1.000000E+00   -1.000000E+00   -1.000000E+00   -1.000000E+00   -1.000000E+00
   -1.000000E+00   -1.000000E+00   -1.000000E+00   -1.000000E+00   -1.000000E+00   -1.000000E+00
   -1.000000E+00   -1.000000E+00   -1.000000E+00   -1.000000E+00   -1.000000E+00   -1.000000E+00
   -9.999999E-01   -9.999999E-01   -9.999999E-01   -9.999999E-01   -9.999999E-01   -9.999999E-01
   -9.999999E-01   -9.999999E-01   -9.999999E-01   -9.999999E-01   -9.999999E-01   -9.999999E-01
   -9.999999E-01   -9.999999E-01   -9.999999E-01   -9.999999E-01   -9.999999E-01   -9.999999E-01
   -9.999999E-01   -9.999999E-01   -9.999999E-01   -9.999999E-01   -9.999999E-01   -9.999999E-01
   -9.999999E-01   -9.999999E-01   -9.999999E-01   -9.999999E-01   -9.999999E-01   -9.999999E-01
   -9.999999E-01   -9.999999E-01   -9.999999E-01   -9.999999E-01   -9.999999E-01   -9.999999E-01
   -9.999999E-01   -9.999999E-01   -9.999999E-01   -9.999999E-01   -9.999999E-01   -9.999999E-01
   -9.999999E-01   -9.999999E-01   -9.999999E-01   -9.999999E-01   -9.999999E-01   -9.999999E-01
   -9.999999E-01   -9.999999E-01   -9.999999E-01   -9.999999E-01   -9.999999E-01   -9.999999E-01
   -9.999999E-01   -9.999999E-01   -9.999999E-01   -9.999999E-01   -9.999999E-01   -9.999999E-01
   -9.999999E-01   -9.999999E-01   -9.999999E-01   -9.999999E-01   -9.999999E-01   -9.999999E-01
   -9.999999E-01   -9.999999E-01   -9.999999E-01   -9.999999E-01   -9.999999E-01   -9.999999E-01
   -9.999999E-01   -9.999999E-01   -9.999999E-01   -9.999999E-01   -9.999999E-01   -9.999999E-01
   -9.999999E-01   -9.999999E-01   -9.999999E-01   -9.999999E-01   -9.999999E-01   -9.999999E-01
   -9.999998E-01   -9.999998E-01   -9.999998E-01   -9.999998E-01   -9.999998E-01   -9.999998E-01
   -9.999998E-01   -9.999998E-01   -9.999998E-01   -9.999998E-01   -9.999998E-01   -9.999998E-01
   -9.999998E-01   -9.999998E-01   -9.999998E-01   -9.999998E-01   -9.999998E-01   -9.999998E-01
   -9.999998E-01   -9.999998E-01   -9.999998E-01   -9.999998E-01   -9.999998E-01   -9.999998E-01
   -9.999998E-01   -9.999998E-01   -9.999998E-01   -9.999998E-01   -9.999998E-01   -9.999998E-01
   -9.999998E-01   -9.999998E-01   -9.999998E-01   -9.999998E-01   -9.999998E-01   -9.999998E-01
   -9.999998E-01   -9.999998E-01   -9.999998E-01   -9.999998E-01   -9.999997E-01   -9.999997E-01
   -9.999997E-01   -9.999997E-01   -9.999997E-01   -9.999997E-01   -9.999997E-01   -9.999997E-01
   -9.999997E-01   -9.999997E-01   -9.999997E-01   -9.999997E-01   -9.999997E-01   -9.999997E-01
   -9.999997E-01   -9.999997E-01   -9.999997E-01   -9.999997E-01   -9.999997E-01   -9.999997E-01
   -9.999997E-01   -9.999997E-01   -9.999997E-01   -9.999997E-01   -9.999997E-01   -9.999997E-01
   -9.999996E-01   -9.999996E-01   -9.999996E-01   -9.999996E-01   -9.999996E-01   -9.999996E-01
   -9.999996E-01   -9.999996E-01   -9.999996E-01   -9.999996E-01   -9.999996E-01   -9.999996E-01
   -9.999996E-01   -9.999996E-01   -9.999996E-01   -9.999996E-01   -9.999996E-01   -9.999996E-01
   -9.999995E-01   -9.999995E-01   -9.999995E-01   -9.999995E-01   -9.999995E-01   -9.999995E-01
   -9.999995E-01   -9.999995E-01   -9.999995E-01   -9.999995E-01   -9.999995E-01   -9.999995E-01
   -9.999995E-01   -9.999995E-01   -9.999995E-01   -9.999995E-01   -9.999995E-01   -9.999994E-01
   -9.999994E-01   -9.999994E-01   -9.999994E-01   -9.999994E-01   -9.999994E-01   -9.999994E-01
   -9.999994E-01   -9.999994E-01   -9.999994E-01   -9.999994E-01   -9.999994E-01   -9.999994E-01
   -9.999993E-01   -9.999993E-01   -9.999993E-01   -9.999993E-01   -9.999993E-01   -9.999993E-01
   -9.999992E-01   -9.999992E-01   -9.999992E-01   -9.999992E-01   -9.999992E-01   -9.999992E-01
   -9.999992E-01   -9.999992E-01   -9.999992E-01   -9.999992E-01   -9.999992E-01   -9.999992E-01
   -9.999991E-01   -9.999991E-01   -9.999991E-01   -9.999991E-01   -9.999991E-01   -9.999991E-01
   -9.999991E-01   -9.999991E-01   -9.999991E-01   -9.999991E-01   -9.999990E-01   -9.999990E-01
   -9.999990E-01   -9.999990E-01   -9.999990E-01   -9.999990E-01   -9.999990E-01   -9.999990E-01
   -9.999989E-01   -9.999989E-01   -9.999989E-01   -9.999989E-01   -9.999989E-01   -9.999989E-01
   -9.999988E-01   -9.999988E-01   -9.999988E-01   -9.999988E-01   -9.999988E-01   -9.999988E-01
   -9.999987E-01   -9.999987E-01   -9.999987E-01   -9.999987E-01   -9.999987E-01   -9.999987E-01
   -9.999986E-01   -9.999986E-01   -9.999986E-01   -9.999986E-01   -9.999986E-01   -9.999986E-01
   -9.999985E-01   -9.999985E-01   -9.999985E-01   -9.999985E-01   -9.999985E-01   -9.999985E-01
   -9.999984E-01   -9.999984E-01   -9.999984E-01   -9.999984E-01   -9.999984E-01   -9.999983E-01
   -9.999982E-01   -9.999982E-01   -9.999982E-01   -9.999982E-01   -9.999982E-01   -9.999982E-01
   -9.999981E-01   -9.999981E-01   -9.999981E-01   -9.999981E-01   -9.999981E-01   -9.999980E-01
   -9.999979E-01   -9.999979E-01   -9.999979E-01   -9.999979E-01   -9.999979E-01   -9.999979E-01
   -9.999977E-01   -9.999977E-01   -9.999977E-01   -9.999977E-01   -9.999977E-01   -9.999977E-01
   -9.999976E-01   -9.999976E-01   -9.999976E-01   -9.999976E-01   -9.999976E-01   -9.999975E-01
   -9.999974E-01   -9.999974E-01   -9.999974E-01   -9.999974E-01   -9.999974E-01   -9.999973E-01
   -9.999971E-01   -9.999971E-01   -9.999971E-01   -9.999971E-01   -9.999971E-01   -9.999971E-01
   -9.999969E-01   -9.999969E-01   -9.999969E-01   -9.999969E-01   -9.999969E-01   -9.999968E-01
   -9.999967E-01   -9.999967E-01   -9.999967E-01   -9.999967E-01   -9.999967E-01   -9.999966E-01
   -9.999964E-01   -9.999964E-01   -9.999964E-01   -9.999964E-01   -9.999964E-01   -9.999963E-01
   -9.999961E-01   -9.999961E-01   -9.999961E-01   -9.999961E-01   -9.999961E-01   -9.999959E-01
   -9.999958E-01   -9.999958E-01   -9.999958E-01   -9.999958E-01   -9.999958E-01   -9.999956E-01
   -9.999954E-01   -9.999954E-01   -9.999954E-01   -9.999954E-01   -9.999954E-01   -9.999952E-01
   -9.999951E-01   -9.999951E-01   -9.999951E-01   -9.999951E-01   -9.999950E-01   -9.999948E-01
   -9.999947E-01   -9.999947E-01   -9.999947E-01   -9.999946E-01   -9.999946E-01   -9.999944E-01
   -9.999942E-01   -9.999942E-01   -9.999942E-01   -9.999942E-01   -9.999942E-01   -9.999939E-01
   -9.999937E-01   -9.999937E-01   -9.999937E-01   -9.999937E-01   -9.999937E-01   -9.999934E-01
   -9.999932E-01   -9.999932E-01   -9.999932E-01   -9.999932E-01   -9.999932E-01   -9.999928E-01
   -9.999927E-01   -9.999927E-01   -9.999927E-01   -9.999927E-01   -9.999926E-01   -9.999922E-01
   -9.999921E-01   -9.999921E-01   -9.999921E-01   -9.999921E-01   -9.999920E-01   -9.999915E-01
   -9.999914E-01   -9.999914E-01   -9.999914E-01   -9.999914E-01   -9.999913E-01   -9.999907E-01
   -9.999907E-01   -9.999907E-01   -9.999907E-01   -9.999907E-01   -9.999906E-01   -9.999899E-01
   -9.999900E-01   -9.999900E-01   -9.999900E-01   -9.999900E-01   -9.999899E-01   -9.999890E-01
   -9.999892E-01   -9.999892E-01   -9.999892E-01   -9.999891E-01   -9.999890E-01   -9.999880E-01
   -9.999883E-01   -9.999883E-01   -9.999883E-01   -9.999882E-01   -9.999881E-01   -9.999869E-01
   -9.999873E-01   -9.999873E-01   -9.999873E-01   -9.999873E-01   -9.999871E-01   -9.999857E-01
   -9.999863E-01   -9.999863E-01   -9.999863E-01   -9.999862E-01   -9.999861E-01   -9.999844E-01
   -9.999852E-01   -9.999852E-01   -9.999852E-01   -9.999851E-01   -9.999849E-01   -9.999830E-01
   -9.999840E-01   -9.999840E-01   -9.999840E-01   -9.999839E-01   -9.999836E-01   -9.999814E-01
   -9.999826E-01   -9.999826E-01   -9.999826E-01   -9.999826E-01   -9.999823E-01   -9.999797E-01
   -9.999812E-01   -9.999812E-01   -9.999812E-01   -9.999811E-01   -9.999808E-01   -9.999778E-01
   -9.999797E-01   -9.999797E-01   -9.999797E-01   -9.999796E-01   -9.999792E-01   -9.999756E-01
   -9.999780E-01   -9.999780E-01   -9.999780E-01   -9.999779E-01   -9.999774E-01   -9.999733E-01
   -9.999762E-01   -9.999762E-01   -9.999762E-01   -9.999761E-01   -9.999755E-01   -9.999707E-01
   -9.999743E-01   -9.999743E-01   -9.999743E-01   -9.999741E-01   -9.999735E-01   -9.999678E-01
   -9.999722E-01   -9.999722E-01   -9.999722E-01   -9.999720E-01   -9.999712E-01   -9.999646E-01
   -9.999699E-01   -9.999699E-01   -9.999699E-01   -9.999697E-01   -9.999688E-01   -9.999611E-01
   -9.999675E-01   -9.999675E-01   -9.999675E-01   -9.999672E-01   -9.999662E-01   -9.999571E-01
   -9.999648E-01   -9.999648E-01   -9.999648E-01   -9.999645E-01   -9.999633E-01   -9.999527E-01
   -9.999619E-01   -9.999619E-01   -9.999619E-01   -9.999616E-01   -9.999602E-01   -9.999477E-01
   -9.999588E-01   -9.999588E-01   -9.999588E-01   -9.999584E-01   -9.999567E-01   -9.999422E-01
   -9.999555E-01   -9.999555E-01   -9.999555E-01   -9.999550E-01   -9.999530E-01   -9.999360E-01
   -9.999518E-01   -9.999518E-01   -9.999518E-01   -9.999513E-01   -9.999490E-01   -9.999291E-01
   -9.999479E-01   -9.999479E-01   -9.999479E-01   -9.999473E-01   -9.999446E-01   -9.999213E-01
   -9.999437E-01   -9.999437E-01   -9.999437E-01   -9.999429E-01   -9.999397E-01   -9.999125E-01
   -9.999391E-01   -9.999391E-01   -9.999391E-01   -9.999382E-01   -9.999345E-01   -9.999026E-01
   -9.999341E-01   -9.999341E-01   -9.999341E-01   -9.999331E-01   -9.999287E-01   -9.998914E-01
   -9.999287E-01   -9.999287E-01   -9.999287E-01   -9.999275E-01   -9.999224E-01   -9.998788E-01
   -9.999229E-01   -9.999229E-01   -9.999229E-01   -9.999215E-01   -9.999155E-01   -9.998645E-01
   -9.999166E-01   -9.999166E-01   -9.999166E-01   -9.999149E-01   -9.999080E-01   -9.998483E-01
   -9.999098E-01   -9.999098E-01   -9.999098E-01   -9.999079E-01   -9.998997E-01   -9.998299E-01
   -9.999024E-01   -9.999024E-01   -9.999024E-01   -9.999002E-01   -9.998906E-01   -9.998090E-01
   -9.998945E-01   -9.998945E-01   -9.998944E-01   -9.998918E-01   -9.998807E-01   -9.997851E-01
   -9.998858E-01   -9.998858E-01   -9.998858E-01   -9.998828E-01   -9.998697E-01   -9.997579E-01
   -9.998765E-01   -9.998765E-01   -9.998765E-01   -9.998729E-01   -9.998576E-01   -9.997269E-01
   -9.998665E-01   -9.998665E-01   -9.998664E-01   -9.998622E-01   -9.998444E-01   -9.996914E-01
   -9.998556E-01   -9.998556E-01   -9.998555E-01   -9.998506E-01   -9.998297E-01   -9.996508E-01
   -9.998438E-01   -9.998438E-01   -9.998438E-01   -9.998380E-01   -9.998136E-01   -9.996042E-01
   -9.998310E-01   -9.998310E-01   -9.998310E-01   -9.998243E-01   -9.997957E-01   -9.995508E-01
   -9.998173E-01   -9.998173E-01   -9.998172E-01   -9.998094E-01   -9.997759E-01   -9.994895E-01
   -9.998024E-01   -9.998024E-01   -9.998023E-01   -9.997931E-01   -9.997540E-01   -9.994189E-01
   -9.997863E-01   -9.997863E-01   -9.997862E-01   -9.997754E-01   -9.997297E-01   -9.993377E-01
   -9.997688E-01   -9.997688E-01   -9.997688E-01   -9.997562E-01   -9.997026E-01   -9.992442E-01
   -9.997500E-01   -9.997500E-01   -9.997500E-01   -9.997352E-01   -9.996726E-01   -9.991364E-01
   -9.997296E-01   -9.997296E-01   -9.997296E-01   -9.997123E-01   -9.996391E-01   -9.990119E-01
   -9.997076E-01   -9.997076E-01   -9.997076E-01   -9.996874E-01   -9.996017E-01   -9.988682E-01
   -9.996838E-01   -9.996838E-01   -9.996838E-01   -9.996602E-01   -9.995599E-01   -9.987020E-01
   -9.996581E-01   -9.996581E-01   -9.996580E-01   -9.996304E-01   -9.995132E-01   -9.985099E-01
   -9.996303E-01   -9.996303E-01   -9.996302E-01   -9.995979E-01   -9.994608E-01   -9.982875E-01
   -9.996002E-01   -9.996002E-01   -9.996001E-01   -9.995623E-01   -9.994020E-01   -9.980299E-01
   -9.995677E-01   -9.995677E-01   -9.995676E-01   -9.995234E-01   -9.993359E-01   -9.977315E-01
   -9.995326E-01   -9.995326E-01   -9.995324E-01   -9.994808E-01   -9.992615E-01   -9.973855E-01
   -9.994946E-01   -9.994946E-01   -9.994944E-01   -9.994340E-01   -9.991776E-01   -9.969842E-01
   -9.994536E-01   -9.994536E-01   -9.994534E-01   -9.993827E-01   -9.990829E-01   -9.965186E-01
   -9.994092E-01   -9.994092E-01   -9.994090E-01   -9.993264E-01   -9.989758E-01   -9.959782E-01
   -9.993613E-01   -9.993613E-01   -9.993610E-01   -9.992645E-01   -9.988546E-01   -9.953506E-01
   -9.993095E-01   -9.993095E-01   -9.993092E-01   -9.991963E-01   -9.987171E-01   -9.946218E-01
   -9.992536E-01   -9.992536E-01   -9.992532E-01   -9.991212E-01   -9.985611E-01   -9.937751E-01
   -9.991932E-01   -9.991931E-01   -9.991927E-01   -9.990385E-01   -9.983837E-01   -9.927913E-01
   -9.991279E-01   -9.991279E-01   -9.991274E-01   -9.989471E-01   -9.981818E-01   -9.916480E-01
   -9.990574E-01   -9.990574E-01   -9.990568E-01   -9.988461E-01   -9.979517E-01   -9.903192E-01
   -9.989813E-01   -9.989812E-01   -9.989805E-01   -9.987343E-01   -9.976892E-01   -9.887749E-01
   -9.988991E-01   -9.988990E-01   -9.988982E-01   -9.986105E-01   -9.973893E-01   -9.869801E-01
   -9.988103E-01   -9.988103E-01   -9.988093E-01   -9.984731E-01   -9.970465E-01   -9.848943E-01
   -9.987145E-01   -9.987145E-01   -9.987134E-01   -9.983206E-01   -9.966541E-01   -9.824707E-01
   -9.986111E-01   -9.986111E-01   -9.986098E-01   -9.981510E-01   -9.962047E-01   -9.796551E-01
   -9.984996E-01   -9.984995E-01   -9.984980E-01   -9.979622E-01   -9.956893E-01   -9.763853E-01
   -9.983792E-01   -9.983791E-01   -9.983774E-01   -9.977517E-01   -9.950980E-01   -9.725891E-01
   -9.982494E-01   -9.982493E-01   -9.982473E-01   -9.975167E-01   -9.944189E-01   -9.681840E-01
   -9.981094E-01   -9.981093E-01   -9.981069E-01   -9.972541E-01   -9.936387E-01   -9.630752E-01
   -9.979585E-01   -9.979584E-01   -9.979556E-01   -9.969603E-01   -9.927416E-01   -9.571543E-01
   -9.977959E-01   -9.977957E-01   -9.977925E-01   -9.966310E-01   -9.917098E-01   -9.502977E-01
   -9.976206E-01   -9.976204E-01   -9.976166E-01   -9.962616E-01   -9.905224E-01   -9.423652E-01
   -9.974318E-01   -9.974316E-01   -9.974272E-01   -9.958467E-01   -9.891556E-01   -9.331982E-01
   -9.972285E-01   -9.972283E-01   -9.972231E-01   -9.953802E-01   -9.875817E-01   -9.226185E-01
   -9.970097E-01   -9.970094E-01   -9.970034E-01   -9.948550E-01   -9.857693E-01   -9.104273E-01
   -9.967742E-01   -9.967739E-01   -9.967669E-01   -9.942631E-01   -9.836820E-01   -8.964041E-01
   -9.965210E-01   -9.965206E-01   -9.965125E-01   -9.935955E-01   -9.812781E-01   -8.803070E-01
   -9.962487E-01   -9.962483E-01   -9.962388E-01   -9.928416E-01   -9.785100E-01   -8.618739E-01
   -9.959561E-01   -9.959556E-01   -9.959446E-01   -9.919897E-01   -9.753234E-01   -8.408249E-01
   -9.956418E-01   -9.956413E-01   -9.956284E-01   -9.910262E-01   -9.716563E-01   -8.168669E-01
   -9.953045E-01   -9.953038E-01   -9.952889E-01   -9.899358E-01   -9.674383E-01   -7.897009E-01
   -9.949426E-01   -9.949418E-01   -9.949245E-01   -9.887008E-01   -9.625897E-01   -7.590327E-01
   -9.945546E-01   -9.945537E-01   -9.945335E-01   -9.873015E-01   -9.570204E-01   -7.245883E-01
   -9.941389E-01   -9.941378E-01   -9.941144E-01   -9.857154E-01   -9.506294E-01   -6.861337E-01
   -9.936938E-01   -9.936926E-01   -9.936653E-01   -9.839169E-01   -9.433035E-01   -6.435023E-01
   -9.932176E-01   -9.932162E-01   -9.931845E-01   -9.818774E-01   -9.349167E-01   -5.966280E-01
   -9.927086E-01   -9.927069E-01   -9.926702E-01   -9.795642E-01   -9.253300E-01   -5.455863E-01
   -9.921649E-01   -9.921630E-01   -9.921205E-01   -9.769410E-01   -9.143907E-01   -4.906417E-01
   -9.915848E-01   -9.915826E-01   -9.915334E-01   -9.739667E-01   -9.019331E-01   -4.323001E-01
   -9.909664E-01   -9.909639E-01   -9.909069E-01   -9.705957E-01   -8.877789E-01   -3.713617E-01
   -9.903080E-01   -9.903050E-01   -9.902391E-01   -9.667770E-01   -8.717392E-01   -3.089678E-01
   -9.896076E-01   -9.896042E-01   -9.895280E-01   -9.624542E-01   -8.536172E-01   -2.466319E-01
   -9.888635E-01   -9.888596E-01   -9.887716E-01   -9.575647E-01   -8.332120E-01   -1.862402E-01
   -9.880740E-01   -9.880694E-01   -9.879680E-01   -9.520401E-01   -8.103248E-01   -1.300033E-01
   -9.872374E-01   -9.872321E-01   -9.871152E-01   -9.458056E-01   -7.847667E-01   -8.034084E-02
   -9.863521E-01   -9.863461E-01   -9.862115E-01   -9.387801E-01   -7.563686E-01   -3.967908E-02
   -9.854167E-01   -9.854098E-01   -9.852550E-01   -9.308762E-01   -7.249946E-01   -1.015406E-02
   -9.844299E-01   -9.844220E-01   -9.842442E-01   -9.220010E-01   -6.905573E-01    6.771273E-03
   -9.833906E-01   -9.833815E-01   -9.831776E-01   -9.120563E-01   -6.530374E-01    1.073442E-02
   -9.822978E-01   -9.822874E-01   -9.820538E-01   -9.009400E-01   -6.125047E-01    2.861554E-03
   -9.811510E-01   -9.811390E-01   -9.808718E-01   -8.885474E-01   -5.691418E-01   -1.401333E-02
   -9.799495E-01   -9.799359E-01   -9.796306E-01   -8.747733E-01   -5.232689E-01   -3.545947E-02
   -9.786935E-01   -9.786779E-01   -9.783296E-01   -8.595145E-01   -4.753667E-01   -5.603706E-02
   -9.773829E-01   -9.773652E-01   -9.769685E-01   -8.426732E-01   -4.260958E-01   -7.041221E-02
   -9.760184E-01   -9.759982E-01   -9.755472E-01   -8.241606E-01   -3.763080E-01   -7.484865E-02
   -9.746008E-01   -9.745779E-01   -9.740659E-01   -8.039021E-01   -3.270441E-01   -6.864508E-02
   -9.731314E-01   -9.731055E-01   -9.725253E-01   -7.818425E-01   -2.795147E-01   -5.483673E-02
   -9.716120E-01   -9.715826E-01   -9.709263E-01   -7.579526E-01   -2.350549E-01   -3.946676E-02
   -9.700444E-01   -9.700113E-01   -9.692702E-01   -7.322354E-01   -1.950522E-01   -2.918412E-02
   -9.684313E-01   -9.683940E-01   -9.675588E-01   -7.047340E-01   -1.608414E-01   -2.788983E-02
   -9.667755E-01   -9.667336E-01   -9.657942E-01   -6.755386E-01   -1.335716E-01   -3.424062E-02
   -9.650803E-01   -9.650332E-01   -9.639788E-01   -6.447936E-01   -1.140512E-01   -4.211601E-02
   -9.633492E-01   -9.632964E-01   -9.621153E-01   -6.127043E-01   -1.025902E-01   -4.471235E-02
   -9.615862E-01   -9.615273E-01   -9.602070E-01   -5.795410E-01   -9.886400E-02   -3.991654E-02
   -9.597957E-01   -9.597299E-01   -9.582573E-01   -5.456417E-01   -1.018340E-01   -3.229639E-02
   -9.579821E-01   -9.579090E-01   -9.562699E-01   -5.114115E-01   -1.097621E-01   -2.877030E-02
   -9.561503E-01   -9.560691E-01   -9.542488E-01   -4.773177E-01   -1.203507E-01   -3.127025E-02
   -9.543053E-01   -9.542153E-01   -9.521982E-01   -4.438798E-01   -1.310231E-01   -3.462923E-02
   -9.524520E-01   -9.523525E-01   -9.501224E-01   -4.116544E-01   -1.393251E-01   -3.343943E-02
   -9.505957E-01   -9.504860E-01   -9.480258E-01   -3.812136E-01   -1.433885E-01   -2.920443E-02
   -9.487416E-01   -9.486210E-01   -9.459131E-01   -3.531181E-01   -1.423492E-01   -2.758884E-02
   -9.454762E-01   -9.453443E-01   -9.423877E-01   -3.285786E-01   -1.367258E-01   -2.923518E-02
   -9.453963E-01   -9.452639E-01   -9.422960E-01   -3.276023E-01   -1.364113E-01   -2.930166E-02
   -9.453163E-01   -9.451834E-01   -9.422042E-01   -3.266317E-01   -1.360913E-01   -2.936430E-02
   -9.452363E-01   -9.451029E-01   -9.421123E-01   -3.256669E-01   -1.357660E-01   -2.942275E-02
   -9.451561E-01   -9.450222E-01   -9.420203E-01   -3.247077E-01   -1.354355E-01   -2.947671E-02
   -9.450759E-01   -9.449414E-01   -9.419281E-01   -3.237544E-01   -1.351000E-01   -2.952585E-02
   -9.449955E-01   -9.448606E-01   -9.418358E-01   -3.228068E-01   -1.347596E-01   -2.956992E-02
   -9.449150E-01   -9.447796E-01   -9.417433E-01   -3.218651E-01   -1.344146E-01   -2.960865E-02
   -9.448345E-01   -9.446985E-01   -9.416507E-01   -3.209292E-01   -1.340649E-01   -2.964182E-02
   -9.447537E-01   -9.446172E-01   -9.415580E-01   -3.199992E-01   -1.337110E-01   -2.966922E-02
   -9.446729E-01   -9.445359E-01   -9.414650E-01   -3.190752E-01   -1.333528E-01   -2.969069E-02
   -9.445919E-01   -9.444543E-01   -9.413719E-01   -3.181570E-01   -1.329905E-01   -2.970608E-02
   -9.445107E-01   -9.443727E-01   -9.412786E-01   -3.172449E-01   -1.326244E-01   -2.971526E-02
   -9.444294E-01   -9.442908E-01   -9.411851E-01   -3.163387E-01   -1.322546E-01   -2.971817E-02
   -9.443480E-01   -9.442088E-01   -9.410915E-01   -3.154386E-01   -1.318813E-01   -2.971473E-02
   -9.442663E-01   -9.441267E-01   -9.409976E-01   -3.145445E-01   -1.315046E-01   -2.970491E-02
   -9.441844E-01   -9.440442E-01   -9.409034E-01   -3.136565E-01   -1.311247E-01   -2.968873E-02
   -9.441023E-01   -9.439616E-01   -9.408090E-01   -3.127746E-01   -1.307418E-01   -2.966620E-02
   -9.440198E-01   -9.438786E-01   -9.407142E-01   -3.118989E-01   -1.303561E-01   -2.963738E-02
   -9.439371E-01   -9.437953E-01   -9.406192E-01   -3.110294E-01   -1.299678E-01   -2.960237E-02
   -9.438541E-01   -9.437117E-01   -9.405237E-01   -3.101661E-01   -1.295770E-01   -2.956128E-02
   -9.437707E-01   -9.436278E-01   -9.404279E-01   -3.093090E-01   -1.291839E-01   -2.951425E-02
   -9.436869E-01   -9.435436E-01   -9.403318E-01   -3.084582E-01   -1.287887E-01   -2.946145E-02
   -9.436028E-01   -9.434589E-01   -9.402352E-01   -3.076137E-01   -1.283917E-01   -2.940307E-02
   -9.435182E-01   -9.433737E-01   -9.401381E-01   -3.067755E-01   -1.279929E-01   -2.933935E-02
   -9.434331E-01   -9.432881E-01   -9.400405E-01   -3.059437E-01   -1.275926E-01   -2.927051E-02
   -9.433476E-01   -9.432020E-01   -9.399424E-01   -3.051183E-01   -1.271910E-01   -2.919684E-02
   -9.432614E-01   -9.431154E-01   -9.398437E-01   -3.042992E-01   -1.267882E-01   -2.911860E-02
   -9.431748E-01   -9.430281E-01   -9.397445E-01   -3.034867E-01   -1.263845E-01   -2.903611E-02
   -9.430875E-01   -9.429404E-01   -9.396446E-01   -3.026806E-01   -1.259799E-01   -2.894969E-02
   -9.429997E-01   -9.428520E-01   -9.395442E-01   -3.018809E-01   -1.255748E-01   -2.885968E-02
   -9.429114E-01   -9.427631E-01   -9.394431E-01   -3.010878E-01   -1.251693E-01   -2.876643E-02
   -9.428224E-01   -9.426736E-01   -9.393415E-01   -3.003011E-01   -1.247635E-01   -2.867030E-02
   -9.427329E-01   -9.425835E-01   -9.392392E-01   -2.995210E-01   -1.243577E-01   -2.857167E-02
   -9.426427E-01   -9.424927E-01   -9.391363E-01   -2.987474E-01   -1.239521E-01   -2.847092E-02
   -9.425518E-01   -9.424013E-01   -9.390327E-01   -2.979803E-01   -1.235467E-01   -2.836843E-02
   -9.424603E-01   -9.423093E-01   -9.389284E-01   -2.972199E-01   -1.231419E-01   -2.826461E-02
   -9.423681E-01   -9.422165E-01   -9.388234E-01   -2.964660E-01   -1.227377E-01   -2.815984E-02
   -9.422752E-01   -9.421230E-01   -9.387176E-01   -2.957187E-01   -1.223344E-01   -2.805453E-02
   -9.421815E-01   -9.420289E-01   -9.386112E-01   -2.949780E-01   -1.219322E-01   -2.794906E-02
   -9.420872E-01   -9.419339E-01   -9.385039E-01   -2.942440E-01   -1.215312E-01   -2.784382E-02
   -9.419920E-01   -9.418382E-01   -9.383959E-01   -2.935166E-01   -1.211315E-01   -2.773921E-02
   -9.418960E-01   -9.417417E-01   -9.382870E-01   -2.927958E-01   -1.207335E-01   -2.763560E-02
   -9.417992E-01   -9.416443E-01   -9.381773E-01   -2.920817E-01   -1.203372E-01   -2.753335E-02
   -9.417016E-01   -9.415461E-01   -9.380667E-01   -2.913743E-01   -1.199428E-01   -2.743283E-02
   -9.416031E-01   -9.414470E-01   -9.379552E-01   -2.906736E-01   -1.195505E-01   -2.733437E-02
   -9.415037E-01   -9.413471E-01   -9.378429E-01   -2.899796E-01   -1.191604E-01   -2.723831E-02
   -9.414035E-01   -9.412463E-01   -9.377297E-01   -2.892923E-01   -1.187727E-01   -2.714494E-02
   -9.413023E-01   -9.411446E-01   -9.376155E-01   -2.886116E-01   -1.183876E-01   -2.705458E-02
   -9.412002E-01   -9.410419E-01   -9.375003E-01   -2.879377E-01   -1.180053E-01   -2.696749E-02
   -9.410971E-01   -9.409382E-01   -9.373842E-01   -2.872706E-01   -1.176258E-01   -2.688392E-02
   -9.409929E-01   -9.408335E-01   -9.372670E-01   -2.866101E-01   -1.172494E-01   -2.680412E-02
   -9.408878E-01   -9.407279E-01   -9.371488E-01   -2.859564E-01   -1.168761E-01   -2.672828E-02
   -9.407817E-01   -9.406211E-01   -9.370296E-01   -2.853094E-01   -1.165062E-01   -2.665660E-02
   -9.406745E-01   -9.405134E-01   -9.369093E-01   -2.846692E-01   -1.161398E-01   -2.658923E-02
   -9.405662E-01   -9.404045E-01   -9.367879E-01   -2.840356E-01   -1.157771E-01   -2.652631E-02
   -9.404568E-01   -9.402945E-01   -9.366653E-01   -2.834089E-01   -1.154181E-01   -2.646795E-02
   -9.403461E-01   -9.401834E-01   -9.365415E-01   -2.827889E-01   -1.150630E-01   -2.641424E-02
   -9.402343E-01   -9.400710E-01   -9.364166E-01   -2.821756E-01   -1.147119E-01   -2.636523E-02
   -9.401213E-01   -9.399574E-01   -9.362904E-01   -2.815691E-01   -1.143650E-01   -2.632095E-02
   -9.400071E-01   -9.398426E-01   -9.361630E-01   -2.809693E-01   -1.140224E-01   -2.628141E-02
   -9.398916E-01   -9.397265E-01   -9.360343E-01   -2.803763E-01   -1.136842E-01   -2.624659E-02
   -9.397748E-01   -9.396092E-01   -9.359044E-01   -2.797900E-01   -1.133506E-01   -2.621644E-02
   -9.396566E-01   -9.394905E-01   -9.357730E-01   -2.792105E-01   -1.130215E-01   -2.619089E-02
   -9.395371E-01   -9.393703E-01   -9.356403E-01   -2.786377E-01   -1.126973E-01   -2.616985E-02
   -9.394161E-01   -9.392488E-01   -9.355061E-01   -2.780716E-01   -1.123779E-01   -2.615320E-02
   -9.392937E-01   -9.391258E-01   -9.353705E-01   -2.775123E-01   -1.120635E-01   -2.614079E-02
   -9.391698E-01   -9.390013E-01   -9.352333E-01   -2.769597E-01   -1.117541E-01   -2.613247E-02
   -9.390444E-01   -9.388754E-01   -9.350947E-01   -2.764137E-01   -1.114499E-01   -2.612805E-02
   -9.389175E-01   -9.387478E-01   -9.349546E-01   -2.758745E-01   -1.111510E-01   -2.612733E-02
   -9.387889E-01   -9.386187E-01   -9.348128E-01   -2.753421E-01   -1.108573E-01   -2.613010E-02
   -9.386587E-01   -9.384879E-01   -9.346693E-01   -2.748163E-01   -1.105691E-01   -2.613611E-02
   -9.385267E-01   -9.383554E-01   -9.345242E-01   -2.742971E-01   -1.102864E-01   -2.614513E-02
   -9.383930E-01   -9.382212E-01   -9.343773E-01   -2.737847E-01   -1.100092E-01   -2.615689E-02
   -9.382576E-01   -9.380852E-01   -9.342286E-01   -2.732789E-01   -1.097377E-01   -2.617113E-02
   -9.381204E-01   -9.379473E-01   -9.340782E-01   -2.727798E-01   -1.094718E-01   -2.618756E-02
   -9.379813E-01   -9.378077E-01   -9.339259E-01   -2.722873E-01   -1.092117E-01   -2.620589E-02
   -9.378402E-01   -9.376661E-01   -9.337716E-01   -2.718014E-01   -1.089573E-01   -2.622585E-02
   -9.376972E-01   -9.375225E-01   -9.336154E-01   -2.713221E-01   -1.087088E-01   -2.624712E-02
   -9.375522E-01   -9.373769E-01   -9.334572E-01   -2.708494E-01   -1.084662E-01   -2.626943E-02
   -9.374051E-01   -9.372292E-01   -9.332970E-01   -2.703833E-01   -1.082295E-01   -2.629247E-02
   -9.372559E-01   -9.370795E-01   -9.331346E-01   -2.699237E-01   -1.079987E-01   -2.631596E-02
   -9.371045E-01   -9.369275E-01   -9.329701E-01   -2.694707E-01   -1.077739E-01   -2.633961E-02
   -9.369510E-01   -9.367734E-01   -9.328034E-01   -2.690241E-01   -1.075551E-01   -2.636313E-02
   -9.367951E-01   -9.366170E-01   -9.326344E-01   -2.685841E-01   -1.073423E-01   -2.638626E-02
   -9.366369E-01   -9.364582E-01   -9.324632E-01   -2.681505E-01   -1.071355E-01   -2.640874E-02
   -9.364764E-01   -9.362971E-01   -9.322895E-01   -2.677234E-01   -1.069347E-01   -2.643031E-02
   -9.363134E-01   -9.361336E-01   -9.321135E-01   -2.673027E-01   -1.067400E-01   -2.645073E-02
   -9.361479E-01   -9.359675E-01   -9.319350E-01   -2.668884E-01   -1.065513E-01   -2.646978E-02
   -9.359799E-01   -9.357990E-01   -9.317539E-01   -2.664804E-01   -1.063685E-01   -2.648726E-02
   -9.358093E-01   -9.356278E-01   -9.315703E-01   -2.660788E-01   -1.061918E-01   -2.650296E-02
   -9.356360E-01   -9.354540E-01   -9.313841E-01   -2.656835E-01   -1.060210E-01   -2.651672E-02
   -9.354601E-01   -9.352774E-01   -9.311952E-01   -2.652944E-01   -1.058561E-01   -2.652838E-02
   -9.352813E-01   -9.350982E-01   -9.310036E-01   -2.649116E-01   -1.056972E-01   -2.653779E-02
   -9.350998E-01   -9.349161E-01   -9.308092E-01   -2.645350E-01   -1.055441E-01   -2.654483E-02
   -9.349154E-01   -9.347311E-01   -9.306119E-01   -2.641645E-01   -1.053969E-01   -2.654942E-02
   -9.347281E-01   -9.345432E-01   -9.304118E-01   -2.638002E-01   -1.052554E-01   -2.655145E-02
   -9.345377E-01   -9.343523E-01   -9.302087E-01   -2.634420E-01   -1.051197E-01   -2.655089E-02
   -9.343444E-01   -9.341584E-01   -9.300026E-01   -2.630899E-01   -1.049896E-01   -2.654767E-02
   -9.341480E-01   -9.339615E-01   -9.297935E-01   -2.627437E-01   -1.048652E-01   -2.654179E-02
   -9.339484E-01   -9.337614E-01   -9.295813E-01   -2.624035E-01   -1.047463E-01   -2.653324E-02
   -9.337457E-01   -9.335581E-01   -9.293659E-01   -2.620693E-01   -1.046329E-01   -2.652203E-02
   -9.335398E-01   -9.333516E-01   -9.291474E-01   -2.617409E-01   -1.045249E-01   -2.650819E-02
   -9.333305E-01   -9.331418E-01   -9.289256E-01   -2.614184E-01   -1.044222E-01   -2.649178E-02
   -9.331179E-01   -9.329287E-01   -9.287006E-01   -2.611017E-01   -1.043248E-01   -2.647286E-02
   -9.329020E-01   -9.327122E-01   -9.284722E-01   -2.607906E-01   -1.042325E-01   -2.645152E-02
   -9.326826E-01   -9.324924E-01   -9.282404E-01   -2.604853E-01   -1.041453E-01   -2.642784E-02
   -9.324599E-01   -9.322691E-01   -9.280053E-01   -2.601856E-01   -1.040631E-01   -2.640193E-02
   -9.322336E-01   -9.320423E-01   -9.277668E-01   -2.598915E-01   -1.039857E-01   -2.637391E-02
   -9.320039E-01   -9.318120E-01   -9.275248E-01   -2.596030E-01   -1.039132E-01   -2.634392E-02
   -9.317705E-01   -9.315781E-01   -9.272793E-01   -2.593199E-01   -1.038453E-01   -2.631209E-02
   -9.315335E-01   -9.313406E-01   -9.270302E-01   -2.590422E-01   -1.037820E-01   -2.627856E-02
   -9.312930E-01   -9.310995E-01   -9.267776E-01   -2.587698E-01   -1.037232E-01   -2.624348E-02
   -9.310488E-01   -9.308548E-01   -9.265214E-01   -2.585028E-01   -1.036688E-01   -2.620702E-02
   -9.308010E-01   -9.306065E-01   -9.262616E-01   -2.582410E-01   -1.036186E-01   -2.616933E-02
   -9.305495E-01   -9.303545E-01   -9.259983E-01   -2.579844E-01   -1.035725E-01   -2.613057E-02
   -9.302943E-01   -9.300988E-01   -9.257313E-01   -2.577329E-01   -1.035304E-01   -2.609090E-02
   -9.300354E-01   -9.298394E-01   -9.254606E-01   -2.574864E-01   -1.034923E-01   -2.605050E-02
   -9.297727E-01   -9.295762E-01   -9.251863E-01   -2.572449E-01   -1.034579E-01   -2.600951E-02
   -9.295063E-01   -9.293093E-01   -9.249082E-01   -2.570083E-01   -1.034272E-01   -2.596809E-02
   -9.292362E-01   -9.290387E-01   -9.246266E-01   -2.567766E-01   -1.034001E-01   -2.592640E-02
   -9.289624E-01   -9.287644E-01   -9.243413E-01   -2.565496E-01   -1.033764E-01   -2.588460E-02
   -9.286849E-01   -9.284865E-01   -9.240524E-01   -2.563274E-01   -1.033560E-01   -2.584281E-02
   -9.284038E-01   -9.282048E-01   -9.237599E-01   -2.561098E-01   -1.033388E-01   -2.580118E-02
   -9.281188E-01   -9.279194E-01   -9.234637E-01   -2.558968E-01   -1.033246E-01   -2.575984E-02
   -9.278302E-01   -9.276303E-01   -9.231639E-01   -2.556883E-01   -1.033135E-01   -2.571892E-02
   -9.275380E-01   -9.273375E-01   -9.228605E-01   -2.554842E-01   -1.033051E-01   -2.567852E-02
   -9.272421E-01   -9.270412E-01   -9.225536E-01   -2.552845E-01   -1.032994E-01   -2.563875E-02
   -9.269427E-01   -9.267413E-01   -9.222431E-01   -2.550890E-01   -1.032964E-01   -2.559970E-02
   -9.266397E-01   -9.264379E-01   -9.219293E-01   -2.548978E-01   -1.032958E-01   -2.556147E-02
   -9.263332E-01   -9.261309E-01   -9.216119E-01   -2.547107E-01   -1.032976E-01   -2.552413E-02
   -9.260233E-01   -9.258205E-01   -9.212912E-01   -2.545277E-01   -1.033016E-01   -2.548774E-02
   -9.257098E-01   -9.255066E-01   -9.209671E-01   -2.543488E-01   -1.033077E-01   -2.545238E-02
   -9.253930E-01   -9.251893E-01   -9.206396E-01   -2.541737E-01   -1.033159E-01   -2.541807E-02
   -9.250729E-01   -9.248687E-01   -9.203089E-01   -2.540025E-01   -1.033260E-01   -2.538487E-02
   -9.247495E-01   -9.245449E-01   -9.199751E-01   -2.538351E-01   -1.033379E-01   -2.535280E-02
   -9.244230E-01   -9.242180E-01   -9.196382E-01   -2.536713E-01   -1.033515E-01   -2.532188E-02
   -9.240934E-01   -9.238879E-01   -9.192982E-01   -2.535113E-01   -1.033667E-01   -2.529211E-02
   -9.237607E-01   -9.235547E-01   -9.189552E-01   -2.533548E-01   -1.033834E-01   -2.526351E-02
   -9.234250E-01   -9.232186E-01   -9.186093E-01   -2.532018E-01   -1.034015E-01   -2.523607E-02
   -9.230863E-01   -9.228795E-01   -9.182605E-01   -2.530522E-01   -1.034209E-01   -2.520977E-02
   -9.227449E-01   -9.225376E-01   -9.179090E-01   -2.529060E-01   -1.034416E-01   -2.518458E-02
   -9.224008E-01   -9.221931E-01   -9.175548E-01   -2.527631E-01   -1.034633E-01   -2.516048E-02
   -9.220540E-01   -9.218459E-01   -9.171982E-01   -2.526234E-01   -1.034861E-01   -2.513744E-02
   -9.217048E-01   -9.214962E-01   -9.168390E-01   -2.524869E-01   -1.035098E-01   -2.511541E-02
   -9.213530E-01   -9.211441E-01   -9.164775E-01   -2.523535E-01   -1.035344E-01   -2.509433E-02
   -9.209989E-01   -9.207895E-01   -9.161136E-01   -2.522231E-01   -1.035598E-01   -2.507417E-02
   -9.206425E-01   -9.204327E-01   -9.157475E-01   -2.520957E-01   -1.035859E-01   -2.505486E-02
   -9.202840E-01   -9.200738E-01   -9.153794E-01   -2.519712E-01   -1.036127E-01   -2.503635E-02
   -9.199235E-01   -9.197128E-01   -9.150093E-01   -2.518495E-01   -1.036400E-01   -2.501856E-02
   -9.195610E-01   -9.193500E-01   -9.146374E-01   -2.517306E-01   -1.036677E-01   -2.500143E-02
   -9.191968E-01   -9.189854E-01   -9.142637E-01   -2.516144E-01   -1.036959E-01   -2.498490E-02
   -9.188309E-01   -9.186190E-01   -9.138883E-01   -2.515009E-01   -1.037245E-01   -2.496890E-02
   -9.184633E-01   -9.182510E-01   -9.135114E-01   -2.513900E-01   -1.037533E-01   -2.495335E-02
   -9.180942E-01   -9.178815E-01   -9.131330E-01   -2.512817E-01   -1.037824E-01   -2.493818E-02
   -9.177238E-01   -9.175107E-01   -9.127533E-01   -2.511759E-01   -1.038116E-01   -2.492334E-02
   -9.173521E-01   -9.171386E-01   -9.123725E-01   -2.510725E-01   -1.038409E-01   -2.490875E-02
   -9.169794E-01   -9.167655E-01   -9.119906E-01   -2.509715E-01   -1.038703E-01   -2.489434E-02
   -9.166057E-01   -9.163914E-01   -9.116077E-01   -2.508729E-01   -1.038996E-01   -2.488007E-02
   -9.162310E-01   -9.160164E-01   -9.112240E-01   -2.507766E-01   -1.039289E-01   -2.486586E-02
   -9.158556E-01   -9.156406E-01   -9.108396E-01   -2.506825E-01   -1.039581E-01   -2.485167E-02
   -9.154795E-01   -9.152641E-01   -9.104545E-01   -2.505906E-01   -1.039870E-01   -2.483744E-02
   -9.151029E-01   -9.148871E-01   -9.100689E-01   -2.505010E-01   -1.040158E-01   -2.482313E-02
   -9.147259E-01   -9.145097E-01   -9.096829E-01   -2.504134E-01   -1.040443E-01   -2.480870E-02
   -9.143486E-01   -9.141320E-01   -9.092968E-01   -2.503279E-01   -1.040724E-01   -2.479411E-02
   -9.139712E-01   -9.137542E-01   -9.089105E-01   -2.502445E-01   -1.041002E-01   -2.477933E-02
   -9.135937E-01   -9.133764E-01   -9.085242E-01   -2.501631E-01   -1.041275E-01   -2.476435E-02
   -9.132163E-01   -9.129985E-01   -9.081379E-01   -2.500837E-01   -1.041544E-01   -2.474913E-02
   -9.128390E-01   -9.126209E-01   -9.077518E-01   -2.500062E-01   -1.041807E-01   -2.473367E-02
   -9.124620E-01   -9.122435E-01   -9.073660E-01   -2.499306E-01   -1.042064E-01   -2.471795E-02
   -9.120854E-01   -9.118665E-01   -9.069806E-01   -2.498570E-01   -1.042315E-01   -2.470198E-02
   -9.117094E-01   -9.114901E-01   -9.065959E-01   -2.497851E-01   -1.042560E-01   -2.468574E-02
   -9.113339E-01   -9.111143E-01   -9.062117E-01   -2.497151E-01   -1.042797E-01   -2.466925E-02
   -9.109593E-01   -9.107392E-01   -9.058283E-01   -2.496468E-01   -1.043027E-01   -2.465252E-02
   -9.105854E-01   -9.103650E-01   -9.054457E-01   -2.495803E-01   -1.043248E-01   -2.463554E-02
   -9.102124E-01   -9.099916E-01   -9.050641E-01   -2.495156E-01   -1.043461E-01   -2.461834E-02
   -9.098405E-01   -9.096193E-01   -9.046834E-01   -2.494526E-01   -1.043664E-01   -2.460092E-02
   -9.094697E-01   -9.092482E-01   -9.043040E-01   -2.493912E-01   -1.043858E-01   -2.458331E-02
   -9.091002E-01   -9.088783E-01   -9.039258E-01   -2.493316E-01   -1.044042E-01   -2.456553E-02
   -9.087320E-01   -9.085097E-01   -9.035489E-01   -2.492735E-01   -1.044215E-01   -2.454758E-02
   -9.083652E-01   -9.081426E-01   -9.031734E-01   -2.492171E-01   -1.044377E-01   -2.452949E-02
   -9.079999E-01   -9.077769E-01   -9.027994E-01   -2.491624E-01   -1.044528E-01   -2.451127E-02
   -9.076362E-01   -9.074128E-01   -9.024270E-01   -2.491091E-01   -1.044666E-01   -2.449294E-02
   -9.072741E-01   -9.070504E-01   -9.020562E-01   -2.490575E-01   -1.044792E-01   -2.447452E-02
   -9.069139E-01   -9.066897E-01   -9.016872E-01   -2.490074E-01   -1.044905E-01   -2.445601E-02
   -9.065554E-01   -9.063309E-01   -9.013201E-01   -2.489589E-01   -1.045004E-01   -2.443743E-02
   -9.061989E-01   -9.059740E-01   -9.009548E-01   -2.489119E-01   -1.045090E-01   -2.441878E-02
   -9.058444E-01   -9.056191E-01   -9.005915E-01   -2.488663E-01   -1.045161E-01   -2.440008E-02
   -9.054919E-01   -9.052662E-01   -9.002302E-01   -2.488223E-01   -1.045217E-01   -2.438134E-02
   -9.051415E-01   -9.049154E-01   -8.998710E-01   -2.487798E-01   -1.045258E-01   -2.436255E-02
   -9.047932E-01   -9.045668E-01   -8.995140E-01   -2.487387E-01   -1.045284E-01   -2.434372E-02
   -9.044472E-01   -9.042204E-01   -8.991591E-01   -2.486990E-01   -1.045293E-01   -2.432485E-02
   -9.041036E-01   -9.038764E-01   -8.988066E-01   -2.486608E-01   -1.045285E-01   -2.430596E-02
   -9.037622E-01   -9.035347E-01   -8.984564E-01   -2.486240E-01   -1.045261E-01   -2.428703E-02
   -9.034233E-01   -9.031954E-01   -8.981086E-01   -2.485887E-01   -1.045220E-01   -2.426807E-02
   -9.030869E-01   -9.028585E-01   -8.977632E-01   -2.485547E-01   -1.045161E-01   -2.424910E-02
   -9.027529E-01   -9.025242E-01   -8.974202E-01   -2.485221E-01   -1.045083E-01   -2.423010E-02
   -9.024215E-01   -9.021923E-01   -8.970798E-01   -2.484909E-01   -1.044988E-01   -2.421109E-02
   -9.020926E-01   -9.018631E-01   -8.967419E-01   -2.484610E-01   -1.044874E-01   -2.419208E-02
   -9.017664E-01   -9.015365E-01   -8.964066E-01   -2.484325E-01   -1.044741E-01   -2.417307E-02
   -9.014429E-01   -9.012126E-01   -8.960740E-01   -2.484053E-01   -1.044589E-01   -2.415408E-02
   -9.011220E-01   -9.008914E-01   -8.957441E-01   -2.483795E-01   -1.044418E-01   -2.413511E-02
   -9.008039E-01   -9.005728E-01   -8.954168E-01   -2.483549E-01   -1.044227E-01   -2.411620E-02
   -9.004886E-01   -9.002571E-01   -8.950922E-01   -2.483317E-01   -1.044017E-01   -2.409734E-02
   -9.001760E-01   -8.999441E-01   -8.947704E-01   -2.483097E-01   -1.043787E-01   -2.407857E-02
   -8.998662E-01   -8.996339E-01   -8.944513E-01   -2.482890E-01   -1.043537E-01   -2.405991E-02
   -8.995593E-01   -8.993266E-01   -8.941351E-01   -2.482696E-01   -1.043267E-01   -2.404137E-02
   -8.992552E-01   -8.990221E-01   -8.938216E-01   -2.482514E-01   -1.042977E-01   -2.402299E-02
   -8.989540E-01   -8.987205E-01   -8.935110E-01   -2.482344E-01   -1.042667E-01   -2.400479E-02
   -8.986557E-01   -8.984218E-01   -8.932033E-01   -2.482186E-01   -1.042338E-01   -2.398678E-02
   -8.983603E-01   -8.981260E-01   -8.928983E-01   -2.482041E-01   -1.041988E-01   -2.396901E-02
   -8.980678E-01   -8.978330E-01   -8.925963E-01   -2.481907E-01   -1.041619E-01   -2.395148E-02
   -8.977782E-01   -8.975430E-01   -8.922971E-01   -2.481785E-01   -1.041230E-01   -2.393422E-02
   -8.974915E-01   -8.972560E-01   -8.920008E-01   -2.481674E-01   -1.040822E-01   -2.391725E-02
   -8.972078E-01   -8.969719E-01   -8.917075E-01   -2.481575E-01   -1.040395E-01   -2.390059E-02
   -8.969271E-01   -8.966907E-01   -8.914170E-01   -2.481487E-01   -1.039950E-01   -2.388425E-02
   -8.966493E-01   -8.964124E-01   -8.911294E-01   -2.481410E-01   -1.039485E-01   -2.386824E-02
   -8.963744E-01   -8.961372E-01   -8.908447E-01   -2.481343E-01   -1.039003E-01   -2.385256E-02
   -8.961025E-01   -8.958648E-01   -8.905629E-01   -2.481288E-01   -1.038502E-01   -2.383723E-02
   -8.958335E-01   -8.955954E-01   -8.902840E-01   -2.481242E-01   -1.037985E-01   -2.382223E-02
   -8.955675E-01   -8.953290E-01   -8.900081E-01   -2.481207E-01   -1.037450E-01   -2.380757E-02
   -8.953045E-01   -8.950655E-01   -8.897350E-01   -2.481182E-01   -1.036899E-01   -2.379324E-02
   -8.950444E-01   -8.948050E-01   -8.894648E-01   -2.481167E-01   -1.036332E-01   -2.377922E-02
   -8.947872E-01   -8.945474E-01   -8.891975E-01   -2.481161E-01   -1.035750E-01   -2.376550E-02
   -8.945330E-01   -8.942927E-01   -8.889331E-01   -2.481165E-01   -1.035153E-01   -2.375205E-02
   -8.942816E-01   -8.940409E-01   -8.886715E-01   -2.481178E-01   -1.034542E-01   -2.373886E-02
   -8.940332E-01   -8.937921E-01   -8.884129E-01   -2.481200E-01   -1.033917E-01   -2.372591E-02
   -8.937877E-01   -8.935461E-01   -8.881570E-01   -2.481230E-01   -1.033280E-01   -2.371316E-02
   -8.935452E-01   -8.933031E-01   -8.879041E-01   -2.481269E-01   -1.032630E-01   -2.370059E-02
   -8.933055E-01   -8.930630E-01   -8.876539E-01   -2.481316E-01   -1.031969E-01   -2.368818E-02
   -8.930686E-01   -8.928257E-01   -8.874066E-01   -2.481371E-01   -1.031298E-01   -2.367589E-02
   -8.928347E-01   -8.925913E-01   -8.871621E-01   -2.481434E-01   -1.030616E-01   -2.366371E-02
   -8.926036E-01   -8.923597E-01   -8.869204E-01   -2.481504E-01   -1.029926E-01   -2.365159E-02
   -8.923753E-01   -8.921310E-01   -8.866814E-01   -2.481581E-01   -1.029227E-01   -2.363953E-02
   -8.921498E-01   -8.919050E-01   -8.864452E-01   -2.481666E-01   -1.028520E-01   -2.362748E-02
   -8.919272E-01   -8.916819E-01   -8.862118E-01   -2.481756E-01   -1.027807E-01   -2.361544E-02
   -8.917074E-01   -8.914616E-01   -8.859812E-01   -2.481854E-01   -1.027088E-01   -2.360339E-02
   -8.914903E-01   -8.912441E-01   -8.857532E-01   -2.481957E-01   -1.026364E-01   -2.359129E-02
   -8.912760E-01   -8.910293E-01   -8.855280E-01   -2.482066E-01   -1.025636E-01   -2.357915E-02
   -8.910644E-01   -8.908173E-01   -8.853054E-01   -2.482180E-01   -1.024904E-01   -2.356694E-02
   -8.908556E-01   -8.906080E-01   -8.850855E-01   -2.482299E-01   -1.024170E-01   -2.355466E-02
   -8.906495E-01   -8.904014E-01   -8.848683E-01   -2.482424E-01   -1.023434E-01   -2.354229E-02
   -8.904461E-01   -8.901975E-01   -8.846537E-01   -2.482552E-01   -1.022697E-01   -2.352983E-02
   -8.902453E-01   -8.899963E-01   -8.844417E-01   -2.482685E-01   -1.021960E-01   -2.351727E-02
   -8.900472E-01   -8.897977E-01   -8.842324E-01   -2.482822E-01   -1.021223E-01   -2.350460E-02
   -8.898518E-01   -8.896018E-01   -8.840256E-01   -2.482963E-01   -1.020488E-01   -2.349183E-02
   -8.896590E-01   -8.894084E-01   -8.838214E-01   -2.483106E-01   -1.019755E-01   -2.347894E-02
   -8.894688E-01   -8.892177E-01   -8.836197E-01   -2.483253E-01   -1.019025E-01   -2.346594E-02
   -8.892811E-01   -8.890296E-01   -8.834206E-01   -2.483402E-01   -1.018299E-01   -2.345283E-02
   -8.890961E-01   -8.888440E-01   -8.832239E-01   -2.483553E-01   -1.017576E-01   -2.343960E-02
   -8.889135E-01   -8.886610E-01   -8.830298E-01   -2.483706E-01   -1.016859E-01   -2.342625E-02
   -8.887335E-01   -8.884805E-01   -8.828381E-01   -2.483861E-01   -1.016148E-01   -2.341279E-02
   -8.885561E-01   -8.883025E-01   -8.826489E-01   -2.484017E-01   -1.015442E-01   -2.339921E-02
   -8.883811E-01   -8.881270E-01   -8.824621E-01   -2.484174E-01   -1.014744E-01   -2.338553E-02
   -8.882085E-01   -8.879540E-01   -8.822777E-01   -2.484331E-01   -1.014053E-01   -2.337173E-02
   -8.880384E-01   -8.877834E-01   -8.820957E-01   -2.484489E-01   -1.013369E-01   -2.335784E-02
   -8.878708E-01   -8.876152E-01   -8.819160E-01   -2.484646E-01   -1.012694E-01   -2.334384E-02
   -8.877055E-01   -8.874494E-01   -8.817388E-01   -2.484802E-01   -1.012028E-01   -2.332975E-02
   -8.875427E-01   -8.872860E-01   -8.815638E-01   -2.484958E-01   -1.011371E-01   -2.331559E-02
   -8.873822E-01   -8.871250E-01   -8.813912E-01   -2.485113E-01   -1.010723E-01   -2.330134E-02
   -8.872241E-01   -8.869664E-01   -8.812208E-01   -2.485265E-01   -1.010086E-01   -2.328705E-02
   -8.870683E-01   -8.868100E-01   -8.810527E-01   -2.485416E-01   -1.009458E-01   -2.327270E-02
   -8.869148E-01   -8.866560E-01   -8.808869E-01   -2.485565E-01   -1.008841E-01   -2.325833E-02
   -8.867635E-01   -8.865042E-01   -8.807233E-01   -2.485711E-01   -1.008234E-01   -2.324394E-02
   -8.866146E-01   -8.863548E-01   -8.805619E-01   -2.485853E-01   -1.007638E-01   -2.322956E-02
   -8.864679E-01   -8.862075E-01   -8.804027E-01   -2.485992E-01   -1.007053E-01   -2.321522E-02
   -8.863234E-01   -8.860625E-01   -8.802457E-01   -2.486128E-01   -1.006479E-01   -2.320092E-02
   -8.861812E-01   -8.859197E-01   -8.800908E-01   -2.486259E-01   -1.005915E-01   -2.318669E-02
   -8.860411E-01   -8.857791E-01   -8.799381E-01   -2.486386E-01   -1.005363E-01   -2.317256E-02
   -8.859032E-01   -8.856407E-01   -8.797874E-01   -2.486508E-01   -1.004822E-01   -2.315855E-02
   -8.857675E-01   -8.855044E-01   -8.796389E-01   -2.486625E-01   -1.004292E-01   -2.314467E-02
   -8.856339E-01   -8.853702E-01   -8.794924E-01   -2.486736E-01   -1.003773E-01   -2.313095E-02
   -8.855024E-01   -8.852381E-01   -8.793480E-01   -2.486841E-01   -1.003264E-01   -2.311741E-02
   -8.853730E-01   -8.851082E-01   -8.792056E-01   -2.486940E-01   -1.002766E-01   -2.310406E-02
   -8.852456E-01   -8.849803E-01   -8.790652E-01   -2.487033E-01   -1.002278E-01   -2.309092E-02
   -8.851203E-01   -8.848544E-01   -8.789269E-01   -2.487118E-01   -1.001800E-01   -2.307800E-02
   -8.849971E-01   -8.847306E-01   -8.787904E-01   -2.487196E-01   -1.001333E-01   -2.306530E-02
   -8.848758E-01   -8.846088E-01   -8.786560E-01   -2.487267E-01   -1.000875E-01   -2.305284E-02
   -8.847566E-01   -8.844890E-01   -8.785235E-01   -2.487329E-01   -1.000426E-01   -2.304060E-02
   -8.846393E-01   -8.843711E-01   -8.783929E-01   -2.487383E-01   -9.999866E-02   -2.302860E-02
   -8.845240E-01   -8.842552E-01   -8.782642E-01   -2.487429E-01   -9.995559E-02   -2.301682E-02
   -8.844106E-01   -8.841413E-01   -8.781374E-01   -2.487466E-01   -9.991335E-02   -2.300527E-02
   -8.842992E-01   -8.840292E-01   -8.780124E-01   -2.487493E-01   -9.987192E-02   -2.299392E-02
   -8.841896E-01   -8.839191E-01   -8.778893E-01   -2.487511E-01   -9.983127E-02   -2.298277E-02
   -8.840820E-01   -8.838108E-01   -8.777680E-01   -2.487519E-01   -9.979135E-02   -2.297181E-02
   -8.839762E-01   -8.837045E-01   -8.776485E-01   -2.487517E-01   -9.975213E-02   -2.296102E-02
   -8.838722E-01   -8.835999E-01   -8.775308E-01   -2.487504E-01   -9.971356E-02   -2.295039E-02
   -8.837701E-01   -8.834972E-01   -8.774148E-01   -2.487481E-01   -9.967563E-02   -2.293990E-02
   -8.836698E-01   -8.833963E-01   -8.773006E-01   -2.487447E-01   -9.963827E-02   -2.292953E-02
   -8.835712E-01   -8.832971E-01   -8.771882E-01   -2.487401E-01   -9.960147E-02   -2.291927E-02
   -8.834745E-01   -8.831998E-01   -8.770775E-01   -2.487344E-01   -9.956518E-02   -2.290911E-02
   -8.833795E-01   -8.831042E-01   -8.769684E-01   -2.487275E-01   -9.952936E-02   -2.289904E-02
   -8.832862E-01   -8.830103E-01   -8.768610E-01   -2.487194E-01   -9.949399E-02   -2.288904E-02
   -8.831947E-01   -8.829182E-01   -8.767553E-01   -2.487100E-01   -9.945903E-02   -2.287910E-02
   -8.831049E-01   -8.828277E-01   -8.766513E-01   -2.486994E-01   -9.942444E-02   -2.286922E-02
   -8.830167E-01   -8.827389E-01   -8.765489E-01   -2.486875E-01   -9.939020E-02   -2.285938E-02
   -8.829302E-01   -8.826518E-01   -8.764480E-01   -2.486743E-01   -9.935627E-02   -2.284958E-02
   -8.828454E-01   -8.825664E-01   -8.763488E-01   -2.486598E-01   -9.932264E-02   -2.283981E-02
   -8.827622E-01   -8.824826E-01   -8.762511E-01   -2.486440E-01   -9.928926E-02   -2.283006E-02
   -8.826807E-01   -8.824004E-01   -8.761551E-01   -2.486267E-01   -9.925614E-02   -2.282034E-02
   -8.826007E-01   -8.823198E-01   -8.760605E-01   -2.486081E-01   -9.922323E-02   -2.281063E-02
   -8.818934E-01   -8.816062E-01   -8.752059E-01   -2.483465E-01   -9.890717E-02   -2.271350E-02
   -8.813257E-01   -8.810318E-01   -8.744850E-01   -2.479365E-01   -9.860654E-02   -2.260823E-02
   -8.808833E-01   -8.805825E-01   -8.738836E-01   -2.473757E-01   -9.833189E-02   -2.249987E-02
   -8.805533E-01   -8.802454E-01   -8.733885E-01   -2.466720E-01   -9.809618E-02   -2.240542E-02
   -8.803237E-01   -8.800083E-01   -8.729878E-01   -2.458432E-01   -9.789863E-02   -2.232358E-02
   -8.801834E-01   -8.798604E-01   -8.726706E-01   -2.449159E-01   -9.771771E-02   -2.224554E-02
   -8.801227E-01   -8.797917E-01   -8.724267E-01   -2.439225E-01   -9.751883E-02   -2.216458E-02
   -8.801322E-01   -8.797930E-01   -8.722471E-01   -2.428990E-01   -9.727234E-02   -2.207852E-02
   -8.802037E-01   -8.798561E-01   -8.721234E-01   -2.418810E-01   -9.697014E-02   -2.199900E-02
   -8.803297E-01   -8.799733E-01   -8.720480E-01   -2.409004E-01   -9.662957E-02   -2.193021E-02
   -8.805033E-01   -8.801379E-01   -8.720141E-01   -2.399827E-01   -9.628224E-02   -2.186633E-02
   -8.807183E-01   -8.803436E-01   -8.720154E-01   -2.391442E-01   -9.595631E-02   -2.179881E-02
   -8.809692E-01   -8.805849E-01   -8.720463E-01   -2.383918E-01   -9.566488E-02   -2.172933E-02
   -8.812507E-01   -8.808565E-01   -8.721017E-01   -2.377224E-01   -9.540738E-02   -2.166552E-02
   -8.815584E-01   -8.811541E-01   -8.721770E-01   -2.371252E-01   -9.517924E-02   -2.160937E-02
   -8.818882E-01   -8.814734E-01   -8.722682E-01   -2.365841E-01   -9.497866E-02   -2.155524E-02
   -8.822362E-01   -8.818108E-01   -8.723715E-01   -2.360812E-01   -9.480410E-02   -2.149702E-02
   -8.825993E-01   -8.821629E-01   -8.724835E-01   -2.356002E-01   -9.464702E-02   -2.144119E-02
   -8.829744E-01   -8.825267E-01   -8.726014E-01   -2.351292E-01   -9.449074E-02   -2.139113E-02
   -8.833589E-01   -8.828997E-01   -8.727225E-01   -2.346627E-01   -9.431930E-02   -2.134497E-02
   -8.837504E-01   -8.832793E-01   -8.728444E-01   -2.342017E-01   -9.412840E-02   -2.129614E-02
   -8.841468E-01   -8.836635E-01   -8.729650E-01   -2.337523E-01   -9.392656E-02   -2.124786E-02
   -8.845462E-01   -8.840505E-01   -8.730826E-01   -2.333239E-01   -9.372511E-02   -2.120469E-02
   -8.849469E-01   -8.844385E-01   -8.731955E-01   -2.329252E-01   -9.352920E-02   -2.116423E-02
   -8.853475E-01   -8.848261E-01   -8.733022E-01   -2.325617E-01   -9.334007E-02   -2.112226E-02
   -8.857467E-01   -8.852121E-01   -8.734016E-01   -2.322335E-01   -9.316353E-02   -2.108084E-02
   -8.861434E-01   -8.855952E-01   -8.734925E-01   -2.319344E-01   -9.300986E-02   -2.104423E-02
   -8.865365E-01   -8.859745E-01   -8.735741E-01   -2.316533E-01   -9.288172E-02   -2.100832E-02
   -8.869253E-01   -8.863491E-01   -8.736456E-01   -2.313762E-01   -9.276610E-02   -2.097153E-02
   -8.873090E-01   -8.867184E-01   -8.737063E-01   -2.310902E-01   -9.264401E-02   -2.093685E-02
   -8.876869E-01   -8.870816E-01   -8.737556E-01   -2.307862E-01   -9.250825E-02   -2.090527E-02
   -8.880585E-01   -8.874383E-01   -8.737932E-01   -2.304613E-01   -9.236671E-02   -2.087304E-02
   -8.884235E-01   -8.877880E-01   -8.738187E-01   -2.301191E-01   -9.222827E-02   -2.084126E-02
   -8.887813E-01   -8.881303E-01   -8.738317E-01   -2.297683E-01   -9.209329E-02   -2.081248E-02
   -8.891317E-01   -8.884649E-01   -8.738322E-01   -2.294198E-01   -9.196147E-02   -2.078414E-02
   -8.894745E-01   -8.887916E-01   -8.738200E-01   -2.290834E-01   -9.184006E-02   -2.075543E-02
   -8.898094E-01   -8.891102E-01   -8.737950E-01   -2.287659E-01   -9.173550E-02   -2.072926E-02
   -8.901363E-01   -8.894205E-01   -8.737571E-01   -2.284690E-01   -9.164130E-02   -2.070388E-02
   -8.904552E-01   -8.897225E-01   -8.737066E-01   -2.281910E-01   -9.154659E-02   -2.067812E-02
   -8.907660E-01   -8.900161E-01   -8.736433E-01   -2.279285E-01   -9.144564E-02   -2.065448E-02
   -8.910686E-01   -8.903014E-01   -8.735674E-01   -2.276782E-01   -9.134238E-02   -2.063147E-02
   -8.913630E-01   -8.905782E-01   -8.734792E-01   -2.274393E-01   -9.123922E-02   -2.060840E-02
   -8.916494E-01   -8.908466E-01   -8.733787E-01   -2.272124E-01   -9.113855E-02   -2.058719E-02
   -8.919276E-01   -8.911067E-01   -8.732662E-01   -2.269991E-01   -9.104629E-02   -2.056612E-02
   -8.921979E-01   -8.913586E-01   -8.731419E-01   -2.267995E-01   -9.096448E-02   -2.054552E-02
   -8.924603E-01   -8.916023E-01   -8.730060E-01   -2.266114E-01   -9.088740E-02   -2.052643E-02
   -8.927149E-01   -8.918381E-01   -8.728589E-01   -2.264302E-01   -9.081031E-02   -2.050715E-02
   -8.929618E-01   -8.920659E-01   -8.727009E-01   -2.262508E-01   -9.073279E-02   -2.048891E-02
   -8.932012E-01   -8.922859E-01   -8.725322E-01   -2.260697E-01   -9.065324E-02   -2.047140E-02
   -8.934332E-01   -8.924983E-01   -8.723532E-01   -2.258860E-01   -9.057290E-02   -2.045396E-02
   -8.936580E-01   -8.927032E-01   -8.721642E-01   -2.257021E-01   -9.049890E-02   -2.043775E-02
   -8.938756E-01   -8.929008E-01   -8.719655E-01   -2.255213E-01   -9.043307E-02   -2.042153E-02
   -8.940863E-01   -8.930913E-01   -8.717576E-01   -2.253459E-01   -9.036986E-02   -2.040618E-02
   -8.942902E-01   -8.932747E-01   -8.715407E-01   -2.251765E-01   -9.030656E-02   -2.039117E-02
   -8.944875E-01   -8.934513E-01   -8.713153E-01   -2.250122E-01   -9.024521E-02   -2.037666E-02
   -8.946784E-01   -8.936212E-01   -8.710816E-01   -2.248526E-01   -9.018119E-02   -2.036286E-02
   -8.948629E-01   -8.937847E-01   -8.708402E-01   -2.246989E-01   -9.011893E-02   -2.034915E-02
   -8.950414E-01   -8.939418E-01   -8.705913E-01   -2.245538E-01   -9.006264E-02   -2.033625E-02
   -8.952138E-01   -8.940927E-01   -8.703354E-01   -2.244192E-01   -9.000996E-02   -2.032342E-02
   -8.953805E-01   -8.942377E-01   -8.700728E-01   -2.242945E-01   -8.995880E-02   -2.031133E-02
   -8.955416E-01   -8.943768E-01   -8.698040E-01   -2.241759E-01   -8.990741E-02   -2.029935E-02
   -8.956972E-01   -8.945103E-01   -8.695292E-01   -2.240591E-01   -8.985503E-02   -2.028800E-02
   -8.958475E-01   -8.946383E-01   -8.692490E-01   -2.239413E-01   -8.980507E-02   -2.027682E-02
   -8.959926E-01   -8.947610E-01   -8.689637E-01   -2.238231E-01   -8.975817E-02   -2.026618E-02
   -8.961328E-01   -8.948785E-01   -8.686737E-01   -2.237070E-01   -8.971493E-02   -2.025572E-02
   -8.962681E-01   -8.949910E-01   -8.683793E-01   -2.235949E-01   -8.967040E-02   -2.024578E-02
   -8.963987E-01   -8.950986E-01   -8.680811E-01   -2.234867E-01   -8.962868E-02   -2.023597E-02
   -8.965248E-01   -8.952016E-01   -8.677793E-01   -2.233808E-01   -8.958610E-02   -2.022666E-02
   -8.966465E-01   -8.952999E-01   -8.674744E-01   -2.232773E-01   -8.954610E-02   -2.021749E-02
   -8.967639E-01   -8.953939E-01   -8.671667E-01   -2.231778E-01   -8.950841E-02   -2.020873E-02
   -8.968773E-01   -8.954835E-01   -8.668567E-01   -2.230845E-01   -8.947229E-02   -2.020019E-02
   -8.969866E-01   -8.955691E-01   -8.665446E-01   -2.229975E-01   -8.943530E-02   -2.019193E-02
   -8.970921E-01   -8.956506E-01   -8.662310E-01   -2.229144E-01   -8.939930E-02   -2.018399E-02
   -8.971938E-01   -8.957282E-01   -8.659161E-01   -2.228326E-01   -8.936525E-02   -2.017622E-02
   -8.972919E-01   -8.958021E-01   -8.656004E-01   -2.227512E-01   -8.933339E-02   -2.016878E-02
   -8.973866E-01   -8.958723E-01   -8.652843E-01   -2.226712E-01   -8.930193E-02   -2.016153E-02
   -8.974778E-01   -8.959391E-01   -8.649680E-01   -2.225933E-01   -8.927048E-02   -2.015451E-02
   -8.975658E-01   -8.960024E-01   -8.646519E-01   -2.225173E-01   -8.924002E-02   -2.014775E-02
   -8.976506E-01   -8.960625E-01   -8.643365E-01   -2.224430E-01   -8.921163E-02   -2.014116E-02
   -8.977324E-01   -8.961194E-01   -8.640220E-01   -2.223714E-01   -8.918421E-02   -2.013481E-02
   -8.978113E-01   -8.961732E-01   -8.637089E-01   -2.223037E-01   -8.915683E-02   -2.012866E-02
   -8.978872E-01   -8.962240E-01   -8.633974E-01   -2.222397E-01   -8.912999E-02   -2.012270E-02
   -8.979604E-01   -8.962719E-01   -8.630879E-01   -2.221779E-01   -8.910411E-02   -2.011688E-02
   -8.980310E-01   -8.963171E-01   -8.627807E-01   -2.221174E-01   -8.908067E-02   -2.011135E-02
   -8.980989E-01   -8.963596E-01   -8.624762E-01   -2.220584E-01   -8.905598E-02   -2.010594E-02
   -8.981644E-01   -8.963994E-01   -8.621747E-01   -2.220008E-01   -8.903311E-02   -2.010069E-02
   -8.982274E-01   -8.964368E-01   -8.618764E-01   -2.219441E-01   -8.901099E-02   -2.009562E-02
   -8.982880E-01   -8.964716E-01   -8.615817E-01   -2.218871E-01   -8.898960E-02   -2.009072E-02
   -8.983464E-01   -8.965042E-01   -8.612909E-01   -2.218351E-01   -8.896838E-02   -2.008596E-02
   -8.984026E-01   -8.965344E-01   -8.610042E-01   -2.217836E-01   -8.894770E-02   -2.008134E-02
   -8.984567E-01   -8.965624E-01   -8.607220E-01   -2.217364E-01   -8.892836E-02   -2.007689E-02
   -8.985087E-01   -8.965882E-01   -8.604444E-01   -2.216890E-01   -8.890939E-02   -2.007255E-02
   -8.985586E-01   -8.966120E-01   -8.601717E-01   -2.216435E-01   -8.889047E-02   -2.006836E-02
   -8.986066E-01   -8.966336E-01   -8.599042E-01   -2.215990E-01   -8.887268E-02   -2.006429E-02
   -8.986527E-01   -8.966533E-01   -8.596420E-01   -2.215551E-01   -8.885549E-02   -2.006035E-02
   -8.986969E-01   -8.966711E-01   -8.593854E-01   -2.215121E-01   -8.883845E-02   -2.005649E-02
   -8.987393E-01   -8.966870E-01   -8.591346E-01   -2.214709E-01   -8.882172E-02   -2.005283E-02
   -8.987799E-01   -8.967010E-01   -8.588898E-01   -2.214317E-01   -8.880636E-02   -2.004924E-02
   -8.988187E-01   -8.967133E-01   -8.586510E-01   -2.213937E-01   -8.879086E-02   -2.004576E-02
   -8.988559E-01   -8.967237E-01   -8.584185E-01   -2.213568E-01   -8.877563E-02   -2.004238E-02
   -8.988914E-01   -8.967325E-01   -8.581923E-01   -2.213209E-01   -8.876149E-02   -2.003910E-02
   -8.989252E-01   -8.967395E-01   -8.579726E-01   -2.212855E-01   -8.874735E-02   -2.003592E-02
   -8.989574E-01   -8.967448E-01   -8.577594E-01   -2.212508E-01   -8.873363E-02   -2.003283E-02
   -8.989879E-01   -8.967485E-01   -8.575528E-01   -2.212176E-01   -8.872043E-02   -2.002982E-02
   -8.990169E-01   -8.967505E-01   -8.573528E-01   -2.211854E-01   -8.870748E-02   -2.002690E-02
   -8.990442E-01   -8.967509E-01   -8.571595E-01   -2.211544E-01   -8.869489E-02   -2.002406E-02
   -8.990699E-01   -8.967496E-01   -8.569728E-01   -2.211242E-01   -8.868276E-02   -2.002130E-02
   -8.990940E-01   -8.967467E-01   -8.567928E-01   -2.210944E-01   -8.867078E-02   -2.001859E-02
   -8.991164E-01   -8.967421E-01   -8.566192E-01   -2.210652E-01   -8.865920E-02   -2.001598E-02
   -8.991373E-01   -8.967358E-01   -8.564522E-01   -2.210368E-01   -8.864792E-02   -2.001337E-02
   -8.991564E-01   -8.967279E-01   -8.562914E-01   -2.210092E-01   -8.863679E-02   -2.001092E-02
   -8.991738E-01   -8.967182E-01   -8.561369E-01   -2.209825E-01   -8.862605E-02   -2.000848E-02
   -8.991894E-01   -8.967067E-01   -8.559884E-01   -2.209564E-01   -8.861545E-02   -2.000609E-02
   -8.992033E-01   -8.966935E-01   -8.558458E-01   -2.209304E-01   -8.860510E-02   -2.000375E-02
   -8.992152E-01   -8.966783E-01   -8.557087E-01   -2.209049E-01   -8.859466E-02   -2.000146E-02
   -8.992253E-01   -8.966612E-01   -8.555770E-01   -2.208799E-01   -8.858494E-02   -1.999921E-02
   -8.992332E-01   -8.966421E-01   -8.554505E-01   -2.208554E-01   -8.857513E-02   -1.999698E-02
   -8.992391E-01   -8.966208E-01   -8.553286E-01   -2.208314E-01   -8.856542E-02   -1.999471E-02
   -8.992427E-01   -8.965973E-01   -8.552112E-01   -2.208073E-01   -8.855586E-02   -1.999262E-02
   -8.992439E-01   -8.965715E-01   -8.550979E-01   -2.207837E-01   -8.854635E-02   -1.999048E-02
   -8.992426E-01   -8.965431E-01   -8.549882E-01   -2.207601E-01   -8.853692E-02   -1.998835E-02
   -8.992387E-01   -8.965121E-01   -8.548818E-01   -2.207367E-01   -8.852753E-02   -1.998622E-02
   -8.992319E-01   -8.964783E-01   -8.547782E-01   -2.207134E-01   -8.851813E-02   -1.998419E-02
   -8.992220E-01   -8.964415E-01   -8.546768E-01   -2.206899E-01   -8.850874E-02   -1.998198E-02
   -8.992089E-01   -8.964014E-01   -8.545772E-01   -2.206663E-01   -8.849927E-02   -1.997984E-02
   -8.991922E-01   -8.963579E-01   -8.544789E-01   -2.206424E-01   -8.848974E-02   -1.997769E-02
   -8.991717E-01   -8.963105E-01   -8.543812E-01   -2.206184E-01   -8.848007E-02   -1.997551E-02
   -8.991471E-01   -8.962591E-01   -8.542836E-01   -2.205940E-01   -8.847026E-02   -1.997329E-02
   -8.991180E-01   -8.962033E-01   -8.541855E-01   -2.205690E-01   -8.846022E-02   -1.997097E-02
   -8.990841E-01   -8.961428E-01   -8.540861E-01   -2.205433E-01   -8.844998E-02   -1.996871E-02
   -8.990449E-01   -8.960770E-01   -8.539848E-01   -2.205168E-01   -8.843941E-02   -1.996633E-02
   -8.990000E-01   -8.960056E-01   -8.538809E-01   -2.204899E-01   -8.842846E-02   -1.996386E-02
   -8.989488E-01   -8.959280E-01   -8.537736E-01   -2.204617E-01   -8.841719E-02   -1.996131E-02
   -8.988908E-01   -8.958437E-01   -8.536622E-01   -2.204322E-01   -8.840541E-02   -1.995866E-02
   -8.988254E-01   -8.957520E-01   -8.535458E-01   -2.204014E-01   -8.839310E-02   -1.995585E-02
   -8.987519E-01   -8.956524E-01   -8.534235E-01   -2.203693E-01   -8.838017E-02   -1.995295E-02
   -8.986694E-01   -8.955439E-01   -8.532944E-01   -2.203354E-01   -8.836656E-02   -1.994987E-02
   -8.985773E-01   -8.954259E-01   -8.531576E-01   -2.202994E-01   -8.835216E-02   -1.994663E-02
   -8.984744E-01   -8.952973E-01   -8.530121E-01   -2.202614E-01   -8.833688E-02   -1.994317E-02
   -8.983600E-01   -8.951572E-01   -8.528567E-01   -2.202209E-01   -8.832064E-02   -1.993950E-02
   -8.982327E-01   -8.950044E-01   -8.526903E-01   -2.201776E-01   -8.830331E-02   -1.993560E-02
   -8.980914E-01   -8.948378E-01   -8.525116E-01   -2.201292E-01   -8.828472E-02   -1.993140E-02
   -8.979348E-01   -8.946560E-01   -8.523194E-01   -2.200816E-01   -8.826479E-02   -1.992690E-02
   -8.977613E-01   -8.944576E-01   -8.521121E-01   -2.200282E-01   -8.824334E-02   -1.992206E-02
   -8.975694E-01   -8.942408E-01   -8.518882E-01   -2.199695E-01   -8.822023E-02   -1.991684E-02
   -8.973572E-01   -8.940040E-01   -8.516461E-01   -2.199082E-01   -8.819528E-02   -1.991120E-02
   -8.971228E-01   -8.937453E-01   -8.513838E-01   -2.198409E-01   -8.816824E-02   -1.990502E-02
   -8.968640E-01   -8.934624E-01   -8.510994E-01   -2.197679E-01   -8.813896E-02   -1.989849E-02
   -8.965785E-01   -8.931530E-01   -8.507907E-01   -2.196880E-01   -8.810718E-02   -1.989131E-02
   -8.962638E-01   -8.928147E-01   -8.504552E-01   -2.196025E-01   -8.807264E-02   -1.988352E-02
   -8.959170E-01   -8.924445E-01   -8.500904E-01   -2.195088E-01   -8.803506E-02   -1.987507E-02
   -8.955350E-01   -8.920395E-01   -8.496933E-01   -2.194067E-01   -8.799444E-02   -1.986580E-02
   -8.951146E-01   -8.915964E-01   -8.492609E-01   -2.192954E-01   -8.794954E-02   -1.985573E-02
   -8.946519E-01   -8.911113E-01   -8.487896E-01   -2.191743E-01   -8.790092E-02   -1.984467E-02
   -8.941431E-01   -8.905805E-01   -8.482756E-01   -2.190420E-01   -8.784785E-02   -1.983280E-02
   -8.935838E-01   -8.899996E-01   -8.477150E-01   -2.188973E-01   -8.778988E-02   -1.981969E-02
   -8.929693E-01   -8.893639E-01   -8.471031E-01   -2.187398E-01   -8.772671E-02   -1.980541E-02
   -8.922944E-01   -8.886683E-01   -8.464351E-01   -2.185675E-01   -8.765757E-02   -1.978985E-02
   -8.915536E-01   -8.879073E-01   -8.457057E-01   -2.183793E-01   -8.758208E-02   -1.977277E-02
   -8.907409E-01   -8.870748E-01   -8.449091E-01   -2.181736E-01   -8.749966E-02   -1.975415E-02
   -8.898497E-01   -8.861645E-01   -8.440391E-01   -2.179491E-01   -8.740955E-02   -1.973381E-02
   -8.888730E-01   -8.851692E-01   -8.430890E-01   -2.177038E-01   -8.731114E-02   -1.971160E-02
   -8.878033E-01   -8.840816E-01   -8.420515E-01   -2.174358E-01   -8.720359E-02   -1.968733E-02
   -8.866325E-01   -8.828935E-01   -8.409188E-01   -2.171433E-01   -8.708639E-02   -1.966085E-02
   -8.853517E-01   -8.815962E-01   -8.396827E-01   -2.168241E-01   -8.695833E-02   -1.963194E-02
   -8.839519E-01   -8.801806E-01   -8.383342E-01   -2.164758E-01   -8.681867E-02   -1.960042E-02
   -8.824229E-01   -8.786367E-01   -8.368640E-01   -2.160961E-01   -8.666637E-02   -1.956604E-02
   -8.807543E-01   -8.769540E-01   -8.352619E-01   -2.156824E-01   -8.650048E-02   -1.952859E-02
   -8.789349E-01   -8.751216E-01   -8.335174E-01   -2.152319E-01   -8.631982E-02   -1.948780E-02
   -8.769530E-01   -8.731277E-01   -8.316192E-01   -2.147408E-01   -8.612325E-02   -1.944342E-02
   -8.747963E-01   -8.709600E-01   -8.295558E-01   -2.142087E-01   -8.590954E-02   -1.939517E-02
   -8.724520E-01   -8.686058E-01   -8.273150E-01   -2.136305E-01   -8.567756E-02   -1.934281E-02
   -8.699065E-01   -8.660518E-01   -8.248839E-01   -2.130029E-01   -8.542584E-02   -1.928593E-02
   -8.671462E-01   -8.632842E-01   -8.222496E-01   -2.123228E-01   -8.515308E-02   -1.922439E-02
   -8.641569E-01   -8.602890E-01   -8.193987E-01   -2.115866E-01   -8.485787E-02   -1.915774E-02
   -8.609241E-01   -8.570518E-01   -8.163175E-01   -2.107912E-01   -8.453882E-02   -1.908571E-02
   -8.574333E-01   -8.535581E-01   -8.129921E-01   -2.099325E-01   -8.419449E-02   -1.900805E-02
   -8.536699E-01   -8.497935E-01   -8.094089E-01   -2.090074E-01   -8.382341E-02   -1.892420E-02
   -8.496196E-01   -8.457436E-01   -8.055541E-01   -2.080120E-01   -8.342427E-02   -1.883409E-02
   -8.452681E-01   -8.413944E-01   -8.014143E-01   -2.069464E-01   -8.299558E-02   -1.873729E-02
   -8.406019E-01   -8.367323E-01   -7.969767E-01   -2.057974E-01   -8.253603E-02   -1.863356E-02
   -8.356081E-01   -8.317446E-01   -7.922290E-01   -2.045714E-01   -8.204437E-02   -1.852256E-02
   -8.302746E-01   -8.264192E-01   -7.871597E-01   -2.032624E-01   -8.151940E-02   -1.840404E-02
   -8.245906E-01   -8.207454E-01   -7.817586E-01   -2.018678E-01   -8.096006E-02   -1.827776E-02
   -8.185465E-01   -8.147136E-01   -7.760166E-01   -2.003851E-01   -8.036542E-02   -1.814351E-02
   -8.121344E-01   -8.083161E-01   -7.699262E-01   -1.988122E-01   -7.973468E-02   -1.800111E-02
   -8.053480E-01   -8.015465E-01   -7.634813E-01   -1.971482E-01   -7.906724E-02   -1.785043E-02
   -7.981830E-01   -7.944005E-01   -7.566779E-01   -1.953914E-01   -7.836268E-02   -1.769137E-02
   -7.906372E-01   -7.868761E-01   -7.495139E-01   -1.935415E-01   -7.762047E-02   -1.752387E-02
   -7.827106E-01   -7.789733E-01   -7.419894E-01   -1.915985E-01   -7.684152E-02   -1.734795E-02
   -7.744056E-01   -7.706943E-01   -7.341065E-01   -1.895630E-01   -7.602510E-02   -1.716364E-02
   -7.657268E-01   -7.620439E-01   -7.258696E-01   -1.874361E-01   -7.517220E-02   -1.697107E-02
   -7.566814E-01   -7.530292E-01   -7.172857E-01   -1.852195E-01   -7.428321E-02   -1.677038E-02
   -7.472789E-01   -7.436596E-01   -7.083635E-01   -1.829157E-01   -7.335910E-02   -1.656177E-02
   -7.375310E-01   -7.339469E-01   -6.991144E-01   -1.805274E-01   -7.240139E-02   -1.634553E-02
   -7.274518E-01   -7.239049E-01   -6.895517E-01   -1.780581E-01   -7.141107E-02   -1.612196E-02
   -7.170572E-01   -7.135497E-01   -6.796904E-01   -1.755117E-01   -7.038984E-02   -1.589140E-02
   -7.063653E-01   -7.028992E-01   -6.695476E-01   -1.728927E-01   -6.933946E-02   -1.565426E-02
   -6.953957E-01   -6.919728E-01   -6.591420E-01   -1.702058E-01   -6.826184E-02   -1.541098E-02
   -6.841694E-01   -6.807916E-01   -6.484936E-01   -1.674561E-01   -6.715909E-02   -1.516202E-02
