  9.136533546830826E+016  0.000000000000000E+000  0.000000000000000E+000
  9.136533546830826E+016  8.801679273525920E-185 -5.689495871897274E-178
  9.136533546830826E+016 -3.520671709410368E-184  2.269833936708540E-177
  9.136533546830826E+016  1.320251891028888E-183 -8.486528511442957E-177
  9.136533546830826E+016 -4.928940393174516E-183  3.158681392830775E-176
  9.136533546830826E+016  1.839550968166917E-182 -1.175267201269674E-175
  9.136533546830826E+016 -6.865309833350217E-182  4.372735044610345E-175
  9.136533546830826E+016  2.562168836523395E-181 -1.626915056317883E-174
  9.136533546830826E+016 -9.562144362758558E-181  6.053024317331871E-174
  9.136533546830826E+016  3.568640861451084E-180 -2.252038484049439E-173
  9.136533546830826E+016 -1.331834900952848E-179  8.378668795806346E-173
  9.136533546830826E+016  4.970475517666284E-179 -3.117238560179458E-172
  9.136533546830826E+016 -1.855006716971229E-178  1.159740519305047E-171
  9.136533546830826E+016  6.922979316118288E-178 -4.314667864941367E-171
  9.136533546830826E+016 -2.583691054750192E-177  1.605201773222559E-170
  9.136533546830826E+016  9.642466287388942E-177 -5.971832058728256E-170
  9.136533546830826E+016 -3.598617409480558E-176  2.221678479184257E-169
  9.136533546830826E+016  1.343022300918334E-175 -8.265144867691826E-169
  9.136533546830826E+016 -5.012227462725279E-175  3.074789178587834E-168
  9.136533546830826E+016  1.870588754998278E-174 -1.143867712961751E-167
  9.136533546830826E+016 -6.981132273720586E-174  4.255315986859409E-167
  9.136533546830826E+016  2.605394033988407E-173 -1.583008895575710E-166
  9.136533546830826E+016 -9.723462908581569E-173  5.888848666842269E-166
  9.136533546830826E+016  3.628845760033787E-172 -2.190649523256672E-165
  9.136533546830826E+016 -1.354303674927699E-171  8.149122542329266E-165
  9.136533546830826E+016  5.054330123707418E-171 -3.031406696393027E-164
  9.136533546830826E+016 -1.886301681990198E-170  1.127646412688846E-163
  9.136533546830826E+016  7.039773715590048E-170 -4.194662556157090E-163
  9.136533546830826E+016 -2.627279318037000E-169  1.560329915254863E-162
  9.136533546830826E+016  9.805139900588994E-169 -5.804049784143286E-162
  9.136533546830826E+016 -3.659328028431898E-168  2.158942520221555E-161
  9.136533546830826E+016  1.365679812366869E-167 -8.030567856956842E-161
  9.136533546830826E+016 -5.096786446624288E-167  2.987078432745590E-160
  9.136533546830826E+016  1.902146597413028E-166 -1.111071883777821E-159
  9.136533546830826E+016 -7.098907744989684E-166  4.132689894634839E-159
  9.136533546830826E+016  2.649348438254571E-165 -1.537158231670484E-158
  9.136533546830826E+016 -9.887502978519315E-165  5.717410765715961E-158
  9.136533546830826E+016  3.690066347582269E-164 -2.126548268298907E-157
  9.136533546830826E+016 -1.377151509247715E-163  7.909446454492564E-157
  9.136533546830826E+016  5.139599402232631E-163 -2.941791559596591E-156
  9.136533546830826E+016 -1.918124609968281E-162  1.094139336566808E-155
  9.136533546830826E+016  7.158538499649862E-162 -4.069380118937015E-155
  9.136533546830826E+016 -2.671602938863117E-161  1.513487167642592E-154
  9.136533546830826E+016  9.970557905487482E-161 -5.628906680711593E-154
  9.136533546830826E+016 -3.721062868308681E-160  2.093457458961901E-153
  9.136533546830826E+016  1.388719568268598E-159 -7.785723579339047E-153
  9.136533546830826E+016 -5.182771986243522E-159  2.895533100120317E-152
  9.136533546830826E+016  1.934236837670549E-158 -1.076843925851465E-151
  9.136533546830826E+016 -7.218670152057846E-158  4.004715138352658E-151
  9.136533546830826E+016  2.694044377056084E-157 -1.489309968579775E-150
  9.136533546830826E+016 -1.005431049301855E-156  5.538512309283383E-150
  9.136533546830826E+016  3.752319759501812E-156 -2.059660675792810E-149
  9.136533546830826E+016 -1.400384798870539E-155  7.659364073112683E-149
  9.136533546830826E+016  5.226307219531976E-155 -2.848289927119961E-148
  9.136533546830826E+016 -1.950484407925737E-154  1.059180750289828E-147
  9.136533546830826E+016  7.279306909749749E-154 -3.938676652593777E-147
  9.136533546830826E+016 -2.716674323107326E-153  1.464619801649816E-146
  9.136533546830826E+016  1.013876660145433E-152 -5.446202139490393E-146
  9.136533546830826E+016 -3.783839208270999E-152  2.025148393327249E-145
  9.136533546830826E+016  1.412148017293856E-151 -7.530332370329203E-145
  9.136533546830826E+016 -5.270208148348326E-151  2.800048761417046E-144
  9.136533546830826E+016  1.966868457609945E-150 -1.041144851801070E-143
  9.136533546830826E+016 -7.340453015604948E-150  3.871246149550942E-143
  9.136533546830826E+016  2.739494360480985E-149 -1.439409754941861E-142
  9.136533546830826E+016 -1.022393214036344E-148  5.351950364169883E-142
  9.136533546830826E+016  3.815623420097280E-148 -1.989910975886620E-141
  9.136533546830826E+016 -1.424010046635277E-147  7.398592494045151E-141
  9.136533546830826E+016  5.314477844531382E-147 -2.750796170224377E-140
  9.136533546830826E+016 -1.983390133149025E-146  1.022731214958134E-139
  9.136533546830826E+016  7.402112748142963E-146 -3.802404903025939E-139
  9.136533546830826E+016 -2.762506085942283E-145  1.413672836620015E-138
  9.136533546830826E+016  1.030981306895484E-144 -5.255730877777696E-138
  9.136533546830826E+016 -3.847674618987706E-144  1.953938676398623E-137
  9.136533546830826E+016  1.435971716905534E-143 -7.264108051454883E-137
  9.136533546830826E+016 -5.359119405723366E-143  2.700518565502401E-136
  9.136533546830826E+016  2.000050590598793E-142 -1.003934766374154E-135
  9.136533546830826E+016 -7.464290421822835E-142  3.732133970441313E-135
  9.136533546830826E+016  2.785711109669255E-141 -1.387401974068311E-134
  9.136533546830826E+016 -1.039641539649474E-140  5.157517273196424E-134
  9.136533546830826E+016  3.879995047630969E-140 -1.917221635205742E-133
  9.136533546830826E+016 -1.448033865087440E-139  7.126842229442613E-133
  9.136533546830826E+016  5.404135955586665E-139 -2.649202202298785E-132
  9.136533546830826E+016 -2.016850995725922E-138  9.847503740826205E-132
  9.136533546830826E+016  7.526990387345022E-138 -3.660414190526503E-131
  9.136533546830826E+016 -2.809111055365417E-137  1.360590013026946E-130
  9.136533546830826E+016  1.048374518272716E-136 -5.057282838510968E-130
  9.136533546830826E+016 -3.912586967554324E-136  1.879749878861566E-129
  9.136533546830826E+016  1.460197335194458E-135 -6.986757790089079E-129
  9.136533546830826E+016 -5.449530644022399E-135  2.596833177071052E-128
  9.136533546830826E+016  2.033792524089514E-134 -9.651728469112218E-128
  9.136533546830826E+016 -7.590217031955816E-134  3.587226180980390E-127
  9.136533546830826E+016  2.832707560373375E-133 -1.333229716719708E-126
  9.136533546830826E+016 -1.057180853829792E-132  4.955000553751231E-126
  9.136533546830826E+016  3.945452659281831E-132 -1.841513318914829E-125
  9.136533546830826E+016 -1.472462978329753E-131  6.843817066132378E-125
  9.136533546830826E+016  5.495306647390829E-131 -2.543397425992112E-124
  9.136533546830826E+016 -2.050876361123356E-130  9.451969338492966E-124
  9.136533546830826E+016  7.653974779754343E-130 -3.512550336110013E-123
  9.136533546830826E+016 -2.856502275789402E-129  1.305313764972513E-122
  9.136533546830826E+016  1.066061162518217E-128 -4.850643087601598E-122
  9.136533546830826E+016 -3.978594422493929E-128  1.802501750681063E-121
  9.136533546830826E+016  1.484831652745750E-127 -6.697981956382536E-121
  9.136533546830826E+016 -5.541467168733607E-127  2.488880723238519E-120
  9.136533546830826E+016  2.068103702218868E-126 -9.248173234088417E-120
  9.136533546830826E+016 -7.718268092002111E-126  3.436366824445193E-119
  9.136533546830826E+016  2.880496866578958E-125 -1.276834753322938E-118
  9.136533546830826E+016 -1.075016065711562E-124  4.744182794076846E-118
  9.136533546830826E+016  4.012014576188353E-124 -1.762704852001715E-117
  9.136533546830826E+016 -1.497304223904185E-123  6.549213921089298E-117
  9.136533546830826E+016  5.588015437997905E-123 -2.433268679261269E-116
  9.136533546830826E+016 -2.085475752808743E-122  9.040286429790018E-116
  9.136533546830826E+016  7.783101467435183E-122 -3.358655586328858E-115
  9.136533546830826E+016 -2.904693011693199E-121  1.247785192120695E-114
  9.136533546830826E+016  1.084046190002928E-120 -4.635591709164206E-114
  9.136533546830826E+016 -4.045715458842391E-120  1.722112181990632E-113
  9.136533546830826E+016  1.509881564536664E-119 -6.397473977262752E-113
  9.136533546830826E+016 -5.634954712262417E-119  2.376546739038994E-112
  9.136533546830826E+016  2.102993728451300E-118 -8.828254581739862E-112
  9.136533546830826E+016 -7.848479442578961E-118  3.279396331482814E-111
  9.136533546830826E+016  2.929092404186454E-117 -1.218157505618933E-110
  9.136533546830826E+016 -1.093152167248792E-116  4.524841547431197E-110
  9.136533546830826E+016  4.079699428576524E-116 -1.680713179767763E-109
  9.136533546830826E+016 -1.522564554705730E-115  6.242722693946272E-109
  9.136533546830826E+016  5.682288275965269E-115 -2.318700180313349E-108
  9.136533546830826E+016 -2.120658854915535E-114  8.612022721743405E-108
  9.136533546830826E+016  7.914406592065612E-114 -3.198568536548720E-107
  9.136533546830826E+016 -2.953696751334691E-113  1.187944031056284E-106
  9.136533546830826E+016  1.102334634613220E-112 -4.411903698598917E-106
  9.136533546830826E+016 -4.113968863319413E-112  1.638497163179976E-105
  9.136533546830826E+016  1.535354081866443E-111 -6.084920187441302E-105
  9.136533546830826E+016 -5.730019441133831E-111  2.259714111806434E-104
  9.136533546830826E+016  2.138472368266888E-110 -8.391535250615121E-104
  9.136533546830826E+016 -7.980887528954171E-110  3.116151442604020E-103
  9.136533546830826E+016  2.978507774754980E-109 -1.157137017729568E-102
  9.136533546830826E+016 -1.111594234612450E-108  4.296749224080452E-102
  9.136533546830826E+016  4.148526160974303E-108 -1.595453327508846E-101
  9.136533546830826E+016 -1.548251040928476E-107  5.924026116483565E-101
  9.136533546830826E+016  5.778151547616474E-107 -2.199573471420071E-100
  9.136533546830826E+016 -2.156435514953742E-106  8.166735931456421E-100
  9.136533546830826E+016  8.047926905053321E-106 -3.032124052652606E-099
  9.136533546830826E+016 -3.003527210525954E-105  1.125728626057051E-098
  9.136533546830826E+016  1.120931615159849E-104 -4.179348853484032E-098
  9.136533546830826E+016 -4.183373739586799E-104  1.551570744165285E-097
  9.136533546830826E+016  1.561256334318735E-103 -5.759999677370140E-097
  9.136533546830826E+016 -5.826687963316259E-103  2.138263024416750E-096
  9.136533546830826E+016  2.174549551894630E-102 -7.937567882865138E-096
  9.136533546830826E+016 -8.115529411246895E-102  2.946465129089919E-095
  9.136533546830826E+016  3.028756809309295E-101 -1.093710926632180E-094
  9.136533546830826E+016 -1.130347429611249E-100  4.059672981080631E-094
  9.136533546830826E+016  4.218514037514067E-100 -1.506838359370909E-093
  9.136533546830826E+016 -1.574370872044502E-099  5.592799599036978E-093
  9.136533546830826E+016  5.875632084426602E-099 -2.075767361582076E-092
  9.136533546830826E+016 -2.192815746566191E-098  7.703973572075966E-092
  9.136533546830826E+016  8.183699777822104E-098 -2.859153191142286E-091
  9.136533546830826E+016 -3.054198336472222E-097  1.061075899267684E-090
  9.136533546830826E+016  1.139842336810668E-096 -3.937691662235612E-090
  9.136533546830826E+016 -4.253949513595450E-096  1.461244992825966E-089
  9.136533546830826E+016  1.587595571757113E-095 -5.422384138086349E-089
  9.136533546830826E+016 -5.924987335668908E-095  2.012070897368513E-088
  9.136533546830826E+016  2.211235377091852E-094 -7.465894808031092E-088
  9.136533546830826E+016 -8.252442774800517E-094  2.770166512280198E-087
  9.136533546830826E+016  3.079853572211022E-093 -1.027815432029957E-086
  9.136533546830826E+016 -1.149417001136404E-092  3.813374609804099E-086
  9.136533546830826E+016  4.289682647324512E-092 -1.414779336363742E-085
  9.136533546830826E+016 -1.600931358816165E-091  5.248711073763721E-085
  9.136533546830826E+016  5.974757170532207E-091 -1.947157868020270E-084
  9.136533546830826E+016 -2.229809732331266E-090  7.223272734380412E-084
  9.136533546830826E+016  8.321763212271845E-090 -2.679483117605304E-083
  9.136533546830826E+016 -3.105724311675612E-089  9.939213202636273E-083
  9.136533546830826E+016  1.159072092547526E-088 -3.686691190489700E-082
  9.136533546830826E+016 -4.325715939022544E-088  1.367429952591275E-081
  9.136533546830826E+016  1.614379166354265E-087 -5.071737702883590E-081
  9.136533546830826E+016 -6.024945071514806E-087  1.881012329679116E-080
  9.136533546830826E+016  2.248540111970496E-086 -6.976047822410591E-080
  9.136533546830826E+016 -8.391665940730504E-086  2.587080781210838E-079
  9.136533546830826E+016  3.131812365095152E-085 -9.593852656062097E-079
  9.136533546830826E+016 -1.168808286630756E-084  3.557610421166225E-078
  9.136533546830826E+016  4.362051910013509E-084 -1.319185273516259E-077
  9.136533546830826E+016 -1.627939935342328E-083  4.891420834703728E-077
  9.136533546830826E+016  6.075554550367961E-083 -1.813618156470952E-076
  9.136533546830826E+016 -2.267427826612952E-082  6.724159863902248E-076
  9.136533546830826E+016  8.462155851415011E-082 -2.492937023515221E-075
  9.136533546830826E+016 -3.158119557904709E-081  9.241988749927444E-075
  9.136533546830826E+016  1.178626264647734E-080 -3.426100965162029E-074
  9.136533546830826E+016 -4.398693102800464E-080  1.270033599159998E-073
  9.136533546830826E+016  1.641614614655412E-079 -4.707716785747378E-073
  9.136533546830826E+016 -6.126589148341603E-079  1.744959038572941E-072
  9.136533546830826E+016  2.286474197871100E-078 -6.467547963914621E-072
  9.136533546830826E+016 -8.533237876650239E-078  2.397029108568594E-071
  9.136533546830826E+016  3.184647730872986E-077 -8.883536596503315E-071
  9.136533546830826E+016 -1.188526713582692E-076  3.292131128506623E-070
  9.136533546830826E+016  4.435642081243470E-076 -1.219963096156274E-069
  9.136533546830826E+016 -1.655404161139119E-075  4.520581374572854E-069
  9.136533546830826E+016  6.178052436432129E-075 -1.675018480261015E-068
  9.136533546830826E+016 -2.305680558458940E-074  6.206150533496941E-068
  9.136533546830826E+016  8.604916990192547E-074 -2.299334041331990E-067
  9.136533546830826E+016 -3.211398740231125E-073  8.518410340824512E-067
  9.136533546830826E+016  1.198510326190525E-072 -3.155668856139172E-066
  9.136533546830826E+016 -4.472901430738986E-072  1.168961796335988E-065
  9.136533546830826E+016  1.669309539676542E-071 -4.329969916490035E-065
  9.136533546830826E+016 -6.229948015632270E-071  1.603779797937559E-064
  9.136533546830826E+016  2.325048252285254E-070 -5.939905282325806E-064
  9.136533546830826E+016 -8.677198207577788E-070  2.199828564928882E-063
  9.136533546830826E+016  3.238374457802590E-069 -8.146523150429751E-063
  9.136533546830826E+016 -1.208577801045258E-068  3.016681728078503E-062
  9.136533546830826E+016  4.510473758400773E-068 -1.117017595297432E-061
  9.136533546830826E+016 -1.683331723255784E-067  4.135837218223238E-061
  9.136533546830826E+016  6.282279517183058E-067 -1.531226118139065E-060
  9.136533546830826E+016 -2.344578634547645E-066  5.668749211267848E-060
  9.136533546830826E+016  8.750086586472273E-066 -2.098489157868847E-059
  9.136533546830826E+016 -3.265576771134145E-065  7.767787204997667E-059
  9.136533546830826E+016  1.218729842588935E-064 -2.875136955554247E-058
  9.136533546830826E+016 -4.548361693242326E-064  1.064118250962057E-057
  9.136533546830826E+016  1.697471693038037E-063 -3.938137572519939E-057
  9.136533546830826E+016 -6.335050602827915E-063  1.457340375523590E-056
  9.136533546830826E+016  2.364273071827363E-062 -5.392618604866933E-056
  9.136533546830826E+016 -8.823587227026659E-062  1.995292031243059E-055
  9.136533546830826E+016  3.293007583627927E-061 -7.382113685877667E-055
  9.136533546830826E+016 -1.228967161180904E-060  2.731001377098746E-054
  9.136533546830826E+016  4.586567886360825E-060 -1.010251382115594E-053
  9.136533546830826E+016 -1.711730438426240E-059  3.736824752704795E-053
  9.136533546830826E+016  6.388264965068876E-059 -1.382105310837788E-052
  9.136533546830826E+016 -2.384132942184926E-058  5.111449023755162E-052
  9.136533546830826E+016  8.897705272232818E-058 -1.890213125891339E-051
  9.136533546830826E+016 -3.320668814674635E-057  6.989412765514602E-051
  9.136533546830826E+016  1.239290473147526E-056 -2.584241454599306E-050
  9.136533546830826E+016 -4.625095011122639E-056  9.554044669343687E-050
  9.136533546830826E+016  1.726108957134303E-055 -3.531852007178453E-049
  9.136533546830826E+016 -6.441926327424949E-055  1.305503468863328E-048
  9.136533546830826E+016  2.404159635256549E-054 -4.825175296986915E-048
  9.136533546830826E+016 -8.972445908283703E-054  1.783228109540473E-047
  9.136533546830826E+016  3.348562399787827E-053 -6.589593596766217E-047
  9.136533546830826E+016 -1.249700500832294E-052  2.434823269310442E-046
  9.136533546830826E+016  4.663945763350392E-052 -8.995648414966853E-046
  9.136533546830826E+016 -1.740608255256927E-051  3.323172053860580E-045
  9.136533546830826E+016  6.496038444692671E-051 -1.227517196342499E-044
  9.136533546830826E+016 -2.424354552351376E-050  4.533731514295196E-044
  9.136533546830826E+016  9.047814364936236E-050 -1.674312373913537E-043
  9.136533546830826E+016 -3.376690290739357E-049  6.182564302112338E-043
  9.136533546830826E+016  1.260197972646380E-048 -2.282712517825694E-042
  9.136533546830826E+016 -4.703122861511586E-048  8.427196982791224E-042
  9.136533546830826E+016  1.755229347339996E-047 -3.110737074576581E-041
  9.136533546830826E+016 -6.550605103208827E-047  1.148128639882788E-040
  9.136533546830826E+016  2.444719106549531E-046 -4.237051018269497E-040
  9.136533546830826E+016 -9.123815915877241E-046  1.563441031809915E-039
  9.136533546830826E+016  3.405054455695943E-045 -5.768231962754687E-039
  9.136533546830826E+016 -1.270783623119605E-044  2.127874508008635E-038
  9.136533546830826E+016  4.742629046908827E-044 -7.848560846375883E-038
  9.136533546830826E+016 -1.769973256451570E-043  2.894498709387439E-037
  9.136533546830826E+016  6.605630121115399E-043 -1.067319743840228E-036
  9.136533546830826E+016 -2.465254722801003E-042  3.935066396454420E-036
  9.136533546830826E+016  9.200455879092470E-042 -1.450588914155744E-035
  9.136533546830826E+016 -3.433656879356888E-041  5.346502607606307E-035
  9.136533546830826E+016  1.281458192951830E-040 -1.970274154882657E-034
  9.136533546830826E+016 -4.782467083871633E-040  7.259609012729955E-034
  9.136533546830826E+016  1.784841014253470E-039 -2.674408050862129E-033
  9.136533546830826E+016 -6.661117348626718E-039  9.850722481813173E-033
  9.136533546830826E+016  2.485962838025340E-038 -3.627709473368277E-032
  9.136533546830826E+016 -9.277739617238689E-038  1.335730567024490E-031
  9.136533546830826E+016  3.462499563092942E-037 -4.917281202169459E-031
  9.136533546830826E+016 -1.292222429064790E-036  1.809875976479133E-030
  9.136533546830826E+016  4.822639759949865E-036 -6.660209006813949E-030
  9.136533546830826E+016 -1.799833661073467E-035  2.450415638292031E-029
  9.136533546830826E+016  6.717070668298882E-035 -9.013676863232754E-029
  9.136533546830826E+016 -2.506844901212206E-034  3.314911302440871E-028
  9.136533546830826E+016  9.355672538018937E-034 -1.218840248627350E-027
  9.136533546830826E+016 -3.491584525086354E-033  4.480471637300930E-027
  9.136533546830826E+016  1.303077084654352E-032 -1.646644089643551E-026
  9.136533546830826E+016 -4.863149886108775E-032  6.050226855884208E-026
  9.136533546830826E+016  1.814952245978075E-031 -2.222471451846775E-025
  9.136533546830826E+016 -6.773493995301421E-031  8.161873829524458E-025
  9.136533546830826E+016  2.527902373522761E-030 -2.996602157869673E-024
  9.136533546830826E+016 -9.434260094560903E-030  1.099891926273193E-023
  9.136533546830826E+016  3.520913800472085E-029 -4.035976717863624E-023
  9.136533546830826E+016 -1.314022919243225E-028  1.480542205799201E-022
  9.136533546830826E+016  4.904000296925692E-028 -5.429527073678942E-022
  9.136533546830826E+016 -1.830197826845954E-027  1.990524906670950E-021
  9.136533546830826E+016  6.830391277691249E-027 -7.295124518206226E-021
  9.136533546830826E+016 -2.549136728391904E-026  2.672711526393595E-020
  9.136533546830826E+016  9.513507785798491E-026 -9.788592732977525E-020
  9.136533546830826E+016 -3.550489441480206E-025  3.583698151263337E-019
  9.136533546830826E+016  1.325060698734098E-024 -1.311533626667997E-018
  9.136533546830826E+016 -4.945193850788370E-024  4.797972644444232E-018
  9.136533546830826E+016  1.845571470441938E-023 -1.754524846921081E-017
  9.136533546830826E+016 -6.887766496688917E-023  6.413237935190794E-017
  9.136533546830826E+016  2.570549451631373E-022 -2.343168098983548E-016
  9.136533546830826E+016 -9.593421156856600E-022  8.557156659617381E-016
  9.136533546830826E+016  3.580313517579503E-021 -3.123536535869570E-015
  9.136533546830826E+016 -1.336191195463235E-020  1.139581239948020E-014
  9.136533546830826E+016  4.986733430094991E-020 -4.155425006798492E-014
  9.136533546830826E+016 -1.861074252491673E-019  1.514419539742306E-013
  9.136533546830826E+016  6.945623666957193E-019 -5.516020932300878E-013
  9.136533546830826E+016 -2.592142041533710E-018  2.007899762448952E-012
  9.136533546830826E+016  9.674005799439122E-018 -7.304341803175893E-012
  9.136533546830826E+016 -3.610388115622278E-017  2.655391349319248E-011
  9.136533546830826E+016  1.347415188254520E-016 -9.646475149473533E-011
  9.136533546830826E+016 -5.028621941455852E-016  3.501744037433761E-010
  9.136533546830826E+016  1.876707257756889E-015 -1.270156669184137E-009
  9.136533546830826E+016 -7.003966836881970E-015  4.603278184557016E-009
  9.136533546830826E+016  2.613916008977099E-014 -1.666833590959394E-008
  9.136533546830826E+016 -9.755267352220200E-014  6.029875890445491E-008
  9.136533546830826E+016  3.640715339990370E-013 -2.179160936702205E-007
  9.136533546830826E+016 -1.358733462473946E-012  7.866944981737696E-007
  9.136533546830826E+016  5.070862315896748E-012 -2.836788034652234E-006
  9.136533546830826E+016 -1.892471580111305E-011  1.021683330054733E-005
  9.136533546830826E+016  7.062800088855545E-011 -3.674812167235836E-005
  9.136533546830826E+016 -2.635872877531088E-010  1.319895837480590E-004
  9.136533546830826E+016  9.837211501238798E-010 -4.733483582517483E-004
  9.136533546830826E+016 -3.671297312742410E-009  1.694742498627243E-003
  9.136533546830826E+016  1.370146810084576E-008 -6.056838088798588E-003
  9.136533546830826E+016 -5.113457509064064E-008  2.160413701736426E-002
  9.136533546830826E+016  1.908368322617168E-007 -7.689460217130570E-002
  9.136533546830826E+016 -7.122127539562265E-007  0.273042313269650     
  9.136533546830826E+016  2.658014183563189E-006 -0.967011925123816     
  9.136533546830826E+016 -9.919843980296531E-006   3.41488644248990     
  9.136533546830826E+016  3.702136173762294E-005  -12.0203207916764     
  9.136533546830826E+016 -1.381656029701952E-004   42.1576634563140     
  9.136533546830826E+016  5.156410501431579E-004  -147.247613015132     
  9.136533546830826E+016 -1.924398597602437E-003   511.890641798325     
  9.136533546830826E+016  7.181953340266589E-003  -1769.90908697306     
  9.136533546830826E+016 -2.680341476346392E-002   6081.06438407937     
  9.136533546830826E+016  0.100031705713589       -20738.0290284914     
  9.136533546830826E+016 -0.373323408090892        70092.4553684883     
  9.136533546830826E+016   1.39326192664998       -234333.726420724     
  9.136533546830826E+016  -5.19972429850903        772828.782576855     
  9.136533546830826E+016   19.4056352673861       -2504624.79896122     
  9.136533546830826E+016  -72.4228167710355        7930657.66130366     
  9.136533546830826E+016   270.285631816756       -24310311.4433215     
  9.136533546830826E+016  -1008.71971049599        70994823.2522190     
  9.136533546830826E+016   3764.59321016720       -191313616.529433     
  9.136533546830826E+016  -14049.6531301728        439153947.580789     
  9.136533546830826E+016   52434.0193105240       -613234757.690954     
  9.136533546830827E+016  -14981.1483718173        501520906.575902     
  9.136533546830829E+016   7490.57417674514       -377659163.325398     
  9.136533546830830E+016  -14981.1483351633        501520894.703022     
  9.136533546830832E+016   52434.0191639080       -613234712.683273     
  9.136533546830835E+016  -14049.6525803626        439153789.358309     
  9.136533546830838E+016   3764.59115754235       -191313065.904795     
  9.136533546830842E+016  -1008.71204980683        70992918.0712006     
  9.136533546830845E+016   270.257041684971       -24303760.4664905     
  9.136533546830848E+016  -72.3161169330548        7908296.33036600     
  9.136533546830851E+016   19.0074260472476       -2428960.91090793     
  9.136533546830854E+016  -3.71358725593580        519519.001399141     
  9.136533546830858E+016  -4.15307702350445        602534.208712175     
  9.136533546830861E+016   20.3258953499536       -2648224.73798449     
  9.136533546830864E+016  -77.1505043763100        8612991.04677156     
  9.136533546830867E+016   288.276122155286       -26575675.7615482     
  9.136533546830870E+016  -1075.95398424484        78154830.9456616     
  9.136533546830874E+016   4015.53981482406       -213132187.493612     
  9.136533546830877E+016  -14986.2052750514        502262957.972605     
  9.136533546830880E+016   55929.2812853815       -780387260.699558     
  9.136533546830885E+016  -28025.6441263686        870167303.612056     
  9.136533546830890E+016   56173.2952200930       -801138797.630094     
  9.136533546830896E+016  -15962.2610138973        568733628.686072     
  9.136533546830902E+016   7675.74883549617       -392121425.382251     
  9.136533546830909E+016  -14740.7343280874        479608956.656630     
  9.136533546830915E+016   51287.1884768533       -527416228.231017     
  9.136533546830923E+016  -9702.74383921985        195506172.919959     
  9.136533546830931E+016  -12476.2131199739        402892911.889370     
  9.136533546830939E+016   59607.5963191156       -961633745.963483     
  9.136533546830949E+016  -45248.8964163824        1445264191.08978     
  9.136533546830958E+016   121387.989346414       -1753155154.44893     
  9.136533546830971E+016  -78892.5094890620        1423362229.35161     
  9.136533546830982E+016   13476.7728697278       -635083800.083030     
  9.136533546830994E+016   24985.4180101506        203726486.913904     
  9.136533546831006E+016   67286.8308297755        167953825.819364     
  9.136533546831022E+016   67277.8101509597       -1353399199.69256     
  9.136533546831040E+016  -155692.795693508        2727497052.52522     
  9.136533546831054E+016   194082.821142861       -3087947504.24302     
  9.136533546831074E+016  -78522.6616576192        2595071200.36515     
  9.136533546831093E+016   120007.825487615       -1971290087.20992     
  9.136533546831115E+016  -40098.0888126299        1239621035.12173     
  9.136533546831138E+016   40384.5297629042       -269967979.950431     
  9.136533546831162E+016   59265.2455011189       -855485917.715821     
  9.136533546831187E+016  -96740.2360272742        1716732994.55116     
  9.136533546831211E+016   146990.422867872       -1496794218.08121     
  9.136533546831240E+016   50894.3717761049        432413919.521299     
  9.136533546831272E+016   10842.6415079200        400107568.001790     
  9.136533546831306E+016   86440.3379323208       -726690345.299153     
  9.136533546831342E+016   4806.55824300964        730868985.310309     
  9.136533546831381E+016   75038.7048357458       -481599715.671834     
  9.136533546831422E+016   56449.1738942199        192370769.219051     
  9.136533546831467E+016   60575.1510675867       -31332601.3619772     
  9.136533546831515E+016   62660.7733156450       -90084294.9827380     
  9.136533546831566E+016   50192.3071500450        227294746.296929     
  9.136533546831621E+016   97980.5495643879       -138550619.009364     
  9.136533546831680E+016   100001.321812721       -189993727.526719     
  9.136533546831744E+016   44129.9904050483        244687494.470414     
  9.136533546831811E+016   84889.2680472979        302597552.976344     
  9.136533546831883E+016   158428.764626079       -1084855300.01660     
  9.136533546831962E+016   4216.77640881104        1464580218.32204     
  9.136533546832043E+016   186114.681218889       -977413642.116297     
  9.136533546832133E+016   154850.877416166        37609016.8863970     
  9.136533546832230E+016   98008.1878169749        538087598.884728     
  9.136533546832334E+016   175937.474276360       -667833968.943807     
  9.136533546832446E+016   101768.293778114        415436063.688874     
  9.136533546832565E+016   139810.453571605        273413538.474879     
  9.136533546832691E+016   242516.270635996       -778773716.494536     
  9.136533546832829E+016   155061.394065154        693991291.360487     
  9.136533546832976E+016   221469.807544024       -259447183.027857     
  9.136533546833134E+016   223996.305939494       -377690001.746039     
  9.136533546833304E+016   147481.898878739        877512901.561085     
  9.136533546833483E+016   270307.752986190       -880996800.716709     
  9.136533546833675E+016   216929.295097346        656408752.187855     
  9.136533546833880E+016   307617.272545272       -117540400.383127     
  9.136533546834101E+016   359654.372122628       -622773247.105256     
  9.136533546834339E+016   241523.272105381        686740174.432888     
  9.136533546834592E+016   300600.021116803       -122787874.248993     
  9.136533546834861E+016   363129.400828464       -156594391.017208     
  9.136533546835149E+016   415345.684450615        632688508.781007     
  9.136533546835459E+016   505361.721730562       -1947246212.37931     
  9.136533546835794E+016   273786.564728721        3524219750.84371     
  9.136533546836149E+016   748660.603975937       -4170939240.71037     
  9.136533546836536E+016   345676.534169656        3244937733.42276     
  9.136533546836947E+016   579212.395447030       -1619904839.19657     
  9.136533546837387E+016   590168.847364133        720852026.956160     
  9.136533546837859E+016   674217.729898562       -437991529.301925     
  9.136533546838366E+016   688476.299323941        242896729.354093     
  9.136533546838910E+016   728098.414828120       -247137476.369670     
  9.136533546839493E+016   736056.659126119        388038890.042585     
  9.136533546840115E+016   845306.842170069       -161018851.217104     
  9.136533546840782E+016   942463.692916581        119453455.611754     
  9.136533546841499E+016   986701.934106891       -914461966.957192     
  9.136533546842267E+016   893297.394339240        1983845869.30180     
  9.136533546843086E+016   1222677.31221953       -2245960135.38110     
  9.136533546843966E+016   1082793.83490667        1700096470.77779     
  9.136533546844907E+016   1312947.82627780       -375193071.935699     
  9.136533546845917E+016   1435741.71680670       -1411857722.17116     
  9.136533546847000E+016   1256527.99054027        2611725856.33199     
  9.136533546848155E+016   1669883.72933701       -2342518916.94384     
  9.136533546849395E+016   1641316.70633729        1767238903.55216     
  9.136533546850725E+016   1884344.88675979       -1659018814.50838     
  9.136533546852152E+016   1844325.56677003        1672075316.38484     
  9.136533546853680E+016   2122785.21778679       -1432355558.95863     
  9.136533546855318E+016   2133197.58815013        1029999559.33343     
  9.136533546857072E+016   2355204.28290036       -297879507.539333     
  9.136533546858950E+016   2540996.78797669       -247487474.846414     
  9.136533546860963E+016   2660051.72736179        534090018.771412     
  9.136533546863118E+016   2901565.84344554       -505808894.474535     
  9.136533546865427E+016   3081391.36990619        792429709.260386     
  9.136533546867901E+016   3385512.07816069       -1260110248.86542     
  9.136533546870552E+016   3434845.92460283        1370428153.77892     
  9.136533546873389E+016   3836916.20928025       -237768907.819712     
  9.136533546876429E+016   4167059.25726966       -1231704468.68334     
  9.136533546879688E+016   4251469.53803561        2389261316.33481     
  9.136533546883178E+016   4848622.29716317       -2534386363.15602     
  9.136533546886920E+016   4905474.84024849        1646090416.14241     
  9.136533546890926E+016   5345848.83896039        281546598.039334     
  9.136533546895218E+016   5876668.88564887       -1750771930.84901     
  9.136533546899818E+016   6023593.83628460        2385799301.13872     
  9.136533546904742E+016   6712126.74445428       -1675461816.88043     
  9.136533546910021E+016   7063765.12446175        511134303.452763     
  9.136533546915675E+016   7498552.55662359        570016627.887118     
  9.136533546921730E+016   8118343.58407040       -701755458.821106     
  9.136533546928214E+016   8637792.28118320        1103730927.93397     
  9.136533546935160E+016   9373606.70434750       -1269516491.23697     
  9.136533546942602E+016   9886416.38085966        1455701647.31836     
  9.136533546950571E+016   10713468.7664489       -1004207885.96838     
  9.136533546959109E+016   11410081.4410825        1087933400.57430     
  9.136533546968254E+016   12314210.2504613       -1003821944.47533     
  9.136533546978053E+016   13060830.0590357        1148435163.45741     
  9.136533546988547E+016   14049264.4603420       -858845418.254657     
  9.136533546999787E+016   14950770.5944860        1305171729.11380     
  9.136533547011824E+016   16138880.4802869       -1124915874.99437     
  9.136533547024717E+016   17171030.0053233        1433063021.08395     
  9.136533547038525E+016   18540417.2217605       -798546833.432411     
  9.136533547053317E+016   19801045.6878002        532794313.912510     
  9.136533547069162E+016   21159471.4640284       -228099803.201715     
  9.136533547086131E+016   22596877.3013808        1271612006.60776     
  9.136533547104304E+016   24343386.6870080       -1367308103.02682     
  9.136533547123768E+016   25858733.4728528        1586851572.09551     
  9.136533547144610E+016   27808921.8338118       -68962764.4636799     
  9.136533547166930E+016   29877253.9757579        23324768.2744019     
  9.136533547190837E+016   31941695.7973420       -68273896.9919357     
  9.136533547216442E+016   34084260.3951269        1132095683.12786     
  9.136533547243861E+016   36641045.3114308        218128469.176612     
  9.136533547273227E+016   39269878.9348591       -1190885716.85814     
  9.136533547304678E+016   41738413.2384913        2734981099.21241     
  9.136533547338354E+016   44956801.3899231       -1280129534.27813     
  9.136533547374416E+016   48046652.6060540        933830641.878163     
  9.136533547413034E+016   51442913.5428102        1005422782.70533     
  9.136533547454387E+016   55187714.7382863       -1019080300.29186     
  9.136533547498672E+016   58858292.6599201        2232614845.58666     
  9.136533547546090E+016   63200044.5211600       -331087092.924434     
  9.136533547596866E+016   67641903.0339228        222346030.290144     
  9.136533547651237E+016   72277097.9311663        1625259513.52562     
  9.136533547709453E+016   77484482.8448866       -261024415.444665     
  9.136533547771787E+016   82920350.4443214        1999339818.49527     
  9.136533547838531E+016   88857855.3175599       -2070803490.77184     
  9.136533547909995E+016   94728791.7187513        5532044513.53619     
  9.136533547986504E+016   101990712.215989       -4347489274.23243     
  9.136533548068426E+016   108634307.246071        4874495455.91519     
  9.136533548156130E+016   116540925.324469       -885809536.177080     
  9.136533548250027E+016   124712113.846005        1656822368.80102     
  9.136533548350555E+016   133453281.958510        695915007.979218     
  9.136533548458178E+016   142721950.951587        1517154604.10415     
  9.136533548573389E+016   152744037.070464        1744619667.14961     
  9.136533548696722E+016   163561880.423335        491712376.755523     
  9.136533548828749E+016   174960909.607931        2852489949.45003     
  9.136533548970080E+016   187395659.573656       -204159090.574642     
  9.136533549121371E+016   200346793.579603        3796228936.35914     
  9.136533549283317E+016   214533597.261295       -1025004812.42205     
  9.136533549456664E+016   229224612.299217        5998393573.25953     
  9.136533549642205E+016   245722859.957184       -2557540172.37043     
  9.136533549840802E+016   262438997.911309        6692637494.23021     
  9.136533550053358E+016   281174679.230004       -1404126019.31811     
  9.136533550280858E+016   300468855.305523        5231550897.50777     
  9.136533550524336E+016   321653488.364342        1828894331.90314     
  9.136533550784914E+016   344114473.071626        1868089060.95683     
  9.136533551063784E+016   367892036.885787        5568298833.14289     
  9.136533551362218E+016   393800785.859503       -71509274.1178753     
  9.136533551681582E+016   420891236.908266        8063975720.44925     
  9.136533552023331E+016   450701074.111519       -1471429551.98926     
  9.136533552389032E+016   481462444.475045        8568433868.94864     
  9.136533552780338E+016   515275675.657219        1665653498.32948     
  9.136533553199034E+016   550928468.290951        5545105846.77038     
  9.136533553647021E+016   589181934.153103        5526133917.81029     
  9.136533554126333E+016   630191683.536435        3480044339.03521     
  9.136533554639146E+016   673658395.147499        8302816028.88720     
  9.136533555187778E+016   720623743.867325        2822578011.24995     
  9.136533555774715E+016   770111635.877079        8896676974.42299     
  9.136533556402600E+016   823539129.365151        6084887306.39597     
  9.136533557074267E+016   880551012.014578        7246150785.15118     
  9.136533557792747E+016   941331780.180564        7496603084.41441     
  9.136533558561272E+016   1006221481.86220        9174059623.66250     
  9.136533559383293E+016   1075663186.74107        7217845478.81590     
  9.136533560262498E+016   1149532326.12490        11958356775.9947     
  9.136533561202821E+016   1228968336.75566        7821415147.73411     
  9.136533562208477E+016   1313332851.14819        12418897086.4763     
  9.136533563283957E+016   1403678491.94982        10054315068.5381     
  9.136533564434059E+016   1499866536.29534        13348414100.7393     
  9.136533565663902E+016   1602844895.20421        13242382624.3757     
  9.136533566978958E+016   1712755458.25439        11974921704.3047     
  9.136533568385067E+016   1829709103.59617        18403063531.2098     
  9.136533569888456E+016   1955288892.35934        11837175766.7210     
  9.136533571495787E+016   2088472860.14673        20130437611.3086     
  9.136533573214154E+016   2231223687.58994        15689949542.5793     
  9.136533575051136E+016   2383218006.48624        21506493707.8623     
  9.136533577014821E+016   2545774367.04834        17572616350.6588     
  9.136533579113842E+016   2718640273.79729        24639877542.7791     
  9.136533581357398E+016   2903675621.74493        21310512691.3358     
  9.136533583755320E+016   3100740832.07698        25984296647.6036     
  9.136533586318086E+016   3311064198.89883        24490977236.7222     
  9.136533589056875E+016   3535112577.59970        31063172913.9350     
  9.136533591983605E+016   3774669294.96244        26408744492.6580     
  9.136533595110998E+016   4029362399.49594        34253412703.1170     
  9.136533598452606E+016   4301426244.24215        32764129691.5434     
  9.136533602022886E+016   4591330632.31145        36182587315.3200     
  9.136533605837251E+016   4900383156.49243        38766097045.2079     
  9.136533609912131E+016   5229931148.27437        40230469769.7460     
  9.136533614265043E+016   5581048015.76826        43912625934.0075     
  9.136533618914654E+016   5955321006.07070        45646123818.7767     
  9.136533623880859E+016   6354001575.91941        49164028294.3844     
  9.136533629184853E+016   6778809093.95136        52777598984.9144     
  9.136533634849219E+016   7231553419.04659        55246102245.2409     
  9.136533640898024E+016   7713756653.04044        58949258004.6060     
  9.136533647356901E+016   8227278614.60214        62673072047.4025     
  9.136533654253149E+016   8774180949.03918        67359046602.5251     
  9.136533661615842E+016   9356645215.20263        69530033946.8947     
  9.136533669475939E+016   9976532901.68312        77183910580.3198     
  9.136533677866400E+016   10636865864.5680        78526500297.0082     
  9.136533686822320E+016   11339416549.9072        85520411808.2278     
  9.136533696381050E+016   12087264802.5426        90986189258.3958     
  9.136533706582344E+016   12883305092.9763        94819548584.5919     
  9.136533717468515E+016   13730046695.5532        102360278355.374     
  9.136533729084578E+016   14631002222.4840        108035722326.028     
  9.136533741478424E+016   15589489530.9122        115265359796.743     
  9.136533754701005E+016   16608963570.9368        119691847838.229     
  9.136533768806509E+016   17692706381.1758        131823864042.701     
  9.136533783852554E+016   18845638784.8728        134445481251.699     
  9.136533799900418E+016   20070997715.4156        148385179985.625     
  9.136533817015245E+016   21374044891.3061        149431036138.052     
  9.136533835266290E+016   22758144412.3360        169302324075.937     
  9.136533854727144E+016   24230238309.9918        167175173292.511     
  9.136533875476038E+016   25793166950.3758        187891809720.618     
  9.136533897596070E+016   27454467692.0225        192279943064.067     
  9.136533921175538E+016   29218737432.0444        205928495778.262     
  9.136533946308224E+016   31092397467.8171        219468796130.537     
  9.136533973093730E+016   33082390999.5254        230076098504.290     
  9.136534001637829E+016   35195001910.8227        245077271673.184     
  9.136534032052821E+016   37437725922.2956        259122542593.691     
  9.136534064457917E+016   39818026944.6747        272238288657.506     
  9.136534098979640E+016   42343729933.3858        294105703975.501     
  9.136534135752254E+016   45024500169.8941        302680756156.471     
  9.136534174918240E+016   47867521039.8054        327642861904.787     
  9.136534216628728E+016   50883545554.2352        340664751645.616     
  9.136534261044026E+016   54081649613.5578        366119029419.009     
  9.136534308334134E+016   57473325114.5000        381070426507.880     
  9.136534358679325E+016   61068401763.7702        406828051704.536     
  9.136534412270696E+016   64879315684.3169        429300717986.935     
  9.136534469310811E+016   68918232672.1102        451053897371.090     
  9.136534530014347E+016   73197419762.2667        480113386257.130     
  9.136534594608763E+016   77731177823.6132        503637404119.787     
  9.136534663335037E+016   82533160772.5636        534690264440.225     
  9.136534736448411E+016   87618841438.4075        561706172999.490     
  9.136534814219200E+016   93003569341.2687        595948382595.024     
  9.136534896933619E+016   98704440314.7486        625045343461.964     
  9.136534984894677E+016   104738193637.632        663470039683.442     
  9.136535078423086E+016   111123959073.617        696727370416.814     
  9.136535177858258E+016   117880334854.816        735323267649.279     
  9.136535283559304E+016   125027642612.804        777196475322.008     
  9.136535395906120E+016   132587612239.730        816526881931.078     
  9.136535515300523E+016   140582026102.301        863343834192.247     
  9.136535642167430E+016   149034843219.221        907340686133.798     
  9.136535776956112E+016   157970118085.138        956209706616.291     
  9.136535920141485E+016   167413683565.556        1008495215491.78     
  9.136536072225485E+016   177393198830.394        1062869029950.05     
  9.136536233738526E+016   187936997545.952        1113090949583.52     
  9.136536405241005E+016   199073768131.024        1181838745870.77     
  9.136536587324858E+016   210836791593.265        1232503995176.04     
  9.136536780615269E+016   223256706601.914        1307130774995.85     
  9.136536985772370E+016   236369767180.488        1367414238667.32     
  9.136537203493101E+016   250210659506.620        1443402060010.38     
  9.136537434513104E+016   264817978482.201        1515061210258.28     
  9.136537679608742E+016   280230889085.292        1594769172880.95     
  9.136537939599198E+016   296491041118.249        1674674360879.25     
  9.136538215348678E+016   313641682263.554        1763788420500.75     
  9.136538507768722E+016   331728929701.828        1848278109053.25     
  9.136538817820629E+016   350799377636.667        1947443945752.25     
  9.136539146517973E+016   370904058650.701        2042656967655.50     
  9.136539494929277E+016   392094748841.423        2147402416742.31     
  9.136539864180786E+016   414426292773.784        2252626487983.90     
  9.136540255459370E+016   437955516165.967        2368778946045.59     
  9.136540670015560E+016   462743069488.382        2483936291243.55     
  9.136541109166752E+016   488851297103.220        2611276649932.05     
  9.136541574300536E+016   516346399475.412        2734431199311.14     
  9.136542066878194E+016   545296071410.513        2879023174612.47     
  9.136542588438333E+016   575773895607.887        3008549597673.66     
  9.136543140600739E+016   607852804063.196        3169551704280.90     
  9.136543725070331E+016   641614189536.064        3315273171715.61     
  9.136544343641402E+016   677138598678.346        3481085503730.33     
  9.136544998201958E+016   714512705536.044        3651018294609.35     
  9.136545690738309E+016   753826987888.311        3827338050977.71     
  9.136546423339862E+016   795175337810.338        4012550818196.49     
  9.136547198204131E+016   838656413208.820        4209630257539.59     
  9.136548017641974E+016   884374042275.697        4408743611313.36     
  9.136548884083096E+016   932435157664.001        4622916666381.16     
  9.136549800081755E+016   982953137698.729        4847614934913.58     
  9.136550768322779E+016   1036046626853.09        5074628946146.67     
  9.136551791627851E+016   1091837840642.94        5322186413390.68     
  9.136552872962042E+016   1150456911467.17        5574668222256.89     
  9.136554015440693E+016   1212038669015.96        5839960790866.53     
  9.136555222336595E+016   1276724125291.28        6118909501376.35     
  9.136556497087486E+016   1344661368222.55        6410338973029.32     
  9.136557843303914E+016   1416005019815.04        6711985632050.66     
  9.136559264777448E+016   1490916245003.98        7034179153135.33     
  9.136560765489264E+016   1569564703731.65        7359911325540.69     
  9.136562349619134E+016   1652126516353.88        7723906456228.87     
  9.136564021554821E+016   1738788100768.45        8047612362400.53     
  9.136565785901918E+016   1829739544590.04        8535658283669.98     
  9.136567647494110E+016   1925192219574.33        8647018154578.13     
  9.136569611403987E+016   2025332480158.44        9818234621189.29     
  9.136571682954155E+016   2130458173576.98        8385919300004.35     
  9.136573867729477E+016   2240573951787.06        12996503692731.7     
  9.136576171587578E+016   2356550051297.19        5815001957197.14     
  9.136578600678774E+016   2477151558317.23        15983209696547.9     
  9.136581161432237E+016   2604884971569.47        10800476896822.9     
  9.136583860623456E+016   2738579190022.20        8136691927750.26     
  9.136586705350586E+016   2877740030167.59        18393216663533.5     
  9.136589703028794E+016   3024877437445.37        8378426612872.34     
  9.136592861458224E+016   3178121450896.78        17061573912619.6     
  9.136596188795808E+016   3339258303369.14        12517630964989.9     
  9.136599693596302E+016   3507647934049.30        14781357597647.4     
  9.136603384807896E+016   3683568136655.43        13407818417013.8     
  9.136607271774525E+016   3866809277662.13        14270630756398.0     
  9.136611364222894E+016   4056466396960.88        1972228957746.26     
  9.136615672206262E+016   4250019707943.33        21844352946362.8     
  9.136620205969470E+016   4443209923615.85       -93450468124546.6     
  9.136624975634938E+016   4620129845376.52        168199522819791.     
  9.136629990490131E+016   4768193893475.93       -905248161072130.     
  9.136635257442021E+016   4779096433128.09       1.903680108662958E+015
  9.136640777362834E+016   4685932261847.36      -7.884810004485574E+015
  9.136646537548253E+016   3612850738297.14       1.856829520025517E+016
  9.136652491549496E+016   2752378484163.15      -6.398714475561230E+016
  9.136658523738899E+016  -5791731542191.86       1.506006661774190E+017
  9.136664323170707E+016  -5873280703660.18      -4.428386827942577E+017
  9.136669261074334E+016  -68016825311510.0       9.198209399920846E+017
  9.136671473301227E+016  -29899521717913.5      -2.104091063412789E+018
  9.136668432612442E+016  -405653572882381.       2.822247233503261E+018
  9.136649565680475E+016  -134914710450474.      -1.883355357133612E+018
  9.136620164807070E+016  -244399330475940.       4.168998675106875E+017
  9.136579420123190E+016  -168666967561190.       2.307611260463646E+018
  9.136534302962610E+016   425236195792381.      -3.795082573504268E+018
  9.136503555660502E+016   90665458028159.5       2.386460763616204E+018
  9.136481205321194E+016   160461645760233.      -1.183808182711022E+018
  9.136465973402382E+016   71448045713991.0       5.551615615584922E+017
  9.136455202250741E+016   57548772255705.0      -1.884908698910754E+017
  9.136447402881768E+016   33992369391448.0       8.973352849555926E+016
  9.136441528084938E+016   23844462474844.1      -1.900662174860344E+016
  9.136436942024288E+016   16180672526509.1       1.434877360646416E+016
  9.136433245643946E+016   11914050689826.2       -20585155276276.0     
  9.136430195582109E+016   9158852070679.88       2.803701344950569E+015
  9.136427641437846E+016   7459867293906.40        734743127131703.     
  9.136425488695470E+016   6336327856517.20        756451691947834.     
  9.136423675868334E+016   5585119512817.98        444587164568679.     
  9.136422162090662E+016   5098078999745.34        448732191967857.     
  9.136420921296219E+016   4853508008658.30        498954181871334.     
  9.136419940773933E+016   4883233879383.78        653381708576746.     
  9.136419222820627E+016   5268306521473.02        900833752737436.     
  9.136418789084021E+016   6143200659025.85       1.275366305547486E+015
  9.136418687831893E+016   7709952935287.32       1.811602008097197E+015
  9.136419004843040E+016   10255975397938.4       2.538181228039762E+015
  9.136419878776506E+016   14165396168145.8       3.434002274154018E+015
  9.136421521419330E+016   19901087788030.2       4.351858267033708E+015
  9.136424241502283E+016   27917200000257.7       4.913816654137451E+015
  9.136428467020802E+016   38455205239793.5       4.475336046842764E+015
  9.136434755227237E+016   51223597022541.6       2.375002614631110E+015
  9.136443774538957E+016   65103615148216.8      -1.420549954203432E+015
  9.136456245369846E+016   78179269425139.7      -5.777352240577970E+015
  9.136472843326136E+016   88300140539382.5      -8.841597718757995E+015
  9.136494092648357E+016   93949145395890.4      -9.361870957947482E+015
  9.136520290849645E+016   94833625653857.7      -7.521839158818302E+015
  9.136551492639094E+016   91825588508634.2      -4.513174323455202E+015
  9.136587551400739E+016   86414332683924.7      -1.567606931131363E+015
  9.136628192968149E+016   80102817875415.0        616005303909305.     
  9.136673092194248E+016   74037763009093.2       1.887123953742684E+015
  9.136721932979322E+016   68908943410022.4       2.409414639007816E+015
  9.136774445512446E+016   65016615876032.9       2.440257463413124E+015
  9.136830423337744E+016   62397454089534.7       2.208790973795009E+015
  9.136889726348973E+016   60942718131243.7       1.875696789225074E+015
  9.136952275770715E+016   60483865276560.6       1.536005046955504E+015
  9.137018045665197E+016   60844579731686.4       1.236541567114510E+015
  9.137087053799850E+016   61867242702587.5        993928001395447.     
  9.137159353362786E+016   63422984142017.2        808377155216212.     
  9.137235026124472E+016   65412577177630.6        672517897655262.     
  9.137314177135794E+016   67762994286077.6        576727102604473.     
  9.137396930805122E+016   70422513455474.0        511597014158128.     
  9.137483428107325E+016   73355833756272.8        469216650014805.     
  9.137573824671314E+016   76539886613036.1        443329864694876.     
  9.137668289525061E+016   79960508905567.0        429297961334918.     
  9.137767004321109E+016   83609949855737.8        423774453921735.     
  9.137870162908853E+016   87485069019816.0        424431965020895.     
  9.137977971156525E+016   91586073681891.1        429666511070204.     
  9.138090646954518E+016   95915650654893.5        438415895241273.     
  9.138208420352973E+016   100478384249674.        449959384778812.     
  9.138331533801848E+016   105280364694418.        463819565177859.     
  9.138460242472176E+016   110328929132192.        479701632868925.     
  9.138594814644378E+016   115632495571564.        497386841651248.     
  9.138735532154456E+016   121200448296146.        516750786214253.     
  9.138882690891922E+016   127043068186844.        537722887839757.     
  9.139036601345590E+016   133171490342909.        560231235566087.     
  9.139197589194859E+016   139597672578964.        584278254846194.     
  9.139365995944901E+016   146334387989620.        609842178956608.     
  9.139542179605182E+016   153395218790908.        636938094070202.     
  9.139726515411077E+016   160794562368393.        665595730029938.     
  9.139919396588837E+016   168547643782465.        695822317059901.     
  9.140121235164531E+016   176670527282832.        727689250071250.     
  9.140332462817709E+016   185180144303087.        761219891970980.     
  9.140553531781058E+016   194094313086536.        796471051996052.     
  9.140784915787262E+016   203431768078670.        833524091142300.     
  9.141027111064598E+016   213212196389213.        872408561468199.     
  9.141280637383061E+016   223456265844950.        913241724644592.     
  9.141546039152763E+016   234185672020082.        956056146533188.     
  9.141823886576810E+016   245423171073940.       1.000975173700698E+015
  9.142114776860680E+016   257192631768939.       1.048060349025114E+015
  9.142419335480640E+016   269519078087678.       1.097423475255628E+015
  9.142738217513613E+016   282428742141379.       1.149153350773017E+015
  9.143072109031222E+016   295949115853077.       1.203366693236289E+015
  9.143421728560822E+016   310109009177032.       1.260165368416912E+015
  9.143787828616541E+016   324938607793618.       1.319676806180790E+015
  9.144171197303472E+016   340469537750661.       1.382019485778424E+015
  9.144572659998390E+016   356734930310565.       1.447324448870110E+015
  9.144993081110466E+016   373769490954426.       1.515728387621471E+015
  9.145433365925646E+016   391609572695054.       1.587381494744414E+015
  9.145894462538611E+016   410293254018707.       1.662426587456870E+015
  9.146377363876389E+016   429860417314152.       1.741027988184239E+015
  9.146883109817867E+016   450352833553965.       1.823341987392276E+015
  9.147412789413658E+016   471814249669150.       1.909565916698357E+015
  9.147967543211021E+016   494290486004543.       1.999854828270012E+015
  9.148548565688877E+016   517829526175519.       2.094406030642806E+015
  9.149157107807877E+016   542481622540672.       2.193466454349306E+015
  9.149794479681053E+016   568299407345508.       2.297106334452086E+015
  9.150462053370758E+016   595337987973473.       2.405873572900745E+015
  9.151161265817669E+016   623655106240667.       2.519305414010204E+015
  9.151893621908446E+016   653311152098039.       2.638859732256572E+015
  9.152660697687166E+016   684369524893627.       2.763247909969626E+015
  9.153464143721595E+016   716896427450810.       2.893840846716130E+015
  9.154305688623842E+016   750961274281750.       3.031053957047570E+015
  9.155187142739546E+016   786636864439012.       3.173806883200446E+015
  9.156110402013907E+016   823999219575374.       3.324176676204544E+015
  9.157077452035178E+016   863128129147310.       3.481093061388433E+015
  9.158090372272650E+016   904107055691041.       3.645690266493427E+015
  9.159151340513314E+016   947023439071360.       3.817937865783376E+015
  9.160262637508325E+016   991968833003225.       3.998365220156189E+015
  9.161426651838694E+016  1.039039117805771E+015  4.187288172609124E+015
  9.162645885010690E+016  1.088334697026230E+015  4.385134676389508E+015
  9.163922956791706E+016  1.139960713794701E+015  4.592320603632545E+015
  9.165260610797994E+016  1.194027274499239E+015  4.809280716759407E+015
  9.166661720346131E+016  1.250649680190032E+015  5.036473591206768E+015
  9.168129294580594E+016  1.309948673055362E+015  5.274413881995615E+015
  9.169666484890520E+016  1.372050698005469E+015  5.523538742565620E+015
  9.171276591629382E+016  1.437088157963232E+015  5.784468177471740E+015
  9.172963071151570E+016  1.505199713734380E+015  6.057671773119311E+015
  9.174729543181221E+016  1.576530561115322E+015  6.343780857292236E+015
  9.176579798528600E+016  1.651232749592028E+015  6.643399942958033E+015
  9.178517807170616E+016  1.729465505795875E+015  6.957132786637208E+015
  9.180547726712683E+016  1.811395563021192E+015  7.285681446683890E+015
  9.182673911249674E+016  1.897197524443173E+015  7.629736145209617E+015
  9.184900920645005E+016  1.987054231664108E+015  7.989996325982198E+015
  9.187233530247512E+016  2.081157146370926E+015  8.367284462519057E+015
  9.189676741066590E+016  2.179706768909370E+015  8.762338627027105E+015
  9.192235790427464E+016  2.282913050763476E+015  9.176042633415102E+015
  9.194916163128930E+016  2.390995850155357E+015  9.609268734015766E+015
  9.197723603127477E+016  2.504185396541542E+015  1.006289016430625E+016
  9.200664125772507E+016  2.622722769285705E+015  1.053794789806417E+016
  9.203744030618402E+016  2.746860426561818E+015  1.103537827899774E+016
  9.206969914841013E+016  2.876862725704692E+015  1.155627183908726E+016
  9.210348687286717E+016  3.013006490245245E+015  1.210173424814700E+016
  9.213887583183914E+016  3.155581597355720E+015  1.267288694813285E+016
  9.217594179548184E+016  3.304891585507942E+015  1.327100144218384E+016
  9.221476411313632E+016  3.461254310315494E+015  1.389727740962295E+016
  9.225542588224853E+016  3.625002603186631E+015  1.455308350854628E+016
  9.229801412524974E+016  3.796484984396214E+015  1.523979891853056E+016
  9.234261997477390E+016  3.976066400707318E+015  1.595886902039915E+016
  9.238933886760434E+016  4.164128994692992E+015  1.671182189263036E+016
  9.243827074775939E+016  4.361072914618928E+015  1.750024671990432E+016
  9.248952027914678E+016  4.567317159875401E+015  1.832580706070458E+016
  9.254319706823616E+016  4.783300466463733E+015  1.919026025125369E+016
  9.259941589722054E+016  5.009482234882534E+015  2.009539300927942E+016
  9.265829696815909E+016  5.246343494843536E+015  2.104319670523554E+016
  9.271996615861608E+016  5.494387934340630E+015  2.203554152732680E+016
  9.278455528933800E+016  5.754142937699751E+015  2.307467917044937E+016
  9.285220240452851E+016  6.026160727730506E+015  2.416263221836888E+016
  9.292305206531795E+016  6.311019496665266E+015  2.530183155740599E+016
  9.299725565703928E+016  6.609324651867062E+015  2.649460018281321E+016
  9.307497171096315E+016  6.921710073207943E+015  2.774341615869292E+016
  9.315636624116509E+016  7.248839438473348E+015  2.905101345596592E+016
  9.324161309723122E+016  7.591407643497655E+015  3.042001725118061E+016
  9.333089433354954E+016  7.950142232087408E+015  3.185334253395889E+016
  9.342440059595477E+016  8.325804930940491E+015  3.335403966886421E+016
  9.352233152653934E+016  8.719193257079420E+015  3.492514668778894E+016
  9.362489618748118E+016  9.131142160412026E+015  3.657001230992097E+016
  9.373231350476832E+016  9.562525785567630E+015  3.829210194485542E+016
  9.384481273275171E+016  1.001425930066546E+016  4.009485949136049E+016
  9.396263394049600E+016  1.048730077277141E+016  4.198222550287837E+016
  9.408602852093446E+016  1.098265320221693E+016  4.395796962659170E+016
  9.421525972389642E+016  1.150136657447690E+016  4.602624679302740E+016
  9.435060321410731E+016  1.204454004507561E+016  4.819134413449909E+016
  9.449234765531898E+016  1.261332421976628E+016  5.045771072114000E+016
  9.464079532178069E+016  1.320892352323512E+016  5.283001547273670E+016
  9.479626273831176E+016  1.383259868169190E+016  5.531317221492907E+016
  9.495908135029474E+016  1.448566932223319E+016  5.791221414232050E+016
  9.512959822496787E+016  1.516951666344980E+016  6.063248258491802E+016
  9.530817678545093E+016  1.588558634970145E+016  6.347958955219872E+016
  9.549519757900845E+016  1.663539141170220E+016  6.645918276498963E+016
  9.569105908111930E+016  1.742051530768395E+016  6.957740647260821E+016
  9.589617853697842E+016  1.824261516198126E+016  7.284061279252170E+016
  9.611099284214387E+016  1.910342511690902E+016  7.625510537943578E+016
  9.633595946410685E+016  2.000475976393468E+016  7.982806942923555E+016
  9.657155740662547E+016  2.094851785797132E+016  8.356641002658350E+016
  9.681828821877208E+016  2.193668604815362E+016  8.747745731733200E+016
  9.707667705069219E+016  2.297134280908476E+016  9.156938544980405E+016
  9.734727375816899E+016  2.405466263252544E+016  9.584950895499960E+016
  9.763065405819018E+016  2.518892014094870E+016  1.003268543765029E+017
  9.792742073775190E+016  2.637649468091809E+016  1.050098789882879E+017
  9.823820491829379E+016  2.761987487332426E+016  1.099071178855365E+017
  9.856366737819864E+016  2.892166330541554E+016  1.150289655816596E+017
  9.890449993588157E+016  3.028458172629147E+016  1.203839872453581E+017
  9.926142689615856E+016  3.171147595396364E+016  1.259829484251266E+017
  9.963520656257829E+016  3.320532136349189E+016  1.318362052058379E+017
  1.000266328185852E+017  3.476922841806983E+016  1.379540362210177E+017
  1.004365367804552E+017  3.640644827957834E+016  1.443483368894658E+017
  1.008657885250182E+017  3.812037887021490E+016  1.510297074278412E+017
  1.013152988953356E+017  3.991457080483562E+016  1.580108518948659E+017
  1.017860213875421E+017  4.179273384924089E+016  1.653032942314922E+017
  1.022789541222270E+017  4.375874325424413E+016  1.729197720929937E+017
  1.027951419037604E+017  4.581664645439795E+016  1.808734668647654E+017
  1.033356783711111E+017  4.797066996018251E+016  1.891767562745751E+017
  1.039017082437913E+017  5.022522618073510E+016  1.978440044780559E+017
  1.044944296666070E+017  5.258492076573624E+016  2.068882969720449E+017
  1.051150966570497E+017  5.505455973976391E+016  2.163235035785778E+017
  1.057650216591589E+017  5.763915688889314E+016  2.261644843577761E+017
  1.064455782077843E+017  6.034394142573986E+016  2.364244988637818E+017
  1.071582037072646E+017  6.317436534200347E+016  2.471186890210959E+017
  1.079044023284970E+017  6.613611118573126E+016  2.582610646229910E+017
  1.086857480284694E+017  6.923509961308902E+016  2.698657348706226E+017
  1.095038876962889E+017  7.247749694803776E+016  2.819476327580001E+017
  1.103605444297300E+017  7.586972283546378E+016  2.945193521691805E+017
  1.112575209463100E+017  7.941845732967629E+016  3.075956426311918E+017
  1.121967031327405E+017  8.313064835359653E+016  3.211891568283726E+017
  1.131800637366232E+017  8.701351847201882E+016  3.353110322468988E+017
  1.142096662040045E+017  9.107457114893792E+016  3.499747370119012E+017
  1.152876686661806E+017  9.532159725722410E+016  3.651887819256050E+017
  1.164163280790619E+017  9.976268015731994E+016  3.809630148611176E+017
  1.175980045179039E+017  1.044062005594541E+017  3.973044477538609E+017
  1.188351656299147E+017  1.092608403749224E+017  4.142186816616449E+017
  1.201303912467943E+017  1.143355856298456E+017  4.317092086384248E+017
  1.214863781587202E+017  1.196397280851709E+017  4.497747558258571E+017
  1.229059450505994E+017  1.251828650932146E+017  4.684153023937219E+017
  1.243920376005970E+017  1.309748986720224E+017  4.876217502682058E+017
  1.259477337402423E+017  1.370260314545788E+017  5.073847626222955E+017
  1.275762490741080E+017  1.433467611829854E+017  5.276886016517027E+017
  1.292809424560158E+017  1.499478723632469E+017  5.485113038873839E+017
  1.310653217172943E+017  1.568404246307642E+017  5.698250599583483E+017
  1.329330495409143E+017  1.640357378937488E+017  5.915952793596065E+017
  1.348879494735548E+017  1.715453736311234E+017  6.137769104744237E+017
  1.369340120655549E+017  1.793811111298719E+017  6.363163730183677E+017
  1.390754011261544E+017  1.875549189478711E+017  6.591507386868178E+017
  1.413164600787889E+017  1.960789207780648E+017  6.821997682432814E+017
  1.436617183981204E+017  2.049653536223273E+017  7.053749592191628E+017
  1.461158981067115E+017  2.142265197428605E+017  7.285678959735867E+017
  1.486839203055326E+017  2.238747291522235E+017  7.516512213446287E+017
  1.513709117077340E+017  2.339222324878673E+017  7.744846592692686E+017
  1.541822111400499E+017  2.443811445553395E+017  7.968931620119252E+017
  1.571233759707371E+017  2.552633531515863E+017  8.186874396869569E+017
  1.602001884159305E+017  2.665804167664548E+017  8.396443321769912E+017
  1.634186616696154E+017  2.783434460335916E+017  8.595068668401300E+017
  1.667850457941209E+017  2.905629676365612E+017  8.779890392071258E+017
  1.703058332988192E+017  3.032487704788982E+017  8.947544721024739E+017
  1.739877643248668E+017  3.164097291453531E+017  9.094408359294629E+017
  1.778378313424081E+017  3.300536069845152E+017  9.216098256947809E+017
  1.818632832546301E+017  3.441868275366796E+017  9.307954790717217E+017
  1.860716287880197E+017  3.588142231313856E+017  9.364605909170376E+017
  1.904706390342383E+017  3.739387490424346E+017  9.379915881064998E+017
  1.950683489914603E+017  3.895611598453452E+017  9.347247235753784E+017
  1.998730579336192E+017  4.056796522614057E+017  9.258948109584762E+017
  2.048933284166437E+017  4.222894611763252E+017  9.106637452148061E+017
  2.101379837072928E+017  4.393824113886905E+017  8.880865442049213E+017
  2.156161033957343E+017  4.569464169300835E+017  8.571265230157659E+017
  2.213370169258131E+017  4.749649272080131E+017  8.166200975472005E+017
  2.273102947479395E+017  4.934163105772078E+017  7.652962941420288E+017
  2.335457367671310E+017  5.122731754727171E+017  7.017354146462200E+017
  2.400533577246588E+017  5.315016189517299E+017  6.244001967187881E+017
  2.468433691142996E+017  5.510604050535859E+017  5.315797203289468E+017
  2.539261571953393E+017  5.709000576799603E+017  4.214098444188201E+017
  2.613122566207678E+017  5.909618719060932E+017  2.918917234469352E+017
  2.690123191553160E+017  6.111768425523754E+017  1.407840826972916E+017
  2.770370769119653E+017  6.314644854641362E+017 -3.426169348878472E+016
  2.853972994831980E+017  6.517315793656457E+017 -2.358194689697274E+017
  2.941037442962252E+017  6.718708015001550E+017 -4.666543628289431E+017
  3.031670994678927E+017  6.917592629221281E+017 -7.296745611920328E+017
  3.125979183822388E+017  7.112569558889489E+017 -1.028017482331086E+018
  3.224065451643457E+017  7.302050960515860E+017 -1.364948697842544E+018
  3.326030301720111E+017  7.484243847570505E+017 -1.743894197672813E+018
  3.431970345819878E+017  7.657131903395105E+017 -2.168425093593576E+018
  3.541977231055584E+017  7.818456592670474E+017 -2.642163807720980E+018
  3.656136438327430E+017  7.965697882320323E+017 -3.168823504822241E+018
  3.774525941814935E+017  8.096054635118431E+017 -3.752072720101704E+018
  3.897214719143116E+017  8.206425131055703E+017 -4.395523471334274E+018
  4.024261101897648E+017  8.293387974117079E+017 -5.102623190609799E+018
  4.155710956391766E+017  8.353183904713475E+017 -5.876511316175951E+018
  4.291595685077274E+017  8.381699133756810E+017 -6.720005291498700E+018
  4.431930039784402E+017  8.374450633849280E+017 -7.635308152585582E+018
  4.576709739074122E+017  8.326574490658793E+017 -8.623946361395229E+018
  4.725908883571894E+017  8.232817962238858E+017 -9.686579301521691E+018
  4.879477165156264E+017  8.087536284129699E+017 -1.082265132090660E+019
  5.037336868432580E+017  7.884695661251476E+017 -1.203034657612413E+019
  5.199379666157528E+017  7.617883307562678E+017 -1.330614522270784E+019
  5.365463214105754E+017  7.280326314383475E+017 -1.464463244709798E+019
  5.535407555523401E+017  6.864920714125571E+017 -1.603816253978059E+019
  5.708991350753187E+017  6.364272370737994E+017 -1.747655115684994E+019
  5.885947953900919E+017  5.770751354847997E+017 -1.894676966576606E+019
  6.065961365579764E+017  5.076561491096518E+017 -2.043256962539193E+019
  6.248662098830413E+017  4.273826782953372E+017 -2.191436455744275E+019
  6.433623004235046E+017  3.354695896217740E+017 -2.336874431765654E+019
  6.620355109886884E+017  2.311466448546385E+017 -2.476856237718878E+019
  6.808303542278674E+017  1.136729492922893E+017 -2.608263421350523E+019
  6.996843604944343E+017 -1.764649341433311E+016 -2.727587298965308E+019
  7.185277102771187E+017 -1.634421542853527E+017 -2.830943601984979E+019
  7.372829010860307E+017 -3.242593684761199E+017 -2.914100384906475E+019
  7.558644597283782E+017 -5.005359053344725E+017 -2.972537142148111E+019
  7.741787118632539E+017 -6.925780189254790E+017 -3.001519113227298E+019
  7.921236215236225E+017 -9.005353751089960E+017 -2.996188287132947E+019
  8.095887138806560E+017 -1.124375362142317E+018 -2.951697658193325E+019
  8.264550948368719E+017 -1.363857474664515E+018 -2.863362327774818E+019
  8.425955809868869E+017 -1.618508558753542E+018 -2.726810466193499E+019
  8.578749530197844E+017 -1.887599788909688E+018 -2.538211912365399E+019
  8.721503446967853E+017 -2.170126476231108E+018 -2.294454332754108E+019
  8.852717780390035E+017 -2.464791748634245E+018 -1.993385533408189E+019
  8.970828532901174E+017 -2.769995289938797E+018 -1.634008456449749E+019
  9.074215995386712E+017 -3.083828240846541E+018 -1.216704652162727E+019
  9.161214886095660E+017 -3.404075383397732E+018 -7.434121197680854E+018
  9.230126109819828E+017 -3.728225537936005E+018 -2.177397271560737E+018
  9.279230081488842E+017 -4.053490866613301E+018  3.548844640775979E+018
  9.306801511102161E+017 -4.376835680361322E+018  9.672467449546387E+018
  9.311125496963616E+017 -4.695014745899280E+018  1.610365773001378E+019
  9.290514723863048E+017 -5.004620921952992E+018  2.273579901416209E+019
  9.243327513741558E+017 -5.302141441635481E+018  2.944951290472864E+019
  9.167986430920919E+017 -5.584021619328984E+018  3.610941885375002E+019
  9.062997104685946E+017 -5.846734589782620E+018  4.258877852078360E+019
  8.926966900963104E+017 -6.086854556917957E+018  4.870264796503462E+019
  8.758623054244381E+017 -6.301133230910293E+018  5.445425479951599E+019
  8.556829862327021E+017 -6.486569690979820E+018  5.922659657920009E+019
  8.320604552250643E+017 -6.640496794179406E+018  6.450854773220158E+019
  8.049131441525120E+017 -6.760590229405753E+018  6.485935626722232E+019
  7.741774063706195E+017 -6.845119662229612E+018  7.771670598415920E+019
  7.398084927677266E+017 -6.892308530813915E+018  4.600112962115598E+019
  7.017812809585970E+017 -6.902757845612924E+018  1.532182253650010E+020
  6.600906889346984E+017 -6.871168327404607E+018 -1.840840991823221E+020
  6.147519594854871E+017 -6.814923805952994E+018  8.615737438301239E+020
  5.658000698581797E+017 -6.676455591037646E+018 -2.333569926154732E+021
  5.132910877228568E+017 -6.653340235774659E+018  7.169901566358123E+021
  4.572948272980976E+017 -6.095782520556973E+018 -2.031000171285200E+022
  3.979191518439926E+017 -7.130912476886520E+018  5.608216373162323E+022
  3.352134613540428E+017 -2.990022901340455E+018 -1.455602759171528E+023
  2.695276655848817E+017 -1.456654255615354E+019  3.486452668812193E+023
  2.001500487970087E+017  1.956047217786135E+019 -7.328414301057841E+023
  1.304409895040844E+017 -6.741868423449787E+019  1.214937700364715E+024
  4.845927670918718E+016  1.115059375640723E+020 -1.123770898731530E+024
  0.000000000000000E+000  0.000000000000000E+000  0.000000000000000E+000
