   -4.862266E-02   -4.211509E+00   -4.066623E+01   -3.019909E+03   -1.036341E+04   -4.862266E+04
   -5.651423E-02   -4.895046E+00   -4.726645E+01   -3.510048E+03   -1.204541E+04   -5.651423E+04
   -6.612567E-02   -5.727552E+00   -5.530511E+01   -4.107005E+03   -1.409399E+04   -6.612567E+04
   -7.737238E-02   -6.701699E+00   -6.471144E+01   -4.805528E+03   -1.649110E+04   -7.737238E+04
   -9.053187E-02   -7.841523E+00   -7.571756E+01   -5.622852E+03   -1.929591E+04   -9.053187E+04
   -1.059295E-01   -9.175207E+00   -8.859558E+01   -6.579185E+03   -2.257775E+04   -1.059295E+05
   -1.239460E-01   -1.073572E+01   -1.036639E+02   -7.698171E+03   -2.641777E+04   -1.239460E+05
   -1.450267E-01   -1.256165E+01   -1.212950E+02   -9.007475E+03   -3.091090E+04   -1.450267E+05
   -1.696928E-01   -1.469814E+01   -1.419249E+02   -1.053946E+04   -3.616821E+04   -1.696928E+05
   -1.985541E-01   -1.719799E+01   -1.660634E+02   -1.233201E+04   -4.231970E+04   -1.985541E+05
   -2.323241E-01   -2.012302E+01   -1.943074E+02   -1.442944E+04   -4.951742E+04   -2.323241E+05
   -2.718377E-01   -2.354554E+01   -2.273552E+02   -1.688359E+04   -5.793933E+04   -2.718377E+05
   -3.180719E-01   -2.755016E+01   -2.660237E+02   -1.975515E+04   -6.779364E+04   -3.180719E+05
   -3.721694E-01   -3.223588E+01   -3.112689E+02   -2.311510E+04   -7.932396E+04   -3.721694E+05
   -4.354679E-01   -3.771856E+01   -3.642096E+02   -2.704652E+04   -9.281537E+04   -4.354679E+05
   -5.095321E-01   -4.413372E+01   -4.261542E+02   -3.164658E+04   -1.086014E+05   -5.095321E+05
   -5.961933E-01   -5.163998E+01   -4.986344E+02   -3.702902E+04   -1.270723E+05   -5.961933E+05
   -6.975938E-01   -6.042289E+01   -5.834420E+02   -4.332691E+04   -1.486847E+05   -6.975938E+05
   -8.162402E-01   -7.069959E+01   -6.826736E+02   -5.069594E+04   -1.739729E+05   -8.162402E+05
   -9.550663E-01   -8.272418E+01   -7.987827E+02   -5.931830E+04   -2.035623E+05   -9.550663E+05
   -1.117504E+00   -9.679387E+01   -9.346393E+02   -6.940713E+04   -2.381840E+05   -1.117504E+06
   -1.307568E+00   -1.132566E+02   -1.093603E+03   -8.121189E+04   -2.786943E+05   -1.307568E+06
   -1.529959E+00   -1.325192E+02   -1.279602E+03   -9.502439E+04   -3.260946E+05   -1.529959E+06
   -1.790174E+00   -1.550580E+02   -1.497237E+03   -1.111861E+05   -3.815567E+05   -1.790174E+06
   -2.094647E+00   -1.814303E+02   -1.751887E+03   -1.300966E+05   -4.464518E+05   -2.094647E+06
   -2.450904E+00   -2.122879E+02   -2.049847E+03   -1.522234E+05   -5.223841E+05   -2.450904E+06
   -2.867753E+00   -2.483938E+02   -2.398484E+03   -1.781135E+05   -6.112312E+05   -2.867753E+06
   -3.355500E+00   -2.906405E+02   -2.806418E+03   -2.084070E+05   -7.151892E+05   -3.355500E+06
   -3.926202E+00   -3.400725E+02   -3.283733E+03   -2.438528E+05   -8.368283E+05   -3.926202E+06
   -4.593970E+00   -3.979120E+02   -3.842229E+03   -2.853273E+05   -9.791560E+05   -4.593970E+06
   -5.375310E+00   -4.655887E+02   -4.495714E+03   -3.338556E+05   -1.145690E+06   -5.375310E+06
   -6.289542E+00   -5.447760E+02   -5.260345E+03   -3.906378E+05   -1.340549E+06   -6.289542E+06
   -7.359265E+00   -6.374313E+02   -6.155022E+03   -4.570773E+05   -1.568549E+06   -7.359265E+06
   -8.610927E+00   -7.458455E+02   -7.201866E+03   -5.348169E+05   -1.835328E+06   -8.610927E+06
   -1.007547E+01   -8.726988E+02   -8.426759E+03   -6.257784E+05   -2.147480E+06   -1.007547E+07
   -1.178910E+01   -1.021127E+03   -9.859978E+03   -7.322105E+05   -2.512722E+06   -1.178910E+07
   -1.379419E+01   -1.194800E+03   -1.153696E+04   -8.567448E+05   -2.940086E+06   -1.379419E+07
   -1.614030E+01   -1.398011E+03   -1.349916E+04   -1.002460E+06   -3.440135E+06   -1.614030E+07
   -1.888544E+01   -1.635785E+03   -1.579510E+04   -1.172958E+06   -4.025232E+06   -1.888544E+07
   -2.209747E+01   -1.913998E+03   -1.848152E+04   -1.372454E+06   -4.709842E+06   -2.209747E+07
   -2.585580E+01   -2.239530E+03   -2.162485E+04   -1.605880E+06   -5.510890E+06   -2.585580E+07
   -3.025335E+01   -2.620429E+03   -2.530280E+04   -1.879008E+06   -6.448181E+06   -3.025335E+07
   -3.539883E+01   -3.066111E+03   -2.960629E+04   -2.198589E+06   -7.544885E+06   -3.539883E+07
   -4.141945E+01   -3.587594E+03   -3.464172E+04   -2.572525E+06   -8.828117E+06   -4.141945E+07
   -4.846406E+01   -4.197771E+03   -4.053358E+04   -3.010059E+06   -1.032960E+07   -4.846406E+07
   -5.670680E+01   -4.911726E+03   -4.742751E+04   -3.522008E+06   -1.208645E+07   -5.670680E+07
   -6.635149E+01   -5.747111E+03   -5.549397E+04   -4.121030E+06   -1.414212E+07   -6.635149E+07
   -7.763651E+01   -6.724576E+03   -6.493235E+04   -4.821933E+06   -1.654740E+07   -7.763651E+07
   -9.084090E+01   -7.868290E+03   -7.597603E+04   -5.642046E+06   -1.936178E+07   -9.084090E+07
   -1.062911E+02   -9.206526E+03   -8.889800E+04   -6.601643E+06   -2.265482E+07   -1.062911E+08
   -1.243690E+02   -1.077237E+04   -1.040177E+05   -7.724447E+06   -2.650794E+07   -1.243690E+08
   -1.455217E+02   -1.260453E+04   -1.217090E+05   -9.038219E+06   -3.101640E+07   -1.455217E+08
   -1.702719E+02   -1.474830E+04   -1.424092E+05   -1.057543E+07   -3.629165E+07   -1.702719E+08
   -1.992317E+02   -1.725668E+04   -1.666301E+05   -1.237410E+07   -4.246412E+07   -1.992317E+08
   -2.331169E+02   -2.019169E+04   -1.949705E+05   -1.447868E+07   -4.968640E+07   -2.331169E+08
   -2.727653E+02   -2.362588E+04   -2.281310E+05   -1.694120E+07   -5.813703E+07   -2.727653E+08
   -3.191571E+02   -2.764416E+04   -2.669314E+05   -1.982256E+07   -6.802495E+07   -3.191571E+08
   -3.734391E+02   -3.234586E+04   -3.123309E+05   -2.319396E+07   -7.959458E+07   -3.734391E+08
   -4.369535E+02   -3.784723E+04   -3.654520E+05   -2.713878E+07   -9.313199E+07   -4.369535E+08
   -5.112702E+02   -4.428426E+04   -4.276078E+05   -3.175453E+07   -1.089718E+08   -5.112702E+08
   -5.982267E+02   -5.181610E+04   -5.003350E+05   -3.715531E+07   -1.275057E+08   -5.982267E+08
   -6.999727E+02   -6.062895E+04   -5.854317E+05   -4.347467E+07   -1.491918E+08   -6.999727E+08
   -8.190234E+02   -7.094066E+04   -6.850014E+05   -5.086880E+07   -1.745662E+08   -8.190234E+08
   -9.583224E+02   -8.300621E+04   -8.015060E+05   -5.952053E+07   -2.042563E+08   -9.583224E+08
   -1.121313E+03   -9.712382E+04   -9.378254E+05   -6.964373E+07   -2.389960E+08   -1.121313E+09
   -1.312025E+03   -1.136426E+05   -1.097330E+06   -8.148867E+07   -2.796442E+08   -1.312025E+09
   -1.535173E+03   -1.329708E+05   -1.283963E+06   -9.534820E+07   -3.272058E+08   -1.535173E+09
   -1.796273E+03   -1.555863E+05   -1.502338E+06   -1.115649E+08   -3.828566E+08   -1.796273E+09
   -2.101782E+03   -1.820483E+05   -1.757854E+06   -1.305398E+08   -4.479726E+08   -2.101782E+09
   -2.459250E+03   -2.130108E+05   -2.056828E+06   -1.527418E+08   -5.241631E+08   -2.459250E+09
   -2.877517E+03   -2.492395E+05   -2.406651E+06   -1.787200E+08   -6.133122E+08   -2.877517E+09
   -3.366922E+03   -2.916298E+05   -2.815971E+06   -2.091164E+08   -7.176236E+08   -3.366922E+09
   -3.939562E+03   -3.412298E+05   -3.294907E+06   -2.446826E+08   -8.396760E+08   -3.939562E+09
   -4.609598E+03   -3.992657E+05   -3.855300E+06   -2.862980E+08   -9.824870E+08   -4.609598E+09
   -5.393591E+03   -4.671721E+05   -4.511003E+06   -3.349910E+08   -1.149587E+09   -5.393591E+09
   -6.310924E+03   -5.466280E+05   -5.278228E+06   -3.919658E+08   -1.345107E+09   -6.310924E+09
   -7.384275E+03   -6.395976E+05   -6.175939E+06   -4.586306E+08   -1.573880E+09   -7.384275E+09
   -8.640177E+03   -7.483790E+05   -7.226330E+06   -5.366336E+08   -1.841562E+09   -8.640177E+09
   -1.010968E+04   -8.756619E+05   -8.455371E+06   -6.279032E+08   -2.154772E+09   -1.010968E+10
   -1.182911E+04   -1.024592E+06   -9.893440E+06   -7.346955E+08   -2.521250E+09   -1.182911E+10
   -1.384098E+04   -1.198853E+06   -1.157609E+07   -8.596508E+08   -2.950059E+09   -1.384098E+10
   -1.619502E+04   -1.402751E+06   -1.354493E+07   -1.005858E+09   -3.451797E+09   -1.619502E+10
   -1.894943E+04   -1.641326E+06   -1.584861E+07   -1.176932E+09   -4.038869E+09   -1.894942E+10
   -2.217229E+04   -1.920479E+06   -1.854410E+07   -1.377101E+09   -4.725789E+09   -2.217229E+10
   -2.594328E+04   -2.247107E+06   -2.169802E+07   -1.611313E+09   -5.529535E+09   -2.594328E+10
   -3.035563E+04   -2.629288E+06   -2.538834E+07   -1.885361E+09   -6.469980E+09   -3.035563E+10
   -3.551840E+04   -3.076468E+06   -2.970630E+07   -2.206016E+09   -7.570370E+09   -3.551840E+10
   -4.155923E+04   -3.599701E+06   -3.475863E+07   -2.581206E+09   -8.857909E+09   -4.155923E+10
   -4.862745E+04   -4.211923E+06   -4.067023E+07   -3.020207E+09   -1.036443E+10   -4.862745E+10
   -5.689778E+04   -4.928267E+06   -4.758723E+07   -3.533869E+09   -1.212716E+10   -5.689778E+10
   -6.657468E+04   -5.766444E+06   -5.568065E+07   -4.134893E+09   -1.418969E+10   -6.657468E+10
   -7.789734E+04   -6.747169E+06   -6.515051E+07   -4.838133E+09   -1.660299E+10   -7.789734E+10
   -9.114568E+04   -7.894689E+06   -7.623094E+07   -5.660976E+09   -1.942674E+10   -9.114568E+10
   -1.066472E+05   -9.237370E+06   -8.919583E+07   -6.623760E+09   -2.273072E+10   -1.066472E+11
   -1.247850E+05   -1.080840E+07   -1.043656E+08   -7.750284E+09   -2.659660E+10   -1.247850E+11
   -1.460076E+05   -1.264662E+07   -1.221154E+08   -9.068398E+09   -3.111997E+10   -1.460076E+11
   -1.708394E+05   -1.479745E+07   -1.428839E+08   -1.061068E+10   -3.641260E+10   -1.708394E+11
   -1.998943E+05   -1.731408E+07   -1.671844E+08   -1.241526E+10   -4.260536E+10   -1.998943E+11
   -2.338906E+05   -2.025870E+07   -1.956176E+08   -1.452673E+10   -4.985130E+10   -2.338906E+11
   -2.736684E+05   -2.370410E+07   -2.288863E+08   -1.699729E+10   -5.832951E+10   -2.736684E+11
   -3.202111E+05   -2.773545E+07   -2.678129E+08   -1.988802E+10   -6.824959E+10   -3.202110E+11
   -3.746689E+05   -3.245238E+07   -3.133594E+08   -2.327034E+10   -7.985669E+10   -3.746688E+11
   -4.383880E+05   -3.797149E+07   -3.666518E+08   -2.722788E+10   -9.343775E+10   -4.383879E+11
   -5.129432E+05   -4.442917E+07   -4.290071E+08   -3.185844E+10   -1.093284E+11   -5.129432E+11
   -6.001772E+05   -5.198505E+07   -5.019664E+08   -3.727646E+10   -1.279214E+11   -6.001771E+11
   -7.022461E+05   -6.082587E+07   -5.873332E+08   -4.361587E+10   -1.496763E+11   -7.022460E+11
   -8.216722E+05   -7.117011E+07   -6.872169E+08   -5.103332E+10   -1.751307E+11   -8.216721E+11
   -9.614074E+05   -8.327345E+07   -8.040864E+08   -5.971216E+10   -2.049138E+11   -9.614073E+11
   -1.124905E+06   -9.743497E+07   -9.408298E+08   -6.986684E+10   -2.397616E+11   -1.124905E+12
   -1.316205E+06   -1.140047E+08   -1.100826E+09   -8.174831E+10   -2.805351E+11   -1.316204E+12
   -1.540035E+06   -1.333920E+08   -1.288030E+09   -9.565022E+10   -3.282422E+11   -1.540035E+12
   -1.801925E+06   -1.560760E+08   -1.507066E+09   -1.119160E+11   -3.840614E+11   -1.801925E+12
   -2.108348E+06   -1.826173E+08   -1.763348E+09   -1.309478E+11   -4.493724E+11   -2.108348E+12
   -2.466874E+06   -2.136716E+08   -2.063208E+09   -1.532156E+11   -5.257887E+11   -2.466875E+12
   -2.886361E+06   -2.500063E+08   -2.414054E+09   -1.792698E+11   -6.151984E+11   -2.886363E+12
   -3.377174E+06   -2.925191E+08   -2.824556E+09   -2.097540E+11   -7.198106E+11   -3.377177E+12
   -3.951436E+06   -3.422602E+08   -3.304854E+09   -2.454214E+11   -8.422096E+11   -3.951442E+12
   -4.623335E+06   -4.004586E+08   -3.866815E+09   -2.871532E+11   -9.854194E+11   -4.623345E+12
   -5.409464E+06   -4.685520E+08   -4.524320E+09   -3.359802E+11   -1.152977E+12   -5.409481E+12
   -6.329239E+06   -5.482224E+08   -5.293612E+09   -3.931087E+11   -1.349022E+12   -6.329270E+12
   -7.405374E+06   -6.414378E+08   -6.193692E+09   -4.599497E+11   -1.578396E+12   -7.405426E+12
   -8.664435E+06   -7.505006E+08   -7.246789E+09   -5.381540E+11   -1.846763E+12   -8.664523E+12
   -1.013751E+07   -8.781048E+08   -8.478916E+09   -6.296536E+11   -2.160751E+12   -1.013766E+13
   -1.186094E+07   -1.027402E+09   -9.920497E+09   -7.367077E+11   -2.528112E+12   -1.186119E+13
   -1.387725E+07   -1.202079E+09   -1.160714E+10   -8.619608E+11   -2.957917E+12   -1.387767E+13
   -1.623618E+07   -1.406450E+09   -1.358048E+10   -1.008506E+12   -3.460774E+12   -1.623687E+13
   -1.899586E+07   -1.645564E+09   -1.588925E+10   -1.179962E+12   -4.049093E+12   -1.899699E+13
   -2.222427E+07   -1.925327E+09   -1.859047E+10   -1.380564E+12   -4.737395E+12   -2.222614E+13
   -2.600087E+07   -2.252651E+09   -2.175082E+10   -1.615267E+12   -5.542657E+12   -2.600394E+13
   -3.041852E+07   -2.635624E+09   -2.544837E+10   -1.889870E+12   -6.484743E+12   -3.042353E+13
   -3.558563E+07   -3.083714E+09   -2.977442E+10   -2.211158E+12   -7.586881E+12   -3.559382E+13
   -4.162877E+07   -3.608005E+09   -3.483585E+10   -2.587075E+12   -8.876232E+12   -4.164214E+13
   -4.869559E+07   -4.221478E+09   -4.075775E+10   -3.026922E+12   -1.038457E+13   -4.871734E+13
   -5.695802E+07   -4.939337E+09   -4.768652E+10   -3.541589E+12   -1.214901E+13   -5.699338E+13
   -6.661614E+07   -5.779409E+09   -5.579366E+10   -4.143841E+12   -1.421298E+13   -6.667356E+13
   -7.790211E+07   -6.762598E+09   -6.527999E+10   -4.848640E+12   -1.662720E+13   -7.799524E+13
   -9.108466E+07   -7.913459E+09   -7.638093E+10   -5.673545E+12   -1.945092E+13   -9.123556E+13
   -1.064735E+08   -9.260864E+09   -8.937263E+10   -6.639185E+12   -2.275334E+13   -1.067178E+14
   -1.244236E+08   -1.083882E+10   -1.045792E+11   -7.769828E+12   -2.661520E+13   -1.248188E+14
   -1.453383E+08   -1.268753E+10   -1.223821E+11   -9.094105E+12   -3.113065E+13   -1.459772E+14
   -1.696706E+08   -1.485462E+10   -1.432301E+11   -1.064586E+13   -3.640932E+13   -1.707027E+14
   -1.979202E+08   -1.739683E+10   -1.676538E+11   -1.246530E+13   -4.257871E+13   -1.995867E+14
   -2.306235E+08   -2.038217E+10   -1.962818E+11   -1.460042E+13   -4.978673E+13   -2.333130E+14
   -2.683304E+08   -2.389282E+10   -2.298628E+11   -1.710886E+13   -5.820450E+13   -2.726693E+14
   -3.115609E+08   -2.802914E+10   -2.692940E+11   -2.006061E+13   -6.802921E+13   -3.185584E+14
   -3.607254E+08   -3.291526E+10   -3.156589E+11   -2.354145E+13   -7.948664E+13   -3.720071E+14
   -4.159873E+08   -3.870726E+10   -3.702803E+11   -2.765818E+13   -9.283340E+13   -4.341721E+14
   -4.770311E+08   -4.560515E+10   -4.347941E+11   -3.254596E+13   -1.083575E+14   -5.063376E+14
   -5.426762E+08   -5.387074E+10   -5.112556E+11   -3.837937E+13   -1.263766E+14   -5.899001E+14
   -6.102434E+08   -6.385515E+10   -6.022975E+11   -4.538905E+13   -1.472319E+14   -6.863326E+14
   -6.745178E+08   -7.604075E+10   -7.113642E+11   -5.388706E+13   -1.712734E+14   -7.971121E+14
   -7.260710E+08   -9.110683E+10   -8.430720E+11   -6.430628E+13   -1.988333E+14   -9.235958E+14
   -7.485419E+08   -1.100322E+11   -1.003759E+12   -7.726168E+13   -2.301764E+14   -1.066812E+15
   -7.142560E+08   -1.342568E+11   -1.202347E+12   -9.364657E+13   -2.654156E+14   -1.227133E+15
   -5.771748E+08   -1.659379E+11   -1.451683E+12   -1.147846E+14   -3.043692E+14   -1.403762E+15
   -2.615626E+08   -2.083559E+11   -1.770661E+12   -1.426698E+14   -3.463249E+14   -1.593972E+15
    3.562032E+08   -2.665609E+11   -2.187574E+12   -1.803492E+14   -3.896538E+14   -1.791988E+15
    1.476811E+09   -3.484010E+11   -2.745432E+12   -2.325287E+14   -4.311834E+14   -1.987401E+15
    3.424789E+09   -4.661657E+11   -3.510422E+12   -3.065413E+14   -4.651874E+14   -2.162975E+15
    6.723445E+09   -6.392064E+11   -4.585386E+12   -4.138877E+14   -4.817632E+14   -2.291751E+15
    1.221488E+10   -8.981242E+11   -6.131310E+12   -5.726949E+14   -4.642363E+14   -2.333380E+15
    2.125219E+10   -1.291463E+12   -8.401636E+12   -8.116387E+14   -3.850233E+14   -2.229833E+15
    3.600693E+10   -1.896404E+12   -1.179703E+13   -1.176200E+15   -1.990503E+14   -1.900933E+15
    5.996134E+10   -2.835864E+12   -1.695292E+13   -1.738647E+15    1.666836E+14   -1.240785E+15
    9.869548E+10   -4.305826E+12   -2.487929E+13   -2.613959E+15    8.296226E+14   -1.171168E+14
    1.611460E+11   -6.619015E+12   -3.718408E+13   -3.985196E+15    1.977719E+15    1.622975E+15
    2.616186E+11   -1.027471E+13   -5.643011E+13   -6.143958E+15    3.910468E+15    4.135485E+15
    4.230040E+11   -1.607025E+13   -8.670516E+13   -9.554761E+15    7.103303E+15    7.542505E+15
    6.819157E+11   -2.527917E+13   -1.345324E+14   -1.495753E+16    1.230837E+16    1.186626E+16
    1.096894E+12   -3.993558E+13   -2.103241E+14   -2.353049E+16    2.071166E+16    1.692454E+16
    1.761500E+12   -6.328800E+13   -3.307003E+14   -3.714889E+16    3.417699E+16    2.218242E+16
    2.825206E+12   -1.005235E+14   -5.221901E+14   -5.879544E+16    5.562348E+16    2.656853E+16
    4.526701E+12   -1.599216E+14   -8.271276E+14   -9.321038E+16    8.960610E+16    2.829132E+16
    7.246962E+12   -2.546940E+14   -1.313051E+15   -1.479201E+17    1.432045E+17    2.473757E+16
    1.159374E+13   -4.059118E+14   -2.087663E+15   -2.348609E+17    2.273745E+17    1.259640E+16
    1.853599E+13   -6.471642E+14   -3.322626E+15   -3.729388E+17    3.589893E+17   -1.158982E+16
    2.961754E+13   -1.031962E+15   -5.291397E+15   -5.920555E+17    5.639000E+17   -5.024838E+16
    4.729630E+13   -1.645493E+15   -8.429271E+15   -9.394234E+17    8.814801E+17   -1.029327E+17
    7.548236E+13   -2.623269E+15   -1.342865E+16   -1.489451E+18    1.371318E+18   -1.642193E+17
    1.203903E+14   -4.180653E+15   -2.138989E+16   -2.359160E+18    2.122957E+18   -2.225641E+17
    1.918874E+14   -6.659584E+15   -3.405994E+16   -3.732161E+18    3.269924E+18   -2.623294E+17
    3.056229E+14   -1.060236E+16   -5.420925E+16   -5.895807E+18    5.009673E+18   -2.716343E+17
    4.863853E+14   -1.686795E+16   -8.622585E+16   -9.298487E+18    7.631564E+18   -2.570688E+17
    7.733859E+14   -2.681510E+16   -1.370505E+17   -1.463768E+19    1.155563E+19   -2.609739E+17
    1.228555E+15   -4.258981E+16   -2.176446E+17   -2.299446E+19    1.738553E+19   -3.681203E+17
    1.949545E+15   -6.757580E+16   -3.452908E+17   -3.603801E+19    2.598011E+19   -6.821270E+17
    3.090048E+15   -1.070987E+17   -5.471882E+17   -5.633453E+19    3.854921E+19   -1.261615E+18
    4.891468E+15   -1.695232E+17   -8.660543E+17   -8.781076E+19    5.678142E+19   -2.045933E+18
    7.732157E+15   -2.679595E+17   -1.368835E+18   -1.364447E+20    8.301508E+19   -2.858613E+18
    1.220366E+16   -4.229046E+17   -2.160186E+18   -2.112861E+20    1.204694E+20   -3.584518E+18
    1.922846E+16   -6.663227E+17   -3.403299E+18   -3.259510E+20    1.735630E+20   -4.471875E+18
    3.024105E+16   -1.047919E+18   -5.351911E+18   -5.007913E+20    2.483627E+20   -6.234283E+18
    4.746530E+16   -1.644749E+18   -8.399331E+18   -7.660058E+20    3.532271E+20   -9.569778E+18
    7.433759E+16   -2.575882E+18   -1.315322E+19   -1.166060E+21    4.997396E+20   -1.435882E+19
    1.161490E+17   -4.024647E+18   -2.054907E+19   -1.765871E+21    7.040507E+20   -1.979536E+19
    1.810160E+17   -6.272274E+18   -3.202166E+19   -2.659371E+21    9.887803E+20   -2.619251E+19
    2.813446E+17   -9.748614E+18   -4.976360E+19   -3.981266E+21    1.385714E+21    4.153286E+20
    4.361150E+17   -1.511129E+19   -7.712870E+19   -5.924712E+21    1.941273E+21    4.411728E+20
    6.762151E+17   -2.343051E+19   -1.195744E+20   -8.803252E+21    2.763072E+21    4.537289E+20
    4.709743E+16   -1.629982E+18   -8.081035E+18    6.689213E+21   -1.538434E+22    4.468843E+20
    1.105859E+17   -3.830205E+18   -1.935395E+19    4.589768E+21   -1.315117E+22    9.194781E+20
    1.435468E+17   -4.972472E+18   -2.520549E+19    3.527639E+21   -1.205043E+22    1.164381E+21
    1.610067E+17   -5.577538E+18   -2.830418E+19    2.992950E+21   -1.152587E+22    1.293609E+21
    1.705850E+17   -5.909465E+18   -3.000315E+19    2.727170E+21   -1.129542E+22    1.364150E+21
    1.761576E+17   -6.102572E+18   -3.099072E+19    2.598825E+21   -1.121568E+22    1.404962E+21
    1.797027E+17   -6.225414E+18   -3.161816E+19    2.540848E+21   -1.121358E+22    1.430750E+21
    1.822336E+17   -6.313105E+18   -3.206543E+19    2.518920E+21   -1.125177E+22    1.448973E+21
    1.842726E+17   -6.383753E+18   -3.242529E+19    2.515417E+21   -1.131115E+22    1.463423E+21
    1.860926E+17   -6.446808E+18   -3.274619E+19    2.521237E+21   -1.138193E+22    1.476026E+21
    1.878361E+17   -6.507211E+18   -3.305343E+19    2.531661E+21   -1.145907E+22    1.487759E+21
    1.895784E+17   -6.567572E+18   -3.336038E+19    2.544231E+21   -1.153996E+22    1.499121E+21
    1.913602E+17   -6.629301E+18   -3.367426E+19    2.557652E+21   -1.162326E+22    1.510363E+21
    1.932043E+17   -6.693189E+18   -3.399913E+19    2.571233E+21   -1.170827E+22    1.521616E+21
    1.951244E+17   -6.759709E+18   -3.433741E+19    2.584595E+21   -1.179464E+22    1.532946E+21
    1.971340E+17   -6.829333E+18   -3.469151E+19    2.597519E+21   -1.188230E+22    1.544407E+21
    1.992543E+17   -6.902789E+18   -3.506514E+19    2.609777E+21   -1.197133E+22    1.556043E+21
    2.015008E+17   -6.980620E+18   -3.546107E+19    2.621198E+21   -1.206178E+22    1.567880E+21
    2.038850E+17   -7.063223E+18   -3.588133E+19    2.631656E+21   -1.215367E+22    1.579933E+21
    2.064166E+17   -7.150928E+18   -3.632760E+19    2.641049E+21   -1.224703E+22    1.592212E+21
    2.091040E+17   -7.244036E+18   -3.680141E+19    2.649283E+21   -1.234186E+22    1.604722E+21
    2.119558E+17   -7.342838E+18   -3.730426E+19    2.656267E+21   -1.243818E+22    1.617469E+21
    2.149844E+17   -7.447766E+18   -3.783833E+19    2.661908E+21   -1.253611E+22    1.630472E+21
    2.182134E+17   -7.559638E+18   -3.840781E+19    2.666008E+21   -1.263581E+22    1.643762E+21
    2.216637E+17   -7.679180E+18   -3.901640E+19    2.668369E+21   -1.273739E+22    1.657358E+21
    2.253533E+17   -7.807009E+18   -3.966725E+19    2.668813E+21   -1.284091E+22    1.671271E+21
    2.292985E+17   -7.943697E+18   -4.036326E+19    2.667166E+21   -1.294638E+22    1.685513E+21
    2.335159E+17   -8.089814E+18   -4.110736E+19    2.663251E+21   -1.305384E+22    1.700089E+21
    2.380223E+17   -8.245946E+18   -4.190253E+19    2.656881E+21   -1.316329E+22    1.715007E+21
    2.428334E+17   -8.412636E+18   -4.275153E+19    2.647859E+21   -1.327468E+22    1.730266E+21
    2.479576E+17   -8.590173E+18   -4.365585E+19    2.636044E+21   -1.338790E+22    1.745852E+21
    2.534059E+17   -8.778941E+18   -4.461745E+19    2.621287E+21   -1.350289E+22    1.761762E+21
    2.591937E+17   -8.979470E+18   -4.563902E+19    2.603400E+21   -1.361961E+22    1.777995E+21
    2.653392E+17   -9.192395E+18   -4.672382E+19    2.582160E+21   -1.373802E+22    1.794552E+21
    2.718633E+17   -9.418438E+18   -4.787552E+19    2.557320E+21   -1.385809E+22    1.811435E+21
    2.787891E+17   -9.658399E+18   -4.909821E+19    2.528608E+21   -1.397978E+22    1.828649E+21
    2.861398E+17   -9.913082E+18   -5.039598E+19    2.495725E+21   -1.410302E+22    1.846189E+21
    2.939306E+17   -1.018301E+19   -5.177154E+19    2.458439E+21   -1.422765E+22    1.864039E+21
    3.021791E+17   -1.046880E+19   -5.322797E+19    2.416510E+21   -1.435357E+22    1.882193E+21
    3.109083E+17   -1.077125E+19   -5.476937E+19    2.369642E+21   -1.448068E+22    1.900645E+21
    3.201454E+17   -1.109129E+19   -5.640054E+19    2.317495E+21   -1.460891E+22    1.919393E+21
    3.299212E+17   -1.143000E+19   -5.812693E+19    2.259689E+21   -1.473817E+22    1.938437E+21
    3.402698E+17   -1.178856E+19   -5.995455E+19    2.195805E+21   -1.486838E+22    1.957776E+21
    3.512252E+17   -1.216814E+19   -6.188944E+19    2.125391E+21   -1.499937E+22    1.977399E+21
    3.628032E+17   -1.256930E+19   -6.393439E+19    2.048149E+21   -1.513084E+22    1.997272E+21
    3.750201E+17   -1.299258E+19   -6.609225E+19    1.963815E+21   -1.526259E+22    2.017372E+21
    3.879014E+17   -1.343890E+19   -6.836756E+19    1.872030E+21   -1.539445E+22    2.037684E+21
    4.014798E+17   -1.390936E+19   -7.076612E+19    1.772358E+21   -1.552624E+22    2.058197E+21
    4.157937E+17   -1.440531E+19   -7.329468E+19    1.664302E+21   -1.565781E+22    2.078901E+21
    4.308861E+17   -1.492824E+19   -7.596086E+19    1.547309E+21   -1.578899E+22    2.099786E+21
    4.468018E+17   -1.547969E+19   -7.877259E+19    1.420782E+21   -1.591955E+22    2.120838E+21
    4.635660E+17   -1.606054E+19   -8.173431E+19    1.284292E+21   -1.604913E+22    2.142015E+21
    4.812003E+17   -1.667154E+19   -8.484987E+19    1.137490E+21   -1.617746E+22    2.163288E+21
    4.997374E+17   -1.731382E+19   -8.812504E+19    9.799094E+20   -1.630430E+22    2.184634E+21
    5.192180E+17   -1.798879E+19   -9.156701E+19    8.109959E+20   -1.642940E+22    2.206031E+21
    5.396893E+17   -1.869809E+19   -9.518413E+19    6.301191E+20   -1.655254E+22    2.227463E+21
    5.612042E+17   -1.944355E+19   -9.898578E+19    4.365813E+20   -1.667344E+22    2.248910E+21
    5.838191E+17   -2.022712E+19   -1.029819E+20    2.296293E+20   -1.679181E+22    2.270350E+21
    6.075705E+17   -2.105008E+19   -1.071789E+20    8.685225E+18   -1.690725E+22    2.291738E+21
    6.324878E+17   -2.191343E+19   -1.115821E+20   -2.267046E+20   -1.701943E+22    2.313037E+21
    6.586109E+17   -2.281856E+19   -1.161985E+20   -4.771136E+20   -1.712804E+22    2.334217E+21
    6.859885E+17   -2.376715E+19   -1.210367E+20   -7.432130E+20   -1.723278E+22    2.355247E+21
    7.146763E+17   -2.476115E+19   -1.261066E+20   -1.025757E+21   -1.733332E+22    2.376101E+21
    7.447362E+17   -2.580269E+19   -1.314190E+20   -1.325572E+21   -1.742933E+22    2.396751E+21
    7.762343E+17   -2.689406E+19   -1.369858E+20   -1.643548E+21   -1.752045E+22    2.417165E+21
    8.092216E+17   -2.803703E+19   -1.428159E+20   -1.980433E+21   -1.760624E+22    2.437298E+21
    8.437393E+17   -2.923303E+19   -1.489166E+20   -2.336828E+21   -1.768634E+22    2.457108E+21
    8.798376E+17   -3.048379E+19   -1.552967E+20   -2.713440E+21   -1.776039E+22    2.476559E+21
    9.175749E+17   -3.179135E+19   -1.619667E+20   -3.111067E+21   -1.782803E+22    2.495613E+21
    9.570159E+17   -3.315794E+19   -1.689379E+20   -3.530588E+21   -1.788886E+22    2.514235E+21
    9.982314E+17   -3.458601E+19   -1.762229E+20   -3.972950E+21   -1.794251E+22    2.532389E+21
    1.041297E+18   -3.607817E+19   -1.838350E+20   -4.439162E+21   -1.798856E+22    2.550036E+21
    1.086277E+18   -3.763671E+19   -1.917858E+20   -4.930141E+21   -1.802653E+22    2.567128E+21
    1.133230E+18   -3.926356E+19   -2.000852E+20   -5.446666E+21   -1.805605E+22    2.583622E+21
    1.182216E+18   -4.096089E+19   -2.087442E+20   -5.989596E+21   -1.807671E+22    2.599475E+21
    1.233306E+18   -4.273110E+19   -2.177753E+20   -6.559865E+21   -1.808809E+22    2.614644E+21
    1.286573E+18   -4.457677E+19   -2.271914E+20   -7.158469E+21   -1.808977E+22    2.629088E+21
    1.342098E+18   -4.650065E+19   -2.370066E+20   -7.786462E+21   -1.808133E+22    2.642763E+21
    1.399963E+18   -4.850562E+19   -2.472357E+20   -8.444951E+21   -1.806230E+22    2.655626E+21
    1.460248E+18   -5.059444E+19   -2.578927E+20   -9.135002E+21   -1.803222E+22    2.667629E+21
    1.523026E+18   -5.276964E+19   -2.689904E+20   -9.857596E+21   -1.799066E+22    2.678726E+21
    1.588374E+18   -5.503389E+19   -2.805427E+20   -1.061376E+22   -1.793719E+22    2.688870E+21
    1.656373E+18   -5.739001E+19   -2.925638E+20   -1.140456E+22   -1.787135E+22    2.698017E+21
    1.727108E+18   -5.984092E+19   -3.050686E+20   -1.223111E+22   -1.779271E+22    2.706121E+21
    1.800667E+18   -6.238965E+19   -3.180727E+20   -1.309456E+22   -1.770080E+22    2.713137E+21
    1.877138E+18   -6.503932E+19   -3.315919E+20   -1.399607E+22   -1.759516E+22    2.719019E+21
    1.956614E+18   -6.779309E+19   -3.456423E+20   -1.493684E+22   -1.747533E+22    2.723721E+21
    2.039184E+18   -7.065409E+19   -3.602400E+20   -1.591804E+22   -1.734085E+22    2.727198E+21
    2.124942E+18   -7.362552E+19   -3.754012E+20   -1.694086E+22   -1.719126E+22    2.729405E+21
    2.213980E+18   -7.671062E+19   -3.911426E+20   -1.800650E+22   -1.702609E+22    2.730299E+21
    2.306392E+18   -7.991265E+19   -4.074806E+20   -1.911618E+22   -1.684489E+22    2.729837E+21
    2.402274E+18   -8.323488E+19   -4.244321E+20   -2.027109E+22   -1.664721E+22    2.727977E+21
    2.501719E+18   -8.668059E+19   -4.420137E+20   -2.147244E+22   -1.643260E+22    2.724678E+21
    2.604827E+18   -9.025317E+19   -4.602428E+20   -2.272146E+22   -1.620062E+22    2.719904E+21
    2.711703E+18   -9.395635E+19   -4.791384E+20   -2.401950E+22   -1.595079E+22    2.713617E+21
    2.822454E+18   -9.779380E+19   -4.987192E+20   -2.536791E+22   -1.568265E+22    2.705782E+21
    2.937185E+18   -1.017692E+20   -5.190037E+20   -2.676797E+22   -1.539573E+22    2.696364E+21
    3.055998E+18   -1.058859E+20   -5.400100E+20   -2.822096E+22   -1.508961E+22    2.685332E+21
    3.178991E+18   -1.101476E+20   -5.617554E+20   -2.972809E+22   -1.476385E+22    2.672660E+21
    3.306260E+18   -1.145573E+20   -5.842568E+20   -3.129052E+22   -1.441806E+22    2.658324E+21
    3.437904E+18   -1.191187E+20   -6.075319E+20   -3.290947E+22   -1.405185E+22    2.642306E+21
    3.574043E+18   -1.238358E+20   -6.316019E+20   -3.458638E+22   -1.366478E+22    2.624588E+21
    3.714796E+18   -1.287128E+20   -6.564876E+20   -3.632269E+22   -1.325639E+22    2.605156E+21
    3.860273E+18   -1.337535E+20   -6.822087E+20   -3.811972E+22   -1.282626E+22    2.583998E+21
    4.010581E+18   -1.389616E+20   -7.087838E+20   -3.997874E+22   -1.237400E+22    2.561108E+21
    4.165817E+18   -1.443404E+20   -7.362306E+20   -4.190089E+22   -1.189926E+22    2.536490E+21
    4.326074E+18   -1.498932E+20   -7.645649E+20   -4.388723E+22   -1.140175E+22    2.510150E+21
    4.491446E+18   -1.556232E+20   -7.938037E+20   -4.593881E+22   -1.088118E+22    2.482107E+21
    4.662057E+18   -1.615348E+20   -8.239688E+20   -4.805707E+22   -1.033718E+22    2.452376E+21
    4.838032E+18   -1.676322E+20   -8.550822E+20   -5.024345E+22   -9.769349E+21    2.420978E+21
    5.019483E+18   -1.739193E+20   -8.871640E+20   -5.249922E+22   -9.177357E+21    2.387939E+21
    5.206515E+18   -1.803999E+20   -9.202326E+20   -5.482554E+22   -8.560922E+21    2.353296E+21
    5.399220E+18   -1.870770E+20   -9.543042E+20   -5.722338E+22   -7.919826E+21    2.317092E+21
    5.597679E+18   -1.939534E+20   -9.893931E+20   -5.969356E+22   -7.253916E+21    2.279384E+21
    5.801972E+18   -2.010320E+20   -1.025513E+21   -6.223686E+22   -6.563092E+21    2.240236E+21
    6.012218E+18   -2.083169E+20   -1.062686E+21   -6.485457E+22   -5.847108E+21    2.199711E+21
    6.228541E+18   -2.158124E+20   -1.100934E+21   -6.754798E+22   -5.105701E+21    2.157878E+21
    6.451049E+18   -2.235221E+20   -1.140275E+21   -7.031822E+22   -4.338686E+21    2.114811E+21
    6.679837E+18   -2.314495E+20   -1.180726E+21   -7.316618E+22   -3.545954E+21    2.070597E+21
    6.914982E+18   -2.395971E+20   -1.222301E+21   -7.609256E+22   -2.727482E+21    2.025331E+21
    7.156548E+18   -2.479672E+20   -1.265011E+21   -7.909782E+22   -1.883338E+21    1.979119E+21
    7.404591E+18   -2.565617E+20   -1.308866E+21   -8.218232E+22   -1.013664E+21    1.932080E+21
    7.659217E+18   -2.653843E+20   -1.353885E+21   -8.534701E+22   -1.184360E+20    1.884328E+21
    7.920537E+18   -2.744389E+20   -1.400088E+21   -8.859294E+22    8.024060E+20    1.835974E+21
    8.188647E+18   -2.837287E+20   -1.447491E+21   -9.192089E+22    1.748826E+21    1.787141E+21
    8.463624E+18   -2.932565E+20   -1.496108E+21   -9.533141E+22    2.720690E+21    1.737959E+21
    8.745525E+18   -3.030241E+20   -1.545948E+21   -9.882476E+22    3.717755E+21    1.688567E+21
    9.034388E+18   -3.130330E+20   -1.597020E+21   -1.024009E+23    4.739668E+21    1.639111E+21
    9.330239E+18   -3.232841E+20   -1.649327E+21   -1.060598E+23    5.785981E+21    1.589747E+21
    9.633158E+18   -3.337800E+20   -1.702883E+21   -1.098017E+23    6.856416E+21    1.540622E+21
    9.943238E+18   -3.445240E+20   -1.757706E+21   -1.136273E+23    7.950760E+21    1.491875E+21
    1.026055E+19   -3.555187E+20   -1.813806E+21   -1.175370E+23    9.068690E+21    1.443651E+21
    1.058515E+19   -3.667659E+20   -1.871195E+21   -1.215309E+23    1.020977E+22    1.396098E+21
    1.091707E+19   -3.782666E+20   -1.929878E+21   -1.256086E+23    1.137343E+22    1.349370E+21
    1.125632E+19   -3.900212E+20   -1.989855E+21   -1.297696E+23    1.255900E+22    1.303620E+21
    1.160288E+19   -4.020292E+20   -2.051125E+21   -1.340131E+23    1.376568E+22    1.259007E+21
    1.195680E+19   -4.142923E+20   -2.113697E+21   -1.383389E+23    1.499283E+22    1.215674E+21
    1.231815E+19   -4.268129E+20   -2.177582E+21   -1.427471E+23    1.623993E+22    1.173751E+21
    1.268698E+19   -4.395924E+20   -2.242787E+21   -1.472376E+23    1.750632E+22    1.133363E+21
    1.306330E+19   -4.526318E+20   -2.309318E+21   -1.518097E+23    1.879123E+22    1.094635E+21
    1.344713E+19   -4.659310E+20   -2.377175E+21   -1.564627E+23    2.009378E+22    1.057688E+21
    1.383843E+19   -4.794892E+20   -2.446352E+21   -1.611954E+23    2.141294E+22    1.022641E+21
    1.423716E+19   -4.933049E+20   -2.516843E+21   -1.660063E+23    2.274757E+22    9.896056E+20
    1.464333E+19   -5.073783E+20   -2.588648E+21   -1.708945E+23    2.409667E+22    9.586769E+20
    1.505697E+19   -5.217107E+20   -2.661773E+21   -1.758595E+23    2.545941E+22    9.299261E+20
    1.547810E+19   -5.363026E+20   -2.736223E+21   -1.809007E+23    2.683480E+22    9.034164E+20
    1.590672E+19   -5.511538E+20   -2.811994E+21   -1.860168E+23    2.822179E+22    8.792027E+20
    1.634279E+19   -5.662633E+20   -2.889083E+21   -1.912064E+23    2.961916E+22    8.573308E+20
    1.678627E+19   -5.816293E+20   -2.967480E+21   -1.964677E+23    3.102562E+22    8.378372E+20
    1.723706E+19   -5.972490E+20   -3.047170E+21   -2.017988E+23    3.243974E+22    8.207482E+20
    1.769515E+19   -6.131213E+20   -3.128149E+21   -2.071980E+23    3.386023E+22    8.060694E+20
    1.816054E+19   -6.292465E+20   -3.210416E+21   -2.126642E+23    3.528597E+22    7.937792E+20
    1.863321E+19   -6.456242E+20   -3.293971E+21   -2.181960E+23    3.671575E+22    7.838439E+20
    1.911314E+19   -6.622532E+20   -3.378807E+21   -2.237919E+23    3.814828E+22    7.762181E+20
    1.960026E+19   -6.791314E+20   -3.464914E+21   -2.294499E+23    3.958216E+22    7.708448E+20
    2.009450E+19   -6.962563E+20   -3.552278E+21   -2.351677E+23    4.101590E+22    7.676553E+20
    2.059575E+19   -7.136241E+20   -3.640880E+21   -2.409426E+23    4.244790E+22    7.665694E+20
    2.110395E+19   -7.312327E+20   -3.730710E+21   -2.467726E+23    4.387671E+22    7.674880E+20
    2.161908E+19   -7.490813E+20   -3.821762E+21   -2.526560E+23    4.530106E+22    7.702863E+20
    2.214110E+19   -7.671687E+20   -3.914032E+21   -2.585910E+23    4.671963E+22    7.748276E+20
    2.266995E+19   -7.854929E+20   -4.007508E+21   -2.645755E+23    4.813103E+22    7.809653E+20
    2.320556E+19   -8.040512E+20   -4.102178E+21   -2.706071E+23    4.953381E+22    7.885434E+20
    2.374784E+19   -8.228404E+20   -4.198024E+21   -2.766831E+23    5.092645E+22    7.973972E+20
    2.429665E+19   -8.418561E+20   -4.295024E+21   -2.828006E+23    5.230738E+22    8.073541E+20
    2.485192E+19   -8.610954E+20   -4.393162E+21   -2.889569E+23    5.367511E+22    8.182301E+20
    2.541359E+19   -8.805566E+20   -4.492432E+21   -2.951501E+23    5.502841E+22    8.298229E+20
    2.598162E+19   -9.002381E+20   -4.592823E+21   -3.013780E+23    5.636601E+22    8.419250E+20
    2.655593E+19   -9.201372E+20   -4.694322E+21   -3.076381E+23    5.768661E+22    8.543258E+20
    2.713643E+19   -9.402509E+20   -4.796915E+21   -3.139277E+23    5.898887E+22    8.668135E+20
    2.772302E+19   -9.605754E+20   -4.900581E+21   -3.202440E+23    6.027145E+22    8.791764E+20
    2.831557E+19   -9.811065E+20   -5.005298E+21   -3.265839E+23    6.153296E+22    8.912051E+20
    2.891398E+19   -1.001840E+21   -5.111048E+21   -3.329444E+23    6.277210E+22    9.026906E+20
    2.951818E+19   -1.022775E+21   -5.217820E+21   -3.393233E+23    6.398783E+22    9.134196E+20
    3.012811E+19   -1.043908E+21   -5.325603E+21   -3.457181E+23    6.517913E+22    9.231846E+20
    3.074370E+19   -1.065238E+21   -5.434383E+21   -3.521263E+23    6.634495E+22    9.317879E+20
    3.136485E+19   -1.086759E+21   -5.544144E+21   -3.585451E+23    6.748429E+22    9.390430E+20
    3.199145E+19   -1.108470E+21   -5.654865E+21   -3.649715E+23    6.859610E+22    9.447770E+20
    3.262337E+19   -1.130365E+21   -5.766524E+21   -3.714025E+23    6.967939E+22    9.488324E+20
    3.326051E+19   -1.152441E+21   -5.879103E+21   -3.778350E+23    7.073322E+22    9.510670E+20
    3.390281E+19   -1.174696E+21   -5.992589E+21   -3.842665E+23    7.175691E+22    9.513498E+20
    3.455018E+19   -1.197126E+21   -6.106971E+21   -3.906948E+23    7.274984E+22    9.495687E+20
    3.520256E+19   -1.219730E+21   -6.222234E+21   -3.971171E+23    7.371138E+22    9.456341E+20
    3.585986E+19   -1.242504E+21   -6.338362E+21   -4.035307E+23    7.464098E+22    9.394795E+20
    3.652196E+19   -1.265445E+21   -6.455337E+21   -4.099328E+23    7.553807E+22    9.310637E+20
    3.718877E+19   -1.288548E+21   -6.573139E+21   -4.163203E+23    7.640216E+22    9.203708E+20
    3.786015E+19   -1.311810E+21   -6.691748E+21   -4.226904E+23    7.723282E+22    9.074103E+20
    3.853606E+19   -1.335229E+21   -6.811152E+21   -4.290407E+23    7.802985E+22    8.922126E+20
    3.921643E+19   -1.358803E+21   -6.931340E+21   -4.353688E+23    7.879311E+22    8.748327E+20
    3.990118E+19   -1.382528E+21   -7.052299E+21   -4.416722E+23    7.952252E+22    8.553524E+20
    4.059023E+19   -1.406402E+21   -7.174014E+21   -4.479484E+23    8.021805E+22    8.338794E+20
    4.128349E+19   -1.430422E+21   -7.296469E+21   -4.541947E+23    8.087971E+22    8.105464E+20
    4.198086E+19   -1.454584E+21   -7.419646E+21   -4.604085E+23    8.150756E+22    7.855100E+20
    4.268223E+19   -1.478886E+21   -7.543527E+21   -4.665869E+23    8.210173E+22    7.589483E+20
    4.338756E+19   -1.503323E+21   -7.668101E+21   -4.727278E+23    8.266255E+22    7.310550E+20
    4.409677E+19   -1.527896E+21   -7.793358E+21   -4.788290E+23    8.319044E+22    7.020402E+20
    4.480981E+19   -1.552601E+21   -7.919286E+21   -4.848883E+23    8.368587E+22    6.721292E+20
    4.552661E+19   -1.577436E+21   -8.045873E+21   -4.909033E+23    8.414934E+22    6.415597E+20
    4.624708E+19   -1.602399E+21   -8.173106E+21   -4.968718E+23    8.458143E+22    6.105790E+20
    4.697114E+19   -1.627486E+21   -8.300968E+21   -5.027913E+23    8.498274E+22    5.794408E+20
    4.769871E+19   -1.652694E+21   -8.429444E+21   -5.086595E+23    8.535398E+22    5.484011E+20
    4.842973E+19   -1.678022E+21   -8.558526E+21   -5.144744E+23    8.569596E+22    5.177120E+20
    4.916416E+19   -1.703468E+21   -8.688203E+21   -5.202341E+23    8.600961E+22    4.876195E+20
    4.990194E+19   -1.729030E+21   -8.818468E+21   -5.259367E+23    8.629588E+22    4.583622E+20
    5.064302E+19   -1.754707E+21   -8.949309E+21   -5.315802E+23    8.655578E+22    4.301670E+20
    5.138732E+19   -1.780495E+21   -9.080716E+21   -5.371627E+23    8.679036E+22    4.032466E+20
    5.213479E+19   -1.806392E+21   -9.212675E+21   -5.426821E+23    8.700071E+22    3.777959E+20
    5.288535E+19   -1.832397E+21   -9.345175E+21   -5.481365E+23    8.718796E+22    3.539889E+20
    5.363896E+19   -1.858507E+21   -9.478208E+21   -5.535241E+23    8.735337E+22    3.319743E+20
    5.439558E+19   -1.884722E+21   -9.611766E+21   -5.588436E+23    8.749822E+22    3.118738E+20
    5.515517E+19   -1.911039E+21   -9.745843E+21   -5.640932E+23    8.762388E+22    2.937815E+20
    5.591768E+19   -1.937458E+21   -9.880429E+21   -5.692714E+23    8.773169E+22    2.777631E+20
    5.668307E+19   -1.963976E+21   -1.001552E+22   -5.743766E+23    8.782306E+22    2.638541E+20
    5.745128E+19   -1.990592E+21   -1.015110E+22   -5.794072E+23    8.789941E+22    2.520599E+20
    5.822225E+19   -2.017303E+21   -1.028716E+22   -5.843618E+23    8.796217E+22    2.423555E+20
    5.899596E+19   -2.044110E+21   -1.042370E+22   -5.892389E+23    8.801284E+22    2.346843E+20
    5.977237E+19   -2.071009E+21   -1.056070E+22   -5.940374E+23    8.805298E+22    2.289595E+20
    6.055145E+19   -2.098002E+21   -1.069818E+22   -5.987561E+23    8.808414E+22    2.250667E+20
    6.133316E+19   -2.125085E+21   -1.083611E+22   -6.033937E+23    8.810787E+22    2.228655E+20
    6.211748E+19   -2.152259E+21   -1.097449E+22   -6.079492E+23    8.812575E+22    2.221921E+20
    6.290436E+19   -2.179521E+21   -1.111331E+22   -6.124213E+23    8.813934E+22    2.228617E+20
    6.369375E+19   -2.206871E+21   -1.125258E+22   -6.168091E+23    8.815021E+22    2.246714E+20
    6.448564E+19   -2.234306E+21   -1.139228E+22   -6.211114E+23    8.815995E+22    2.274026E+20
    6.528000E+19   -2.261828E+21   -1.153240E+22   -6.253275E+23    8.817016E+22    2.308242E+20
    6.607681E+19   -2.289434E+21   -1.167295E+22   -6.294566E+23    8.818242E+22    2.346971E+20
    6.687604E+19   -2.317124E+21   -1.181392E+22   -6.334979E+23    8.819833E+22    2.387782E+20
    6.767767E+19   -2.344897E+21   -1.195530E+22   -6.374506E+23    8.821942E+22    2.428236E+20
    6.848166E+19   -2.372751E+21   -1.209709E+22   -6.413140E+23    8.824725E+22    2.465929E+20
    6.928799E+19   -2.400687E+21   -1.223929E+22   -6.450875E+23    8.828331E+22    2.498521E+20
    7.009664E+19   -2.428703E+21   -1.238189E+22   -6.487704E+23    8.832912E+22    2.523769E+20
    7.090759E+19   -2.456799E+21   -1.252488E+22   -6.523624E+23    8.838615E+22    2.539555E+20
    7.172082E+19   -2.484973E+21   -1.266827E+22   -6.558630E+23    8.845587E+22    2.543926E+20
    7.253632E+19   -2.513226E+21   -1.281205E+22   -6.592717E+23    8.853970E+22    2.535117E+20
    7.335406E+19   -2.541557E+21   -1.295621E+22   -6.625884E+23    8.863902E+22    2.511580E+20
    7.417404E+19   -2.569965E+21   -1.310076E+22   -6.658126E+23    8.875518E+22    2.472000E+20
    7.499622E+19   -2.598449E+21   -1.324569E+22   -6.689441E+23    8.888948E+22    2.415313E+20
    7.582059E+19   -2.627009E+21   -1.339100E+22   -6.719827E+23    8.904318E+22    2.340717E+20
    7.664714E+19   -2.655645E+21   -1.353668E+22   -6.749284E+23    8.921752E+22    2.247675E+20
    7.747586E+19   -2.684356E+21   -1.368273E+22   -6.777811E+23    8.941368E+22    2.135930E+20
    7.830673E+19   -2.713141E+21   -1.382916E+22   -6.805409E+23    8.963281E+22    2.005502E+20
    7.913974E+19   -2.742000E+21   -1.397595E+22   -6.832077E+23    8.987598E+22    1.856690E+20
    7.997489E+19   -2.770933E+21   -1.412310E+22   -6.857817E+23    9.014424E+22    1.690060E+20
    8.081214E+19   -2.799939E+21   -1.427062E+22   -6.882631E+23    9.043855E+22    1.506439E+20
    8.165150E+19   -2.829018E+21   -1.441850E+22   -6.906519E+23    9.075985E+22    1.306900E+20
    8.249295E+19   -2.858169E+21   -1.456673E+22   -6.929486E+23    9.110902E+22    1.092742E+20
    8.333648E+19   -2.887392E+21   -1.471533E+22   -6.951536E+23    9.148689E+22    8.654753E+19
    8.418210E+19   -2.916687E+21   -1.486427E+22   -6.972671E+23    9.189423E+22    6.267997E+19
    8.502978E+19   -2.946054E+21   -1.501357E+22   -6.992896E+23    9.233174E+22    3.785825E+19
    8.587952E+19   -2.975492E+21   -1.516323E+22   -7.012216E+23    9.280008E+22    1.228308E+19
    8.673131E+19   -3.005001E+21   -1.531323E+22   -7.030637E+23    9.329984E+22   -1.383353E+19
    8.758514E+19   -3.034580E+21   -1.546358E+22   -7.048164E+23    9.383157E+22   -4.027128E+19
    8.844100E+19   -3.064230E+21   -1.561427E+22   -7.064805E+23    9.439574E+22   -6.680488E+19
    8.929889E+19   -3.093950E+21   -1.576531E+22   -7.080565E+23    9.499278E+22   -9.320680E+19
    9.015881E+19   -3.123740E+21   -1.591670E+22   -7.095454E+23    9.562306E+22   -1.192505E+20
    9.102074E+19   -3.153600E+21   -1.606842E+22   -7.109478E+23    9.628689E+22   -1.447136E+20
    9.188469E+19   -3.183529E+21   -1.622049E+22   -7.122647E+23    9.698451E+22   -1.693811E+20
    9.275064E+19   -3.213528E+21   -1.637290E+22   -7.134969E+23    9.771613E+22   -1.930484E+20
    9.361858E+19   -3.243596E+21   -1.652565E+22   -7.146455E+23    9.848187E+22   -2.155248E+20
    9.448852E+19   -3.273733E+21   -1.667874E+22   -7.157114E+23    9.928182E+22   -2.366361E+20
    9.536046E+19   -3.303938E+21   -1.683216E+22   -7.166956E+23    1.001160E+23   -2.562277E+20
    9.623438E+19   -3.334213E+21   -1.698592E+22   -7.175994E+23    1.009844E+23   -2.741670E+20
    9.711028E+19   -3.364556E+21   -1.714001E+22   -7.184238E+23    1.018870E+23   -2.903458E+20
    9.798817E+19   -3.394967E+21   -1.729444E+22   -7.191700E+23    1.028235E+23   -3.046822E+20
    9.886802E+19   -3.425447E+21   -1.744921E+22   -7.198394E+23    1.037938E+23   -3.171225E+20
    9.974985E+19   -3.455995E+21   -1.760430E+22   -7.204331E+23    1.047977E+23   -3.276428E+20
    1.006337E+20   -3.486611E+21   -1.775973E+22   -7.209525E+23    1.058349E+23   -3.362493E+20
    1.015194E+20   -3.517295E+21   -1.791549E+22   -7.213990E+23    1.069050E+23   -3.429798E+20
    1.024071E+20   -3.548047E+21   -1.807158E+22   -7.217741E+23    1.080077E+23   -3.479024E+20
    1.032968E+20   -3.578867E+21   -1.822800E+22   -7.220791E+23    1.091424E+23   -3.511160E+20
    1.041885E+20   -3.609754E+21   -1.838475E+22   -7.223156E+23    1.103088E+23   -3.527485E+20
    1.050821E+20   -3.640710E+21   -1.854183E+22   -7.224852E+23    1.115063E+23   -3.529554E+20
    1.059777E+20   -3.671732E+21   -1.869924E+22   -7.225893E+23    1.127343E+23   -3.519176E+20
    1.068752E+20   -3.702823E+21   -1.885698E+22   -7.226297E+23    1.139921E+23   -3.498390E+20
    1.077747E+20   -3.733981E+21   -1.901504E+22   -7.226080E+23    1.152792E+23   -3.469426E+20
    1.086761E+20   -3.765206E+21   -1.917343E+22   -7.225259E+23    1.165948E+23   -3.434675E+20
    1.095794E+20   -3.796499E+21   -1.933214E+22   -7.223851E+23    1.179381E+23   -3.396640E+20
    1.104848E+20   -3.827859E+21   -1.949119E+22   -7.221875E+23    1.193084E+23   -3.357899E+20
    1.113920E+20   -3.859286E+21   -1.965055E+22   -7.219347E+23    1.207048E+23   -3.321051E+20
    1.123013E+20   -3.890781E+21   -1.981025E+22   -7.216286E+23    1.221264E+23   -3.288671E+20
    1.132124E+20   -3.922343E+21   -1.997026E+22   -7.212711E+23    1.235723E+23   -3.263262E+20
    1.141255E+20   -3.953972E+21   -2.013060E+22   -7.208641E+23    1.250416E+23   -3.247199E+20
    1.150406E+20   -3.985668E+21   -2.029127E+22   -7.204095E+23    1.265333E+23   -3.242687E+20
    1.159576E+20   -4.017432E+21   -2.045226E+22   -7.199093E+23    1.280463E+23   -3.251712E+20
    1.168765E+20   -4.049263E+21   -2.061357E+22   -7.193654E+23    1.295795E+23   -3.276000E+20
    1.177974E+20   -4.081161E+21   -2.077521E+22   -7.187798E+23    1.311319E+23   -3.316980E+20
    1.187202E+20   -4.113126E+21   -2.093717E+22   -7.181545E+23    1.327024E+23   -3.375751E+20
    1.196450E+20   -4.145158E+21   -2.109945E+22   -7.174917E+23    1.342896E+23   -3.453059E+20
    1.205717E+20   -4.177257E+21   -2.126205E+22   -7.167932E+23    1.358925E+23   -3.549279E+20
    1.215003E+20   -4.209424E+21   -2.142498E+22   -7.160614E+23    1.375098E+23   -3.664403E+20
    1.224309E+20   -4.241658E+21   -2.158822E+22   -7.152981E+23    1.391401E+23   -3.798040E+20
    1.233635E+20   -4.273959E+21   -2.175179E+22   -7.145056E+23    1.407823E+23   -3.949422E+20
    1.242979E+20   -4.306327E+21   -2.191568E+22   -7.136861E+23    1.424349E+23   -4.117419E+20
    1.252344E+20   -4.338762E+21   -2.207990E+22   -7.128415E+23    1.440966E+23   -4.300561E+20
    1.261728E+20   -4.371265E+21   -2.224443E+22   -7.119742E+23    1.457660E+23   -4.497070E+20
    1.271131E+20   -4.403834E+21   -2.240928E+22   -7.110862E+23    1.474417E+23   -4.704894E+20
    1.280553E+20   -4.436471E+21   -2.257446E+22   -7.101798E+23    1.491222E+23   -4.921756E+20
    1.289996E+20   -4.469175E+21   -2.273995E+22   -7.092572E+23    1.508061E+23   -5.145197E+20
    1.299457E+20   -4.501947E+21   -2.290577E+22   -7.083204E+23    1.524918E+23   -5.372630E+20
    1.308938E+20   -4.534786E+21   -2.307191E+22   -7.073719E+23    1.541779E+23   -5.601394E+20
    1.318439E+20   -4.567692E+21   -2.323836E+22   -7.064136E+23    1.558627E+23   -5.828811E+20
    1.327959E+20   -4.600666E+21   -2.340514E+22   -7.054480E+23    1.575448E+23   -6.052241E+20
    1.337499E+20   -4.633707E+21   -2.357224E+22   -7.044771E+23    1.592226E+23   -6.269138E+20
    1.432294E+20   -4.962011E+21   -2.522985E+22   -6.716148E+23    1.389765E+23    1.346881E+21
    1.529033E+20   -5.297027E+21   -2.691893E+22   -6.409608E+23    1.223535E+23    1.125924E+21
    1.627728E+20   -5.638789E+21   -2.863935E+22   -6.151836E+23    1.124727E+23    1.109085E+21
    1.728392E+20   -5.987347E+21   -3.039104E+22   -5.965900E+23    1.098148E+23    1.863551E+21
    1.831044E+20   -6.342758E+21   -3.217392E+22   -5.869614E+23    1.123021E+23    2.627384E+21
    1.935703E+20   -6.705089E+21   -3.398795E+22   -5.874324E+23    1.165495E+23    2.752682E+21
    2.042392E+20   -7.074412E+21   -3.583309E+22   -5.984264E+23    1.195389E+23    2.408992E+21
    2.151135E+20   -7.450804E+21   -3.770929E+22   -6.196547E+23    1.197141E+23    2.838876E+21
    2.261955E+20   -7.834349E+21   -3.961649E+22   -6.501821E+23    1.169270E+23    3.066685E+21
    2.374880E+20   -8.225131E+21   -4.155463E+22   -6.885482E+23    1.115483E+23    2.960866E+21
    2.489936E+20   -8.623239E+21   -4.352361E+22   -7.329290E+23    1.037178E+23    3.019383E+21
    2.607151E+20   -9.028766E+21   -4.552332E+22   -7.813134E+23    9.353980E+22    3.046869E+21
    2.726555E+20   -9.441807E+21   -4.755363E+22   -8.316701E+23    8.204154E+22    3.226630E+21
    2.848177E+20   -9.862457E+21   -4.961438E+22   -8.820790E+23    7.173000E+22    3.063508E+21
    2.972048E+20   -1.029082E+22   -5.170536E+22   -9.308112E+23    6.564074E+22    3.221681E+21
    3.098199E+20   -1.072699E+22   -5.382636E+22   -9.763542E+23    6.512610E+22    3.176467E+21
    3.226662E+20   -1.117108E+22   -5.597709E+22   -1.017393E+24    6.818802E+22    3.258054E+21
    3.357470E+20   -1.162319E+22   -5.815727E+22   -1.052772E+24    7.025205E+22    3.205968E+21
    3.490656E+20   -1.208342E+22   -6.036652E+22   -1.081477E+24    6.732162E+22    3.306554E+21
    3.626256E+20   -1.255190E+22   -6.260447E+22   -1.102660E+24    5.900987E+22    3.257044E+21
    3.764303E+20   -1.302873E+22   -6.487066E+22   -1.115746E+24    4.861326E+22    3.339632E+21
    3.904833E+20   -1.351402E+22   -6.716461E+22   -1.120610E+24    4.004143E+22    3.299421E+21
    4.047883E+20   -1.400788E+22   -6.948576E+22   -1.117792E+24    3.463305E+22    3.386036E+21
    4.193489E+20   -1.451044E+22   -7.183350E+22   -1.108693E+24    3.102015E+22    3.337052E+21
    4.341689E+20   -1.502182E+22   -7.420718E+22   -1.095678E+24    2.768107E+22    3.425268E+21
    4.492522E+20   -1.554212E+22   -7.660605E+22   -1.081976E+24    2.463938E+22    3.389517E+21
    4.646026E+20   -1.607148E+22   -7.902933E+22   -1.071365E+24    2.215177E+22    3.447525E+21
    4.802241E+20   -1.661001E+22   -8.147615E+22   -1.067607E+24    1.874784E+22    3.457928E+21
    4.961208E+20   -1.715784E+22   -8.394557E+22   -1.073738E+24    1.233369E+22    3.461692E+21
    5.122968E+20   -1.771510E+22   -8.643658E+22   -1.091353E+24    3.528481E+21    3.522394E+21
    5.287563E+20   -1.828192E+22   -8.894808E+22   -1.120071E+24   -3.897456E+21    3.498171E+21
    5.455035E+20   -1.885841E+22   -9.147890E+22   -1.157386E+24   -7.323840E+21    3.552916E+21
    5.625427E+20   -1.944472E+22   -9.402778E+22   -1.199002E+24   -8.793352E+21    3.569358E+21
    5.798784E+20   -2.004097E+22   -9.659337E+22   -1.239656E+24   -1.227747E+22    3.572219E+21
    5.975151E+20   -2.064729E+22   -9.917423E+22   -1.274239E+24   -1.836512E+22    3.621327E+21
    6.154573E+20   -2.126383E+22   -1.017688E+23   -1.298961E+24   -2.437885E+22    3.634386E+21
    6.337097E+20   -2.189071E+22   -1.043755E+23   -1.312187E+24   -2.923220E+22    3.647017E+21
    6.522770E+20   -2.252808E+22   -1.069926E+23   -1.314704E+24   -3.443057E+22    3.686450E+21
    6.711640E+20   -2.317607E+22   -1.096182E+23   -1.309308E+24   -3.997831E+22    3.712635E+21
    6.903755E+20   -2.383481E+22   -1.122504E+23   -1.299874E+24   -4.387382E+22    3.724797E+21
    7.099167E+20   -2.450446E+22   -1.148872E+23   -1.290240E+24   -4.672795E+22    3.755503E+21
    7.297924E+20   -2.518514E+22   -1.175263E+23   -1.283315E+24   -5.165946E+22    3.792614E+21
    7.500078E+20   -2.587701E+22   -1.201656E+23   -1.280708E+24   -5.834909E+22    3.816771E+21
    7.705682E+20   -2.658021E+22   -1.228026E+23   -1.282918E+24   -6.327142E+22    3.838687E+21
    7.914789E+20   -2.729488E+22   -1.254348E+23   -1.289825E+24   -6.648079E+22    3.871111E+21
    8.127453E+20   -2.802116E+22   -1.280597E+23   -1.301063E+24   -7.095721E+22    3.909273E+21
    8.343728E+20   -2.875920E+22   -1.306744E+23   -1.315989E+24   -7.611726E+22    3.944428E+21
    8.563671E+20   -2.950914E+22   -1.332761E+23   -1.333226E+24   -8.003400E+22    3.976403E+21
    8.787338E+20   -3.027114E+22   -1.358619E+23   -1.350197E+24   -8.441587E+22    4.010034E+21
    9.014788E+20   -3.104534E+22   -1.384287E+23   -1.363221E+24   -8.986918E+22    4.048189E+21
    9.246078E+20   -3.183188E+22   -1.409732E+23   -1.368525E+24   -9.377592E+22    4.090272E+21
    9.481268E+20   -3.263092E+22   -1.434923E+23   -1.363932E+24   -9.706697E+22    4.134318E+21
    9.720420E+20   -3.344260E+22   -1.459823E+23   -1.350381E+24   -1.021535E+23    4.178586E+21
    9.963594E+20   -3.426707E+22   -1.484399E+23   -1.332194E+24   -1.067488E+23    4.221564E+21
    1.021085E+21   -3.510448E+22   -1.508614E+23   -1.315560E+24   -1.101213E+23    4.261088E+21
    1.046226E+21   -3.595497E+22   -1.532430E+23   -1.305728E+24   -1.146992E+23    4.293294E+21
    1.071789E+21   -3.681869E+22   -1.555811E+23   -1.304426E+24   -1.189505E+23    4.311618E+21
    1.097779E+21   -3.769579E+22   -1.578716E+23   -1.309095E+24   -1.222922E+23    4.305911E+21
    1.124204E+21   -3.858642E+22   -1.601107E+23   -1.314531E+24   -1.269529E+23    4.262085E+21
    1.151071E+21   -3.949071E+22   -1.622942E+23   -1.315890E+24   -1.309654E+23    4.163409E+21
    1.178386E+21   -4.040881E+22   -1.644182E+23   -1.311042E+24   -1.342408E+23    3.995419E+21
    1.206156E+21   -4.134087E+22   -1.664785E+23   -1.300749E+24   -1.387918E+23    3.756695E+21
    1.234389E+21   -4.228703E+22   -1.684710E+23   -1.286940E+24   -1.423880E+23    3.475643E+21
    1.263093E+21   -4.324741E+22   -1.703916E+23   -1.270929E+24   -1.460137E+23    3.226230E+21
    1.292273E+21   -4.422217E+22   -1.722362E+23   -1.253301E+24   -1.503150E+23    3.123239E+21
    1.321938E+21   -4.521144E+22   -1.740005E+23   -1.235254E+24   -1.534833E+23    3.269815E+21
    1.352096E+21   -4.621535E+22   -1.756807E+23   -1.219352E+24   -1.575940E+23    3.653343E+21
    1.382754E+21   -4.723403E+22   -1.772728E+23   -1.208000E+24   -1.612546E+23    4.062297E+21
    1.413920E+21   -4.826761E+22   -1.787728E+23   -1.200619E+24   -1.646557E+23    4.175041E+21
    1.445602E+21   -4.931620E+22   -1.801770E+23   -1.192702E+24   -1.687437E+23    3.875644E+21
    1.477808E+21   -5.037994E+22   -1.814818E+23   -1.178774E+24   -1.718863E+23    3.484507E+21
    1.510547E+21   -5.145894E+22   -1.826838E+23   -1.157137E+24   -1.759135E+23    3.408949E+21
    1.543827E+21   -5.255331E+22   -1.837798E+23   -1.131606E+24   -1.791960E+23    3.486978E+21
    1.577657E+21   -5.366316E+22   -1.847669E+23   -1.107951E+24   -1.829179E+23    3.231623E+21
    1.612045E+21   -5.478859E+22   -1.856423E+23   -1.088571E+24   -1.864565E+23    2.832236E+21
    1.647000E+21   -5.592970E+22   -1.864037E+23   -1.071196E+24   -1.899047E+23    2.754503E+21
    1.682531E+21   -5.708659E+22   -1.870491E+23   -1.052669E+24   -1.936054E+23    2.654524E+21
    1.718647E+21   -5.825933E+22   -1.875767E+23   -1.032554E+24   -1.969121E+23    2.446073E+21
    1.755358E+21   -5.944800E+22   -1.879855E+23   -1.011918E+24   -2.006769E+23    2.528898E+21
    1.792673E+21   -6.065268E+22   -1.882747E+23   -9.899627E+23   -2.039370E+23    2.550549E+21
    1.830601E+21   -6.187344E+22   -1.884440E+23   -9.646468E+23   -2.077107E+23    2.654484E+21
    1.869153E+21   -6.311032E+22   -1.884937E+23   -9.369369E+23   -2.109863E+23    2.808736E+21
    1.908338E+21   -6.436338E+22   -1.884247E+23   -9.113042E+23   -2.147390E+23    2.907177E+21
    1.948166E+21   -6.563265E+22   -1.882385E+23   -8.899574E+23   -2.180802E+23    3.057172E+21
    1.988648E+21   -6.691816E+22   -1.879372E+23   -8.691465E+23   -2.217835E+23    3.128724E+21
    2.029794E+21   -6.821993E+22   -1.875236E+23   -8.442618E+23   -2.252518E+23    3.236983E+21
    2.071614E+21   -6.953797E+22   -1.870012E+23   -8.163898E+23   -2.288672E+23    3.304453E+21
    2.114119E+21   -7.087227E+22   -1.863742E+23   -7.897243E+23   -2.325260E+23    3.365574E+21
    2.157320E+21   -7.222281E+22   -1.856477E+23   -7.645709E+23   -2.360430E+23    3.447889E+21
    2.201229E+21   -7.358956E+22   -1.848273E+23   -7.383833E+23   -2.398933E+23    3.488858E+21
    2.245856E+21   -7.497247E+22   -1.839196E+23   -7.118569E+23   -2.434100E+23    3.547795E+21
    2.291213E+21   -7.637150E+22   -1.829318E+23   -6.871988E+23   -2.473245E+23    3.612095E+21
    2.337312E+21   -7.778655E+22   -1.818720E+23   -6.622605E+23   -2.510531E+23    3.659739E+21
    2.384164E+21   -7.921754E+22   -1.807489E+23   -6.341717E+23   -2.548844E+23    3.703904E+21
    2.431781E+21   -8.066436E+22   -1.795721E+23   -6.059019E+23   -2.589184E+23    3.755047E+21
    2.480176E+21   -8.212688E+22   -1.783517E+23   -5.807966E+23   -2.627909E+23    3.808585E+21
    2.529360E+21   -8.360496E+22   -1.770984E+23   -5.558037E+23   -2.669244E+23    3.858720E+21
    2.579348E+21   -8.509842E+22   -1.758236E+23   -5.284333E+23   -2.711180E+23    3.903183E+21
    2.630150E+21   -8.660708E+22   -1.745390E+23   -5.017957E+23   -2.753069E+23    3.939970E+21
    2.681781E+21   -8.813073E+22   -1.732570E+23   -4.764306E+23   -2.797130E+23    3.963143E+21
    2.734253E+21   -8.966913E+22   -1.719901E+23   -4.494435E+23   -2.842452E+23    3.959671E+21
    2.787580E+21   -9.122203E+22   -1.707507E+23   -4.227580E+23   -2.888313E+23    3.908125E+21
    2.841776E+21   -9.278914E+22   -1.695518E+23   -3.982362E+23   -2.936120E+23    3.785215E+21
    2.896853E+21   -9.437014E+22   -1.684057E+23   -3.722432E+23   -2.986170E+23    3.593197E+21
    2.952827E+21   -9.596471E+22   -1.673250E+23   -3.451902E+23   -3.037657E+23    3.412505E+21
    3.009712E+21   -9.757247E+22   -1.663215E+23   -3.204281E+23   -3.091035E+23    3.422306E+21
    3.067522E+21   -9.919303E+22   -1.654064E+23   -2.951872E+23   -3.147212E+23    3.740259E+21
    3.126271E+21   -1.008259E+23   -1.645903E+23   -2.689116E+23   -3.206340E+23    4.091721E+21
    3.185975E+21   -1.024708E+23   -1.638827E+23   -2.444974E+23   -3.268318E+23    3.955659E+21
    3.246649E+21   -1.041270E+23   -1.632919E+23   -2.192753E+23   -3.333516E+23    3.584723E+21
    3.308308E+21   -1.057941E+23   -1.628250E+23   -1.935054E+23   -3.402592E+23    3.772974E+21
    3.370967E+21   -1.074715E+23   -1.624873E+23   -1.696644E+23   -3.476077E+23    3.869476E+21
    3.434643E+21   -1.091585E+23   -1.622827E+23   -1.445347E+23   -3.554300E+23    3.562190E+21
    3.499352E+21   -1.108547E+23   -1.622131E+23   -1.195695E+23   -3.637486E+23    3.508346E+21
    3.565110E+21   -1.125591E+23   -1.622784E+23   -9.587571E+22   -3.725745E+23    2.842222E+21
    3.631933E+21   -1.142712E+23   -1.624765E+23   -7.074221E+22   -3.818849E+23    2.499611E+21
    3.699838E+21   -1.159902E+23   -1.628033E+23   -4.691600E+22   -3.915830E+23    2.291962E+21
    3.768842E+21   -1.177151E+23   -1.632524E+23   -2.284448E+22   -4.014352E+23    2.968353E+21
    3.838962E+21   -1.194452E+23   -1.638154E+23    1.737673E+21   -4.109752E+23    3.376338E+21
    3.910216E+21   -1.211796E+23   -1.644819E+23    2.498485E+22   -4.193637E+23    2.748240E+21
    3.982622E+21   -1.229172E+23   -1.652396E+23    4.954050E+22   -4.251991E+23    2.417148E+21
    4.056197E+21   -1.246570E+23   -1.660748E+23    7.290946E+22   -4.263167E+23    3.499014E+21
    4.130959E+21   -1.263981E+23   -1.669724E+23    9.685535E+22   -4.196855E+23    3.562196E+21
    4.206928E+21   -1.281392E+23   -1.679162E+23    1.206382E+23   -4.016552E+23    3.029472E+21
    4.284120E+21   -1.298792E+23   -1.688897E+23    1.440230E+23   -3.689786E+23    4.041076E+21
    4.362556E+21   -1.316169E+23   -1.698763E+23    1.680886E+23   -3.210851E+23    3.321950E+21
    4.442254E+21   -1.333509E+23   -1.708600E+23    1.912135E+23   -2.636311E+23    3.901279E+21
    4.523233E+21   -1.350800E+23   -1.718261E+23    2.153485E+23   -2.118553E+23    3.296647E+21
    4.605513E+21   -1.368027E+23   -1.727616E+23    2.384610E+23   -1.897130E+23    3.339791E+21
    4.689112E+21   -1.385176E+23   -1.736560E+23    2.625954E+23   -2.192323E+23    2.747492E+21
    4.774052E+21   -1.402232E+23   -1.745021E+23    2.858067E+23   -2.993032E+23    3.581784E+21
    4.860351E+21   -1.419178E+23   -1.752966E+23    3.099783E+23   -3.884753E+23    3.863173E+21
    4.948030E+21   -1.435999E+23   -1.760404E+23    3.333418E+23   -4.218293E+23    3.668202E+21
    5.037108E+21   -1.452678E+23   -1.767399E+23    3.576276E+23   -3.732882E+23    3.792519E+21
    5.127607E+21   -1.469197E+23   -1.774063E+23    3.811947E+23   -3.032991E+23    4.034688E+21
    5.219545E+21   -1.485539E+23   -1.780569E+23    4.056606E+23   -2.943824E+23    3.902669E+21
    5.312944E+21   -1.501685E+23   -1.787145E+23    4.295298E+23   -3.205790E+23    4.098642E+21
    5.407823E+21   -1.517615E+23   -1.794075E+23    4.541934E+23   -2.826699E+23    4.026922E+21
    5.504203E+21   -1.533311E+23   -1.801696E+23    4.785318E+23   -2.051388E+23    3.735449E+21
    5.602103E+21   -1.548752E+23   -1.810388E+23    5.033696E+23   -1.849048E+23    3.662474E+21
    5.701545E+21   -1.563917E+23   -1.820567E+23    5.283677E+23   -1.658941E+23    3.379353E+21
    5.802547E+21   -1.578787E+23   -1.832673E+23    5.534159E+23   -1.126129E+23    3.026163E+21
    5.905129E+21   -1.593339E+23   -1.847152E+23    5.791397E+23   -1.111254E+23    2.987405E+21
    6.009311E+21   -1.607552E+23   -1.864441E+23    6.046600E+23   -1.071851E+23    3.260526E+21
    6.115112E+21   -1.621405E+23   -1.884946E+23    6.309488E+23   -1.070587E+23    3.458504E+21
    6.222549E+21   -1.634874E+23   -1.909021E+23    6.573722E+23   -1.325740E+23    3.341625E+21
    6.331641E+21   -1.647939E+23   -1.936948E+23    6.841309E+23   -1.401257E+23    3.111016E+21
    6.442405E+21   -1.660576E+23   -1.968913E+23    7.115854E+23   -1.690812E+23    3.204023E+21
    6.554857E+21   -1.672763E+23   -2.004987E+23    7.392188E+23   -1.767944E+23    3.764803E+21
    6.669013E+21   -1.684478E+23   -2.045111E+23    7.674744E+23   -2.003104E+23    3.759322E+21
    6.784888E+21   -1.695700E+23   -2.089079E+23    7.963734E+23   -2.077667E+23    3.346615E+21
    6.902494E+21   -1.706406E+23   -2.136534E+23    8.257013E+23   -2.228517E+23    3.710555E+21
    7.021845E+21   -1.716576E+23   -2.186968E+23    8.557139E+23   -2.353990E+23    3.438322E+21
    7.142950E+21   -1.726188E+23   -2.239728E+23    8.865192E+23   -2.416313E+23    3.678160E+21
    7.265818E+21   -1.735223E+23   -2.294034E+23    9.179743E+23   -2.562387E+23    3.669161E+21
    7.390455E+21   -1.743661E+23   -2.349006E+23    9.501886E+23   -2.648987E+23    3.607424E+21
    7.516867E+21   -1.751485E+23   -2.403692E+23    9.833500E+23   -2.720409E+23    3.500012E+21
    7.645056E+21   -1.758677E+23   -2.457116E+23    1.017432E+24   -2.831368E+23    3.283673E+21
    7.775021E+21   -1.765222E+23   -2.508324E+23    1.052426E+24   -2.937656E+23    3.118495E+21
    7.906758E+21   -1.771106E+23   -2.556434E+23    1.088460E+24   -3.019403E+23    3.104945E+21
    8.040260E+21   -1.776316E+23   -2.600688E+23    1.125648E+24   -3.100034E+23    3.030951E+21
    8.175517E+21   -1.780841E+23   -2.640504E+23    1.164011E+24   -3.193731E+23    2.835492E+21
    8.312514E+21   -1.784674E+23   -2.675518E+23    1.203569E+24   -3.295754E+23    2.781252E+21
    8.451232E+21   -1.787808E+23   -2.705615E+23    1.244388E+24   -3.397583E+23    3.020627E+21
    8.591646E+21   -1.790240E+23   -2.730947E+23    1.286544E+24   -3.495056E+23    3.415790E+21
    8.733728E+21   -1.791968E+23   -2.751941E+23    1.330077E+24   -3.586588E+23    3.115708E+21
    8.877442E+21   -1.792994E+23   -2.769274E+23    1.374991E+24   -3.668860E+23    3.705462E+21
    9.022748E+21   -1.793324E+23   -2.783844E+23    1.421266E+24   -3.733387E+23    3.329880E+21
    9.169597E+21   -1.792965E+23   -2.796715E+23    1.468868E+24   -3.764104E+23    3.897785E+21
    9.317935E+21   -1.791929E+23   -2.809049E+23    1.517735E+24   -3.736316E+23    3.694060E+21
    9.467700E+21   -1.790230E+23   -2.822028E+23    1.567764E+24   -3.619380E+23    3.694144E+21
    9.618822E+21   -1.787886E+23   -2.836773E+23    1.618803E+24   -3.387562E+23    4.098732E+21
    9.771225E+21   -1.784920E+23   -2.854265E+23    1.670645E+24   -3.042534E+23    4.151385E+21
    9.924820E+21   -1.781356E+23   -2.875274E+23    1.723032E+24   -2.642949E+23    4.037189E+21
    1.007951E+22   -1.777223E+23   -2.900311E+23    1.775662E+24   -2.320123E+23    4.038861E+21
    1.023520E+22   -1.772554E+23   -2.929594E+23    1.828195E+24   -2.245069E+23    4.114835E+21
    1.039178E+22   -1.767383E+23   -2.963045E+23    1.880275E+24   -2.527542E+23    4.155166E+21
    1.054911E+22   -1.761748E+23   -3.000313E+23    1.931535E+24   -3.090610E+23    4.125382E+21
    1.070708E+22   -1.755690E+23   -3.040818E+23    1.981616E+24   -3.636971E+23    4.041453E+21
    1.086555E+22   -1.749253E+23   -3.083818E+23    2.030157E+24   -3.805150E+23    3.927522E+21
    1.102436E+22   -1.742481E+23   -3.128484E+23    2.076768E+24   -3.450254E+23    3.802475E+21
    1.118337E+22   -1.735421E+23   -3.173981E+23    2.120953E+24   -2.805315E+23    3.680343E+21
    1.134242E+22   -1.728122E+23   -3.219548E+23    2.161979E+24   -2.325381E+23    3.571017E+21
    1.150134E+22   -1.720630E+23   -3.264554E+23    2.198687E+24   -2.317341E+23    3.480432E+21
    1.165996E+22   -1.712996E+23   -3.308541E+23    2.229258E+24   -2.698742E+23    3.412689E+21
    1.181812E+22   -1.705266E+23   -3.351248E+23    2.250997E+24   -3.108124E+23    3.373113E+21
    1.197563E+22   -1.697488E+23   -3.392602E+23    2.260229E+24   -3.235115E+23    3.368967E+21
    1.213233E+22   -1.689706E+23   -3.432695E+23    2.252495E+24   -3.050183E+23    3.405808E+21
    1.228803E+22   -1.681965E+23   -3.471742E+23    2.223228E+24   -2.758985E+23    3.481449E+21
    1.244257E+22   -1.674305E+23   -3.510029E+23    2.169080E+24   -2.578280E+23    3.588182E+21
    1.259577E+22   -1.666763E+23   -3.547864E+23    2.089764E+24   -2.559996E+23    3.735057E+21
    1.274747E+22   -1.659375E+23   -3.585526E+23    1.989823E+24   -2.604663E+23    3.926564E+21
    1.289751E+22   -1.652172E+23   -3.623228E+23    1.879065E+24   -2.611253E+23    3.992418E+21
    1.304574E+22   -1.645182E+23   -3.661090E+23    1.770192E+24   -2.584020E+23    3.841314E+21
    1.319203E+22   -1.638429E+23   -3.699135E+23    1.673294E+24   -2.595031E+23    3.951422E+21
    1.333622E+22   -1.631932E+23   -3.737284E+23    1.589833E+24   -2.705221E+23    3.620217E+21
    1.347822E+22   -1.625709E+23   -3.775377E+23    1.511799E+24   -2.972948E+23    3.804049E+21
    1.361789E+22   -1.619772E+23   -3.813195E+23    1.430042E+24   -3.448713E+23    3.254735E+21
    1.375515E+22   -1.614131E+23   -3.850484E+23    1.345973E+24   -3.988250E+23    3.336373E+21
    1.388989E+22   -1.608791E+23   -3.886987E+23    1.271260E+24   -4.084361E+23    3.243891E+21
