    5.000000E-01    5.000000E-01    5.000000E-01    5.000000E-01    5.000000E-01    5.000000E-01
   -3.365905E+16   -9.715000E+15   -4.024435E+15   -8.658451E+14   -5.642236E+14   -3.164661E+14
   -6.025358E+16   -1.739097E+16   -7.204200E+15   -1.549766E+15   -1.009352E+15   -5.633502E+14
   -8.126545E+16   -2.345562E+16   -9.716473E+15   -2.089908E+15   -1.360311E+15   -7.549894E+14
   -9.786673E+16   -2.824724E+16   -1.170139E+16   -2.516439E+15   -1.636813E+15   -9.027028E+14
   -1.109832E+17   -3.203306E+16   -1.326966E+16   -2.853189E+15   -1.854421E+15   -1.015409E+15
   -1.213465E+17   -3.502419E+16   -1.450872E+16   -3.118982E+15   -2.025429E+15   -1.100129E+15
   -1.295344E+17   -3.738746E+16   -1.548769E+16   -3.328693E+15   -2.159542E+15   -1.162383E+15
   -1.360035E+17   -3.925465E+16   -1.626116E+16   -3.494068E+15   -2.264425E+15   -1.206506E+15
   -1.411148E+17   -4.072990E+16   -1.687227E+16   -3.624390E+15   -2.346124E+15   -1.235889E+15
   -1.451531E+17   -4.189549E+16   -1.735510E+16   -3.726988E+15   -2.409411E+15   -1.253180E+15
   -1.483438E+17   -4.281640E+16   -1.773657E+16   -3.807651E+15   -2.458047E+15   -1.260431E+15
   -1.508647E+17   -4.354401E+16   -1.803796E+16   -3.870952E+15   -2.494996E+15   -1.259227E+15
   -1.528564E+17   -4.411888E+16   -1.827608E+16   -3.920500E+15   -2.522591E+15   -1.250776E+15
   -1.544301E+17   -4.457308E+16   -1.846421E+16   -3.959143E+15   -2.542665E+15   -1.235986E+15
   -1.556734E+17   -4.493194E+16   -1.861284E+16   -3.989129E+15   -2.556654E+15   -1.215526E+15
   -1.566557E+17   -4.521547E+16   -1.873026E+16   -4.012232E+15   -2.565684E+15   -1.189869E+15
   -1.574319E+17   -4.543948E+16   -1.882303E+16   -4.029847E+15   -2.570630E+15   -1.159330E+15
   -1.580451E+17   -4.561647E+16   -1.889631E+16   -4.043075E+15   -2.572170E+15   -1.124095E+15
   -1.585296E+17   -4.575631E+16   -1.895421E+16   -4.052780E+15   -2.570827E+15   -1.084242E+15
   -1.589124E+17   -4.586679E+16   -1.899993E+16   -4.059641E+15   -2.566995E+15   -1.039759E+15
   -1.592148E+17   -4.595408E+16   -1.903605E+16   -4.064189E+15   -2.560972E+15   -9.905559E+14
   -1.594538E+17   -4.602305E+16   -1.906458E+16   -4.066837E+15   -2.552972E+15   -9.364754E+14
   -1.596426E+17   -4.607754E+16   -1.908710E+16   -4.067908E+15   -2.543146E+15   -8.772989E+14
   -1.597918E+17   -4.612059E+16   -1.910488E+16   -4.067650E+15   -2.531590E+15   -8.127522E+14
   -1.599096E+17   -4.615460E+16   -1.911891E+16   -4.066250E+15   -2.518358E+15   -7.425088E+14
   -1.600027E+17   -4.618147E+16   -1.912998E+16   -4.063851E+15   -2.503466E+15   -6.661921E+14
   -1.600763E+17   -4.620270E+16   -1.913871E+16   -4.060557E+15   -2.486900E+15   -5.833762E+14
   -1.601344E+17   -4.621947E+16   -1.914558E+16   -4.056441E+15   -2.468620E+15   -4.935854E+14
   -1.601804E+17   -4.623271E+16   -1.915099E+16   -4.051553E+15   -2.448562E+15   -3.962937E+14
   -1.602167E+17   -4.624318E+16   -1.915524E+16   -4.045921E+15   -2.426638E+15   -2.909227E+14
   -1.602453E+17   -4.625144E+16   -1.915857E+16   -4.039556E+15   -2.402746E+15   -1.768398E+14
   -1.602680E+17   -4.625797E+16   -1.916118E+16   -4.032456E+15   -2.376761E+15   -5.335471E+13
   -1.602859E+17   -4.626312E+16   -1.916321E+16   -4.024606E+15   -2.348541E+15    8.028361E+13
   -1.603000E+17   -4.626719E+16   -1.916478E+16   -4.015980E+15   -2.317929E+15    2.248913E+14
   -1.603112E+17   -4.627040E+16   -1.916598E+16   -4.006543E+15   -2.284745E+15    3.813538E+14
   -1.603200E+17   -4.627294E+16   -1.916690E+16   -3.996251E+15   -2.248796E+15    5.506314E+14
   -1.603270E+17   -4.627494E+16   -1.916758E+16   -3.985053E+15   -2.209866E+15    7.337644E+14
   -1.603325E+17   -4.627651E+16   -1.916807E+16   -3.972886E+15   -2.167721E+15    9.318796E+14
   -1.603369E+17   -4.627775E+16   -1.916841E+16   -3.959685E+15   -2.122106E+15    1.146197E+15
   -1.603403E+17   -4.627872E+16   -1.916863E+16   -3.945372E+15   -2.072742E+15    1.378037E+15
   -1.603430E+17   -4.627949E+16   -1.916875E+16   -3.929864E+15   -2.019329E+15    1.628828E+15
   -1.603452E+17   -4.628008E+16   -1.916878E+16   -3.913068E+15   -1.961538E+15    1.900118E+15
   -1.603469E+17   -4.628055E+16   -1.916873E+16   -3.894885E+15   -1.899015E+15    2.193579E+15
   -1.603482E+17   -4.628091E+16   -1.916863E+16   -3.875202E+15   -1.831376E+15    2.511021E+15
   -1.603493E+17   -4.628119E+16   -1.916847E+16   -3.853902E+15   -1.758203E+15    2.854403E+15
   -1.603501E+17   -4.628140E+16   -1.916826E+16   -3.830853E+15   -1.679047E+15    3.225842E+15
   -1.603508E+17   -4.628155E+16   -1.916800E+16   -3.805915E+15   -1.593420E+15    3.627632E+15
   -1.603513E+17   -4.628167E+16   -1.916770E+16   -3.778935E+15   -1.500793E+15    4.062252E+15
   -1.603517E+17   -4.628175E+16   -1.916736E+16   -3.749746E+15   -1.400596E+15    4.532382E+15
   -1.603521E+17   -4.628180E+16   -1.916697E+16   -3.718169E+15   -1.292210E+15    5.040924E+15
   -1.603523E+17   -4.628183E+16   -1.916654E+16   -3.684010E+15   -1.174968E+15    5.591017E+15
   -1.603525E+17   -4.628184E+16   -1.916607E+16   -3.647058E+15   -1.048145E+15    6.186054E+15
   -1.603527E+17   -4.628183E+16   -1.916555E+16   -3.607085E+15   -9.109594E+14    6.829709E+15
   -1.603528E+17   -4.628181E+16   -1.916499E+16   -3.563846E+15   -7.625645E+14    7.525952E+15
   -1.603529E+17   -4.628177E+16   -1.916437E+16   -3.517072E+15   -6.020446E+14    8.279081E+15
   -1.603530E+17   -4.628173E+16   -1.916370E+16   -3.466477E+15   -4.284093E+14    9.093744E+15
   -1.603531E+17   -4.628167E+16   -1.916297E+16   -3.411746E+15   -2.405870E+14    9.974967E+15
   -1.603532E+17   -4.628161E+16   -1.916218E+16   -3.352544E+15   -3.741870E+13    1.092819E+16
   -1.603532E+17   -4.628153E+16   -1.916132E+16   -3.288505E+15    1.823494E+14    1.195929E+16
   -1.603533E+17   -4.628145E+16   -1.916040E+16   -3.219232E+15    4.200735E+14    1.307464E+16
   -1.603533E+17   -4.628136E+16   -1.915939E+16   -3.144300E+15    6.772207E+14    1.428112E+16
   -1.603533E+17   -4.628125E+16   -1.915830E+16   -3.063246E+15    9.553778E+14    1.558617E+16
   -1.603534E+17   -4.628114E+16   -1.915713E+16   -2.975568E+15    1.256262E+15    1.699785E+16
   -1.603534E+17   -4.628102E+16   -1.915585E+16   -2.880727E+15    1.581729E+15    1.852487E+16
   -1.603534E+17   -4.628088E+16   -1.915448E+16   -2.778137E+15    1.933788E+15    2.017665E+16
   -1.603534E+17   -4.628073E+16   -1.915299E+16   -2.667165E+15    2.314612E+15    2.196339E+16
   -1.603535E+17   -4.628057E+16   -1.915137E+16   -2.547126E+15    2.726551E+15    2.389611E+16
   -1.603535E+17   -4.628040E+16   -1.914963E+16   -2.417280E+15    3.172148E+15    2.598675E+16
   -1.603535E+17   -4.628021E+16   -1.914774E+16   -2.276824E+15    3.654152E+15    2.824821E+16
   -1.603535E+17   -4.628001E+16   -1.914570E+16   -2.124892E+15    4.175538E+15    3.069443E+16
   -1.603536E+17   -4.627979E+16   -1.914349E+16   -1.960546E+15    4.739524E+15    3.334053E+16
   -1.603536E+17   -4.627955E+16   -1.914110E+16   -1.782773E+15    5.349591E+15    3.620282E+16
   -1.603536E+17   -4.627930E+16   -1.913851E+16   -1.590474E+15    6.009504E+15    3.929899E+16
   -1.603537E+17   -4.627902E+16   -1.913572E+16   -1.382463E+15    6.723335E+15    4.264813E+16
   -1.603537E+17   -4.627872E+16   -1.913269E+16   -1.157457E+15    7.495492E+15    4.627091E+16
   -1.603537E+17   -4.627839E+16   -1.912942E+16   -9.140659E+14    8.330739E+15    5.018971E+16
   -1.603538E+17   -4.627804E+16   -1.912588E+16   -6.507882E+14    9.234231E+15    5.442870E+16
   -1.603538E+17   -4.627765E+16   -1.912205E+16   -3.659987E+14    1.021155E+16    5.901405E+16
   -1.603539E+17   -4.627724E+16   -1.911791E+16   -5.793975E+13    1.126871E+16    6.397406E+16
   -1.603539E+17   -4.627679E+16   -1.911343E+16    2.752902E+14    1.241226E+16    6.933934E+16
   -1.603540E+17   -4.627631E+16   -1.910858E+16    6.357480E+14    1.364925E+16    7.514303E+16
   -1.603541E+17   -4.627579E+16   -1.910334E+16    1.025659E+15    1.498731E+16    8.142094E+16
   -1.603541E+17   -4.627522E+16   -1.909767E+16    1.447429E+15    1.643470E+16    8.821182E+16
   -1.603542E+17   -4.627461E+16   -1.909154E+16    1.903662E+15    1.800036E+16    9.555760E+16
   -1.603543E+17   -4.627394E+16   -1.908490E+16    2.397174E+15    1.969395E+16    1.035036E+17
   -1.603544E+17   -4.627323E+16   -1.907772E+16    2.931013E+15    2.152593E+16    1.120990E+17
   -1.603545E+17   -4.627245E+16   -1.906996E+16    3.508473E+15    2.350761E+16    1.213967E+17
   -1.603546E+17   -4.627161E+16   -1.906156E+16    4.133119E+15    2.565122E+16    1.314541E+17
   -1.603547E+17   -4.627071E+16   -1.905248E+16    4.808808E+15    2.796999E+16    1.423335E+17
   -1.603548E+17   -4.626973E+16   -1.904265E+16    5.539711E+15    3.047824E+16    1.541019E+17
   -1.603549E+17   -4.626866E+16   -1.903202E+16    6.330341E+15    3.319146E+16    1.668320E+17
   -1.603551E+17   -4.626752E+16   -1.902052E+16    7.185580E+15    3.612640E+16    1.806025E+17
   -1.603552E+17   -4.626627E+16   -1.900809E+16    8.110708E+15    3.930118E+16    1.954984E+17
   -1.603554E+17   -4.626493E+16   -1.899463E+16    9.111439E+15    4.273541E+16    2.116116E+17
   -1.603556E+17   -4.626348E+16   -1.898008E+16    1.019395E+16    4.645030E+16    2.290419E+17
   -1.603558E+17   -4.626191E+16   -1.896433E+16    1.136493E+16    5.046878E+16    2.478968E+17
   -1.603560E+17   -4.626020E+16   -1.894730E+16    1.263161E+16    5.481568E+16    2.682928E+17
   -1.603562E+17   -4.625837E+16   -1.892888E+16    1.400181E+16    5.951785E+16    2.903560E+17
   -1.603564E+17   -4.625638E+16   -1.890896E+16    1.548399E+16    6.460433E+16    3.142228E+17
   -1.603567E+17   -4.625422E+16   -1.888740E+16    1.708732E+16    7.010654E+16    3.400407E+17
   -1.603570E+17   -4.625189E+16   -1.886408E+16    1.882169E+16    7.605849E+16    3.679693E+17
   -1.603573E+17   -4.624938E+16   -1.883886E+16    2.069783E+16    8.249695E+16    3.981815E+17
   -1.603576E+17   -4.624665E+16   -1.881157E+16    2.272732E+16    8.946170E+16    4.308642E+17
   -1.603580E+17   -4.624370E+16   -1.878206E+16    2.492270E+16    9.699580E+16    4.662195E+17
   -1.603584E+17   -4.624051E+16   -1.875013E+16    2.729755E+16    1.051458E+17    5.044665E+17
   -1.603588E+17   -4.623707E+16   -1.871559E+16    2.986655E+16    1.139621E+17    5.458420E+17
   -1.603592E+17   -4.623333E+16   -1.867823E+16    3.264557E+16    1.234993E+17    5.906025E+17
   -1.603597E+17   -4.622930E+16   -1.863781E+16    3.565179E+16    1.338162E+17    6.390254E+17
   -1.603603E+17   -4.622493E+16   -1.859409E+16    3.890381E+16    1.449768E+17    6.914112E+17
   -1.603608E+17   -4.622021E+16   -1.854679E+16    4.242175E+16    1.570500E+17    7.480852E+17
   -1.603614E+17   -4.621510E+16   -1.849563E+16    4.622735E+16    1.701106E+17    8.093996E+17
   -1.603621E+17   -4.620957E+16   -1.844028E+16    5.034418E+16    1.842395E+17    8.757358E+17
   -1.603628E+17   -4.620359E+16   -1.838040E+16    5.479770E+16    1.995242E+17    9.475070E+17
   -1.603635E+17   -4.619713E+16   -1.831563E+16    5.961549E+16    2.160592E+17    1.025160E+18
   -1.603643E+17   -4.619013E+16   -1.824556E+16    6.482738E+16    2.339472E+17    1.109181E+18
   -1.603652E+17   -4.618256E+16   -1.816976E+16    7.046564E+16    2.532991E+17    1.200095E+18
   -1.603661E+17   -4.617438E+16   -1.808776E+16    7.656522E+16    2.742347E+17    1.298472E+18
   -1.603671E+17   -4.616552E+16   -1.799905E+16    8.316392E+16    2.968842E+17    1.404929E+18
   -1.603681E+17   -4.615595E+16   -1.790308E+16    9.030265E+16    3.213881E+17    1.520138E+18
   -1.603691E+17   -4.614560E+16   -1.779925E+16    9.802570E+16    3.478988E+17    1.644826E+18
   -1.603702E+17   -4.613440E+16   -1.768693E+16    1.063810E+17    3.765810E+17    1.779783E+18
   -1.603713E+17   -4.612230E+16   -1.756541E+16    1.154204E+17    4.076134E+17    1.925869E+18
   -1.603723E+17   -4.610921E+16   -1.743395E+16    1.252001E+17    4.411892E+17    2.084017E+18
   -1.603733E+17   -4.609507E+16   -1.729173E+16    1.357810E+17    4.775180E+17    2.255244E+18
   -1.603742E+17   -4.607979E+16   -1.713786E+16    1.472287E+17    5.168264E+17    2.440658E+18
   -1.603749E+17   -4.606329E+16   -1.697139E+16    1.596147E+17    5.593603E+17    2.641465E+18
   -1.603753E+17   -4.604547E+16   -1.679128E+16    1.730161E+17    6.053860E+17    2.858983E+18
   -1.603752E+17   -4.602625E+16   -1.659643E+16    1.875166E+17    6.551923E+17    3.094653E+18
   -1.603743E+17   -4.600553E+16   -1.638561E+16    2.032068E+17    7.090920E+17    3.350051E+18
   -1.603725E+17   -4.598321E+16   -1.615753E+16    2.201850E+17    7.674246E+17    3.626908E+18
   -1.603692E+17   -4.595920E+16   -1.591076E+16    2.385576E+17    8.305581E+17    3.927121E+18
   -1.603639E+17   -4.593342E+16   -1.564377E+16    2.584403E+17    8.988921E+17    4.252781E+18
   -1.603558E+17   -4.590580E+16   -1.535492E+16    2.799583E+17    9.728600E+17    4.606193E+18
   -1.603436E+17   -4.587627E+16   -1.504240E+16    3.032480E+17    1.052933E+18    4.989909E+18
   -1.603259E+17   -4.584482E+16   -1.470429E+16    3.284575E+17    1.139621E+18    5.406753E+18
   -1.603006E+17   -4.581147E+16   -1.433849E+16    3.557482E+17    1.233480E+18    5.859868E+18
   -1.602648E+17   -4.577634E+16   -1.394275E+16    3.852960E+17    1.335114E+18    6.352756E+18
   -1.602144E+17   -4.573960E+16   -1.351462E+16    4.172935E+17    1.445177E+18    6.889333E+18
   -1.601440E+17   -4.570162E+16   -1.305148E+16    4.519519E+17    1.564384E+18    7.473989E+18
   -1.600461E+17   -4.566294E+16   -1.255047E+16    4.895038E+17    1.693507E+18    8.111660E+18
   -1.599105E+17   -4.562439E+16   -1.200851E+16    5.302069E+17    1.833387E+18    8.807911E+18
   -1.597231E+17   -4.558719E+16   -1.142230E+16    5.743484E+17    1.984937E+18    9.569028E+18
   -1.594646E+17   -4.555314E+16   -1.078822E+16    6.222516E+17    2.149143E+18    1.040213E+19
   -1.591087E+17   -4.552475E+16   -1.010237E+16    6.742844E+17    2.327072E+18    1.131526E+19
   -1.586193E+17   -4.550559E+16   -9.360503E+15    7.308708E+17    2.519871E+18    1.231758E+19
   -1.579470E+17   -4.550067E+16   -8.557944E+15    7.925081E+17    2.728764E+18    1.341940E+19
   -1.570239E+17   -4.551694E+16   -7.689532E+15    8.597902E+17    2.955048E+18    1.463239E+19
   -1.557575E+17   -4.556404E+16   -6.749470E+15    9.334420E+17    3.200073E+18    1.596965E+19
   -1.540207E+17   -4.565527E+16   -5.731135E+15    1.014368E+18    3.465218E+18    1.744579E+19
   -1.516395E+17   -4.580895E+16   -4.626773E+15    1.103724E+18    3.751836E+18    1.907688E+19
   -1.483761E+17   -4.605021E+16   -3.427032E+15    1.203021E+18    4.061176E+18    2.088040E+19
   -1.439042E+17   -4.641353E+16   -2.120243E+15    1.314274E+18    4.394253E+18    2.287479E+19
   -1.377776E+17   -4.694608E+16   -6.913230E+14    1.440229E+18    4.751647E+18    2.507896E+19
   -1.293851E+17   -4.771230E+16    8.799201E+14    1.584681E+18    5.133197E+18    2.751115E+19
   -1.178896E+17   -4.880015E+16    2.621379E+15    1.752957E+18    5.537535E+18    3.018732E+19
   -1.021454E+17   -5.032953E+16    4.572599E+15    1.952609E+18    5.961381E+18    3.311880E+19
   -8.058345E+16   -5.246376E+16    6.790801E+15    2.194445E+18    6.398496E+18    3.630876E+19
   -5.105585E+16   -5.542497E+16    9.360016E+15    2.494037E+18    6.838116E+18    3.974759E+19
   -1.062176E+16   -5.951513E+16    1.240490E+16    2.873933E+18    7.262636E+18    4.340661E+19
    4.474480E+16   -6.514422E+16    1.611162E+16    3.366909E+18    7.644184E+18    4.723031E+19
    1.205551E+17   -7.286841E+16    2.075918E+16    4.020742E+18    7.939588E+18    5.112679E+19
    2.243534E+17   -8.344134E+16    2.676661E+16    4.905203E+18    8.082977E+18    5.495718E+19
    3.664654E+17   -9.788318E+16    3.476343E+16    6.122313E+18    7.974978E+18    5.852465E+19
    5.610234E+17   -1.175733E+17    4.569508E+16    7.821364E+18    7.466940E+18    6.156494E+19
    8.273663E+17   -1.443745E+17    6.097994E+16    1.022089E+19    6.338011E+18    6.374123E+19
    1.191955E+18   -1.807989E+17    8.274301E+16    1.364080E+19    4.261901E+18    6.464769E+19
    1.690989E+18   -2.302301E+17    1.141626E+17    1.854929E+19    7.588770E+17    6.382766E+19
    2.373983E+18   -2.972172E+17    1.599841E+17    2.563122E+19   -4.873356E+18    6.081420E+19
    3.308644E+18   -3.878673E+17    2.272791E+17    3.588777E+19   -1.365877E+19    5.520144E+19
    4.587542E+18   -5.103626E+17    3.265662E+17    5.078131E+19   -2.708453E+19    4.675506E+19
    6.337192E+18   -6.756437E+17    4.734607E+17    7.244569E+19   -4.730224E+19    3.556592E+19
    8.730449E+18   -8.983057E+17    6.910996E+17    1.039909E+20   -7.741240E+19    2.224182E+19
    1.200339E+19   -1.197770E+18    1.013699E+18    1.499440E+20   -1.218646E+20    8.114719E+18
    1.647827E+19   -1.599809E+18    1.491758E+18    2.168846E+20   -1.870166E+20   -4.585508E+18
    2.259482E+19   -2.138513E+18    2.199672E+18    3.143603E+20   -2.819104E+20   -1.267427E+19
    3.095260E+19   -2.858821E+18    3.246811E+18    4.562005E+20   -4.193403E+20   -1.218715E+19
    4.236868E+19   -3.819737E+18    4.793657E+18    6.623966E+20   -6.173112E+20    1.090098E+18
    5.795561E+19   -5.098388E+18    7.075207E+18    9.617853E+20   -9.010089E+20    3.066371E+19
    7.922702E+19   -6.795081E+18    1.043486E+19    1.395862E+21   -1.305435E+21    7.802489E+19
    1.082402E+20   -9.039512E+18    1.537338E+19    2.024185E+21   -1.878885E+21    1.413507E+20
    1.477884E+20   -1.199826E+19    2.261937E+19    2.931988E+21   -2.687480E+21    2.149328E+20
    2.016595E+20   -1.588360E+19    3.323062E+19    4.240881E+21   -3.820985E+21    2.903236E+20
    2.749832E+20   -2.096358E+19    4.873918E+19    6.123777E+21   -5.400150E+21    3.600198E+20
    3.746958E+20   -2.757293E+19    7.135860E+19    8.825638E+21   -7.585817E+21    4.234634E+20
    5.101611E+20   -3.612411E+19    1.042790E+20    1.269211E+22   -1.059000E+22    4.931173E+20
    6.939968E+20   -4.711690E+19    1.520855E+20    1.820878E+22   -1.468915E+22    5.961510E+20
    9.431699E+20   -6.114404E+19    2.213502E+20    2.605463E+22   -2.023965E+22    7.670582E+20
    1.280446E+21   -7.888860E+19    3.214650E+20    3.717422E+22   -2.769587E+22    1.031110E+21
    1.736294E+21   -1.011065E+20    4.658110E+20    5.287430E+22   -3.763087E+22    1.388251E+21
    2.351387E+21   -1.285840E+20    6.733897E+20    7.495189E+22   -5.076043E+22    1.815293E+21
    3.179859E+21   -1.620543E+20    9.710926E+20    1.058623E+23   -6.797155E+22    2.297684E+21
    4.293527E+21   -2.020515E+20    1.396840E+21    1.489370E+23   -9.035751E+22    2.873146E+21
    5.787346E+21   -2.486693E+20    2.003898E+21    2.086620E+23   -1.192629E+23    3.638807E+21
    7.786387E+21   -3.011764E+20    2.866797E+21    2.910299E+23   -1.563431E+23    4.691064E+21
    1.045473E+22   -3.574272E+20    4.089370E+21    4.039755E+23   -2.036444E+23    6.052730E+21
    1.400671E+22   -4.129758E+20    5.815639E+21    5.579078E+23   -2.637091E+23    7.701867E+21
    1.872110E+22   -4.597829E+20    8.244453E+21    7.663475E+23   -3.397107E+23   -3.140812E+22
    2.496044E+22   -4.844788E+20    1.164926E+22    1.046702E+24   -4.356498E+23   -2.076709E+22
    3.322342E+22   -4.681624E+20    1.640876E+22    1.421748E+24   -5.572068E+23    2.249906E+22
    2.862582E+22    1.559075E+20    1.699431E+22    1.205494E+24    1.882120E+22    2.054841E+22
    2.841815E+22    1.835490E+20    1.701792E+22    1.194516E+24    4.467030E+22    1.908294E+22
    2.821230E+22    2.109958E+20    1.704155E+22    1.183396E+24    7.054277E+22    1.753929E+22
    2.800826E+22    2.382492E+20    1.706521E+22    1.172135E+24    9.642469E+22    1.592413E+22
    2.780599E+22    2.653107E+20    1.708889E+22    1.160732E+24    1.223020E+23    1.424446E+22
    2.760550E+22    2.921817E+20    1.711260E+22    1.149188E+24    1.481605E+23    1.250762E+22
    2.740678E+22    3.188634E+20    1.713632E+22    1.137504E+24    1.739861E+23    1.072121E+22
    2.720980E+22    3.453572E+20    1.716007E+22    1.125680E+24    1.997643E+23    8.893092E+21
    2.701456E+22    3.716645E+20    1.718384E+22    1.113715E+24    2.254806E+23    7.031324E+21
    2.682104E+22    3.977863E+20    1.720763E+22    1.101611E+24    2.511207E+23    5.144156E+21
    2.662924E+22    4.237240E+20    1.723145E+22    1.089368E+24    2.766698E+23    3.239981E+21
    2.643915E+22    4.494787E+20    1.725528E+22    1.076987E+24    3.021133E+23    1.327297E+21
    2.625074E+22    4.750515E+20    1.727913E+22    1.064467E+24    3.274365E+23   -5.853311E+20
    2.606402E+22    5.004435E+20    1.730301E+22    1.051810E+24    3.526246E+23   -2.489309E+21
    2.587897E+22    5.256559E+20    1.732690E+22    1.039016E+24    3.776628E+23   -4.376051E+21
    2.569558E+22    5.506896E+20    1.735082E+22    1.026085E+24    4.025361E+23   -6.237026E+21
    2.551384E+22    5.755456E+20    1.737475E+22    1.013018E+24    4.272299E+23   -8.063790E+21
    2.533375E+22    6.002246E+20    1.739871E+22    9.998158E+23    4.517290E+23   -9.848031E+21
    2.515530E+22    6.247274E+20    1.742268E+22    9.864790E+23    4.760186E+23   -1.158161E+22
    2.497849E+22    6.490545E+20    1.744667E+22    9.730082E+23    5.000838E+23   -1.325659E+22
    2.480330E+22    6.732066E+20    1.747068E+22    9.594041E+23    5.239097E+23   -1.486529E+22
    2.462973E+22    6.971842E+20    1.749471E+22    9.456675E+23    5.474814E+23   -1.640032E+22
    2.445778E+22    7.209878E+20    1.751875E+22    9.317989E+23    5.707840E+23   -1.785461E+22
    2.428744E+22    7.446177E+20    1.754282E+22    9.177994E+23    5.938027E+23   -1.922145E+22
    2.411871E+22    7.680742E+20    1.756689E+22    9.036695E+23    6.165227E+23   -2.049453E+22
    2.395159E+22    7.913573E+20    1.759099E+22    8.894103E+23    6.389293E+23   -2.166797E+22
    2.378607E+22    8.144670E+20    1.761510E+22    8.750225E+23    6.610078E+23   -2.273634E+22
    2.362217E+22    8.374034E+20    1.763922E+22    8.605070E+23    6.827437E+23   -2.369473E+22
    2.345987E+22    8.601662E+20    1.766337E+22    8.458648E+23    7.041224E+23   -2.453872E+22
    2.329918E+22    8.827554E+20    1.768752E+22    8.310968E+23    7.251297E+23   -2.526445E+22
    2.314010E+22    9.051707E+20    1.771169E+22    8.162040E+23    7.457511E+23   -2.586863E+22
    2.298263E+22    9.274120E+20    1.773587E+22    8.011874E+23    7.659725E+23   -2.634855E+22
    2.282677E+22    9.494791E+20    1.776007E+22    7.860480E+23    7.857800E+23   -2.670212E+22
    2.267252E+22    9.713718E+20    1.778427E+22    7.707869E+23    8.051595E+23   -2.692787E+22
    2.251989E+22    9.930898E+20    1.780849E+22    7.554052E+23    8.240975E+23   -2.702495E+22
    2.236887E+22    1.014633E+21    1.783272E+22    7.399040E+23    8.425803E+23   -2.699318E+22
    2.221947E+22    1.036000E+21    1.785696E+22    7.242844E+23    8.605946E+23   -2.683301E+22
    2.207169E+22    1.057192E+21    1.788122E+22    7.085478E+23    8.781271E+23   -2.654555E+22
    2.192554E+22    1.078207E+21    1.790548E+22    6.926952E+23    8.951649E+23   -2.613256E+22
    2.178102E+22    1.099046E+21    1.792975E+22    6.767280E+23    9.116952E+23   -2.559646E+22
    2.163813E+22    1.119707E+21    1.795403E+22    6.606473E+23    9.277054E+23   -2.494028E+22
    2.149688E+22    1.140190E+21    1.797832E+22    6.444546E+23    9.431833E+23   -2.416771E+22
    2.135727E+22    1.160494E+21    1.800261E+22    6.281512E+23    9.581167E+23   -2.328303E+22
    2.121931E+22    1.180619E+21    1.802692E+22    6.117384E+23    9.724939E+23   -2.229112E+22
    2.108300E+22    1.200563E+21    1.805123E+22    5.952177E+23    9.863033E+23   -2.119745E+22
    2.094836E+22    1.220327E+21    1.807554E+22    5.785904E+23    9.995337E+23   -2.000802E+22
    2.081539E+22    1.239909E+21    1.809986E+22    5.618581E+23    1.012174E+24   -1.872935E+22
    2.068409E+22    1.259307E+21    1.812419E+22    5.450223E+23    1.024214E+24   -1.736845E+22
    2.055447E+22    1.278523E+21    1.814852E+22    5.280845E+23    1.035643E+24   -1.593278E+22
    2.042654E+22    1.297554E+21    1.817285E+22    5.110462E+23    1.046451E+24   -1.443022E+22
    2.030031E+22    1.316399E+21    1.819719E+22    4.939091E+23    1.056628E+24   -1.286901E+22
    2.017578E+22    1.335057E+21    1.822153E+22    4.766748E+23    1.066166E+24   -1.125774E+22
    2.005298E+22    1.353528E+21    1.824587E+22    4.593450E+23    1.075055E+24   -9.605261E+21
    1.993189E+22    1.371810E+21    1.827021E+22    4.419214E+23    1.083287E+24   -7.920672E+21
    1.981255E+22    1.389901E+21    1.829456E+22    4.244057E+23    1.090853E+24   -6.213253E+21
    1.969494E+22    1.407802E+21    1.831890E+22    4.067997E+23    1.097747E+24   -4.492414E+21
    1.957909E+22    1.425510E+21    1.834324E+22    3.891051E+23    1.103960E+24   -2.767648E+21
    1.946501E+22    1.443024E+21    1.836759E+22    3.713239E+23    1.109485E+24   -1.048468E+21
    1.935271E+22    1.460342E+21    1.839193E+22    3.534578E+23    1.114317E+24    6.556411E+20
    1.924220E+22    1.477463E+21    1.841626E+22    3.355089E+23    1.118450E+24    2.335283E+21
    1.913349E+22    1.494386E+21    1.844060E+22    3.174790E+23    1.121877E+24    3.981207E+21
    1.902660E+22    1.511109E+21    1.846493E+22    2.993701E+23    1.124594E+24    5.584359E+21
    1.892154E+22    1.527630E+21    1.848925E+22    2.811843E+23    1.126597E+24    7.135944E+21
    1.881832E+22    1.543949E+21    1.851357E+22    2.629235E+23    1.127880E+24    8.627478E+21
    1.871697E+22    1.560062E+21    1.853789E+22    2.445899E+23    1.128441E+24    1.005084E+22
    1.861748E+22    1.575968E+21    1.856220E+22    2.261855E+23    1.128277E+24    1.139832E+22
    1.851989E+22    1.591665E+21    1.858650E+22    2.077126E+23    1.127385E+24    1.266269E+22
    1.842421E+22    1.607152E+21    1.861079E+22    1.891733E+23    1.125763E+24    1.383722E+22
    1.833044E+22    1.622426E+21    1.863507E+22    1.705698E+23    1.123410E+24    1.491575E+22
    1.823862E+22    1.637485E+21    1.865935E+22    1.519045E+23    1.120325E+24    1.589271E+22
    1.814876E+22    1.652327E+21    1.868361E+22    1.331795E+23    1.116508E+24    1.676319E+22
    1.806088E+22    1.666950E+21    1.870786E+22    1.143973E+23    1.111958E+24    1.752294E+22
    1.797500E+22    1.681351E+21    1.873210E+22    9.556022E+22    1.106678E+24    1.816842E+22
    1.789113E+22    1.695529E+21    1.875633E+22    7.667065E+22    1.100667E+24    1.869682E+22
    1.780931E+22    1.709480E+21    1.878055E+22    5.773106E+22    1.093930E+24    1.910609E+22
    1.772954E+22    1.723202E+21    1.880475E+22    3.874392E+22    1.086467E+24    1.939495E+22
    1.765186E+22    1.736692E+21    1.882893E+22    1.971177E+22    1.078283E+24    1.956292E+22
    1.757629E+22    1.749949E+21    1.885310E+22    6.371620E+20    1.069382E+24    1.961027E+22
    1.750284E+22    1.762968E+21    1.887725E+22   -1.847730E+22    1.059767E+24    1.953812E+22
    1.743155E+22    1.775748E+21    1.890138E+22   -3.762897E+22    1.049445E+24    1.934833E+22
    1.736244E+22    1.788284E+21    1.892550E+22   -5.681517E+22    1.038421E+24    1.904356E+22
    1.729553E+22    1.800575E+21    1.894959E+22   -7.603319E+22    1.026702E+24    1.862723E+22
    1.723086E+22    1.812617E+21    1.897367E+22   -9.528027E+22    1.014294E+24    1.810351E+22
    1.716845E+22    1.824407E+21    1.899772E+22   -1.145536E+23    1.001207E+24    1.747727E+22
    1.710832E+22    1.835941E+21    1.902175E+22   -1.338504E+23    9.874478E+23    1.675408E+22
    1.705051E+22    1.847216E+21    1.904576E+22   -1.531677E+23    9.730263E+23    1.594013E+22
    1.699504E+22    1.858230E+21    1.906974E+22   -1.725026E+23    9.579522E+23    1.504224E+22
    1.694195E+22    1.868977E+21    1.909370E+22   -1.918522E+23    9.422361E+23    1.406776E+22
    1.689127E+22    1.879455E+21    1.911763E+22   -2.112134E+23    9.258893E+23    1.302455E+22
    1.684303E+22    1.889661E+21    1.914153E+22   -2.305832E+23    9.089237E+23    1.192090E+22
    1.679726E+22    1.899589E+21    1.916540E+22   -2.499586E+23    8.913520E+23    1.076550E+22
    1.675399E+22    1.909236E+21    1.918925E+22   -2.693364E+23    8.731875E+23    9.567338E+21
    1.671326E+22    1.918599E+21    1.921306E+22   -2.887134E+23    8.544442E+23    8.335640E+21
    1.667511E+22    1.927673E+21    1.923684E+22   -3.080864E+23    8.351367E+23    7.079816E+21
    1.663956E+22    1.936454E+21    1.926059E+22   -3.274522E+23    8.152806E+23    5.809368E+21
    1.660666E+22    1.944938E+21    1.928431E+22   -3.468074E+23    7.948918E+23    4.533823E+21
    1.657644E+22    1.953121E+21    1.930799E+22   -3.661487E+23    7.739871E+23    3.262648E+21
    1.654894E+22    1.960998E+21    1.933163E+22   -3.854727E+23    7.525839E+23    2.005181E+21
    1.652419E+22    1.968565E+21    1.935524E+22   -4.047760E+23    7.307003E+23    7.705495E+20
    1.650224E+22    1.975818E+21    1.937881E+22   -4.240551E+23    7.083552E+23   -4.324068E+20
    1.648313E+22    1.982752E+21    1.940234E+22   -4.433064E+23    6.855679E+23   -1.595208E+21
    1.646689E+22    1.989362E+21    1.942583E+22   -4.625264E+23    6.623585E+23   -2.709807E+21
    1.645356E+22    1.995644E+21    1.944928E+22   -4.817115E+23    6.387479E+23   -3.768658E+21
    1.644319E+22    2.001593E+21    1.947268E+22   -5.008579E+23    6.147574E+23   -4.764784E+21
    1.643581E+22    2.007204E+21    1.949604E+22   -5.199620E+23    5.904090E+23   -5.691833E+21
    1.643147E+22    2.012473E+21    1.951935E+22   -5.390201E+23    5.657253E+23   -6.544137E+21
    1.643021E+22    2.017394E+21    1.954262E+22   -5.580282E+23    5.407297E+23   -7.316761E+21
    1.643206E+22    2.021964E+21    1.956584E+22   -5.769825E+23    5.154459E+23   -8.005546E+21
    1.643708E+22    2.026176E+21    1.958901E+22   -5.958791E+23    4.898984E+23   -8.607142E+21
    1.644531E+22    2.030026E+21    1.961213E+22   -6.147141E+23    4.641122E+23   -9.119039E+21
    1.645678E+22    2.033510E+21    1.963520E+22   -6.334834E+23    4.381129E+23   -9.539584E+21
    1.647155E+22    2.036622E+21    1.965822E+22   -6.521830E+23    4.119264E+23   -9.867996E+21
    1.648964E+22    2.039357E+21    1.968118E+22   -6.708087E+23    3.855794E+23   -1.010436E+22
    1.651112E+22    2.041710E+21    1.970409E+22   -6.893564E+23    3.590990E+23   -1.024965E+22
    1.653601E+22    2.043677E+21    1.972694E+22   -7.078219E+23    3.325126E+23   -1.030566E+22
    1.656436E+22    2.045252E+21    1.974974E+22   -7.262008E+23    3.058484E+23   -1.027503E+22
    1.659622E+22    2.046431E+21    1.977247E+22   -7.444889E+23    2.791347E+23   -1.016118E+22
    1.663162E+22    2.047208E+21    1.979515E+22   -7.626818E+23    2.524003E+23   -9.968305E+21
    1.667061E+22    2.047579E+21    1.981777E+22   -7.807751E+23    2.256744E+23   -9.701259E+21
    1.671323E+22    2.047540E+21    1.984032E+22   -7.987642E+23    1.989864E+23   -9.365559E+21
    1.675952E+22    2.047085E+21    1.986282E+22   -8.166447E+23    1.723662E+23   -8.967289E+21
    1.680951E+22    2.046209E+21    1.988524E+22   -8.344119E+23    1.458438E+23   -8.513031E+21
    1.686326E+22    2.044909E+21    1.990761E+22   -8.520612E+23    1.194495E+23   -8.009785E+21
    1.692080E+22    2.043180E+21    1.992990E+22   -8.695880E+23    9.321379E+22   -7.464881E+21
    1.698216E+22    2.041017E+21    1.995213E+22   -8.869874E+23    6.716737E+22   -6.885889E+21
    1.704739E+22    2.038415E+21    1.997430E+22   -9.042547E+23    4.134095E+22   -6.280530E+21
    1.711652E+22    2.035372E+21    1.999639E+22   -9.213850E+23    1.576539E+22   -5.656578E+21
    1.718958E+22    2.031881E+21    2.001841E+22   -9.383735E+23   -9.528461E+21   -5.021771E+21
    1.726662E+22    2.027941E+21    2.004037E+22   -9.552151E+23   -3.450976E+22   -4.383709E+21
    1.734767E+22    2.023546E+21    2.006225E+22   -9.719048E+23   -5.914774E+22   -3.749765E+21
    1.743275E+22    2.018693E+21    2.008405E+22   -9.884376E+23   -8.341174E+22   -3.126992E+21
    1.752190E+22    2.013379E+21    2.010579E+22   -1.004808E+24   -1.072713E+23   -2.522038E+21
    1.761515E+22    2.007599E+21    2.012745E+22   -1.021012E+24   -1.306960E+23   -1.941068E+21
    1.771253E+22    2.001351E+21    2.014903E+22   -1.037043E+24   -1.536561E+23   -1.389688E+21
    1.781407E+22    1.994632E+21    2.017054E+22   -1.052897E+24   -1.761217E+23   -8.728894E+20
    1.791978E+22    1.987438E+21    2.019197E+22   -1.068568E+24   -1.980637E+23   -3.949831E+20
    1.802970E+22    1.979767E+21    2.021333E+22   -1.084051E+24   -2.194533E+23    4.043903E+19
    1.814385E+22    1.971616E+21    2.023461E+22   -1.099340E+24   -2.402620E+23    4.305409E+20
    1.826224E+22    1.962983E+21    2.025581E+22   -1.114429E+24   -2.604623E+23    7.732633E+20
    1.838490E+22    1.953866E+21    2.027693E+22   -1.129315E+24   -2.800269E+23    1.067334E+21
    1.851185E+22    1.944262E+21    2.029797E+22   -1.143990E+24   -2.989296E+23    1.312265E+21
    1.864310E+22    1.934170E+21    2.031893E+22   -1.158450E+24   -3.171447E+23    1.508340E+21
    1.877866E+22    1.923588E+21    2.033981E+22   -1.172689E+24   -3.346473E+23    1.656585E+21
    1.891855E+22    1.912516E+21    2.036062E+22   -1.186701E+24   -3.514137E+23    1.758730E+21
    1.906278E+22    1.900951E+21    2.038134E+22   -1.200481E+24   -3.674209E+23    1.817159E+21
    1.921134E+22    1.888893E+21    2.040198E+22   -1.214023E+24   -3.826470E+23    1.834848E+21
    1.936426E+22    1.876341E+21    2.042254E+22   -1.227322E+24   -3.970712E+23    1.815293E+21
    1.952153E+22    1.863295E+21    2.044302E+22   -1.240371E+24   -4.106739E+23    1.762431E+21
    1.968316E+22    1.849755E+21    2.046341E+22   -1.253166E+24   -4.234367E+23    1.680559E+21
    1.984915E+22    1.835720E+21    2.048373E+22   -1.265699E+24   -4.353424E+23    1.574236E+21
    2.001949E+22    1.821191E+21    2.050396E+22   -1.277967E+24   -4.463754E+23    1.448194E+21
    2.019417E+22    1.806168E+21    2.052411E+22   -1.289962E+24   -4.565213E+23    1.307233E+21
    2.037320E+22    1.790653E+21    2.054419E+22   -1.301680E+24   -4.657673E+23    1.156130E+21
    2.055656E+22    1.774646E+21    2.056418E+22   -1.313115E+24   -4.741022E+23    9.995386E+20
    2.074425E+22    1.758149E+21    2.058409E+22   -1.324260E+24   -4.815161E+23    8.418993E+20
    2.093625E+22    1.741162E+21    2.060392E+22   -1.335111E+24   -4.880011E+23    6.873544E+20
    2.113254E+22    1.723688E+21    2.062366E+22   -1.345661E+24   -4.935507E+23    5.396675E+20
    2.133312E+22    1.705729E+21    2.064333E+22   -1.355905E+24   -4.981604E+23    4.021533E+20
    2.153795E+22    1.687286E+21    2.066292E+22   -1.365838E+24   -5.018275E+23    2.776172E+20
    2.174702E+22    1.668363E+21    2.068243E+22   -1.375454E+24   -5.045510E+23    1.683064E+20
    2.196030E+22    1.648963E+21    2.070187E+22   -1.384747E+24   -5.063317E+23    7.587473E+19
    2.217777E+22    1.629087E+21    2.072122E+22   -1.393712E+24   -5.071724E+23    1.360682E+18
    2.239941E+22    1.608739E+21    2.074050E+22   -1.402344E+24   -5.070780E+23   -5.482058E+19
    2.262518E+22    1.587923E+21    2.075970E+22   -1.410637E+24   -5.060550E+23   -9.287140E+19
    2.285506E+22    1.566642E+21    2.077882E+22   -1.418586E+24   -5.041121E+23   -1.135917E+20
    2.308900E+22    1.544900E+21    2.079787E+22   -1.426185E+24   -5.012602E+23   -1.183457E+20
    2.332697E+22    1.522701E+21    2.081685E+22   -1.433430E+24   -4.975117E+23   -1.090151E+20
    2.356894E+22    1.500049E+21    2.083575E+22   -1.440316E+24   -4.928813E+23   -8.794071E+19
    2.381487E+22    1.476950E+21    2.085458E+22   -1.446838E+24   -4.873856E+23   -5.785285E+19
    2.406472E+22    1.453407E+21    2.087333E+22   -1.452991E+24   -4.810432E+23   -2.179356E+19
    2.431844E+22    1.429425E+21    2.089202E+22   -1.458769E+24   -4.738746E+23    1.696906E+19
    2.457600E+22    1.405009E+21    2.091063E+22   -1.464169E+24   -4.659024E+23    5.503157E+19
    2.483734E+22    1.380166E+21    2.092918E+22   -1.469187E+24   -4.571508E+23    8.894918E+19
    2.510242E+22    1.354900E+21    2.094766E+22   -1.473817E+24   -4.476462E+23    1.153309E+20
    2.537119E+22    1.329216E+21    2.096607E+22   -1.478055E+24   -4.374166E+23    1.309332E+20
    2.564360E+22    1.303121E+21    2.098442E+22   -1.481897E+24   -4.264918E+23    1.327506E+20
    2.591960E+22    1.276621E+21    2.100270E+22   -1.485340E+24   -4.149033E+23    1.181007E+20
    2.619914E+22    1.249721E+21    2.102092E+22   -1.488380E+24   -4.026842E+23    8.470103E+19
    2.648216E+22    1.222428E+21    2.103907E+22   -1.491012E+24   -3.898692E+23    3.073712E+19
    2.676861E+22    1.194748E+21    2.105717E+22   -1.493234E+24   -3.764947E+23   -4.508090E+19
    2.705842E+22    1.166688E+21    2.107520E+22   -1.495041E+24   -3.625981E+23   -1.434744E+20
    2.735155E+22    1.138254E+21    2.109318E+22   -1.496432E+24   -3.482184E+23   -2.645657E+20
    2.764793E+22    1.109454E+21    2.111109E+22   -1.497403E+24   -3.333957E+23   -4.078624E+20
    2.794751E+22    1.080293E+21    2.112896E+22   -1.497951E+24   -3.181712E+23   -5.722559E+20
    2.825022E+22    1.050780E+21    2.114677E+22   -1.498073E+24   -3.025871E+23   -7.560354E+20
    2.855601E+22    1.020921E+21    2.116452E+22   -1.497768E+24   -2.866866E+23   -9.569164E+20
    2.886480E+22    9.907230E+20    2.118222E+22   -1.497033E+24   -2.705134E+23   -1.172084E+21
    2.917654E+22    9.601940E+20    2.119988E+22   -1.495866E+24   -2.541122E+23   -1.398247E+21
    2.949117E+22    9.293409E+20    2.121748E+22   -1.494265E+24   -2.375278E+23   -1.631708E+21
    2.980861E+22    8.981713E+20    2.123503E+22   -1.492230E+24   -2.208056E+23   -1.868441E+21
    3.012881E+22    8.666926E+20    2.125254E+22   -1.489758E+24   -2.039913E+23   -2.104177E+21
    3.045169E+22    8.349124E+20    2.127001E+22   -1.486848E+24   -1.871305E+23   -2.334496E+21
    3.077720E+22    8.028383E+20    2.128743E+22   -1.483500E+24   -1.702689E+23   -2.554927E+21
    3.110526E+22    7.704780E+20    2.130480E+22   -1.479714E+24   -1.534518E+23   -2.761044E+21
    3.143581E+22    7.378393E+20    2.132214E+22   -1.475488E+24   -1.367246E+23   -2.948569E+21
    3.176878E+22    7.049299E+20    2.133944E+22   -1.470823E+24   -1.201317E+23   -3.113467E+21
    3.210410E+22    6.717575E+20    2.135670E+22   -1.465719E+24   -1.037171E+23   -3.252036E+21
    3.244171E+22    6.383299E+20    2.137392E+22   -1.460177E+24   -8.752410E+22   -3.360995E+21
    3.278154E+22    6.046549E+20    2.139111E+22   -1.454197E+24   -7.159492E+22   -3.437557E+21
    3.312352E+22    5.707405E+20    2.140827E+22   -1.447779E+24   -5.597079E+22   -3.479498E+21
    3.346758E+22    5.365943E+20    2.142539E+22   -1.440926E+24   -4.069171E+22   -3.485210E+21
    3.381365E+22    5.022244E+20    2.144248E+22   -1.433639E+24   -2.579632E+22   -3.453737E+21
    3.416167E+22    4.676385E+20    2.145955E+22   -1.425919E+24   -1.132177E+22   -3.384809E+21
    3.451157E+22    4.328445E+20    2.147658E+22   -1.417769E+24    2.696427E+21   -3.278848E+21
    3.486328E+22    3.978501E+20    2.149359E+22   -1.409191E+24    1.622452E+22   -3.136966E+21
    3.521673E+22    3.626631E+20    2.151058E+22   -1.400188E+24    2.923061E+22   -2.960949E+21
    3.557186E+22    3.272914E+20    2.152754E+22   -1.390762E+24    4.168482E+22   -2.753226E+21
    3.592859E+22    2.917427E+20    2.154448E+22   -1.380917E+24    5.355936E+22   -2.516820E+21
    3.628686E+22    2.560247E+20    2.156140E+22   -1.370655E+24    6.482866E+22   -2.255295E+21
    3.664661E+22    2.201452E+20    2.157829E+22   -1.359982E+24    7.546948E+22   -1.972681E+21
    3.700776E+22    1.841118E+20    2.159517E+22   -1.348900E+24    8.546097E+22   -1.673403E+21
    3.737026E+22    1.479321E+20    2.161204E+22   -1.337415E+24    9.478479E+22   -1.362189E+21
    3.773403E+22    1.116135E+20    2.162889E+22   -1.325530E+24    1.034251E+23   -1.043981E+21
    3.809900E+22    7.516382E+19    2.164572E+22   -1.313251E+24    1.113688E+23   -7.238362E+20
    3.846513E+22    3.859036E+19    2.166254E+22   -1.300583E+24    1.186053E+23   -4.068331E+20
    3.883233E+22    1.900592E+18    2.167935E+22   -1.287532E+24    1.251269E+23   -9.796886E+19
    3.920055E+22   -3.489812E+19    2.169615E+22   -1.274102E+24    1.309285E+23    1.979343E+20
    3.956973E+22   -7.179849E+19    2.171295E+22   -1.260300E+24    1.360080E+23    4.763216E+20
    3.993979E+22   -1.087933E+20    2.172973E+22   -1.246133E+24    1.403658E+23    7.329920E+20
    4.031068E+22   -1.458753E+20    2.174651E+22   -1.231607E+24    1.440053E+23    9.641764E+20
    4.068234E+22   -1.830375E+20    2.176328E+22   -1.216728E+24    1.469327E+23    1.166607E+21
    4.105470E+22   -2.202727E+20    2.178005E+22   -1.201504E+24    1.491569E+23    1.337576E+21
    4.142770E+22   -2.575739E+20    2.179681E+22   -1.185943E+24    1.506895E+23    1.474984E+21
    4.180129E+22   -2.949344E+20    2.181358E+22   -1.170052E+24    1.515449E+23    1.577373E+21
    4.217540E+22   -3.323472E+20    2.183034E+22   -1.153839E+24    1.517399E+23    1.643950E+21
    4.254998E+22   -3.698056E+20    2.184711E+22   -1.137312E+24    1.512943E+23    1.674591E+21
    4.292496E+22   -4.073028E+20    2.186388E+22   -1.120479E+24    1.502299E+23    1.669840E+21
    4.330030E+22   -4.448324E+20    2.188065E+22   -1.103350E+24    1.485713E+23    1.630887E+21
    4.367592E+22   -4.823877E+20    2.189742E+22   -1.085934E+24    1.463451E+23    1.559533E+21
    4.405179E+22   -5.199623E+20    2.191420E+22   -1.068238E+24    1.435803E+23    1.458149E+21
    4.442783E+22   -5.575498E+20    2.193099E+22   -1.050274E+24    1.403080E+23    1.329615E+21
    4.480400E+22   -5.951439E+20    2.194778E+22   -1.032051E+24    1.365610E+23    1.177253E+21
    4.518025E+22   -6.327383E+20    2.196458E+22   -1.013579E+24    1.323742E+23    1.004750E+21
    4.555651E+22   -6.703271E+20    2.198139E+22   -9.948668E+23    1.277840E+23    8.160725E+20
    4.593274E+22   -7.079040E+20    2.199821E+22   -9.759263E+23    1.228282E+23    6.153760E+20
    4.630888E+22   -7.454632E+20    2.201505E+22   -9.567677E+23    1.175462E+23    4.069087E+20
    4.668489E+22   -7.829987E+20    2.203189E+22   -9.374018E+23    1.119784E+23    1.949151E+20
    4.706070E+22   -8.205048E+20    2.204875E+22   -9.178395E+23    1.061662E+23   -1.646185E+19
    4.743629E+22   -8.579756E+20    2.206562E+22   -8.980922E+23    1.001518E+23   -2.232750E+20
    4.781158E+22   -8.954056E+20    2.208251E+22   -8.781712E+23    9.397801E+22   -4.218634E+20
    4.818654E+22   -9.327892E+20    2.209941E+22   -8.580881E+23    8.768818E+22   -6.089361E+20
    4.856112E+22   -9.701210E+20    2.211633E+22   -8.378546E+23    8.132576E+22   -7.816459E+20
    4.893527E+22   -1.007395E+21    2.213327E+22   -8.174827E+23    7.493426E+22   -9.376531E+20
    4.930894E+22   -1.044607E+21    2.215022E+22   -7.969845E+23    6.855702E+22   -1.075176E+21
    4.968209E+22   -1.081751E+21    2.216720E+22   -7.763722E+23    6.223701E+22   -1.193026E+21
    5.005468E+22   -1.118822E+21    2.218419E+22   -7.556581E+23    5.601662E+22   -1.290630E+21
    5.042665E+22   -1.155816E+21    2.220121E+22   -7.348549E+23    4.993747E+22   -1.368029E+21
    5.079798E+22   -1.192726E+21    2.221824E+22   -7.139750E+23    4.404018E+22   -1.425871E+21
    5.116860E+22   -1.229548E+21    2.223530E+22   -6.930314E+23    3.836423E+22   -1.465371E+21
    5.153849E+22   -1.266277E+21    2.225238E+22   -6.720367E+23    3.294772E+22   -1.488269E+21
    5.190760E+22   -1.302909E+21    2.226949E+22   -6.510041E+23    2.782720E+22   -1.496761E+21
    5.227589E+22   -1.339439E+21    2.228662E+22   -6.299464E+23    2.303749E+22   -1.493420E+21
    5.264332E+22   -1.375862E+21    2.230377E+22   -6.088769E+23    1.861150E+22   -1.481102E+21
    5.300985E+22   -1.412174E+21    2.232095E+22   -5.878087E+23    1.458005E+22   -1.462845E+21
    5.337544E+22   -1.448371E+21    2.233816E+22   -5.667550E+23    1.097177E+22   -1.441750E+21
    5.374006E+22   -1.484447E+21    2.235539E+22   -5.457291E+23    7.812847E+21   -1.420873E+21
    5.410366E+22   -1.520399E+21    2.237265E+22   -5.247444E+23    5.126989E+21   -1.403103E+21
    5.446622E+22   -1.556223E+21    2.238994E+22   -5.038141E+23    2.935230E+21   -1.391046E+21
    5.482769E+22   -1.591914E+21    2.240726E+22   -4.829515E+23    1.255836E+21   -1.386920E+21
    5.518804E+22   -1.627469E+21    2.242460E+22   -4.621702E+23    1.041987E+20   -1.392455E+21
    5.554724E+22   -1.662883E+21    2.244198E+22   -4.414832E+23   -5.072611E+20   -1.408812E+21
    5.590525E+22   -1.698153E+21    2.245938E+22   -4.209041E+23   -5.691686E+20   -1.436513E+21
    5.626203E+22   -1.733274E+21    2.247682E+22   -4.004460E+23   -7.526089E+19   -1.475401E+21
    5.661757E+22   -1.768244E+21    2.249428E+22   -3.801222E+23    9.775627E+20   -1.524617E+21
    5.697182E+22   -1.803058E+21    2.251178E+22   -3.599458E+23    2.589206E+21   -1.582604E+21
    5.732475E+22   -1.837713E+21    2.252931E+22   -3.399300E+23    4.756356E+21   -1.647138E+21
    5.767633E+22   -1.872205E+21    2.254687E+22   -3.200877E+23    7.472479E+21   -1.715382E+21
    5.802654E+22   -1.906531E+21    2.256447E+22   -3.004319E+23    1.072783E+22   -1.783977E+21
    5.837534E+22   -1.940688E+21    2.258210E+22   -2.809754E+23    1.450949E+22   -1.849138E+21
    5.872270E+22   -1.974672E+21    2.259976E+22   -2.617308E+23    1.880140E+22   -1.906795E+21
    5.906860E+22   -2.008480E+21    2.261745E+22   -2.427108E+23    2.358441E+22   -1.952729E+21
    5.941301E+22   -2.042108E+21    2.263518E+22   -2.239278E+23    2.883639E+22   -1.982739E+21
    5.975590E+22   -2.075554E+21    2.265294E+22   -2.053939E+23    3.453227E+22   -1.992807E+21
    6.009725E+22   -2.108815E+21    2.267074E+22   -1.871214E+23    4.064421E+22   -1.979271E+21
    6.043702E+22   -2.141888E+21    2.268858E+22   -1.691221E+23    4.714166E+22   -1.938990E+21
    6.077520E+22   -2.174769E+21    2.270644E+22   -1.514077E+23    5.399153E+22   -1.869500E+21
    6.111175E+22   -2.207457E+21    2.272435E+22   -1.339897E+23    6.115835E+22   -1.769158E+21
    6.144666E+22   -2.239947E+21    2.274229E+22   -1.168794E+23    6.860439E+22   -1.637255E+21
    6.177991E+22   -2.272239E+21    2.276027E+22   -1.000879E+23    7.628989E+22   -1.474107E+21
    6.211146E+22   -2.304327E+21    2.277828E+22   -8.362602E+22    8.417320E+22   -1.281110E+21
    6.244129E+22   -2.336212E+21    2.279633E+22   -6.750427E+22    9.221102E+22   -1.060761E+21
    6.276940E+22   -2.367889E+21    2.281441E+22   -5.173297E+22    1.003586E+23   -8.166370E+20
    6.309574E+22   -2.399356E+21    2.283254E+22   -3.632212E+22    1.085699E+23   -5.533327E+20
    6.342030E+22   -2.430611E+21    2.285070E+22   -2.128145E+22    1.167979E+23   -2.763617E+20
    6.374307E+22   -2.461652E+21    2.286890E+22   -6.620385E+21    1.249949E+23    7.983733E+18
    6.406401E+22   -2.492476E+21    2.288713E+22    7.651969E+21    1.331125E+23    2.928069E+20
    6.438312E+22   -2.523081E+21    2.290540E+22    2.152683E+22    1.411022E+23    5.708103E+20
    6.470037E+22   -2.553465E+21    2.292371E+22    3.499574E+22    1.489152E+23    8.345237E+20
    6.501574E+22   -2.583626E+21    2.294206E+22    4.805060E+22    1.565032E+23    1.076547E+21
    6.532922E+22   -2.613561E+21    2.296045E+22    6.068367E+22    1.638182E+23    1.289803E+21
    6.564079E+22   -2.643269E+21    2.297887E+22    7.288756E+22    1.708130E+23    1.467785E+21
    6.595043E+22   -2.672748E+21    2.299733E+22    8.465526E+22    1.774413E+23    1.604795E+21
    6.625813E+22   -2.701996E+21    2.301584E+22    9.598017E+22    1.836581E+23    1.696165E+21
    6.656387E+22   -2.731011E+21    2.303437E+22    1.068561E+23    1.894199E+23    1.738441E+21
    6.686763E+22   -2.759791E+21    2.305295E+22    1.172771E+23    1.946846E+23    1.729537E+21
    6.716939E+22   -2.788335E+21    2.307157E+22    1.272379E+23    1.994126E+23    1.668837E+21
    6.746916E+22   -2.816641E+21    2.309022E+22    1.367335E+23    2.035660E+23    1.557257E+21
    6.776690E+22   -2.844707E+21    2.310891E+22    1.457592E+23    2.071095E+23    1.397241E+21
    6.806260E+22   -2.872531E+21    2.312764E+22    1.543111E+23    2.100102E+23    1.192713E+21
    6.835626E+22   -2.900113E+21    2.314641E+22    1.623855E+23    2.122383E+23    9.489644E+20
    6.864786E+22   -2.927450E+21    2.316522E+22    1.699790E+23    2.137667E+23    6.724987E+20
    7.141492E+22   -3.184061E+21    2.335302E+22    2.187904E+23    1.878289E+23   -2.079866E+21
    7.396994E+22   -3.415578E+21    2.354445E+22    2.206536E+23    8.999362E+22   -1.669979E+21
    7.630626E+22   -3.621244E+21    2.373934E+22    1.800772E+23   -5.016603E+22   -8.043499E+20
    7.842019E+22   -3.800642E+21    2.393741E+22    1.059930E+23   -1.814733E+23   -6.851085E+20
    8.031055E+22   -3.953649E+21    2.413836E+22    1.096632E+22   -2.540611E+23    8.920038E+20
    8.197839E+22   -4.080388E+21    2.434179E+22   -9.014938E+22   -2.419661E+23    1.376684E+20
    8.342655E+22   -4.181196E+21    2.454727E+22   -1.820133E+23   -1.539661E+23   -2.284062E+21
    8.465945E+22   -4.256586E+21    2.475431E+22   -2.508632E+23   -2.771980E+22   -1.352716E+21
    8.568275E+22   -4.307217E+21    2.496238E+22   -2.865762E+23    8.865187E+22    1.730426E+20
    8.650318E+22   -4.333865E+21    2.517093E+22   -2.844041E+23    1.574397E+23   -1.118973E+19
    8.712827E+22   -4.337402E+21    2.537937E+22   -2.460518E+23    1.650232E+23    8.008766E+19
    8.756624E+22   -4.318773E+21    2.558707E+22   -1.798216E+23    1.239742E+23   -1.460958E+21
    8.782575E+22   -4.278980E+21    2.579342E+22   -9.965946E+22    6.461811E+22   -1.780692E+21
    8.791585E+22   -4.219062E+21    2.599773E+22   -2.310790E+22    1.962223E+22    7.897837E+20
    8.784578E+22   -4.140085E+21    2.619934E+22    3.161590E+22    6.447059E+21   -1.726709E+20
    8.762494E+22   -4.043128E+21    2.639755E+22    4.899398E+22    1.552216E+22   -6.153039E+20
    8.726275E+22   -3.929271E+21    2.659165E+22    1.944151E+22    1.472213E+22   -1.425130E+21
    8.676856E+22   -3.799593E+21    2.678092E+22   -5.826291E+22   -2.503796E+22   -7.668400E+20
    8.615166E+22   -3.655154E+21    2.696463E+22   -1.759560E+23   -9.647838E+22    9.215990E+20
    8.542115E+22   -3.497000E+21    2.714204E+22   -3.168749E+23   -1.460658E+23   -9.751637E+20
    8.458592E+22   -3.326149E+21    2.731238E+22   -4.583051E+23   -1.108409E+23   -1.031071E+21
    8.365462E+22   -3.143590E+21    2.747490E+22   -5.757281E+23    1.706882E+22   -7.942236E+20
    8.263564E+22   -2.950284E+21    2.762882E+22   -6.477026E+23    1.602028E+23    5.125666E+20
    8.153705E+22   -2.747152E+21    2.777336E+22   -6.604299E+23    2.085710E+23   -5.454739E+20
    8.036663E+22   -2.535081E+21    2.790773E+22   -6.109044E+23    1.230680E+23   -1.404685E+21
    7.913181E+22   -2.314921E+21    2.803113E+22   -5.077804E+23   -1.609426E+22   -1.302117E+20
    7.783969E+22   -2.087479E+21    2.814274E+22   -3.695947E+23   -8.523576E+22    1.305401E+20
    7.649703E+22   -1.853526E+21    2.824176E+22   -2.206626E+23   -4.872585E+22   -7.950954E+20
    7.511026E+22   -1.613791E+21    2.832736E+22   -8.562874E+22    7.455060E+21   -1.104187E+21
    7.368543E+22   -1.368964E+21    2.839871E+22    1.590145E+22   -7.766189E+21    2.764127E+20
    7.222829E+22   -1.119694E+21    2.845497E+22    7.319174E+22   -6.570666E+22   -3.248999E+20
    7.074423E+22   -8.665934E+20    2.849529E+22    8.564063E+22   -5.587590E+22   -1.160630E+21
    6.923831E+22   -6.102350E+20    2.851884E+22    6.126828E+22    5.361774E+22   -1.319318E+20
    6.771528E+22   -3.511549E+20    2.852474E+22    1.312926E+22    1.544919E+23   -1.035585E+20
    6.617957E+22   -8.985307E+19    2.851214E+22   -4.496320E+22    1.314538E+23   -7.446965E+20
    6.463532E+22    1.732054E+20    2.848018E+22   -1.018772E+23    9.797502E+21   -8.487330E+20
    6.308636E+22    4.375891E+20    2.842798E+22   -1.507442E+23   -8.352940E+22    5.471863E+20
    6.153624E+22    7.028990E+20    2.835468E+22   -1.886083E+23   -7.727509E+22   -1.215214E+21
    5.998825E+22    9.687672E+20    2.825942E+22   -2.150098E+23   -1.603657E+22   -3.970428E+20
    5.844541E+22    1.234855E+21    2.814132E+22   -2.307738E+23    2.340240E+22    2.361748E+20
    5.691051E+22    1.500853E+21    2.799952E+22   -2.378529E+23    2.428800E+22   -1.257303E+21
    5.538608E+22    1.766478E+21    2.783318E+22   -2.399912E+23    3.182367E+22    6.543725E+19
    5.387444E+22    2.031472E+21    2.764143E+22   -2.429024E+23    7.321530E+22   -2.045102E+20
    5.237770E+22    2.295602E+21    2.742346E+22   -2.524728E+23    8.653524E+22   -1.193090E+21
    5.089776E+22    2.558658E+21    2.717843E+22   -2.706901E+23   -7.369174E+20    3.583249E+20
    4.943633E+22    2.820449E+21    2.690555E+22   -2.911799E+23   -1.046042E+23   -5.558963E+20
    4.799496E+22    3.080807E+21    2.660405E+22   -2.980016E+23   -6.415132E+22   -9.036360E+20
    4.657499E+22    3.339582E+21    2.627315E+22   -2.709780E+23    6.524166E+22    4.001128E+20
    4.517765E+22    3.596642E+21    2.591216E+22   -1.974689E+23    8.051496E+22   -9.261801E+20
    4.380398E+22    3.851871E+21    2.552037E+22   -8.534254E+22    1.435829E+22   -4.316795E+20
    4.245490E+22    4.105168E+21    2.509715E+22    3.177526E+22    3.329478E+22   -2.473416E+20
    4.113120E+22    4.356447E+21    2.464189E+22    1.043464E+23    4.793627E+22   -3.617414E+20
    3.983354E+22    4.605635E+21    2.415406E+22    9.122226E+22   -5.114911E+22   -5.967027E+19
    3.856248E+22    4.852671E+21    2.363317E+22   -1.326220E+22   -7.638184E+22   -1.075888E+21
    3.731846E+22    5.097505E+21    2.307880E+22   -1.675344E+23    4.655843E+22    1.572400E+20
    3.610183E+22    5.340097E+21    2.249060E+22   -2.992962E+23    9.639744E+22   -4.760892E+20
    3.491286E+22    5.580418E+21    2.186832E+22   -3.459855E+23    2.771217E+22    1.230497E+19
    3.375170E+22    5.818445E+21    2.121179E+22   -2.953395E+23   -5.846147E+21   -7.313665E+20
    3.261848E+22    6.054163E+21    2.052091E+22   -1.959225E+23   -9.098584E+20   -5.002231E+20
    3.151320E+22    6.287566E+21    1.979574E+22   -1.241962E+23   -2.446836E+22   -4.714824E+20
    3.043584E+22    6.518652E+21    1.903643E+22   -1.271944E+23   -1.409796E+22   -2.199288E+20
    2.938631E+22    6.747424E+21    1.824324E+22   -1.841287E+23    7.715116E+22   -8.645474E+19
    2.836444E+22    6.973892E+21    1.741659E+22   -2.220851E+23    7.408992E+22   -1.496869E+20
    2.737005E+22    7.198068E+21    1.655704E+22   -1.792960E+23   -4.259216E+22   -2.372081E+20
    2.640289E+22    7.419968E+21    1.566530E+22   -6.512976E+22   -1.810552E+22   -3.099293E+20
    2.546269E+22    7.639610E+21    1.474225E+22    3.902438E+22    2.168682E+22   -5.693230E+20
    2.454911E+22    7.857016E+21    1.378896E+22    4.589830E+22   -1.684843E+21   -3.541012E+20
    2.366181E+22    8.072208E+21    1.280666E+22   -5.998540E+22    8.014638E+22   -8.193202E+20
    2.280042E+22    8.285210E+21    1.179679E+22   -2.056819E+23    2.525417E+22   -2.219346E+20
    2.196453E+22    8.496046E+21    1.076099E+22   -2.925131E+23   -5.983525E+22   -8.688272E+20
    2.115371E+22    8.704741E+21    9.701134E+21   -2.787534E+23    2.097011E+22   -1.878067E+20
    2.036752E+22    8.911320E+21    8.619292E+21   -2.031317E+23    3.368804E+22   -7.457272E+20
    1.960550E+22    9.115806E+21    7.517778E+21   -1.333801E+23    3.465815E+22   -4.405654E+20
    1.886718E+22    9.318222E+21    6.399141E+21   -1.021671E+23    3.150527E+22   -2.238814E+20
    1.815206E+22    9.518590E+21    5.266168E+21   -9.588174E+22   -4.103444E+22   -6.036784E+20
    1.745966E+22    9.716928E+21    4.121895E+21   -9.073544E+22    6.485555E+21    6.638322E+19
    1.678946E+22    9.913256E+21    2.969604E+21   -8.059987E+22    6.990501E+22   -2.552979E+20
    1.614096E+22    1.010759E+22    1.812825E+21   -7.293831E+22   -4.669158E+20   -3.469096E+20
    1.551365E+22    1.029993E+22    6.553334E+20   -8.078874E+22    2.069260E+22   -6.831757E+19
    1.490701E+22    1.049030E+22   -4.988554E+20   -1.227690E+23   -3.747351E+22   -6.542617E+20
    1.432052E+22    1.067870E+22   -1.645491E+21   -2.003761E+23    5.835267E+22   -5.697331E+20
    1.375368E+22    1.086513E+22   -2.780100E+21   -2.602792E+23    3.290669E+22    7.084962E+19
    1.320595E+22    1.104959E+22   -3.897998E+21   -2.230634E+23   -1.080365E+22   -3.001078E+20
    1.267684E+22    1.123207E+22   -4.994309E+21   -9.370702E+22    2.136394E+21   -5.921350E+20
    1.216583E+22    1.141256E+22   -6.063987E+21    4.533286E+20    2.042632E+22   -2.638596E+20
    1.167242E+22    1.159104E+22   -7.101836E+21   -4.045014E+22    5.677509E+22   -3.959186E+19
    1.119611E+22    1.176750E+22   -8.102546E+21   -1.377344E+23   -3.164754E+22   -5.103349E+20
    1.073640E+22    1.194190E+22   -9.060726E+21   -1.478872E+23    2.327341E+22   -5.880215E+20
    1.029281E+22    1.211422E+22   -9.970941E+21   -9.729763E+22    1.622962E+22    4.878524E+18
    9.864852E+21    1.228441E+22   -1.082776E+22   -1.300850E+23    5.047874E+22   -1.633191E+20
    9.452060E+21    1.245243E+22   -1.162580E+22   -2.258928E+23   -4.203365E+22   -4.917526E+20
    9.053966E+21    1.261822E+22   -1.235978E+22   -2.064130E+23    4.675164E+22   -4.168854E+20
    8.670113E+21    1.278174E+22   -1.302461E+22   -6.253882E+22    1.726128E+22   -5.141556E+20
    8.300053E+21    1.294292E+22   -1.361539E+22    3.004488E+21    1.716257E+22   -2.462769E+19
    7.943346E+21    1.310167E+22   -1.412756E+22   -7.868837E+22   -1.590973E+22   -2.117004E+20
    7.599560E+21    1.325794E+22   -1.455690E+22   -1.553313E+23    5.808847E+22   -6.458779E+19
    7.268275E+21    1.341162E+22   -1.489967E+22   -1.512222E+23   -6.435727E+21   -4.839153E+20
    6.949078E+21    1.356262E+22   -1.515265E+22   -1.432675E+23    8.405723E+21   -4.040532E+20
    6.641566E+21    1.371085E+22   -1.531322E+22   -1.541311E+23    3.246666E+22   -5.385997E+20
    6.345347E+21    1.385619E+22   -1.537948E+22   -1.345353E+23    7.166940E+21   -5.411553E+20
    6.060035E+21    1.399851E+22   -1.535029E+22   -7.846468E+22    1.355764E+22   -2.875976E+20
    5.785258E+21    1.413771E+22   -1.522539E+22   -3.513086E+22    1.571196E+22   -3.947420E+20
    5.520649E+21    1.427363E+22   -1.500544E+22   -8.377403E+22    2.821479E+22   -3.535646E+20
    5.265855E+21    1.440613E+22   -1.469214E+22   -1.917031E+23   -8.337247E+21   -1.500934E+20
    5.020529E+21    1.453505E+22   -1.428824E+22   -1.795228E+23    3.134319E+22   -1.631575E+20
    4.784335E+21    1.466024E+22   -1.379763E+22   -8.459469E+22    2.698407E+22   -3.053562E+20
    4.556946E+21    1.478151E+22   -1.322539E+22   -1.020836E+23   -1.353954E+22   -3.717418E+20
    4.338044E+21    1.489869E+22   -1.257779E+22   -1.077453E+23    3.295576E+22   -3.579412E+20
    4.127321E+21    1.501158E+22   -1.186232E+22   -3.873923E+22    1.677991E+22   -3.298373E+20
    3.924477E+21    1.511998E+22   -1.108769E+22   -1.253072E+23    1.118982E+22   -3.333801E+20
    3.729221E+21    1.522366E+22   -1.026375E+22   -2.112214E+23    1.990049E+22   -3.716214E+20
    3.541272E+21    1.532242E+22   -9.401498E+21   -1.049551E+23    1.122666E+22   -3.312228E+20
    3.360355E+21    1.541601E+22   -8.512940E+21   -6.576886E+22    2.712489E+22   -2.018062E+20
    3.186206E+21    1.550419E+22   -7.611000E+21   -9.906703E+22   -1.453317E+22   -8.610623E+19
    3.018567E+21    1.558671E+22   -6.709358E+21   -8.671334E+22    3.032758E+22   -3.946843E+19
    2.857190E+21    1.566330E+22   -5.822275E+21   -1.269466E+23    3.532962E+22   -2.325894E+20
    2.701835E+21    1.573367E+22   -4.964371E+21   -1.661006E+23   -2.178400E+20   -4.439985E+20
    2.552268E+21    1.579756E+22   -4.150378E+21   -1.116186E+23    2.141200E+22   -4.526543E+20
    2.408263E+21    1.585466E+22   -3.394855E+21   -3.915641E+22    4.026127E+21   -2.199383E+20
    2.269603E+21    1.590466E+22   -2.711883E+21   -1.082749E+23    4.921759E+22   -1.357534E+20
    2.136076E+21    1.594725E+22   -2.114726E+21   -1.368534E+23    7.552360E+21   -3.743917E+20
    2.007480E+21    1.598211E+22   -1.615475E+21   -1.130634E+23    2.054784E+22   -3.695319E+20
    1.883615E+21    1.600889E+22   -1.224686E+21   -1.480514E+23   -6.861890E+21   -1.347055E+20
    1.764294E+21    1.602725E+22   -9.510035E+20   -3.503487E+22    2.030665E+22   -3.862626E+20
    1.649330E+21    1.603685E+22   -8.008056E+20   -1.001022E+23    1.674574E+22   -2.970846E+20
    1.538548E+21    1.603732E+22   -7.778551E+20   -1.518677E+23    3.723774E+22   -1.597161E+20
    1.431776E+21    1.602830E+22   -8.829925E+20   -1.059832E+23    2.433747E+22   -4.471285E+20
    1.328848E+21    1.600940E+22   -1.113874E+21   -1.111192E+23    3.265981E+22   -1.062531E+20
    1.229604E+21    1.598026E+22   -1.464773E+21   -5.877532E+22    9.446664E+21   -4.259741E+20
    1.133892E+21    1.594047E+22   -1.926463E+21   -1.143029E+23    2.109066E+22   -2.042304E+20
    1.041561E+21    1.588967E+22   -2.486198E+21   -1.543122E+23   -6.310350E+21   -3.290926E+20
    9.524706E+20    1.582744E+22   -3.127797E+21   -7.592868E+22    1.816550E+22   -1.614593E+20
    8.664809E+20    1.575341E+22   -3.831864E+21   -9.759582E+22   -7.518388E+21   -4.558454E+20
    7.834596E+20    1.566717E+22   -4.576135E+21   -8.011685E+22    2.113505E+22   -2.166070E+20
    7.032785E+20    1.556832E+22   -5.335967E+21   -1.576915E+23   -1.740999E+21   -2.199298E+20
    6.258140E+20    1.545649E+22   -6.084974E+21   -8.483083E+22    8.267964E+21   -2.995333E+20
    5.509474E+20    1.533128E+22   -6.795801E+21   -8.354185E+22    1.325970E+22   -1.038500E+20
    4.785642E+20    1.519232E+22   -7.441025E+21   -1.010920E+23    5.431461E+21   -2.411606E+20
    4.085541E+20    1.503922E+22   -7.994164E+21   -1.351413E+23    3.105248E+22   -3.182704E+20
    3.408110E+20    1.487164E+22   -8.430766E+21   -9.217698E+22    1.272719E+22   -1.544838E+20
    2.752329E+20    1.468922E+22   -8.729539E+21   -6.985263E+22    2.800311E+22   -1.375297E+20
    2.117216E+20    1.449163E+22   -8.873487E+21   -1.345517E+23    3.241285E+22   -3.156563E+20
    1.501826E+20    1.427856E+22   -8.850974E+21   -1.003366E+23    2.453497E+21   -4.295256E+20
    9.052525E+19    1.404972E+22   -8.656685E+21   -9.513196E+22    1.373262E+22   -3.328365E+20
    3.266215E+19    1.380485E+22   -8.292393E+21   -8.205250E+22    1.388019E+22   -2.552283E+20
   -2.349049E+19    1.354370E+22   -7.767488E+21   -1.334790E+23    1.024697E+22   -2.892896E+20
   -7.801322E+19    1.326608E+22   -7.099182E+21   -9.417960E+22    2.537324E+22   -1.513194E+20
   -1.309833E+20    1.297181E+22   -6.312355E+21   -6.964947E+22    2.662473E+22   -2.312434E+20
   -1.824750E+20    1.266077E+22   -5.438982E+21   -1.376278E+23   -1.415141E+21   -1.343720E+20
   -2.325595E+20    1.233288E+22   -4.517118E+21   -8.879719E+22    1.389931E+22   -2.524152E+20
   -2.813050E+20    1.198810E+22   -3.589446E+21   -8.916069E+22    3.053060E+22   -2.021239E+20
   -3.287767E+20    1.162645E+22   -2.701398E+21   -1.006841E+23    1.574890E+22   -2.315393E+20
   -3.750374E+20    1.124801E+22   -1.898919E+21   -1.244366E+23    5.682848E+21   -3.504301E+20
   -4.201468E+20    1.085292E+22   -1.225960E+21   -6.763772E+22    1.704182E+22   -3.999419E+20
   -4.641622E+20    1.044140E+22   -7.218201E+20   -1.061216E+23    1.729639E+22   -3.037954E+20
   -5.071382E+20    1.001372E+22   -4.185079E+20   -1.210934E+23    2.777773E+22   -1.915932E+20
   -5.491268E+20    9.570251E+21   -3.382908E+20   -6.629720E+22    1.168237E+22   -2.239750E+20
   -5.901776E+20    9.111427E+21   -4.916373E+20   -1.233712E+23    6.255176E+21   -3.464971E+20
   -6.303379E+20    8.637782E+21   -8.757479E+20   -9.056078E+22    1.653342E+22   -2.906798E+20
   -6.696525E+20    8.149934E+21   -1.473858E+21   -7.555452E+22    1.416009E+22   -2.494057E+20
   -7.081636E+20    7.648601E+21   -2.255459E+21   -1.386829E+23    2.900867E+22   -3.531493E+20
   -7.459115E+20    7.134595E+21   -3.177538E+21   -7.922042E+22    1.751808E+22   -1.731762E+20
   -7.829340E+20    6.608830E+21   -4.186847E+21   -8.140397E+22    2.007599E+22   -2.974197E+20
   -8.192667E+20    6.072323E+21   -5.223139E+21   -1.153414E+23    9.667792E+21   -2.651716E+20
   -8.549428E+20    5.526194E+21   -6.223215E+21   -8.477897E+22    6.802757E+21   -2.424680E+20
   -8.899934E+20    4.971669E+21   -7.125502E+21   -1.058895E+23    1.464956E+22   -2.714434E+20
   -9.244475E+20    4.410073E+21   -7.874828E+21   -9.488252E+22    6.352290E+21   -2.706723E+20
   -9.583318E+20    3.842833E+21   -8.426985E+21   -1.076361E+23    2.145243E+22   -2.157598E+20
   -9.916708E+20    3.271472E+21   -8.752618E+21   -8.981960E+22    2.020286E+22   -3.288604E+20
   -1.024487E+21    2.697603E+21   -8.840037E+21   -6.493403E+22    1.595897E+22   -2.024061E+20
   -1.056800E+21    2.122923E+21   -8.696572E+21   -1.227355E+23    2.748910E+22   -2.262733E+20
   -1.088629E+21    1.549200E+21   -8.348233E+21   -8.675278E+22    2.466191E+22   -3.504349E+20
   -1.119990E+21    9.782673E+20   -7.837580E+21   -9.320509E+22    1.693765E+22   -2.736987E+20
   -1.150896E+21    4.120071E+20   -7.219914E+21   -9.421441E+22    2.383830E+22   -1.658957E+20
   -1.181360E+21   -1.476643E+20   -6.558084E+21   -1.039702E+23    2.870955E+22   -2.037032E+20
   -1.211392E+21   -6.988124E+20   -5.916401E+21   -1.179682E+23    2.132537E+22   -2.767806E+20
   -1.240999E+21   -1.239503E+21   -5.354292E+21   -6.897822E+22    1.654254E+22   -2.656731E+20
   -1.270188E+21   -1.767823E+21   -4.920379E+21   -9.935099E+22    2.162420E+22   -2.049801E+20
   -1.298965E+21   -2.281900E+21   -4.647694E+21   -8.379088E+22    2.546747E+22   -1.796288E+20
   -1.327330E+21   -2.779924E+21   -4.550579E+21   -1.096579E+23    2.084413E+22   -2.121058E+20
   -1.355287E+21   -3.260170E+21   -4.623685E+21   -8.002459E+22    1.553307E+22   -2.606092E+20
   -1.382835E+21   -3.721021E+21   -4.843191E+21   -7.312953E+22    1.838071E+22   -2.751575E+20
   -1.409972E+21   -4.160983E+21   -5.170085E+21   -9.197149E+22    2.557520E+22   -2.413984E+20
   -1.436697E+21   -4.578714E+21   -5.555101E+21   -8.795815E+22    2.657499E+22   -1.876310E+20
   -1.463006E+21   -4.973033E+21   -5.944670E+21   -1.086292E+23    1.971660E+22   -1.609439E+20
   -1.488894E+21   -5.342938E+21   -6.287122E+21   -6.676142E+22    1.507628E+22   -1.877491E+20
   -1.514358E+21   -5.687622E+21   -6.538378E+21   -9.612940E+22    1.951184E+22   -2.423488E+20
   -1.539391E+21   -6.006473E+21   -6.666447E+21   -8.927462E+22    2.506749E+22   -2.598345E+20
   -1.563989E+21   -6.299088E+21   -6.654244E+21   -1.073635E+23    2.152079E+22   -2.137874E+20
   -1.588146E+21   -6.565271E+21   -6.500502E+21   -8.916322E+22    1.602879E+22   -1.854252E+20
   -1.611857E+21   -6.805027E+21   -6.218810E+21   -7.231849E+22    2.047422E+22   -2.588170E+20
   -1.635116E+21   -7.018561E+21   -5.835053E+21   -1.030476E+23    2.362144E+22   -3.085151E+20
   -1.657920E+21   -7.206265E+21   -5.383716E+21   -7.962021E+22    1.469471E+22   -1.964469E+20
   -1.680263E+21   -7.368706E+21   -4.903616E+21   -8.652835E+22    1.371617E+22   -1.930742E+20
   -1.702142E+21   -7.506610E+21   -4.433619E+21   -6.917286E+22    1.752438E+22   -3.002280E+20
   -1.723555E+21   -7.620845E+21   -4.008842E+21   -9.082835E+22    7.335581E+21   -1.606468E+20
   -1.744500E+21   -7.712401E+21   -3.657709E+21   -9.917836E+22    1.170418E+22   -2.909419E+20
   -1.764976E+21   -7.782370E+21   -3.400070E+21   -6.383077E+22    1.140470E+22   -1.583913E+20
   -1.784981E+21   -7.831928E+21   -3.246418E+21   -9.709837E+22    1.189116E+22   -2.859448E+20
   -1.804518E+21   -7.862309E+21   -3.198131E+21   -8.101275E+22    1.919604E+22   -1.885292E+20
