    7.252779E+17    3.626390E+18    7.252779E+18    2.901112E+19    4.351668E+19    7.252779E+19
    6.704968E+17    3.352484E+18    6.704968E+18    2.681987E+19    4.022981E+19    6.704968E+19
    6.198534E+17    3.099267E+18    6.198534E+18    2.479414E+19    3.719120E+19    6.198534E+19
    5.730351E+17    2.865176E+18    5.730351E+18    2.292141E+19    3.438211E+19    5.730351E+19
    5.297531E+17    2.648766E+18    5.297531E+18    2.119012E+19    3.178519E+19    5.297531E+19
    4.897402E+17    2.448701E+18    4.897402E+18    1.958961E+19    2.938441E+19    4.897402E+19
    4.527496E+17    2.263748E+18    4.527496E+18    1.810998E+19    2.716497E+19    4.527496E+19
    4.185529E+17    2.092764E+18    4.185529E+18    1.674211E+19    2.511317E+19    4.185529E+19
    3.869391E+17    1.934695E+18    3.869391E+18    1.547756E+19    2.321634E+19    3.869391E+19
    3.577131E+17    1.788565E+18    3.577131E+18    1.430852E+19    2.146279E+19    3.577131E+19
    3.306946E+17    1.653473E+18    3.306946E+18    1.322778E+19    1.984168E+19    3.306946E+19
    3.057168E+17    1.528584E+18    3.057168E+18    1.222867E+19    1.834301E+19    3.057168E+19
    2.826257E+17    1.413128E+18    2.826257E+18    1.130503E+19    1.695754E+19    2.826257E+19
    2.612786E+17    1.306393E+18    2.612786E+18    1.045115E+19    1.567672E+19    2.612786E+19
    2.415439E+17    1.207720E+18    2.415439E+18    9.661758E+18    1.449264E+19    2.415439E+19
    2.232998E+17    1.116499E+18    2.232998E+18    8.931994E+18    1.339799E+19    2.232998E+19
    2.064337E+17    1.032169E+18    2.064337E+18    8.257350E+18    1.238602E+19    2.064337E+19
    1.908416E+17    9.542078E+17    1.908416E+18    7.633662E+18    1.145049E+19    1.908416E+19
    1.764271E+17    8.821353E+17    1.764271E+18    7.057083E+18    1.058562E+19    1.764271E+19
    1.631013E+17    8.155066E+17    1.631013E+18    6.524053E+18    9.786079E+18    1.631013E+19
    1.507821E+17    7.539104E+17    1.507821E+18    6.031283E+18    9.046925E+18    1.507821E+19
    1.393933E+17    6.969667E+17    1.393933E+18    5.575733E+18    8.363600E+18    1.393933E+19
    1.288648E+17    6.443239E+17    1.288648E+18    5.154592E+18    7.731887E+18    1.288648E+19
    1.191315E+17    5.956574E+17    1.191315E+18    4.765259E+18    7.147889E+18    1.191315E+19
    1.101333E+17    5.506667E+17    1.101333E+18    4.405333E+18    6.608000E+18    1.101333E+19
    1.018148E+17    5.090742E+17    1.018148E+18    4.072593E+18    6.108890E+18    1.018148E+19
    9.412464E+16    4.706232E+17    9.412464E+17    3.764986E+18    5.647478E+18    9.412464E+18
    8.701529E+16    4.350765E+17    8.701529E+17    3.480612E+18    5.220918E+18    8.701529E+18
    8.044292E+16    4.022146E+17    8.044292E+17    3.217717E+18    4.826575E+18    8.044292E+18
    7.436697E+16    3.718349E+17    7.436697E+17    2.974679E+18    4.462018E+18    7.436697E+18
    6.874995E+16    3.437497E+17    6.874995E+17    2.749998E+18    4.124997E+18    6.874995E+18
    6.355718E+16    3.177859E+17    6.355718E+17    2.542287E+18    3.813431E+18    6.355718E+18
    5.875663E+16    2.937832E+17    5.875663E+17    2.350265E+18    3.525398E+18    5.875663E+18
    5.431867E+16    2.715934E+17    5.431867E+17    2.172747E+18    3.259120E+18    5.431867E+18
    5.021592E+16    2.510796E+17    5.021592E+17    2.008637E+18    3.012955E+18    5.021592E+18
    4.642305E+16    2.321153E+17    4.642305E+17    1.856922E+18    2.785383E+18    4.642305E+18
    4.291666E+16    2.145833E+17    4.291666E+17    1.716666E+18    2.575000E+18    4.291666E+18
    3.967511E+16    1.983756E+17    3.967511E+17    1.587005E+18    2.380507E+18    3.967512E+18
    3.667841E+16    1.833920E+17    3.667841E+17    1.467136E+18    2.200704E+18    3.667841E+18
    3.390804E+16    1.695402E+17    3.390804E+17    1.356322E+18    2.034482E+18    3.390804E+18
    3.134693E+16    1.567346E+17    3.134693E+17    1.253877E+18    1.880816E+18    3.134693E+18
    2.897925E+16    1.448963E+17    2.897925E+17    1.159170E+18    1.738755E+18    2.897926E+18
    2.679042E+16    1.339521E+17    2.679042E+17    1.071617E+18    1.607425E+18    2.679042E+18
    2.476690E+16    1.238345E+17    2.476690E+17    9.906762E+17    1.486014E+18    2.476691E+18
    2.289623E+16    1.144811E+17    2.289623E+17    9.158492E+17    1.373774E+18    2.289623E+18
    2.116685E+16    1.058342E+17    2.116685E+17    8.466740E+17    1.270011E+18    2.116685E+18
    1.956809E+16    9.784045E+16    1.956809E+17    7.827236E+17    1.174085E+18    1.956810E+18
    1.809009E+16    9.045044E+16    1.809009E+17    7.236035E+17    1.085405E+18    1.809010E+18
    1.672372E+16    8.361861E+16    1.672372E+17    6.689489E+17    1.003423E+18    1.672373E+18
    1.546056E+16    7.730279E+16    1.546056E+17    6.184223E+17    9.276335E+17    1.546057E+18
    1.429280E+16    7.146401E+16    1.429280E+17    5.717121E+17    8.575682E+17    1.429281E+18
    1.321325E+16    6.606624E+16    1.321325E+17    5.285299E+17    7.927950E+17    1.321326E+18
    1.221523E+16    6.107617E+16    1.221523E+17    4.886094E+17    7.329142E+17    1.221525E+18
    1.129260E+16    5.646301E+16    1.129260E+17    4.517041E+17    6.775562E+17    1.129262E+18
    1.043966E+16    5.219828E+16    1.043966E+17    4.175863E+17    6.263795E+17    1.043968E+18
    9.651135E+15    4.825567E+16    9.651135E+16    3.860454E+17    5.790683E+17    9.651161E+17
    8.922171E+15    4.461085E+16    8.922171E+16    3.568869E+17    5.353305E+17    8.922202E+17
    8.248266E+15    4.124133E+16    8.248266E+16    3.299307E+17    4.948963E+17    8.248303E+17
    7.625263E+15    3.812631E+16    7.625263E+16    3.050105E+17    4.575161E+17    7.625306E+17
    7.049315E+15    3.524657E+16    7.049315E+16    2.819726E+17    4.229593E+17    7.049365E+17
    6.516869E+15    3.258434E+16    6.516869E+16    2.606748E+17    3.910126E+17    6.516928E+17
    6.024639E+15    3.012319E+16    6.024639E+16    2.409856E+17    3.614789E+17    6.024708E+17
    5.569587E+15    2.784794E+16    5.569587E+16    2.227836E+17    3.341759E+17    5.569669E+17
    5.148906E+15    2.574453E+16    5.148906E+16    2.059563E+17    3.089351E+17    5.149001E+17
    4.759999E+15    2.380000E+16    4.759999E+16    1.904001E+17    2.856008E+17    4.760111E+17
    4.400467E+15    2.200233E+16    4.400467E+16    1.760188E+17    2.640290E+17    4.400597E+17
    4.068090E+15    2.034045E+16    4.068090E+16    1.627237E+17    2.440865E+17    4.068242E+17
    3.760817E+15    1.880409E+16    3.760817E+16    1.504329E+17    2.256504E+17    3.760996E+17
    3.476753E+15    1.738376E+16    3.476753E+16    1.390703E+17    2.086068E+17    3.476962E+17
    3.214144E+15    1.607072E+16    3.214144E+16    1.285660E+17    1.928505E+17    3.214389E+17
    2.971369E+15    1.485685E+16    2.971369E+16    1.188551E+17    1.782843E+17    2.971656E+17
    2.746932E+15    1.373466E+16    2.746932E+16    1.098776E+17    1.648184E+17    2.747267E+17
    2.539445E+15    1.269723E+16    2.539445E+16    1.015782E+17    1.523697E+17    2.539838E+17
    2.347630E+15    1.173815E+16    2.347630E+16    9.390565E+16    1.408613E+17    2.348090E+17
    2.170302E+15    1.085151E+16    2.170302E+16    8.681261E+16    1.302222E+17    2.170841E+17
    2.006367E+15    1.003184E+16    2.006367E+16    8.025531E+16    1.203868E+17    2.006998E+17
    1.854814E+15    9.274071E+15    1.854814E+16    7.419328E+16    1.112944E+17    1.855552E+17
    1.714707E+15    8.573535E+15    1.714707E+16    6.858911E+16    1.028890E+17    1.715571E+17
    1.585181E+15    7.925907E+15    1.585181E+16    6.340823E+16    9.511854E+16    1.586193E+17
    1.465438E+15    7.327191E+15    1.465438E+16    5.861867E+16    8.793525E+16    1.466622E+17
    1.354738E+15    6.773691E+15    1.354738E+16    5.419086E+16    8.129478E+16    1.356124E+17
    1.252398E+15    6.261992E+15    1.252398E+16    5.009750E+16    7.515618E+16    1.254020E+17
    1.157787E+15    5.788936E+15    1.157787E+16    4.631332E+16    6.948160E+16    1.159685E+17
    1.070321E+15    5.351604E+15    1.070321E+16    4.281497E+16    6.423607E+16    1.072542E+17
    9.894595E+14    4.947297E+15    9.894596E+15    3.958089E+16    5.938725E+16    9.920594E+16
    9.147041E+14    4.573521E+15    9.147043E+15    3.659110E+16    5.490529E+16    9.177468E+16
    8.455935E+14    4.227968E+15    8.455937E+15    3.382717E+16    5.076257E+16    8.491543E+16
    7.817011E+14    3.908506E+15    7.817014E+15    3.127206E+16    4.693362E+16    7.858681E+16
    7.226326E+14    3.613163E+15    7.226330E+15    2.891001E+16    4.339488E+16    7.275091E+16
    6.680235E+14    3.340118E+15    6.680239E+15    2.672645E+16    4.012462E+16    6.737301E+16
    6.175369E+14    3.087685E+15    6.175374E+15    2.470792E+16    3.710278E+16    6.242147E+16
    5.708611E+14    2.854306E+15    5.708617E+15    2.284198E+16    3.431083E+16    5.786755E+16
    5.277082E+14    2.638541E+15    5.277088E+15    2.111715E+16    3.173172E+16    5.368524E+16
    4.878117E+14    2.439059E+15    4.878125E+15    1.952279E+16    2.934972E+16    4.985119E+16
    4.509256E+14    2.254628E+15    4.509265E+15    1.804910E+16    2.715034E+16    4.634465E+16
    4.168222E+14    2.084111E+15    4.168232E+15    1.668702E+16    2.512026E+16    4.314733E+16
    3.852910E+14    1.926455E+15    3.852922E+15    1.542817E+16    2.324726E+16    4.024347E+16
    3.561375E+14    1.780688E+15    3.561389E+15    1.426485E+16    2.152014E+16    3.761975E+16
    3.291817E+14    1.645909E+15    3.291834E+15    1.318991E+16    1.992863E+16    3.526539E+16
    3.042574E+14    1.521287E+15    3.042593E+15    1.219678E+16    1.846339E+16    3.317218E+16
    2.812106E+14    1.406054E+15    2.812129E+15    1.127942E+16    1.711595E+16    3.133461E+16
    2.598992E+14    1.299497E+15    2.599019E+15    1.043223E+16    1.587865E+16    2.974997E+16
    2.401917E+14    1.200959E+15    2.401948E+15    9.650097E+15    1.474461E+16    2.841861E+16
    2.219664E+14    1.109833E+15    2.219700E+15    8.928300E+15    1.370774E+16    2.734415E+16
    2.051109E+14    1.025555E+15    2.051151E+15    8.262521E+15    1.276268E+16    2.653380E+16
    1.895212E+14    9.476068E+14    1.895261E+15    7.648806E+15    1.190482E+16    2.599874E+16
    1.751010E+14    8.755060E+14    1.751067E+15    7.083552E+15    1.113032E+16    2.575460E+16
    1.617613E+14    8.088081E+14    1.617681E+15    6.563484E+15    1.043606E+16    2.582204E+16
    1.494200E+14    7.471014E+14    1.494278E+15    6.085642E+15    9.819726E+15    2.622735E+16
    1.380007E+14    6.900053E+14    1.380099E+15    5.647370E+15    9.279807E+15    2.700332E+16
    1.274330E+14    6.371673E+14    1.274438E+15    5.246306E+15    8.815655E+15    2.819016E+16
    1.176518E+14    5.882615E+14    1.176644E+15    4.880374E+15    8.427543E+15    2.983658E+16
    1.085966E+14    5.429860E+14    1.086114E+15    4.547783E+15    8.116747E+15    3.200116E+16
    1.002116E+14    5.010615E+14    1.002289E+15    4.247028E+15    7.885639E+15    3.475384E+16
    9.244498E+13    4.622292E+14    9.246522E+14    3.976893E+15    7.737811E+15    3.817777E+16
    8.524893E+13    4.262497E+14    8.527260E+14    3.736457E+15    7.678216E+15    4.237138E+16
    7.857898E+13    3.929008E+14    7.860668E+14    3.525110E+15    7.713345E+15    4.745093E+16
    7.239399E+13    3.619769E+14    7.242639E+14    3.342571E+15    7.851430E+15    5.355335E+16
    6.665580E+13    3.332871E+14    6.669370E+14    3.188907E+15    8.102695E+15    6.083968E+16
    6.132900E+13    3.066544E+14    6.137333E+14    3.064566E+15    8.479642E+15    6.949900E+16
    5.638073E+13    2.819147E+14    5.643259E+14    2.970411E+15    8.997399E+15    7.975306E+16
    5.178047E+13    2.589152E+14    5.184112E+14    2.907768E+15    9.674118E+15    9.186172E+16
    4.749984E+13    2.375142E+14    4.757078E+14    2.878480E+15    1.053145E+16    1.061291E+17
    4.351245E+13    2.175798E+14    4.359541E+14    2.884968E+15    1.159511E+16    1.229112E+17
    3.979370E+13    1.989889E+14    3.989072E+14    2.930314E+15    1.289551E+16    1.426239E+17
    3.632067E+13    1.816271E+14    3.643413E+14    3.018350E+15    1.446853E+16    1.657534E+17
    3.307195E+13    1.653874E+14    3.320462E+14    3.153770E+15    1.635642E+16    1.928673E+17
    3.002754E+13    1.501698E+14    3.018265E+14    3.342255E+15    1.860879E+16    2.246279E+17
    2.716868E+13    1.358806E+14    2.735000E+14    3.590625E+15    2.128389E+16    2.618081E+17
    2.447778E+13    1.224320E+14    2.468973E+14    3.907019E+15    2.444996E+16    3.053085E+17
    2.193829E+13    1.097411E+14    2.218600E+14    4.301099E+15    2.818691E+16    3.561783E+17
    1.953463E+13    9.773012E+13    1.982408E+14    4.784291E+15    3.258823E+16    4.156390E+17
    1.725205E+13    8.632529E+13    1.759019E+14    5.370074E+15    3.776318E+16    4.851113E+17
    1.507659E+13    7.545666E+13    1.547151E+14    6.074301E+15    4.383943E+16    5.662462E+17
    1.299500E+13    6.505767E+13    1.345605E+14    6.915593E+15    5.096601E+16    6.609605E+17
    1.099463E+13    5.506465E+13    1.153268E+14    7.915778E+15    5.931683E+16    7.714767E+17
    9.063428E+12    4.541648E+13    9.691001E+13    9.100415E+15    6.909470E+16    9.003689E+17
    7.189860E+12    3.605414E+13    7.921373E+13    1.049940E+16    8.053599E+16    1.050613E+18
    5.362890E+12    2.692029E+13    6.214862E+13    1.214766E+16    9.391606E+16    1.225645E+18
    3.571976E+12    1.795885E+13    4.563231E+13    1.408596E+16    1.095554E+17    1.429421E+18
    1.807089E+12    9.114527E+12    2.958915E+13    1.636188E+16    1.278271E+17    1.666488E+18
    5.878829E+10    3.322134E+11    1.395023E+13    1.903084E+16    1.491645E+17    1.942056E+18
   -1.681650E+12   -8.443645E+12   -1.346832E+12    2.215740E+16    1.740715E+17    2.262075E+18
   -3.422002E+12   -1.726991E+13   -1.635791E+13    2.581668E+16    2.031326E+17    2.633314E+18
   -5.168729E+12   -2.620584E+13   -3.113266E+13    3.009606E+16    2.370259E+17    3.063440E+18
   -6.926407E+12   -3.531462E+13   -4.571499E+13    3.509699E+16    2.765370E+17    3.561086E+18
   -8.696853E+12   -4.466543E+13   -6.014391E+13    4.093728E+16    3.225750E+17    4.135914E+18
   -1.047782E+13   -5.433643E+13   -7.445514E+13    4.775346E+16    3.761905E+17    4.798650E+18
   -1.226100E+13   -6.441900E+13   -8.868372E+13    5.570366E+16    4.385963E+17    5.561088E+18
   -1.402913E+13   -7.502393E+13   -1.028685E+14    6.497069E+16    5.111901E+17    6.436047E+18
   -1.575162E+13   -8.629047E+13   -1.170592E+14    7.576556E+16    5.955798E+17    7.437254E+18
   -1.737806E+13   -9.839947E+13   -1.313274E+14    8.833132E+16    6.936117E+17    8.579135E+18
   -1.882872E+13   -1.115928E+14   -1.457844E+14    1.029472E+17    8.074015E+17    9.876483E+18
   -1.998039E+13   -1.262020E+14   -1.606073E+14    1.199329E+17    9.393680E+17    1.134397E+19
   -2.064554E+13   -1.426898E+14   -1.760799E+14    1.396531E+17    1.092270E+18    1.299545E+19
   -2.054155E+13   -1.617126E+14   -1.926539E+14    1.625214E+17    1.269244E+18    1.484304E+19
   -1.924532E+13   -1.842109E+14   -2.110413E+14    1.890034E+17    1.473849E+18    1.689593E+19
   -1.612638E+13   -2.115434E+14   -2.323519E+14    2.196184E+17    1.710110E+18    1.915890E+19
   -1.024842E+13   -2.456849E+14   -2.582992E+14    2.549378E+17    1.982569E+18    2.163047E+19
   -2.241329E+11   -2.895159E+14   -2.915061E+14    2.955776E+17    2.296337E+18    2.430092E+19
    1.599814E+13   -3.472508E+14   -3.359581E+14    3.421828E+17    2.657162E+18    2.714990E+19
    4.144840E+13   -4.250661E+14   -3.976755E+14    3.953966E+17    3.071505E+18    3.014410E+19
    8.059638E+13   -5.320243E+14   -4.857050E+14    4.558070E+17    3.546655E+18    3.323492E+19
    1.400293E+14   -6.814314E+14   -6.135855E+14    5.238569E+17    4.090884E+18    3.635651E+19
    2.294469E+14   -8.928293E+14   -8.015071E+14    5.996972E+17    4.713694E+18    3.942447E+19
    3.631207E+14   -1.194919E+15   -1.079491E+15    6.829507E+17    5.426215E+18    4.233556E+19
    5.620333E+14   -1.629846E+15   -1.492068E+15    7.723390E+17    6.241846E+18    4.496893E+19
    8.570108E+14   -2.259475E+15   -2.105146E+15    8.650955E+17    7.177298E+18    4.718909E+19
    1.293307E+15   -3.174577E+15   -3.016103E+15    9.560505E+17    8.254301E+18    4.885131E+19
    1.937304E+15   -4.508254E+15   -4.368570E+15    1.036211E+18    9.502344E+18    4.980941E+19
    2.886296E+15   -6.455549E+15   -6.374088E+15    1.090567E+18    1.096306E+19    4.992641E+19
    4.282761E+15   -9.302054E+15   -9.343800E+15    1.094716E+18    1.269718E+19    4.908750E+19
    6.335152E+15   -1.346559E+16   -1.373473E+16    1.009682E+18    1.479537E+19    4.721449E+19
    9.348149E+15   -1.955685E+16   -2.021736E+16    7.739967E+17    1.739513E+19    4.427972E+19
    1.376660E+16   -2.846754E+16   -2.977404E+16    2.916328E+17    2.070669E+19    4.031575E+19
    2.023930E+16   -4.149822E+16   -4.384225E+16   -5.863334E+17    2.505244E+19    3.541551E+19
    2.971128E+16   -6.054353E+16   -6.452268E+16   -2.089479E+18    3.092648E+19    2.971591E+19
    4.355735E+16   -8.835998E+16   -9.488096E+16   -4.569911E+18    3.908367E+19    2.335728E+19
    6.377469E+16   -1.289524E+17   -1.393845E+17   -8.565214E+18    5.067164E+19    1.641274E+19
    9.326028E+16   -1.881306E+17   -2.045336E+17   -1.489269E+19    6.742503E+19    8.786504E+18
    1.362094E+17   -2.743094E+17   -2.997709E+17   -2.478987E+19    9.194849E+19    8.933869E+16
    1.986871E+17   -3.996550E+17   -4.387894E+17   -4.012305E+19    1.281256E+20   -1.048902E+19
    2.894451E+17   -5.817258E+17   -6.414092E+17   -6.369546E+19    1.817043E+20   -2.428014E+19
    4.210864E+17   -8.458105E+17   -9.362617E+17   -9.970019E+19    2.611266E+20   -4.317929E+19
    6.117219E+17   -1.228254E+18   -1.364618E+18   -1.543825E+20    3.786927E+20   -6.961879E+19
    8.873175E+17   -1.781174E+18   -1.985836E+18   -2.370032E+20    5.521772E+20   -1.065054E+20
    1.285010E+18   -2.579116E+18   -2.885072E+18   -3.612305E+20    8.070456E+20   -1.572144E+20
    1.857771E+18   -3.728435E+18   -4.184179E+18   -5.471409E+20    1.179459E+21   -2.257750E+20
    2.680954E+18   -5.380435E+18   -6.057032E+18   -8.240734E+20    1.720292E+21   -3.173539E+20
    3.861422E+18   -7.749725E+18   -8.750997E+18   -1.234675E+21    2.500446E+21   -4.390186E+20
    5.550244E+18   -1.113974E+19   -1.261687E+19   -1.840594E+21    3.617756E+21   -6.005864E+20
    7.960257E+18   -1.597804E+19   -1.815042E+19   -2.730426E+21    5.205880E+21   -8.152893E+20
    1.139024E+19   -2.286490E+19   -2.604984E+19   -4.030717E+21    7.445570E+21   -1.100177E+21
    1.625797E+19   -3.263988E+19   -3.729456E+19   -5.921076E+21    1.057879E+22   -1.476609E+21
    2.314532E+19   -4.647234E+19   -5.325296E+19   -8.654728E+21    1.492622E+22   -1.971436E+21
    3.285908E+19   -6.598403E+19   -7.582872E+19   -1.258622E+22    2.090877E+22   -2.619153E+21
    4.651289E+19   -9.341381E+19   -1.076582E+20   -1.820840E+22    2.907384E+22   -3.464441E+21
    6.563692E+19   -1.318384E+20   -1.523758E+20   -2.620119E+22    4.012727E+22   -4.546212E+21
    9.232922E+19   -1.854770E+20   -2.149806E+20   -3.749543E+22    5.497223E+22   -5.659231E+21
    1.295682E+20   -2.603189E+20   -3.025589E+20   -5.335642E+22    7.475685E+22   -6.497049E+21
    1.178542E+20   -2.373224E+20   -2.885094E+20   -7.276505E+22    1.000625E+23   -7.124231E+21
    1.172679E+20   -2.361696E+20   -2.877635E+20   -7.369557E+22    1.012602E+23   -7.150519E+21
    1.166855E+20   -2.350250E+20   -2.870308E+20   -7.463752E+22    1.024687E+23   -7.177029E+21
    1.161072E+20   -2.338886E+20   -2.863112E+20   -7.559102E+22    1.036880E+23   -7.203774E+21
    1.155329E+20   -2.327604E+20   -2.856048E+20   -7.655616E+22    1.049178E+23   -7.230768E+21
    1.149626E+20   -2.316405E+20   -2.849117E+20   -7.753307E+22    1.061581E+23   -7.258024E+21
    1.143963E+20   -2.305286E+20   -2.842318E+20   -7.852184E+22    1.074088E+23   -7.285551E+21
    1.138339E+20   -2.294249E+20   -2.835653E+20   -7.952256E+22    1.086697E+23   -7.313358E+21
    1.132755E+20   -2.283294E+20   -2.829121E+20   -8.053535E+22    1.099408E+23   -7.341452E+21
    1.127211E+20   -2.272419E+20   -2.822723E+20   -8.156029E+22    1.112219E+23   -7.369838E+21
    1.121706E+20   -2.261625E+20   -2.816459E+20   -8.259747E+22    1.125129E+23   -7.398520E+21
    1.116240E+20   -2.250912E+20   -2.810331E+20   -8.364698E+22    1.138135E+23   -7.427499E+21
    1.110813E+20   -2.240279E+20   -2.804337E+20   -8.470891E+22    1.151238E+23   -7.456776E+21
    1.105426E+20   -2.229728E+20   -2.798480E+20   -8.578334E+22    1.164434E+23   -7.486348E+21
    1.100078E+20   -2.219256E+20   -2.792759E+20   -8.687035E+22    1.177723E+23   -7.516212E+21
    1.094769E+20   -2.208865E+20   -2.787174E+20   -8.797002E+22    1.191103E+23   -7.546364E+21
    1.089499E+20   -2.198555E+20   -2.781727E+20   -8.908241E+22    1.204571E+23   -7.576797E+21
    1.084268E+20   -2.188325E+20   -2.776418E+20   -9.020761E+22    1.218127E+23   -7.607502E+21
    1.079077E+20   -2.178175E+20   -2.771247E+20   -9.134567E+22    1.231768E+23   -7.638469E+21
    1.073925E+20   -2.168107E+20   -2.766217E+20   -9.249666E+22    1.245493E+23   -7.669688E+21
    1.068812E+20   -2.158120E+20   -2.761326E+20   -9.366065E+22    1.259298E+23   -7.701145E+21
    1.063739E+20   -2.148215E+20   -2.756577E+20   -9.483768E+22    1.273183E+23   -7.732827E+21
    1.058705E+20   -2.138391E+20   -2.751970E+20   -9.602783E+22    1.287144E+23   -7.764718E+21
    1.053712E+20   -2.128650E+20   -2.747505E+20   -9.723113E+22    1.301181E+23   -7.796802E+21
    1.048759E+20   -2.118991E+20   -2.743185E+20   -9.844764E+22    1.315290E+23   -7.829060E+21
    1.043846E+20   -2.109416E+20   -2.739010E+20   -9.967741E+22    1.329469E+23   -7.861475E+21
    1.038974E+20   -2.099924E+20   -2.734981E+20   -1.009205E+23    1.343715E+23   -7.894026E+21
    1.034143E+20   -2.090518E+20   -2.731100E+20   -1.021769E+23    1.358027E+23   -7.926694E+21
    1.029354E+20   -2.081197E+20   -2.727368E+20   -1.034466E+23    1.372402E+23   -7.959456E+21
    1.024607E+20   -2.071962E+20   -2.723786E+20   -1.047298E+23    1.386838E+23   -7.992291E+21
    1.019902E+20   -2.062815E+20   -2.720355E+20   -1.060264E+23    1.401331E+23   -8.025177E+21
    1.015239E+20   -2.053755E+20   -2.717078E+20   -1.073365E+23    1.415879E+23   -8.058092E+21
    1.010620E+20   -2.044784E+20   -2.713954E+20   -1.086601E+23    1.430479E+23   -8.091011E+21
    1.006044E+20   -2.035902E+20   -2.710986E+20   -1.099972E+23    1.445129E+23   -8.123913E+21
    1.001512E+20   -2.027111E+20   -2.708175E+20   -1.113478E+23    1.459826E+23   -8.156773E+21
    9.970246E+19   -2.018412E+20   -2.705522E+20   -1.127120E+23    1.474568E+23   -8.189570E+21
    9.925820E+19   -2.009805E+20   -2.703029E+20   -1.140898E+23    1.489350E+23   -8.222279E+21
    9.881848E+19   -2.001291E+20   -2.700697E+20   -1.154811E+23    1.504171E+23   -8.254879E+21
    9.838334E+19   -1.992871E+20   -2.698528E+20   -1.168860E+23    1.519028E+23   -8.287347E+21
    9.795286E+19   -1.984548E+20   -2.696523E+20   -1.183045E+23    1.533917E+23   -8.319662E+21
    9.752706E+19   -1.976321E+20   -2.694685E+20   -1.197366E+23    1.548836E+23   -8.351802E+21
    9.710603E+19   -1.968191E+20   -2.693014E+20   -1.211823E+23    1.563781E+23   -8.383748E+21
    9.668981E+19   -1.960161E+20   -2.691512E+20   -1.226416E+23    1.578750E+23   -8.415480E+21
    9.627848E+19   -1.952231E+20   -2.690182E+20   -1.241145E+23    1.593740E+23   -8.446980E+21
    9.587209E+19   -1.944403E+20   -2.689024E+20   -1.256010E+23    1.608747E+23   -8.478229E+21
    9.547072E+19   -1.936678E+20   -2.688041E+20   -1.271010E+23    1.623769E+23   -8.509213E+21
    9.507443E+19   -1.929058E+20   -2.687235E+20   -1.286146E+23    1.638802E+23   -8.539914E+21
    9.468329E+19   -1.921543E+20   -2.686607E+20   -1.301417E+23    1.653844E+23   -8.570320E+21
    9.429736E+19   -1.914135E+20   -2.686159E+20   -1.316823E+23    1.668891E+23   -8.600418E+21
    9.391673E+19   -1.906836E+20   -2.685893E+20   -1.332365E+23    1.683939E+23   -8.630197E+21
    9.354147E+19   -1.899648E+20   -2.685811E+20   -1.348041E+23    1.698987E+23   -8.659646E+21
    9.317166E+19   -1.892571E+20   -2.685915E+20   -1.363852E+23    1.714031E+23   -8.688758E+21
    9.280739E+19   -1.885608E+20   -2.686208E+20   -1.379796E+23    1.729067E+23   -8.717525E+21
    9.244873E+19   -1.878760E+20   -2.686691E+20   -1.395875E+23    1.744093E+23   -8.745941E+21
    9.209576E+19   -1.872029E+20   -2.687366E+20   -1.412087E+23    1.759106E+23   -8.774004E+21
    9.174858E+19   -1.865416E+20   -2.688235E+20   -1.428431E+23    1.774102E+23   -8.801711E+21
    9.140727E+19   -1.858924E+20   -2.689301E+20   -1.444909E+23    1.789078E+23   -8.829060E+21
    9.107193E+19   -1.852554E+20   -2.690566E+20   -1.461519E+23    1.804031E+23   -8.856053E+21
    9.074266E+19   -1.846308E+20   -2.692033E+20   -1.478260E+23    1.818958E+23   -8.882692E+21
    9.041956E+19   -1.840189E+20   -2.693703E+20   -1.495133E+23    1.833856E+23   -8.908980E+21
    9.010271E+19   -1.834198E+20   -2.695579E+20   -1.512136E+23    1.848723E+23   -8.934923E+21
    8.979224E+19   -1.828337E+20   -2.697664E+20   -1.529270E+23    1.863554E+23   -8.960527E+21
    8.948823E+19   -1.822609E+20   -2.699960E+20   -1.546533E+23    1.878346E+23   -8.985799E+21
    8.919081E+19   -1.817015E+20   -2.702469E+20   -1.563925E+23    1.893098E+23   -9.010750E+21
    8.890008E+19   -1.811559E+20   -2.705194E+20   -1.581445E+23    1.907806E+23   -9.035388E+21
    8.861617E+19   -1.806241E+20   -2.708138E+20   -1.599093E+23    1.922466E+23   -9.059727E+21
    8.833919E+19   -1.801066E+20   -2.711304E+20   -1.616868E+23    1.937077E+23   -9.083778E+21
    8.806927E+19   -1.796034E+20   -2.714694E+20   -1.634769E+23    1.951635E+23   -9.107556E+21
    8.780652E+19   -1.791149E+20   -2.718312E+20   -1.652796E+23    1.966137E+23   -9.131074E+21
    8.755109E+19   -1.786414E+20   -2.722159E+20   -1.670948E+23    1.980581E+23   -9.154347E+21
    8.730310E+19   -1.781830E+20   -2.726240E+20   -1.689223E+23    1.994963E+23   -9.177393E+21
    8.706269E+19   -1.777401E+20   -2.730557E+20   -1.707621E+23    2.009282E+23   -9.200227E+21
    8.683000E+19   -1.773130E+20   -2.735113E+20   -1.726142E+23    2.023534E+23   -9.222866E+21
    8.660518E+19   -1.769019E+20   -2.739911E+20   -1.744784E+23    2.037716E+23   -9.245329E+21
    8.638837E+19   -1.765071E+20   -2.744956E+20   -1.763547E+23    2.051827E+23   -9.267632E+21
    8.617974E+19   -1.761290E+20   -2.750249E+20   -1.782429E+23    2.065864E+23   -9.289795E+21
    8.597943E+19   -1.757679E+20   -2.755795E+20   -1.801430E+23    2.079824E+23   -9.311834E+21
    8.578760E+19   -1.754240E+20   -2.761597E+20   -1.820548E+23    2.093705E+23   -9.333769E+21
    8.560443E+19   -1.750977E+20   -2.767659E+20   -1.839783E+23    2.107504E+23   -9.355616E+21
    8.543008E+19   -1.747894E+20   -2.773983E+20   -1.859133E+23    2.121219E+23   -9.377394E+21
    8.526473E+19   -1.744994E+20   -2.780575E+20   -1.878598E+23    2.134849E+23   -9.399120E+21
    8.510855E+19   -1.742281E+20   -2.787438E+20   -1.898176E+23    2.148390E+23   -9.420811E+21
    8.496174E+19   -1.739758E+20   -2.794575E+20   -1.917867E+23    2.161840E+23   -9.442484E+21
    8.482447E+19   -1.737430E+20   -2.801990E+20   -1.937669E+23    2.175199E+23   -9.464153E+21
    8.469695E+19   -1.735299E+20   -2.809688E+20   -1.957580E+23    2.188463E+23   -9.485835E+21
    8.457936E+19   -1.733370E+20   -2.817674E+20   -1.977601E+23    2.201630E+23   -9.507544E+21
    8.447192E+19   -1.731647E+20   -2.825950E+20   -1.997729E+23    2.214700E+23   -9.529292E+21
    8.437482E+19   -1.730134E+20   -2.834521E+20   -2.017963E+23    2.227670E+23   -9.551094E+21
    8.428828E+19   -1.728835E+20   -2.843392E+20   -2.038303E+23    2.240538E+23   -9.572959E+21
    8.421253E+19   -1.727755E+20   -2.852568E+20   -2.058746E+23    2.253303E+23   -9.594900E+21
    8.414777E+19   -1.726898E+20   -2.862052E+20   -2.079291E+23    2.265964E+23   -9.616926E+21
    8.409424E+19   -1.726269E+20   -2.871850E+20   -2.099938E+23    2.278519E+23   -9.639044E+21
    8.405218E+19   -1.725872E+20   -2.881966E+20   -2.120685E+23    2.290966E+23   -9.661264E+21
    8.402180E+19   -1.725712E+20   -2.892405E+20   -2.141530E+23    2.303304E+23   -9.683590E+21
    8.400337E+19   -1.725794E+20   -2.903172E+20   -2.162472E+23    2.315532E+23   -9.706028E+21
    8.399711E+19   -1.726123E+20   -2.914272E+20   -2.183509E+23    2.327649E+23   -9.728582E+21
    8.400330E+19   -1.726703E+20   -2.925710E+20   -2.204641E+23    2.339654E+23   -9.751255E+21
    8.402217E+19   -1.727540E+20   -2.937491E+20   -2.225866E+23    2.351546E+23   -9.774049E+21
    8.405400E+19   -1.728640E+20   -2.949621E+20   -2.247181E+23    2.363324E+23   -9.796964E+21
    8.409904E+19   -1.730006E+20   -2.962104E+20   -2.268587E+23    2.374987E+23   -9.820001E+21
    8.415757E+19   -1.731646E+20   -2.974947E+20   -2.290080E+23    2.386535E+23   -9.843157E+21
    8.422986E+19   -1.733563E+20   -2.988155E+20   -2.311660E+23    2.397966E+23   -9.866430E+21
    8.431618E+19   -1.735765E+20   -3.001732E+20   -2.333326E+23    2.409281E+23   -9.889818E+21
    8.441682E+19   -1.738255E+20   -3.015686E+20   -2.355074E+23    2.420478E+23   -9.913316E+21
    8.453207E+19   -1.741041E+20   -3.030021E+20   -2.376905E+23    2.431558E+23   -9.936918E+21
    8.466221E+19   -1.744128E+20   -3.044744E+20   -2.398817E+23    2.442520E+23   -9.960620E+21
    8.480755E+19   -1.747521E+20   -3.059860E+20   -2.420806E+23    2.453364E+23   -9.984415E+21
    8.496837E+19   -1.751228E+20   -3.075374E+20   -2.442874E+23    2.464090E+23   -1.000830E+22
    8.514497E+19   -1.755252E+20   -3.091294E+20   -2.465016E+23    2.474697E+23   -1.003225E+22
    8.533766E+19   -1.759601E+20   -3.107624E+20   -2.487233E+23    2.485186E+23   -1.005628E+22
    8.554675E+19   -1.764281E+20   -3.124371E+20   -2.509521E+23    2.495557E+23   -1.008037E+22
    8.577253E+19   -1.769298E+20   -3.141541E+20   -2.531880E+23    2.505810E+23   -1.010452E+22
    8.601533E+19   -1.774658E+20   -3.159140E+20   -2.554308E+23    2.515945E+23   -1.012871E+22
    8.627546E+19   -1.780368E+20   -3.177174E+20   -2.576803E+23    2.525963E+23   -1.015293E+22
    8.655323E+19   -1.786433E+20   -3.195650E+20   -2.599364E+23    2.535863E+23   -1.017718E+22
    8.684895E+19   -1.792860E+20   -3.214572E+20   -2.621988E+23    2.545647E+23   -1.020144E+22
    8.716294E+19   -1.799655E+20   -3.233948E+20   -2.644675E+23    2.555315E+23   -1.022571E+22
    8.749552E+19   -1.806824E+20   -3.253784E+20   -2.667422E+23    2.564867E+23   -1.024998E+22
    8.784700E+19   -1.814374E+20   -3.274085E+20   -2.690227E+23    2.574305E+23   -1.027423E+22
    8.821771E+19   -1.822312E+20   -3.294858E+20   -2.713090E+23    2.583628E+23   -1.029847E+22
    8.860797E+19   -1.830643E+20   -3.316109E+20   -2.736007E+23    2.592838E+23   -1.032268E+22
    8.901808E+19   -1.839374E+20   -3.337844E+20   -2.758979E+23    2.601936E+23   -1.034685E+22
    8.944837E+19   -1.848511E+20   -3.360069E+20   -2.782002E+23    2.610922E+23   -1.037097E+22
    8.989914E+19   -1.858060E+20   -3.382791E+20   -2.805075E+23    2.619797E+23   -1.039505E+22
    9.037072E+19   -1.868028E+20   -3.406014E+20   -2.828197E+23    2.628563E+23   -1.041906E+22
    9.086340E+19   -1.878421E+20   -3.429745E+20   -2.851365E+23    2.637220E+23   -1.044301E+22
    9.137752E+19   -1.889244E+20   -3.453990E+20   -2.874579E+23    2.645770E+23   -1.046689E+22
    9.191336E+19   -1.900505E+20   -3.478755E+20   -2.897836E+23    2.654214E+23   -1.049069E+22
    9.247123E+19   -1.912209E+20   -3.504046E+20   -2.921134E+23    2.662552E+23   -1.051440E+22
    9.305143E+19   -1.924362E+20   -3.529867E+20   -2.944473E+23    2.670787E+23   -1.053803E+22
    9.365424E+19   -1.936969E+20   -3.556224E+20   -2.967850E+23    2.678919E+23   -1.056157E+22
    9.427996E+19   -1.950037E+20   -3.583124E+20   -2.991264E+23    2.686951E+23   -1.058502E+22
    9.492887E+19   -1.963572E+20   -3.610570E+20   -3.014713E+23    2.694882E+23   -1.060837E+22
    9.560127E+19   -1.977578E+20   -3.638569E+20   -3.038195E+23    2.702715E+23   -1.063163E+22
    9.629741E+19   -1.992061E+20   -3.667126E+20   -3.061709E+23    2.710450E+23   -1.065478E+22
    9.701757E+19   -2.007027E+20   -3.696246E+20   -3.085254E+23    2.718090E+23   -1.067783E+22
    9.776201E+19   -2.022481E+20   -3.725932E+20   -3.108828E+23    2.725636E+23   -1.070079E+22
    9.853096E+19   -2.038427E+20   -3.756191E+20   -3.132428E+23    2.733090E+23   -1.072364E+22
    9.932469E+19   -2.054872E+20   -3.787026E+20   -3.156055E+23    2.740452E+23   -1.074639E+22
    1.001434E+20   -2.071818E+20   -3.818441E+20   -3.179705E+23    2.747725E+23   -1.076904E+22
    1.009874E+20   -2.089272E+20   -3.850442E+20   -3.203378E+23    2.754909E+23   -1.079160E+22
    1.018569E+20   -2.107237E+20   -3.883032E+20   -3.227072E+23    2.762008E+23   -1.081406E+22
    1.027521E+20   -2.125718E+20   -3.916216E+20   -3.250786E+23    2.769021E+23   -1.083642E+22
    1.036731E+20   -2.144719E+20   -3.949995E+20   -3.274519E+23    2.775951E+23   -1.085870E+22
    1.046202E+20   -2.164244E+20   -3.984375E+20   -3.298268E+23    2.782799E+23   -1.088088E+22
    1.055936E+20   -2.184296E+20   -4.019359E+20   -3.322033E+23    2.789567E+23   -1.090299E+22
    1.065935E+20   -2.204879E+20   -4.054948E+20   -3.345811E+23    2.796257E+23   -1.092501E+22
    1.076200E+20   -2.225996E+20   -4.091148E+20   -3.369603E+23    2.802870E+23   -1.094696E+22
    1.086732E+20   -2.247651E+20   -4.127959E+20   -3.393406E+23    2.809407E+23   -1.096883E+22
    1.097534E+20   -2.269846E+20   -4.165385E+20   -3.417219E+23    2.815872E+23   -1.099063E+22
    1.108606E+20   -2.292584E+20   -4.203429E+20   -3.441041E+23    2.822264E+23   -1.101237E+22
    1.119950E+20   -2.315867E+20   -4.242091E+20   -3.464870E+23    2.828585E+23   -1.103405E+22
    1.131567E+20   -2.339699E+20   -4.281373E+20   -3.488706E+23    2.834839E+23   -1.105567E+22
    1.143457E+20   -2.364079E+20   -4.321278E+20   -3.512547E+23    2.841025E+23   -1.107723E+22
    1.155623E+20   -2.389012E+20   -4.361807E+20   -3.536392E+23    2.847145E+23   -1.109875E+22
    1.168065E+20   -2.414498E+20   -4.402962E+20   -3.560240E+23    2.853202E+23   -1.112023E+22
    1.180783E+20   -2.440538E+20   -4.444742E+20   -3.584090E+23    2.859197E+23   -1.114166E+22
    1.193777E+20   -2.467134E+20   -4.487148E+20   -3.607940E+23    2.865131E+23   -1.116306E+22
    1.207049E+20   -2.494286E+20   -4.530182E+20   -3.631790E+23    2.871007E+23   -1.118442E+22
    1.220599E+20   -2.521995E+20   -4.573843E+20   -3.655638E+23    2.876825E+23   -1.120575E+22
    1.234427E+20   -2.550262E+20   -4.618132E+20   -3.679483E+23    2.882588E+23   -1.122706E+22
    1.248533E+20   -2.579086E+20   -4.663048E+20   -3.703325E+23    2.888297E+23   -1.124834E+22
    1.262917E+20   -2.608469E+20   -4.708591E+20   -3.727162E+23    2.893953E+23   -1.126960E+22
    1.277579E+20   -2.638409E+20   -4.754760E+20   -3.750994E+23    2.899559E+23   -1.129084E+22
    1.292518E+20   -2.668906E+20   -4.801554E+20   -3.774819E+23    2.905115E+23   -1.131206E+22
    1.307735E+20   -2.699959E+20   -4.848972E+20   -3.798637E+23    2.910624E+23   -1.133327E+22
    1.323229E+20   -2.731567E+20   -4.897014E+20   -3.822446E+23    2.916088E+23   -1.135447E+22
    1.338999E+20   -2.763730E+20   -4.945676E+20   -3.846247E+23    2.921506E+23   -1.137566E+22
    1.355044E+20   -2.796445E+20   -4.994958E+20   -3.870037E+23    2.926883E+23   -1.139683E+22
    1.371365E+20   -2.829711E+20   -5.044859E+20   -3.893816E+23    2.932218E+23   -1.141800E+22
    1.387959E+20   -2.863527E+20   -5.095374E+20   -3.917583E+23    2.937514E+23   -1.143915E+22
    1.404826E+20   -2.897889E+20   -5.146503E+20   -3.941338E+23    2.942772E+23   -1.146030E+22
    1.421965E+20   -2.932797E+20   -5.198242E+20   -3.965079E+23    2.947993E+23   -1.148144E+22
    1.439374E+20   -2.968247E+20   -5.250589E+20   -3.988806E+23    2.953180E+23   -1.150257E+22
    1.457052E+20   -3.004237E+20   -5.303541E+20   -4.012519E+23    2.958334E+23   -1.152370E+22
    1.474998E+20   -3.040764E+20   -5.357094E+20   -4.036215E+23    2.963457E+23   -1.154481E+22
    1.493211E+20   -3.077825E+20   -5.411246E+20   -4.059896E+23    2.968549E+23   -1.156592E+22
    1.511688E+20   -3.115416E+20   -5.465993E+20   -4.083559E+23    2.973613E+23   -1.158702E+22
    1.530427E+20   -3.153535E+20   -5.521331E+20   -4.107204E+23    2.978651E+23   -1.160811E+22
    1.549428E+20   -3.192177E+20   -5.577256E+20   -4.130831E+23    2.983663E+23   -1.162920E+22
    1.568688E+20   -3.231339E+20   -5.633765E+20   -4.154439E+23    2.988652E+23   -1.165027E+22
    1.588205E+20   -3.271017E+20   -5.690852E+20   -4.178027E+23    2.993618E+23   -1.167133E+22
    1.607977E+20   -3.311206E+20   -5.748514E+20   -4.201595E+23    2.998564E+23   -1.169238E+22
    1.628003E+20   -3.351903E+20   -5.806747E+20   -4.225141E+23    3.003491E+23   -1.171343E+22
    1.648279E+20   -3.393103E+20   -5.865545E+20   -4.248666E+23    3.008401E+23   -1.173446E+22
    1.668803E+20   -3.434802E+20   -5.924904E+20   -4.272168E+23    3.013295E+23   -1.175547E+22
    1.689574E+20   -3.476994E+20   -5.984818E+20   -4.295647E+23    3.018174E+23   -1.177648E+22
    1.710588E+20   -3.519676E+20   -6.045284E+20   -4.319103E+23    3.023040E+23   -1.179747E+22
    1.731844E+20   -3.562841E+20   -6.106295E+20   -4.342534E+23    3.027895E+23   -1.181845E+22
    1.753338E+20   -3.606484E+20   -6.167847E+20   -4.365941E+23    3.032740E+23   -1.183941E+22
    1.775068E+20   -3.650602E+20   -6.229934E+20   -4.389322E+23    3.037577E+23   -1.186037E+22
    1.797032E+20   -3.695187E+20   -6.292550E+20   -4.412677E+23    3.042406E+23   -1.188130E+22
    1.819226E+20   -3.740236E+20   -6.355691E+20   -4.436006E+23    3.047230E+23   -1.190222E+22
    1.841648E+20   -3.785741E+20   -6.419350E+20   -4.459307E+23    3.052050E+23   -1.192313E+22
    1.864296E+20   -3.831698E+20   -6.483521E+20   -4.482581E+23    3.056867E+23   -1.194402E+22
    1.887165E+20   -3.878101E+20   -6.548199E+20   -4.505826E+23    3.061682E+23   -1.196489E+22
    1.910253E+20   -3.924944E+20   -6.613378E+20   -4.529042E+23    3.066498E+23   -1.198574E+22
    1.933558E+20   -3.972221E+20   -6.679052E+20   -4.552228E+23    3.071314E+23   -1.200658E+22
    1.957076E+20   -4.019926E+20   -6.745215E+20   -4.575385E+23    3.076133E+23   -1.202740E+22
    1.980804E+20   -4.068053E+20   -6.811860E+20   -4.598511E+23    3.080956E+23   -1.204820E+22
    2.004739E+20   -4.116596E+20   -6.878981E+20   -4.621605E+23    3.085783E+23   -1.206898E+22
    2.028879E+20   -4.165548E+20   -6.946573E+20   -4.644668E+23    3.090616E+23   -1.208974E+22
    2.053219E+20   -4.214904E+20   -7.014629E+20   -4.667698E+23    3.095457E+23   -1.211048E+22
    2.077757E+20   -4.264657E+20   -7.083142E+20   -4.690695E+23    3.100306E+23   -1.213119E+22
    2.102489E+20   -4.314801E+20   -7.152107E+20   -4.713658E+23    3.105165E+23   -1.215188E+22
    2.127413E+20   -4.365330E+20   -7.221516E+20   -4.736588E+23    3.110033E+23   -1.217255E+22
    2.152526E+20   -4.416236E+20   -7.291364E+20   -4.759482E+23    3.114913E+23   -1.219320E+22
    2.177823E+20   -4.467514E+20   -7.361644E+20   -4.782341E+23    3.119806E+23   -1.221381E+22
    2.203302E+20   -4.519157E+20   -7.432350E+20   -4.805164E+23    3.124711E+23   -1.223441E+22
    2.228959E+20   -4.571159E+20   -7.503475E+20   -4.827950E+23    3.129631E+23   -1.225497E+22
    2.254792E+20   -4.623513E+20   -7.575012E+20   -4.850699E+23    3.134565E+23   -1.227551E+22
    2.280796E+20   -4.676212E+20   -7.646955E+20   -4.873410E+23    3.139515E+23   -1.229602E+22
    2.306969E+20   -4.729251E+20   -7.719298E+20   -4.896083E+23    3.144481E+23   -1.231650E+22
    2.333308E+20   -4.782622E+20   -7.792034E+20   -4.918716E+23    3.149463E+23   -1.233696E+22
    2.359808E+20   -4.836318E+20   -7.865156E+20   -4.941310E+23    3.154463E+23   -1.235739E+22
    2.386468E+20   -4.890335E+20   -7.938659E+20   -4.963863E+23    3.159481E+23   -1.237779E+22
    2.413283E+20   -4.944664E+20   -8.012535E+20   -4.986376E+23    3.164517E+23   -1.239816E+22
    2.440250E+20   -4.999299E+20   -8.086778E+20   -5.008846E+23    3.169572E+23   -1.241851E+22
    2.467366E+20   -5.054234E+20   -8.161382E+20   -5.031275E+23    3.174646E+23   -1.243883E+22
    2.494627E+20   -5.109462E+20   -8.236339E+20   -5.053661E+23    3.179739E+23   -1.245913E+22
    2.522031E+20   -5.164976E+20   -8.311645E+20   -5.076003E+23    3.184852E+23   -1.247941E+22
    2.549574E+20   -5.220771E+20   -8.387292E+20   -5.098301E+23    3.189984E+23   -1.249966E+22
    2.577253E+20   -5.276839E+20   -8.463274E+20   -5.120554E+23    3.195137E+23   -1.251989E+22
    2.605065E+20   -5.333175E+20   -8.539584E+20   -5.142761E+23    3.200308E+23   -1.254011E+22
    2.633005E+20   -5.389771E+20   -8.616217E+20   -5.164922E+23    3.205500E+23   -1.256030E+22
    2.661072E+20   -5.446621E+20   -8.693165E+20   -5.187037E+23    3.210712E+23   -1.258048E+22
    2.689262E+20   -5.503720E+20   -8.770423E+20   -5.209104E+23    3.215943E+23   -1.260065E+22
    2.717572E+20   -5.561059E+20   -8.847985E+20   -5.231123E+23    3.221193E+23   -1.262081E+22
    2.745998E+20   -5.618634E+20   -8.925843E+20   -5.253093E+23    3.226462E+23   -1.264095E+22
    2.774538E+20   -5.676438E+20   -9.003993E+20   -5.275013E+23    3.231751E+23   -1.266109E+22
    2.803188E+20   -5.734464E+20   -9.082428E+20   -5.296884E+23    3.237057E+23   -1.268122E+22
    2.831944E+20   -5.792706E+20   -9.161141E+20   -5.318703E+23    3.242382E+23   -1.270134E+22
    2.860805E+20   -5.851159E+20   -9.240127E+20   -5.340471E+23    3.247724E+23   -1.272147E+22
    2.889767E+20   -5.909815E+20   -9.319379E+20   -5.362187E+23    3.253084E+23   -1.274159E+22
    2.918826E+20   -5.968669E+20   -9.398893E+20   -5.383850E+23    3.258460E+23   -1.276171E+22
    2.947981E+20   -6.027715E+20   -9.478661E+20   -5.405460E+23    3.263851E+23   -1.278183E+22
    2.977227E+20   -6.086946E+20   -9.558678E+20   -5.427015E+23    3.269258E+23   -1.280196E+22
    3.006561E+20   -6.146357E+20   -9.638938E+20   -5.448516E+23    3.274680E+23   -1.282209E+22
    3.035982E+20   -6.205941E+20   -9.719435E+20   -5.469961E+23    3.280116E+23   -1.284222E+22
    3.065485E+20   -6.265693E+20   -9.800164E+20   -5.491350E+23    3.285564E+23   -1.286237E+22
    3.095067E+20   -6.325607E+20   -9.881118E+20   -5.512682E+23    3.291026E+23   -1.288251E+22
    3.124727E+20   -6.385677E+20   -9.962293E+20   -5.533957E+23    3.296498E+23   -1.290267E+22
    3.154460E+20   -6.445897E+20   -1.004368E+21   -5.555174E+23    3.301982E+23   -1.292284E+22
    3.184265E+20   -6.506261E+20   -1.012528E+21   -5.576331E+23    3.307475E+23   -1.294301E+22
    3.214137E+20   -6.566764E+20   -1.020708E+21   -5.597430E+23    3.312977E+23   -1.296320E+22
    3.244075E+20   -6.627400E+20   -1.028908E+21   -5.618468E+23    3.318488E+23   -1.298339E+22
    3.274075E+20   -6.688163E+20   -1.037127E+21   -5.639446E+23    3.324006E+23   -1.300359E+22
    3.304135E+20   -6.749048E+20   -1.045365E+21   -5.660362E+23    3.329530E+23   -1.302381E+22
    3.334252E+20   -6.810049E+20   -1.053622E+21   -5.681217E+23    3.335059E+23   -1.304403E+22
    3.364424E+20   -6.871161E+20   -1.061895E+21   -5.702009E+23    3.340593E+23   -1.306427E+22
    3.394646E+20   -6.932379E+20   -1.070186E+21   -5.722738E+23    3.346131E+23   -1.308451E+22
    3.424917E+20   -6.993696E+20   -1.078494E+21   -5.743403E+23    3.351671E+23   -1.310477E+22
    3.455235E+20   -7.055108E+20   -1.086818E+21   -5.764004E+23    3.357213E+23   -1.312503E+22
    3.485596E+20   -7.116609E+20   -1.095157E+21   -5.784540E+23    3.362756E+23   -1.314531E+22
    3.515997E+20   -7.178195E+20   -1.103512E+21   -5.805010E+23    3.368298E+23   -1.316559E+22
    3.546437E+20   -7.239860E+20   -1.111881E+21   -5.825415E+23    3.373840E+23   -1.318588E+22
    3.576912E+20   -7.301598E+20   -1.120264E+21   -5.845753E+23    3.379380E+23   -1.320618E+22
    3.607421E+20   -7.363405E+20   -1.128661E+21   -5.866025E+23    3.384918E+23   -1.322649E+22
    3.637960E+20   -7.425276E+20   -1.137071E+21   -5.886228E+23    3.390452E+23   -1.324681E+22
    3.668527E+20   -7.487206E+20   -1.145494E+21   -5.906364E+23    3.395982E+23   -1.326713E+22
    3.699119E+20   -7.549189E+20   -1.153929E+21   -5.926431E+23    3.401507E+23   -1.328745E+22
    3.729735E+20   -7.611222E+20   -1.162376E+21   -5.946429E+23    3.407026E+23   -1.330778E+22
    3.760371E+20   -7.673298E+20   -1.170834E+21   -5.966358E+23    3.412539E+23   -1.332811E+22
    3.791026E+20   -7.735414E+20   -1.179303E+21   -5.986216E+23    3.418045E+23   -1.334845E+22
    3.821697E+20   -7.797565E+20   -1.187782E+21   -6.006005E+23    3.423544E+23   -1.336878E+22
    3.852381E+20   -7.859745E+20   -1.196272E+21   -6.025723E+23    3.429034E+23   -1.338912E+22
    3.883076E+20   -7.921951E+20   -1.204771E+21   -6.045369E+23    3.434515E+23   -1.340945E+22
    3.913781E+20   -7.984177E+20   -1.213279E+21   -6.064944E+23    3.439988E+23   -1.342978E+22
    3.944492E+20   -8.046420E+20   -1.221796E+21   -6.084447E+23    3.445450E+23   -1.345012E+22
    3.975207E+20   -8.108674E+20   -1.230321E+21   -6.103878E+23    3.450902E+23   -1.347044E+22
    4.005924E+20   -8.170935E+20   -1.238854E+21   -6.123237E+23    3.456344E+23   -1.349077E+22
    4.036642E+20   -8.233200E+20   -1.247394E+21   -6.142523E+23    3.461775E+23   -1.351109E+22
    4.067357E+20   -8.295463E+20   -1.255941E+21   -6.161735E+23    3.467194E+23   -1.353140E+22
    4.098068E+20   -8.357720E+20   -1.264495E+21   -6.180874E+23    3.472603E+23   -1.355171E+22
    4.128772E+20   -8.419967E+20   -1.273055E+21   -6.199940E+23    3.477999E+23   -1.357202E+22
    4.159468E+20   -8.482199E+20   -1.281622E+21   -6.218932E+23    3.483384E+23   -1.359231E+22
    4.190153E+20   -8.544414E+20   -1.290193E+21   -6.237850E+23    3.488757E+23   -1.361261E+22
    4.220825E+20   -8.606606E+20   -1.298770E+21   -6.256694E+23    3.494118E+23   -1.363290E+22
    4.251483E+20   -8.668771E+20   -1.307351E+21   -6.275463E+23    3.499466E+23   -1.365318E+22
    4.282123E+20   -8.730906E+20   -1.315937E+21   -6.294158E+23    3.504803E+23   -1.367346E+22
    4.312745E+20   -8.793007E+20   -1.324527E+21   -6.312778E+23    3.510127E+23   -1.369374E+22
    4.343346E+20   -8.855069E+20   -1.333120E+21   -6.331324E+23    3.515440E+23   -1.371402E+22
    4.373925E+20   -8.917089E+20   -1.341716E+21   -6.349795E+23    3.520740E+23   -1.373430E+22
    4.404478E+20   -8.979062E+20   -1.350316E+21   -6.368192E+23    3.526029E+23   -1.375457E+22
    4.435006E+20   -9.040986E+20   -1.358918E+21   -6.386514E+23    3.531306E+23   -1.377485E+22
    4.465504E+20   -9.102857E+20   -1.367522E+21   -6.404761E+23    3.536572E+23   -1.379513E+22
    4.495973E+20   -9.164670E+20   -1.376128E+21   -6.422933E+23    3.541827E+23   -1.381541E+22
    4.526409E+20   -9.226422E+20   -1.384736E+21   -6.441031E+23    3.547070E+23   -1.383569E+22
    4.556812E+20   -9.288109E+20   -1.393345E+21   -6.459054E+23    3.552303E+23   -1.385598E+22
    4.587179E+20   -9.349729E+20   -1.401955E+21   -6.477004E+23    3.557525E+23   -1.387628E+22
    4.617508E+20   -9.411277E+20   -1.410565E+21   -6.494878E+23    3.562737E+23   -1.389659E+22
    4.647798E+20   -9.472750E+20   -1.419176E+21   -6.512679E+23    3.567939E+23   -1.391690E+22
    4.678048E+20   -9.534145E+20   -1.427786E+21   -6.530407E+23    3.573132E+23   -1.393723E+22
    4.708255E+20   -9.595458E+20   -1.436396E+21   -6.548060E+23    3.578315E+23   -1.395757E+22
    4.738417E+20   -9.656685E+20   -1.445006E+21   -6.565641E+23    3.583490E+23   -1.397791E+22
    4.768534E+20   -9.717825E+20   -1.453615E+21   -6.583148E+23    3.588656E+23   -1.399827E+22
    4.798603E+20   -9.778873E+20   -1.462222E+21   -6.600583E+23    3.593813E+23   -1.401865E+22
    4.828623E+20   -9.839826E+20   -1.470828E+21   -6.617945E+23    3.598963E+23   -1.403904E+22
    4.858592E+20   -9.900680E+20   -1.479432E+21   -6.635236E+23    3.604105E+23   -1.405945E+22
    4.888509E+20   -9.961434E+20   -1.488034E+21   -6.652455E+23    3.609241E+23   -1.407987E+22
    4.918372E+20   -1.002208E+21   -1.496634E+21   -6.669602E+23    3.614369E+23   -1.410031E+22
    5.210131E+20   -1.061492E+21   -1.581395E+21   -6.835271E+23    3.664715E+23   -1.430326E+22
    5.495135E+20   -1.119462E+21   -1.665666E+21   -6.994658E+23    3.714642E+23   -1.450836E+22
    5.772197E+20   -1.175882E+21   -1.749247E+21   -7.148601E+23    3.764219E+23   -1.471515E+22
    6.040297E+20   -1.230550E+21   -1.831970E+21   -7.298152E+23    3.813428E+23   -1.492301E+22
    6.298571E+20   -1.283296E+21   -1.913702E+21   -7.444514E+23    3.862322E+23   -1.513238E+22
    6.546294E+20   -1.333976E+21   -1.994338E+21   -7.588969E+23    3.911172E+23   -1.534405E+22
    6.782873E+20   -1.382473E+21   -2.073797E+21   -7.732793E+23    3.960467E+23   -1.555858E+22
    7.007830E+20   -1.428695E+21   -2.152026E+21   -7.877162E+23    4.010763E+23   -1.577595E+22
    7.220796E+20   -1.472568E+21   -2.228991E+21   -8.023079E+23    4.062462E+23   -1.599560E+22
    7.421499E+20   -1.514040E+21   -2.304678E+21   -8.171303E+23    4.115650E+23   -1.621761E+22
    7.609751E+20   -1.553076E+21   -2.379092E+21   -8.322318E+23    4.170111E+23   -1.644263E+22
    7.785446E+20   -1.589656E+21   -2.452251E+21   -8.476323E+23    4.225492E+23   -1.667121E+22
    7.948548E+20   -1.623774E+21   -2.524191E+21   -8.633262E+23    4.281487E+23   -1.690321E+22
    8.099082E+20   -1.655437E+21   -2.594957E+21   -8.792880E+23    4.337939E+23   -1.713831E+22
    8.237130E+20   -1.684664E+21   -2.664606E+21   -8.954804E+23    4.394803E+23   -1.737663E+22
    8.362824E+20   -1.711481E+21   -2.733206E+21   -9.118631E+23    4.452083E+23   -1.761878E+22
    8.476338E+20   -1.735926E+21   -2.800831E+21   -9.284012E+23    4.509813E+23   -1.786505E+22
    8.577884E+20   -1.758043E+21   -2.867566E+21   -9.450718E+23    4.568125E+23   -1.811513E+22
    8.667709E+20   -1.777883E+21   -2.933497E+21   -9.618678E+23    4.627273E+23   -1.836895E+22
    8.746085E+20   -1.795501E+21   -2.998721E+21   -9.787972E+23    4.687571E+23   -1.862692E+22
    8.813311E+20   -1.810959E+21   -3.063334E+21   -9.958800E+23    4.749244E+23   -1.888944E+22
    8.869704E+20   -1.824322E+21   -3.127439E+21   -1.013142E+24    4.812339E+23   -1.915633E+22
    8.915599E+20   -1.835658E+21   -3.191142E+21   -1.030606E+24    4.876782E+23   -1.942746E+22
    8.951344E+20   -1.845039E+21   -3.254548E+21   -1.048289E+24    4.942489E+23   -1.970320E+22
    8.977298E+20   -1.852537E+21   -3.317767E+21   -1.066192E+24    5.009406E+23   -1.998385E+22
    8.993828E+20   -1.858228E+21   -3.380909E+21   -1.084306E+24    5.077448E+23   -2.026930E+22
    9.001305E+20   -1.862188E+21   -3.444083E+21   -1.102610E+24    5.146473E+23   -2.055946E+22
    9.000107E+20   -1.864493E+21   -3.507400E+21   -1.121082E+24    5.216398E+23   -2.085474E+22
    8.990609E+20   -1.865220E+21   -3.570969E+21   -1.139703E+24    5.287339E+23   -2.115528E+22
    8.973191E+20   -1.864446E+21   -3.634900E+21   -1.158467E+24    5.359580E+23   -2.146094E+22
    8.948227E+20   -1.862248E+21   -3.699301E+21   -1.177384E+24    5.433357E+23   -2.177186E+22
    8.916092E+20   -1.858701E+21   -3.764279E+21   -1.196481E+24    5.508715E+23   -2.208836E+22
    8.877152E+20   -1.853881E+21   -3.829940E+21   -1.215797E+24    5.585586E+23   -2.241039E+22
    8.831773E+20   -1.847863E+21   -3.896387E+21   -1.235375E+24    5.663939E+23   -2.273795E+22
    8.780312E+20   -1.840718E+21   -3.963722E+21   -1.255253E+24    5.743767E+23   -2.307134E+22
    8.723120E+20   -1.832519E+21   -4.032044E+21   -1.275461E+24    5.824997E+23   -2.341062E+22
    8.660540E+20   -1.823335E+21   -4.101452E+21   -1.296013E+24    5.907528E+23   -2.375576E+22
    8.592907E+20   -1.813236E+21   -4.172040E+21   -1.316912E+24    5.991397E+23   -2.410699E+22
    8.520548E+20   -1.802287E+21   -4.243900E+21   -1.338156E+24    6.076785E+23   -2.446443E+22
    8.443781E+20   -1.790554E+21   -4.317124E+21   -1.359739E+24    6.163849E+23   -2.482805E+22
    8.362915E+20   -1.778099E+21   -4.391798E+21   -1.381661E+24    6.252635E+23   -2.519809E+22
    8.278247E+20   -1.764985E+21   -4.468007E+21   -1.403925E+24    6.343141E+23   -2.557462E+22
    8.190069E+20   -1.751270E+21   -4.545833E+21   -1.426535E+24    6.435345E+23   -2.595767E+22
    8.098658E+20   -1.737012E+21   -4.625356E+21   -1.449498E+24    6.529176E+23   -2.634746E+22
    8.004286E+20   -1.722265E+21   -4.706653E+21   -1.472811E+24    6.624588E+23   -2.674405E+22
    7.907211E+20   -1.707084E+21   -4.789796E+21   -1.496472E+24    6.721646E+23   -2.714749E+22
    7.807683E+20   -1.691519E+21   -4.874858E+21   -1.520476E+24    6.820460E+23   -2.755801E+22
    7.705942E+20   -1.675620E+21   -4.961907E+21   -1.544823E+24    6.921104E+23   -2.797562E+22
    7.602219E+20   -1.659435E+21   -5.051008E+21   -1.569520E+24    7.023642E+23   -2.840048E+22
    7.496733E+20   -1.643009E+21   -5.142224E+21   -1.594583E+24    7.128098E+23   -2.883272E+22
    7.389696E+20   -1.626385E+21   -5.235616E+21   -1.620030E+24    7.234405E+23   -2.927238E+22
    7.281309E+20   -1.609605E+21   -5.331240E+21   -1.645881E+24    7.342515E+23   -2.971968E+22
    7.171763E+20   -1.592710E+21   -5.429153E+21   -1.672149E+24    7.452500E+23   -3.017465E+22
    7.061244E+20   -1.575737E+21   -5.529405E+21   -1.698843E+24    7.564443E+23   -3.063747E+22
    6.949923E+20   -1.558722E+21   -5.632047E+21   -1.725969E+24    7.678399E+23   -3.110823E+22
    6.837968E+20   -1.541701E+21   -5.737127E+21   -1.753536E+24    7.794434E+23   -3.158706E+22
    6.725535E+20   -1.524706E+21   -5.844688E+21   -1.781557E+24    7.912547E+23   -3.207410E+22
    6.612773E+20   -1.507768E+21   -5.954774E+21   -1.810040E+24    8.032688E+23   -3.256945E+22
    6.499823E+20   -1.490917E+21   -6.067423E+21   -1.838992E+24    8.154884E+23   -3.307328E+22
    6.386818E+20   -1.474182E+21   -6.182675E+21   -1.868410E+24    8.279205E+23   -3.358567E+22
    6.273885E+20   -1.457589E+21   -6.300563E+21   -1.898291E+24    8.405718E+23   -3.410680E+22
    6.161141E+20   -1.441163E+21   -6.421122E+21   -1.928634E+24    8.534485E+23   -3.463676E+22
    6.048698E+20   -1.424928E+21   -6.544383E+21   -1.959449E+24    8.665498E+23   -3.517574E+22
    5.936661E+20   -1.408908E+21   -6.670373E+21   -1.990751E+24    8.798750E+23   -3.572383E+22
    5.825127E+20   -1.393122E+21   -6.799121E+21   -2.022557E+24    8.934275E+23   -3.628120E+22
    5.714189E+20   -1.377591E+21   -6.930651E+21   -2.054880E+24    9.072129E+23   -3.684798E+22
    5.603932E+20   -1.362334E+21   -7.064986E+21   -2.087727E+24    9.212396E+23   -3.742433E+22
    5.494437E+20   -1.347369E+21   -7.202147E+21   -2.121107E+24    9.355094E+23   -3.801039E+22
    5.385777E+20   -1.332712E+21   -7.342154E+21   -2.155031E+24    9.500222E+23   -3.860631E+22
    5.278022E+20   -1.318379E+21   -7.485025E+21   -2.189512E+24    9.647811E+23   -3.921224E+22
    5.171235E+20   -1.304385E+21   -7.630774E+21   -2.224560E+24    9.797906E+23   -3.982834E+22
    5.065476E+20   -1.290742E+21   -7.779417E+21   -2.260179E+24    9.950587E+23   -4.045478E+22
    4.960798E+20   -1.277463E+21   -7.930967E+21   -2.296370E+24    1.010588E+24   -4.109170E+22
    4.857252E+20   -1.264562E+21   -8.085435E+21   -2.333139E+24    1.026380E+24   -4.173927E+22
    4.754883E+20   -1.252047E+21   -8.242831E+21   -2.370496E+24    1.042438E+24   -4.239766E+22
    4.653731E+20   -1.239930E+21   -8.403164E+21   -2.408457E+24    1.058768E+24   -4.306704E+22
    4.553836E+20   -1.228220E+21   -8.566443E+21   -2.447034E+24    1.075375E+24   -4.374758E+22
    4.455229E+20   -1.216926E+21   -8.732672E+21   -2.486237E+24    1.092264E+24   -4.443945E+22
    4.357942E+20   -1.206055E+21   -8.901859E+21   -2.526079E+24    1.109435E+24   -4.514283E+22
    4.262001E+20   -1.195616E+21   -9.074007E+21   -2.566572E+24    1.126894E+24   -4.585791E+22
    4.167429E+20   -1.185614E+21   -9.249121E+21   -2.607728E+24    1.144648E+24   -4.658485E+22
    4.074249E+20   -1.176057E+21   -9.427204E+21   -2.649553E+24    1.162700E+24   -4.732386E+22
    3.982476E+20   -1.166949E+21   -9.608258E+21   -2.692055E+24    1.181054E+24   -4.807511E+22
    3.892126E+20   -1.158297E+21   -9.792285E+21   -2.735243E+24    1.199713E+24   -4.883881E+22
    3.803212E+20   -1.150103E+21   -9.979288E+21   -2.779130E+24    1.218686E+24   -4.961514E+22
    3.715743E+20   -1.142374E+21   -1.016927E+22   -2.823728E+24    1.237976E+24   -5.040430E+22
    3.629728E+20   -1.135113E+21   -1.036222E+22   -2.869049E+24    1.257586E+24   -5.120651E+22
    3.545171E+20   -1.128323E+21   -1.055816E+22   -2.915108E+24    1.277523E+24   -5.202195E+22
    3.462077E+20   -1.122006E+21   -1.075708E+22   -2.961918E+24    1.297791E+24   -5.285084E+22
    3.380447E+20   -1.116167E+21   -1.095898E+22   -3.009492E+24    1.318397E+24   -5.369339E+22
    3.300280E+20   -1.110807E+21   -1.116387E+22   -3.057838E+24    1.339344E+24   -5.454982E+22
    3.221576E+20   -1.105929E+21   -1.137174E+22   -3.106967E+24    1.360638E+24   -5.542035E+22
    3.144330E+20   -1.101533E+21   -1.158260E+22   -3.156892E+24    1.382285E+24   -5.630519E+22
    3.068537E+20   -1.097623E+21   -1.179647E+22   -3.207626E+24    1.404290E+24   -5.720458E+22
    2.994192E+20   -1.094198E+21   -1.201333E+22   -3.259182E+24    1.426658E+24   -5.811873E+22
    2.921287E+20   -1.091261E+21   -1.223320E+22   -3.311576E+24    1.449396E+24   -5.904789E+22
    2.849813E+20   -1.088812E+21   -1.245609E+22   -3.364824E+24    1.472510E+24   -5.999229E+22
    2.779760E+20   -1.086851E+21   -1.268201E+22   -3.418936E+24    1.496003E+24   -6.095218E+22
    2.711118E+20   -1.085380E+21   -1.291097E+22   -3.473926E+24    1.519884E+24   -6.192778E+22
    2.643874E+20   -1.084399E+21   -1.314298E+22   -3.529807E+24    1.544158E+24   -6.291936E+22
    2.578016E+20   -1.083908E+21   -1.337806E+22   -3.586593E+24    1.568831E+24   -6.392717E+22
    2.513531E+20   -1.083908E+21   -1.361623E+22   -3.644298E+24    1.593909E+24   -6.495145E+22
    2.450404E+20   -1.084398E+21   -1.385750E+22   -3.702940E+24    1.619399E+24   -6.599247E+22
    2.388621E+20   -1.085378E+21   -1.410191E+22   -3.762534E+24    1.645307E+24   -6.705049E+22
    2.328165E+20   -1.086849E+21   -1.434948E+22   -3.823094E+24    1.671639E+24   -6.812578E+22
    2.269022E+20   -1.088810E+21   -1.460024E+22   -3.884635E+24    1.698403E+24   -6.921860E+22
    2.211173E+20   -1.091261E+21   -1.485422E+22   -3.947171E+24    1.725604E+24   -7.032924E+22
    2.154604E+20   -1.094202E+21   -1.511146E+22   -4.010718E+24    1.753250E+24   -7.145797E+22
    2.099295E+20   -1.097632E+21   -1.537200E+22   -4.075293E+24    1.781347E+24   -7.260507E+22
    2.045230E+20   -1.101551E+21   -1.563588E+22   -4.140914E+24    1.809903E+24   -7.377083E+22
    1.992390E+20   -1.105959E+21   -1.590315E+22   -4.207596E+24    1.838924E+24   -7.495554E+22
    1.940758E+20   -1.110856E+21   -1.617387E+22   -4.275356E+24    1.868418E+24   -7.615949E+22
    1.890313E+20   -1.116241E+21   -1.644808E+22   -4.344209E+24    1.898392E+24   -7.738298E+22
    1.841039E+20   -1.122113E+21   -1.672584E+22   -4.414172E+24    1.928854E+24   -7.862630E+22
    1.792916E+20   -1.128473E+21   -1.700723E+22   -4.485264E+24    1.959810E+24   -7.988977E+22
    1.745925E+20   -1.135319E+21   -1.729231E+22   -4.557502E+24    1.991268E+24   -8.117368E+22
    1.700047E+20   -1.142653E+21   -1.758114E+22   -4.630904E+24    2.023236E+24   -8.247836E+22
    1.655263E+20   -1.150473E+21   -1.787381E+22   -4.705486E+24    2.055722E+24   -8.380411E+22
    1.611553E+20   -1.158778E+21   -1.817040E+22   -4.781266E+24    2.088733E+24   -8.515125E+22
    1.568899E+20   -1.167570E+21   -1.847098E+22   -4.858263E+24    2.122276E+24   -8.652009E+22
    1.527282E+20   -1.176848E+21   -1.877565E+22   -4.936495E+24    2.156361E+24   -8.791097E+22
    1.486681E+20   -1.186610E+21   -1.908449E+22   -5.015981E+24    2.190994E+24   -8.932419E+22
    1.447079E+20   -1.196858E+21   -1.939759E+22   -5.096738E+24    2.226185E+24   -9.076010E+22
    1.408456E+20   -1.207592E+21   -1.971506E+22   -5.178785E+24    2.261939E+24   -9.221900E+22
    1.370793E+20   -1.218810E+21   -2.003699E+22   -5.262139E+24    2.298267E+24   -9.370124E+22
    1.334071E+20   -1.230512E+21   -2.036349E+22   -5.346821E+24    2.335175E+24   -9.520713E+22
    1.298272E+20   -1.242700E+21   -2.069464E+22   -5.432848E+24    2.372672E+24   -9.673700E+22
    1.263378E+20   -1.255372E+21   -2.103057E+22   -5.520238E+24    2.410765E+24   -9.829118E+22
    1.229368E+20   -1.268528E+21   -2.137136E+22   -5.609009E+24    2.449463E+24   -9.986999E+22
    1.196226E+20   -1.282169E+21   -2.171712E+22   -5.699181E+24    2.488773E+24   -1.014738E+23
    1.163934E+20   -1.296294E+21   -2.206797E+22   -5.790770E+24    2.528704E+24   -1.031028E+23
    1.132472E+20   -1.310904E+21   -2.242399E+22   -5.883795E+24    2.569262E+24   -1.047574E+23
    1.101825E+20   -1.325997E+21   -2.278528E+22   -5.978272E+24    2.610455E+24   -1.064379E+23
    1.071973E+20   -1.341574E+21   -2.315196E+22   -6.074218E+24    2.652291E+24   -1.081446E+23
    1.042900E+20   -1.357634E+21   -2.352410E+22   -6.171651E+24    2.694777E+24   -1.098778E+23
    1.014589E+20   -1.374177E+21   -2.390181E+22   -6.270585E+24    2.737919E+24   -1.116377E+23
    9.870217E+19   -1.391202E+21   -2.428516E+22   -6.371035E+24    2.781725E+24   -1.134246E+23
    9.601826E+19   -1.408710E+21   -2.467424E+22   -6.473017E+24    2.826200E+24   -1.152389E+23
    9.340549E+19   -1.426698E+21   -2.506911E+22   -6.576543E+24    2.871349E+24   -1.170806E+23
    9.086221E+19   -1.445166E+21   -2.546986E+22   -6.681625E+24    2.917179E+24   -1.189501E+23
    8.838683E+19   -1.464112E+21   -2.587652E+22   -6.788273E+24    2.963694E+24   -1.208475E+23
    8.597776E+19   -1.483536E+21   -2.628917E+22   -6.896499E+24    3.010898E+24   -1.227729E+23
    8.363343E+19   -1.503435E+21   -2.670783E+22   -7.006308E+24    3.058794E+24   -1.247266E+23
    8.135231E+19   -1.523807E+21   -2.713254E+22   -7.117707E+24    3.107385E+24   -1.267086E+23
    7.913286E+19   -1.544649E+21   -2.756331E+22   -7.230699E+24    3.156673E+24   -1.287190E+23
    7.697361E+19   -1.565958E+21   -2.800016E+22   -7.345286E+24    3.206657E+24   -1.307578E+23
    7.487307E+19   -1.587731E+21   -2.844308E+22   -7.461465E+24    3.257336E+24   -1.328249E+23
    7.282978E+19   -1.609963E+21   -2.889204E+22   -7.579232E+24    3.308710E+24   -1.349203E+23
    7.084232E+19   -1.632648E+21   -2.934702E+22   -7.698577E+24    3.360773E+24   -1.370439E+23
    6.890928E+19   -1.655782E+21   -2.980796E+22   -7.819489E+24    3.413521E+24   -1.391953E+23
    6.702926E+19   -1.679358E+21   -3.027479E+22   -7.941950E+24    3.466946E+24   -1.413744E+23
    6.520090E+19   -1.703367E+21   -3.074742E+22   -8.065940E+24    3.521038E+24   -1.435807E+23
    6.342286E+19   -1.727802E+21   -3.122575E+22   -8.191429E+24    3.575786E+24   -1.458136E+23
    6.169380E+19   -1.752650E+21   -3.170964E+22   -8.318385E+24    3.631175E+24   -1.480727E+23
    6.001241E+19   -1.777902E+21   -3.219893E+22   -8.446767E+24    3.687186E+24   -1.503572E+23
    5.837740E+19   -1.803545E+21   -3.269344E+22   -8.576527E+24    3.743800E+24   -1.526663E+23
    5.678751E+19   -1.829562E+21   -3.319294E+22   -8.707609E+24    3.800991E+24   -1.549989E+23
    5.524149E+19   -1.855938E+21   -3.369719E+22   -8.839947E+24    3.858732E+24   -1.573538E+23
    5.373809E+19   -1.882653E+21   -3.420591E+22   -8.973466E+24    3.916988E+24   -1.597298E+23
    5.227610E+19   -1.909687E+21   -3.471876E+22   -9.108078E+24    3.975721E+24   -1.621253E+23
    5.085432E+19   -1.937017E+21   -3.523536E+22   -9.243686E+24    4.034890E+24   -1.645385E+23
    4.947157E+19   -1.964614E+21   -3.575531E+22   -9.380177E+24    4.094445E+24   -1.669674E+23
    4.812668E+19   -1.992451E+21   -3.627812E+22   -9.517426E+24    4.154331E+24   -1.694098E+23
    4.681850E+19   -2.020495E+21   -3.680326E+22   -9.655290E+24    4.214486E+24   -1.718632E+23
    4.554589E+19   -2.048710E+21   -3.733014E+22   -9.793612E+24    4.274842E+24   -1.743248E+23
    4.430775E+19   -2.077055E+21   -3.785808E+22   -9.932216E+24    4.335321E+24   -1.767914E+23
    4.310295E+19   -2.105488E+21   -3.838636E+22   -1.007091E+25    4.395838E+24   -1.792596E+23
    4.193043E+19   -2.133961E+21   -3.891416E+22   -1.020947E+25    4.456301E+24   -1.817255E+23
    4.078911E+19   -2.162422E+21   -3.944059E+22   -1.034767E+25    4.516606E+24   -1.841849E+23
    3.967793E+19   -2.190813E+21   -3.996466E+22   -1.048525E+25    4.576640E+24   -1.866334E+23
    3.859587E+19   -2.219073E+21   -4.048531E+22   -1.062194E+25    4.636282E+24   -1.890658E+23
    3.754190E+19   -2.247137E+21   -4.100138E+22   -1.075741E+25    4.695398E+24   -1.914768E+23
    3.651504E+19   -2.274931E+21   -4.151163E+22   -1.089136E+25    4.753847E+24   -1.938605E+23
    3.551430E+19   -2.302381E+21   -4.201471E+22   -1.102342E+25    4.811474E+24   -1.962108E+23
    3.453873E+19   -2.329405E+21   -4.250920E+22   -1.115323E+25    4.868116E+24   -1.985209E+23
    3.358741E+19   -2.355916E+21   -4.299356E+22   -1.128038E+25    4.923600E+24   -2.007837E+23
    3.265943E+19   -2.381824E+21   -4.346621E+22   -1.140445E+25    4.977742E+24   -2.029918E+23
    3.175392E+19   -2.407034E+21   -4.392547E+22   -1.152501E+25    5.030351E+24   -2.051374E+23
    3.087003E+19   -2.431448E+21   -4.436958E+22   -1.164160E+25    5.081226E+24   -2.072122E+23
    3.000697E+19   -2.454963E+21   -4.479674E+22   -1.175374E+25    5.130161E+24   -2.092080E+23
    2.916394E+19   -2.477476E+21   -4.520510E+22   -1.186095E+25    5.176943E+24   -2.111159E+23
    2.834023E+19   -2.498879E+21   -4.559278E+22   -1.196273E+25    5.221358E+24   -2.129273E+23
    2.753512E+19   -2.519066E+21   -4.595788E+22   -1.205859E+25    5.263187E+24   -2.146333E+23
    2.674798E+19   -2.537930E+21   -4.629850E+22   -1.214803E+25    5.302214E+24   -2.162249E+23
    2.597818E+19   -2.555367E+21   -4.661277E+22   -1.223056E+25    5.338224E+24   -2.176936E+23
    2.522517E+19   -2.571272E+21   -4.689888E+22   -1.230569E+25    5.371008E+24   -2.190306E+23
    2.448842E+19   -2.585547E+21   -4.715506E+22   -1.237297E+25    5.400364E+24   -2.202279E+23
    2.376748E+19   -2.598097E+21   -4.737963E+22   -1.243195E+25    5.426101E+24   -2.212776E+23
    2.306191E+19   -2.608836E+21   -4.757106E+22   -1.248224E+25    5.448040E+24   -2.221724E+23
    2.237135E+19   -2.617683E+21   -4.772791E+22   -1.252345E+25    5.466019E+24   -2.229057E+23
    2.169546E+19   -2.624565E+21   -4.784891E+22   -1.255525E+25    5.479892E+24   -2.234715E+23
    2.103396E+19   -2.629421E+21   -4.793298E+22   -1.257735E+25    5.489534E+24   -2.238648E+23
    2.038661E+19   -2.632200E+21   -4.797920E+22   -1.258953E+25    5.494841E+24   -2.240813E+23
    1.975320E+19   -2.632861E+21   -4.798687E+22   -1.259158E+25    5.495733E+24   -2.241178E+23
    1.913357E+19   -2.631376E+21   -4.795549E+22   -1.258339E+25    5.492152E+24   -2.239718E+23
    1.852757E+19   -2.627728E+21   -4.788480E+22   -1.256488E+25    5.484067E+24   -2.236422E+23
    1.793509E+19   -2.621913E+21   -4.777473E+22   -1.253603E+25    5.471472E+24   -2.231287E+23
    1.735605E+19   -2.613938E+21   -4.762545E+22   -1.249690E+25    5.454386E+24   -2.224319E+23
    1.679037E+19   -2.603824E+21   -4.743733E+22   -1.244757E+25    5.432851E+24   -2.215538E+23
    1.623800E+19   -2.591602E+21   -4.721096E+22   -1.238820E+25    5.406935E+24   -2.204970E+23
