    5.488212E-10    9.507357E-09    4.590141E-08    8.521697E-07    1.949590E-06    5.488212E-06
    5.936611E-10    1.028413E-08    4.965166E-08    9.217938E-07    2.108876E-06    5.936611E-06
    6.421646E-10    1.112437E-08    5.370831E-08    9.971065E-07    2.281176E-06    6.421646E-06
    6.946309E-10    1.203325E-08    5.809640E-08    1.078572E-06    2.467553E-06    6.946309E-06
    7.513838E-10    1.301640E-08    6.284301E-08    1.166694E-06    2.669158E-06    7.513838E-06
    8.127735E-10    1.407986E-08    6.797742E-08    1.262016E-06    2.887234E-06    8.127735E-06
    8.791790E-10    1.523022E-08    7.353133E-08    1.365125E-06    3.123128E-06    8.791790E-06
    9.510099E-10    1.647456E-08    7.953901E-08    1.476659E-06    3.378294E-06    9.510099E-06
    1.028709E-09    1.782057E-08    8.603752E-08    1.597305E-06    3.654309E-06    1.028709E-05
    1.112757E-09    1.927655E-08    9.306698E-08    1.727809E-06    3.952874E-06    1.112757E-05
    1.203672E-09    2.085149E-08    1.006708E-07    1.868975E-06    4.275832E-06    1.203672E-05
    1.302015E-09    2.255511E-08    1.088958E-07    2.021674E-06    4.625178E-06    1.302015E-05
    1.408392E-09    2.439791E-08    1.177928E-07    2.186849E-06    5.003065E-06    1.408392E-05
    1.523461E-09    2.639127E-08    1.274168E-07    2.365520E-06    5.411826E-06    1.523461E-05
    1.647931E-09    2.854750E-08    1.378270E-07    2.558788E-06    5.853985E-06    1.647931E-05
    1.782571E-09    3.087989E-08    1.490878E-07    2.767847E-06    6.332268E-06    1.782571E-05
    1.928211E-09    3.340285E-08    1.612686E-07    2.993986E-06    6.849629E-06    1.928211E-05
    2.085750E-09    3.613193E-08    1.744446E-07    3.238601E-06    7.409259E-06    2.085750E-05
    2.256161E-09    3.908399E-08    1.886971E-07    3.503202E-06    8.014611E-06    2.256161E-05
    2.440494E-09    4.227724E-08    2.041140E-07    3.789421E-06    8.669423E-06    2.440494E-05
    2.639888E-09    4.573139E-08    2.207906E-07    4.099025E-06    9.377734E-06    2.639888E-05
    2.855572E-09    4.946774E-08    2.388297E-07    4.433925E-06    1.014392E-05    2.855572E-05
    3.088879E-09    5.350936E-08    2.583426E-07    4.796186E-06    1.097270E-05    3.088879E-05
    3.341247E-09    5.788120E-08    2.794497E-07    5.188045E-06    1.186919E-05    3.341247E-05
    3.614234E-09    6.261022E-08    3.022814E-07    5.611920E-06    1.283893E-05    3.614234E-05
    3.909525E-09    6.772561E-08    3.269785E-07    6.070426E-06    1.388790E-05    3.909525E-05
    4.228942E-09    7.325894E-08    3.536933E-07    6.566393E-06    1.502257E-05    4.228942E-05
    4.574455E-09    7.924435E-08    3.825908E-07    7.102882E-06    1.624994E-05    4.574455E-05
    4.948198E-09    8.571879E-08    4.138493E-07    7.683203E-06    1.757760E-05    4.948198E-05
    5.352477E-09    9.272220E-08    4.476617E-07    8.310937E-06    1.901373E-05    5.352477E-05
    5.789786E-09    1.002978E-07    4.842366E-07    8.989958E-06    2.056719E-05    5.789786E-05
    6.262824E-09    1.084923E-07    5.237998E-07    9.724457E-06    2.224757E-05    6.262824E-05
    6.774510E-09    1.173564E-07    5.665954E-07    1.051897E-05    2.406525E-05    6.774510E-05
    7.328002E-09    1.269447E-07    6.128874E-07    1.137839E-05    2.603143E-05    7.328002E-05
    7.926715E-09    1.373163E-07    6.629616E-07    1.230803E-05    2.815825E-05    7.926715E-05
    8.574344E-09    1.485354E-07    7.171270E-07    1.331362E-05    3.045884E-05    8.574344E-05
    9.274886E-09    1.606710E-07    7.757177E-07    1.440137E-05    3.294739E-05    9.274886E-05
    1.003266E-08    1.737982E-07    8.390955E-07    1.557799E-05    3.563926E-05    1.003266E-04
    1.085235E-08    1.879978E-07    9.076513E-07    1.685074E-05    3.855106E-05    1.085235E-04
    1.173901E-08    2.033576E-07    9.818083E-07    1.822748E-05    4.170076E-05    1.173901E-04
    1.269811E-08    2.199724E-07    1.062024E-06    1.971671E-05    4.510780E-05    1.269811E-04
    1.373557E-08    2.379445E-07    1.148793E-06    2.132760E-05    4.879320E-05    1.373557E-04
    1.485780E-08    2.573851E-07    1.242652E-06    2.307011E-05    5.277970E-05    1.485780E-04
    1.607171E-08    2.784140E-07    1.344179E-06    2.495498E-05    5.709191E-05    1.607171E-04
    1.738480E-08    3.011609E-07    1.454001E-06    2.699385E-05    6.175643E-05    1.738480E-04
    1.880517E-08    3.257663E-07    1.572796E-06    2.919930E-05    6.680204E-05    1.880517E-04
    2.034159E-08    3.523821E-07    1.701296E-06    3.158494E-05    7.225990E-05    2.034159E-04
    2.200353E-08    3.811723E-07    1.840296E-06    3.416549E-05    7.816367E-05    2.200353E-04
    2.380126E-08    4.123148E-07    1.990651E-06    3.695687E-05    8.454978E-05    2.380126E-04
    2.574587E-08    4.460017E-07    2.153291E-06    3.997631E-05    9.145765E-05    2.574587E-04
    2.784935E-08    4.824408E-07    2.329218E-06    4.324245E-05    9.892990E-05    2.784935E-04
    3.012469E-08    5.218570E-07    2.519520E-06    4.677543E-05    1.070126E-04    3.012469E-04
    3.258593E-08    5.644936E-07    2.725369E-06    5.059706E-05    1.157558E-04    3.258593E-04
    3.524825E-08    6.106137E-07    2.948036E-06    5.473092E-05    1.252132E-04    3.524825E-04
    3.812809E-08    6.605017E-07    3.188895E-06    5.920252E-05    1.354433E-04    3.812809E-04
    4.124321E-08    7.144657E-07    3.449432E-06    6.403946E-05    1.465092E-04    4.124321E-04
    4.461284E-08    7.728386E-07    3.731256E-06    6.927158E-05    1.584792E-04    4.461284E-04
    4.825777E-08    8.359806E-07    4.036105E-06    7.493116E-05    1.714272E-04    4.825777E-04
    5.220050E-08    9.042813E-07    4.365860E-06    8.105313E-05    1.854330E-04    5.220049E-04
    5.646534E-08    9.781622E-07    4.722556E-06    8.767527E-05    2.005831E-04    5.646533E-04
    6.107862E-08    1.058079E-06    5.108394E-06    9.483844E-05    2.169710E-04    6.107861E-04
    6.606881E-08    1.144525E-06    5.525755E-06    1.025868E-04    2.346978E-04    6.606880E-04
    7.146670E-08    1.238034E-06    5.977215E-06    1.109683E-04    2.538728E-04    7.146668E-04
    7.730559E-08    1.339183E-06    6.465558E-06    1.200345E-04    2.746144E-04    7.730557E-04
    8.362151E-08    1.448595E-06    6.993799E-06    1.298414E-04    2.970506E-04    8.362149E-04
    9.045344E-08    1.566946E-06    7.565197E-06    1.404495E-04    3.213198E-04    9.045341E-04
    9.784353E-08    1.694966E-06    8.183277E-06    1.519243E-04    3.475718E-04    9.784349E-04
    1.058374E-07    1.833445E-06    8.851853E-06    1.643366E-04    3.759685E-04    1.058373E-03
    1.144843E-07    1.983238E-06    9.575051E-06    1.777629E-04    4.066852E-04    1.144842E-03
    1.238377E-07    2.145269E-06    1.035733E-05    1.922861E-04    4.399114E-04    1.238376E-03
    1.339552E-07    2.320537E-06    1.120353E-05    2.079959E-04    4.758521E-04    1.339551E-03
    1.448993E-07    2.510124E-06    1.211885E-05    2.249891E-04    5.147290E-04    1.448992E-03
    1.567375E-07    2.715200E-06    1.310895E-05    2.433705E-04    5.567821E-04    1.567373E-03
    1.695428E-07    2.937029E-06    1.417994E-05    2.632537E-04    6.022707E-04    1.695426E-03
    1.833943E-07    3.176981E-06    1.533843E-05    2.847612E-04    6.514756E-04    1.833940E-03
    1.983773E-07    3.436536E-06    1.659156E-05    3.080259E-04    7.047002E-04    1.983770E-03
    2.145844E-07    3.717296E-06    1.794706E-05    3.331911E-04    7.622730E-04    2.145840E-03
    2.321155E-07    4.020991E-06    1.941330E-05    3.604121E-04    8.245492E-04    2.321150E-03
    2.510788E-07    4.349497E-06    2.099932E-05    3.898569E-04    8.919129E-04    2.510782E-03
    2.715913E-07    4.704839E-06    2.271491E-05    4.217072E-04    9.647798E-04    2.715905E-03
    2.937795E-07    5.089210E-06    2.457065E-05    4.561594E-04    1.043599E-03    2.937785E-03
    3.177802E-07    5.504981E-06    2.657798E-05    4.934260E-04    1.128858E-03    3.177790E-03
    3.437416E-07    5.954716E-06    2.874930E-05    5.337369E-04    1.221081E-03    3.437400E-03
    3.718238E-07    6.441189E-06    3.109799E-05    5.773408E-04    1.320837E-03    3.718217E-03
    4.021999E-07    6.967402E-06    3.363854E-05    6.245066E-04    1.428743E-03    4.021973E-03
    4.350573E-07    7.536599E-06    3.638661E-05    6.755253E-04    1.545463E-03    4.350540E-03
    4.705988E-07    8.152292E-06    3.935917E-05    7.307114E-04    1.671717E-03    4.705946E-03
    5.090434E-07    8.818277E-06    4.257454E-05    7.904054E-04    1.808284E-03    5.090381E-03
    5.506283E-07    9.538662E-06    4.605255E-05    8.549753E-04    1.956007E-03    5.506216E-03
    5.956099E-07    1.031789E-05    4.981465E-05    9.248194E-04    2.115795E-03    5.956015E-03
    6.442656E-07    1.116076E-05    5.388403E-05    1.000368E-03    2.288635E-03    6.442549E-03
    6.968954E-07    1.207248E-05    5.828580E-05    1.082088E-03    2.475592E-03    6.968819E-03
    7.538238E-07    1.305866E-05    6.304708E-05    1.170482E-03    2.677818E-03    7.538066E-03
    8.154017E-07    1.412539E-05    6.819723E-05    1.266096E-03    2.896561E-03    8.153800E-03
    8.820088E-07    1.527924E-05    7.376801E-05    1.369518E-03    3.133168E-03    8.819813E-03
    9.540556E-07    1.652733E-05    7.979374E-05    1.481387E-03    3.389098E-03    9.540209E-03
    1.031986E-06    1.787734E-05    8.631157E-05    1.602391E-03    3.665929E-03    1.031942E-02
    1.116281E-06    1.933759E-05    9.336167E-05    1.733278E-03    3.965365E-03    1.116225E-02
    1.207459E-06    2.091709E-05    1.009875E-04    1.874852E-03    4.289253E-03    1.207389E-02
    1.306082E-06    2.262557E-05    1.092360E-04    2.027987E-03    4.639587E-03    1.305993E-02
    1.412759E-06    2.447355E-05    1.181580E-04    2.193625E-03    5.018525E-03    1.412646E-02
    1.528145E-06    2.647241E-05    1.278085E-04    2.372787E-03    5.428402E-03    1.528002E-02
    1.652952E-06    2.863447E-05    1.382469E-04    2.566577E-03    5.871739E-03    1.652771E-02
    1.787948E-06    3.097304E-05    1.495375E-04    2.776188E-03    6.351268E-03    1.787720E-02
    1.933965E-06    3.350252E-05    1.617498E-04    3.002909E-03    6.869939E-03    1.933675E-02
    2.091901E-06    3.623848E-05    1.749590E-04    3.248138E-03    7.430943E-03    2.091534E-02
    2.262728E-06    3.919776E-05    1.892463E-04    3.513382E-03    8.037732E-03    2.262264E-02
    2.447497E-06    4.239856E-05    2.046997E-04    3.800273E-03    8.694037E-03    2.446910E-02
    2.647345E-06    4.586058E-05    2.214143E-04    4.110577E-03    9.403893E-03    2.646603E-02
    2.863501E-06    4.960510E-05    2.394928E-04    4.446202E-03    1.017166E-02    2.862562E-02
    3.097295E-06    5.365516E-05    2.590465E-04    4.809210E-03    1.100206E-02    3.096106E-02
    3.350162E-06    5.803564E-05    2.801954E-04    5.201832E-03    1.190019E-02    3.348658E-02
    3.623657E-06    6.277346E-05    3.030695E-04    5.626481E-03    1.287155E-02    3.621754E-02
    3.919460E-06    6.789772E-05    3.278094E-04    6.085763E-03    1.392211E-02    3.917052E-02
    4.239387E-06    7.343989E-05    3.545669E-04    6.582499E-03    1.505831E-02    4.236339E-02
    4.585402E-06    7.943398E-05    3.835063E-04    7.119735E-03    1.628710E-02    4.581545E-02
    4.959626E-06    8.591676E-05    4.148050E-04    7.700765E-03    1.761601E-02    4.954746E-02
    5.364355E-06    9.292798E-05    4.486551E-04    8.329152E-03    1.905316E-02    5.358180E-02
    5.802070E-06    1.005106E-04    4.852640E-04    9.008742E-03    2.060733E-02    5.794257E-02
    6.275451E-06    1.087111E-04    5.248558E-04    9.743697E-03    2.228800E-02    6.265565E-02
    6.787396E-06    1.175796E-04    5.676730E-04    1.053851E-02    2.410542E-02    6.774889E-02
    7.341037E-06    1.271705E-04    6.139775E-04    1.139804E-02    2.607065E-02    7.325213E-02
    7.939759E-06    1.375423E-04    6.640523E-04    1.232754E-02    2.819562E-02    7.919739E-02
    8.587217E-06    1.487584E-04    7.182033E-04    1.333266E-02    3.049322E-02    8.561891E-02
    9.287365E-06    1.608872E-04    7.767611E-04    1.441955E-02    3.297736E-02    9.255328E-02
    1.004447E-05    1.740027E-04    8.400826E-04    1.559482E-02    3.566304E-02    1.000395E-01
    1.086315E-05    1.881849E-04    9.085536E-04    1.686560E-02    3.856643E-02    1.081189E-01
    1.174838E-05    2.035199E-04    9.825908E-04    1.823961E-02    4.170497E-02    1.168355E-01
    1.270554E-05    2.201011E-04    1.062644E-03    1.972519E-02    4.509742E-02    1.262355E-01
    1.374045E-05    2.380290E-04    1.149200E-03    2.133131E-02    4.876400E-02    1.363676E-01
    1.485937E-05    2.574124E-04    1.242782E-03    2.306767E-02    5.272647E-02    1.472827E-01
    1.606909E-05    2.783687E-04    1.343958E-03    2.494474E-02    5.700822E-02    1.590333E-01
    1.737691E-05    3.010244E-04    1.453339E-03    2.697380E-02    6.163435E-02    1.716736E-01
    1.879073E-05    3.255164E-04    1.571586E-03    2.916701E-02    6.663182E-02    1.852585E-01
    2.031907E-05    3.519921E-04    1.699409E-03    3.153749E-02    7.202951E-02    1.998429E-01
    2.197111E-05    3.806108E-04    1.837578E-03    3.409935E-02    7.785834E-02    2.154805E-01
    2.375676E-05    4.115441E-04    1.986922E-03    3.686781E-02    8.415132E-02    2.322225E-01
    2.568671E-05    4.449771E-04    2.148335E-03    3.985923E-02    9.094366E-02    2.501153E-01
    2.777248E-05    4.811095E-04    2.322779E-03    4.309121E-02    9.827283E-02    2.691980E-01
    3.002650E-05    5.201565E-04    2.511294E-03    4.658267E-02    1.061786E-01    2.894991E-01
    3.246214E-05    5.623498E-04    2.714999E-03    5.035393E-02    1.147028E-01    3.110326E-01
    3.509382E-05    6.079393E-04    2.935099E-03    5.442680E-02    1.238899E-01    3.337919E-01
    3.793707E-05    6.571938E-04    3.172893E-03    5.882465E-02    1.337862E-01    3.577435E-01
    4.100860E-05    7.104028E-04    3.429777E-03    6.357250E-02    1.444400E-01    3.828184E-01
    4.432638E-05    7.678779E-04    3.707256E-03    6.869712E-02    1.559012E-01    4.089014E-01
    4.790977E-05    8.299541E-04    4.006946E-03    7.422706E-02    1.682210E-01    4.358181E-01
    5.177954E-05    8.969916E-04    4.330586E-03    8.019279E-02    1.814514E-01    4.633188E-01
    5.595805E-05    9.693776E-04    4.680043E-03    8.662666E-02    1.956439E-01    4.910589E-01
    6.046929E-05    1.047528E-03    5.057325E-03    9.356304E-02    2.108491E-01    5.185757E-01
    6.533902E-05    1.131888E-03    5.464583E-03    1.010382E-01    2.271149E-01    5.452601E-01
    7.059487E-05    1.222938E-03    5.904128E-03    1.090906E-01    2.444849E-01    5.703241E-01
    7.626647E-05    1.321190E-03    6.378436E-03    1.177603E-01    2.629959E-01    5.927632E-01
    8.238556E-05    1.427195E-03    6.890158E-03    1.270894E-01    2.826751E-01    6.113140E-01
    8.898610E-05    1.541541E-03    7.442132E-03    1.371216E-01    3.035362E-01    6.244080E-01
    9.610444E-05    1.664857E-03    8.037394E-03    1.479019E-01    3.255751E-01    6.301245E-01
    1.037794E-04    1.797817E-03    8.679187E-03    1.594764E-01    3.487637E-01    6.261448E-01
    1.120525E-04    1.941139E-03    9.370972E-03    1.718916E-01    3.730428E-01    6.097144E-01
    1.209678E-04    2.095590E-03    1.011644E-02    1.851941E-01    3.983136E-01    5.776224E-01
    1.305727E-04    2.261986E-03    1.091952E-02    1.994292E-01    4.244264E-01    5.262110E-01
    1.409170E-04    2.441196E-03    1.178440E-02    2.146402E-01    4.511684E-01    4.514345E-01
    1.520543E-04    2.634144E-03    1.271552E-02    2.308671E-01    4.782474E-01    3.489921E-01
    1.640410E-04    2.841812E-03    1.371759E-02    2.481441E-01    5.052742E-01    2.145692E-01
    1.769371E-04    3.065239E-03    1.479560E-02    2.664984E-01    5.317405E-01    4.422579E-02
    1.908061E-04    3.305526E-03    1.595483E-02    2.859465E-01    5.569950E-01   -1.650211E-01
    2.057151E-04    3.563836E-03    1.720086E-02    3.064913E-01    5.802154E-01   -4.143768E-01
    2.217347E-04    3.841397E-03    1.853954E-02    3.281181E-01    6.003781E-01   -7.021747E-01
    2.389395E-04    4.139502E-03    1.997704E-02    3.507893E-01    6.162262E-01   -1.022508E+00
    2.574076E-04    4.459510E-03    2.151985E-02    3.744382E-01    6.262373E-01   -1.363645E+00
    2.772213E-04    4.802847E-03    2.317472E-02    3.989628E-01    6.285938E-01   -1.706391E+00
    2.984662E-04    5.171004E-03    2.494873E-02    4.242163E-01    6.211604E-01   -2.022729E+00
    3.212319E-04    5.565542E-03    2.684921E-02    4.499983E-01    6.014732E-01   -2.275283E+00
    3.456118E-04    5.988083E-03    2.888378E-02    4.760430E-01    5.667503E-01   -2.418401E+00
    3.717026E-04    6.440318E-03    3.106032E-02    5.020068E-01    5.139338E-01   -2.401900E+00
    3.996046E-04    6.923995E-03    3.338693E-02    5.274541E-01    4.397775E-01   -2.178586E+00
    4.294211E-04    7.440924E-03    3.587191E-02    5.518420E-01    3.409981E-01   -1.716319E+00
    4.612584E-04    7.992969E-03    3.852371E-02    5.745040E-01    2.145088E-01   -1.014414E+00
    4.952256E-04    8.582045E-03    4.135092E-02    5.946338E-01    5.775799E-02   -1.220881E-01
    5.314337E-04    9.210115E-03    4.436217E-02    6.112694E-01   -1.308076E-01    8.464745E-01
    5.699960E-04    9.879183E-03    4.756611E-02    6.232796E-01   -3.511425E-01    1.709684E+00
    6.110268E-04    1.059128E-02    5.097130E-02    6.293544E-01   -6.008646E-01    2.240677E+00
    6.546412E-04    1.134848E-02    5.458611E-02    6.280027E-01   -8.744067E-01    2.224333E+00
    7.009546E-04    1.215287E-02    5.841869E-02    6.175590E-01   -1.162123E+00    1.549091E+00
    7.500817E-04    1.300653E-02    6.247676E-02    5.962053E-01   -1.449475E+00    3.111747E-01
    8.021361E-04    1.391158E-02    6.676751E-02    5.620114E-01   -1.716484E+00   -1.122041E+00
    8.572288E-04    1.487010E-02    7.129747E-02    5.130013E-01   -1.937747E+00   -2.165424E+00
    9.154680E-04    1.588417E-02    7.607227E-02    4.472492E-01   -2.083345E+00   -2.244168E+00
    9.769574E-04    1.695584E-02    8.109646E-02    3.630148E-01   -2.121066E+00   -1.161910E+00
    1.041795E-03    1.808714E-02    8.637330E-02    2.589200E-01   -2.020289E+00    5.868137E-01
    1.110074E-03    1.928003E-02    9.190442E-02    1.341727E-01   -1.757698E+00    1.883698E+00
    1.181876E-03    2.053644E-02    9.768960E-02   -1.116356E-02   -1.324633E+00    1.652351E+00
    1.257277E-03    2.185822E-02    1.037263E-01   -1.758591E-01   -7.352126E-01   -1.421487E-01
    1.336338E-03    2.324713E-02    1.100096E-01   -3.571818E-01   -3.351517E-02   -2.057970E+00
    1.419111E-03    2.470488E-02    1.165312E-01   -5.505582E-01    7.028362E-01   -2.213294E+00
    1.505630E-03    2.623305E-02    1.232797E-01   -7.492707E-01    1.366029E+00   -3.718288E-01
    1.595913E-03    2.783315E-02    1.302396E-01   -9.442428E-01    1.831574E+00    1.230475E+00
    1.689960E-03    2.950654E-02    1.373909E-01   -1.123978E+00    1.983613E+00    2.785031E-01
    1.787750E-03    3.125450E-02    1.447088E-01   -1.274733E+00    1.750050E+00   -2.180242E+00
    1.889239E-03    3.307815E-02    1.521630E-01   -1.380993E+00    1.140090E+00   -1.591901E+00
    1.994350E-03    3.497844E-02    1.597154E-01   -1.426310E+00    2.706839E-01    6.412476E-01
    2.102846E-03    3.695539E-02    1.672927E-01   -1.394004E+00   -6.349466E-01    1.608520E+00
    2.265933E-03    3.922136E-02    1.869512E-01   -1.538279E+00   -1.461799E+00   -3.663833E-01
    2.270786E-03    3.930529E-02    1.873408E-01   -1.533356E+00   -1.481491E+00   -4.628140E-01
    2.275648E-03    3.938937E-02    1.877309E-01   -1.528285E+00   -1.500414E+00   -5.568392E-01
    2.280519E-03    3.947361E-02    1.881218E-01   -1.523066E+00   -1.518554E+00   -6.480535E-01
    2.285398E-03    3.955800E-02    1.885132E-01   -1.517698E+00   -1.535899E+00   -7.360626E-01
    2.290287E-03    3.964254E-02    1.889054E-01   -1.512183E+00   -1.552437E+00   -8.204852E-01
    2.295184E-03    3.972723E-02    1.892982E-01   -1.506521E+00   -1.568154E+00   -9.009546E-01
    2.300091E-03    3.981208E-02    1.896918E-01   -1.500711E+00   -1.583040E+00   -9.771204E-01
    2.305006E-03    3.989709E-02    1.900859E-01   -1.494754E+00   -1.597082E+00   -1.048650E+00
    2.309930E-03    3.998224E-02    1.904808E-01   -1.488651E+00   -1.610270E+00   -1.115231E+00
    2.314863E-03    4.006756E-02    1.908763E-01   -1.482401E+00   -1.622592E+00   -1.176573E+00
    2.319805E-03    4.015302E-02    1.912724E-01   -1.476004E+00   -1.634038E+00   -1.232406E+00
    2.324756E-03    4.023864E-02    1.916693E-01   -1.469462E+00   -1.644598E+00   -1.282487E+00
    2.329716E-03    4.032442E-02    1.920668E-01   -1.462773E+00   -1.654264E+00   -1.326597E+00
    2.334685E-03    4.041035E-02    1.924650E-01   -1.455939E+00   -1.663024E+00   -1.364544E+00
    2.339663E-03    4.049643E-02    1.928638E-01   -1.448960E+00   -1.670872E+00   -1.396164E+00
    2.344650E-03    4.058267E-02    1.932634E-01   -1.441835E+00   -1.677799E+00   -1.421320E+00
    2.349645E-03    4.066906E-02    1.936635E-01   -1.434565E+00   -1.683796E+00   -1.439906E+00
    2.354650E-03    4.075561E-02    1.940644E-01   -1.427151E+00   -1.688858E+00   -1.451847E+00
    2.359664E-03    4.084231E-02    1.944659E-01   -1.419593E+00   -1.692976E+00   -1.457098E+00
    2.364687E-03    4.092916E-02    1.948681E-01   -1.411890E+00   -1.696146E+00   -1.455645E+00
    2.369718E-03    4.101618E-02    1.952710E-01   -1.404043E+00   -1.698361E+00   -1.447505E+00
    2.374759E-03    4.110334E-02    1.956745E-01   -1.396053E+00   -1.699616E+00   -1.432727E+00
    2.379808E-03    4.119066E-02    1.960787E-01   -1.387920E+00   -1.699907E+00   -1.411394E+00
    2.384867E-03    4.127814E-02    1.964835E-01   -1.379644E+00   -1.699230E+00   -1.383618E+00
    2.389935E-03    4.136577E-02    1.968891E-01   -1.371225E+00   -1.697581E+00   -1.349541E+00
    2.395011E-03    4.145355E-02    1.972953E-01   -1.362664E+00   -1.694958E+00   -1.309339E+00
    2.400096E-03    4.154149E-02    1.977021E-01   -1.353961E+00   -1.691358E+00   -1.263215E+00
    2.405191E-03    4.162958E-02    1.981096E-01   -1.345117E+00   -1.686779E+00   -1.211403E+00
    2.410294E-03    4.171783E-02    1.985178E-01   -1.336132E+00   -1.681222E+00   -1.154164E+00
    2.415407E-03    4.180623E-02    1.989267E-01   -1.327006E+00   -1.674684E+00   -1.091787E+00
    2.420528E-03    4.189479E-02    1.993362E-01   -1.317739E+00   -1.667168E+00   -1.024586E+00
    2.425658E-03    4.198350E-02    1.997464E-01   -1.308333E+00   -1.658672E+00   -9.529001E-01
    2.430797E-03    4.207237E-02    2.001572E-01   -1.298788E+00   -1.649200E+00   -8.770922E-01
    2.435946E-03    4.216139E-02    2.005687E-01   -1.289104E+00   -1.638753E+00   -7.975460E-01
    2.441103E-03    4.225056E-02    2.009809E-01   -1.279281E+00   -1.627335E+00   -7.146650E-01
    2.446269E-03    4.233989E-02    2.013937E-01   -1.269321E+00   -1.614948E+00   -6.288695E-01
    2.451444E-03    4.242937E-02    2.018072E-01   -1.259223E+00   -1.601597E+00   -5.405949E-01
    2.456628E-03    4.251901E-02    2.022213E-01   -1.248989E+00   -1.587286E+00   -4.502909E-01
    2.461821E-03    4.260880E-02    2.026361E-01   -1.238619E+00   -1.572022E+00   -3.584184E-01
    2.467023E-03    4.269875E-02    2.030516E-01   -1.228113E+00   -1.555811E+00   -2.654472E-01
    2.472233E-03    4.278885E-02    2.034677E-01   -1.217473E+00   -1.538660E+00   -1.718536E-01
    2.477453E-03    4.287910E-02    2.038845E-01   -1.206698E+00   -1.520576E+00   -7.811769E-02
    2.482682E-03    4.296950E-02    2.043020E-01   -1.195790E+00   -1.501568E+00    1.527978E-02
    2.487919E-03    4.306006E-02    2.047201E-01   -1.184750E+00   -1.481646E+00    1.078615E-01
    2.493166E-03    4.315078E-02    2.051388E-01   -1.173577E+00   -1.460817E+00    1.991518E-01
    2.498421E-03    4.324164E-02    2.055582E-01   -1.162273E+00   -1.439095E+00    2.886812E-01
    2.503685E-03    4.333266E-02    2.059783E-01   -1.150839E+00   -1.416489E+00    3.759887E-01
    2.508958E-03    4.342384E-02    2.063990E-01   -1.139275E+00   -1.393012E+00    4.606254E-01
    2.514240E-03    4.351516E-02    2.068204E-01   -1.127583E+00   -1.368676E+00    5.421562E-01
    2.519531E-03    4.360664E-02    2.072424E-01   -1.115763E+00   -1.343497E+00    6.201638E-01
    2.524831E-03    4.369827E-02    2.076651E-01   -1.103816E+00   -1.317486E+00    6.942519E-01
    2.530139E-03    4.379005E-02    2.080884E-01   -1.091743E+00   -1.290660E+00    7.640442E-01
    2.535456E-03    4.388199E-02    2.085124E-01   -1.079545E+00   -1.263033E+00    8.291874E-01
    2.540782E-03    4.397408E-02    2.089370E-01   -1.067223E+00   -1.234623E+00    8.893541E-01
    2.546117E-03    4.406631E-02    2.093623E-01   -1.054779E+00   -1.205446E+00    9.442451E-01
    2.551461E-03    4.415870E-02    2.097882E-01   -1.042212E+00   -1.175522E+00    9.935911E-01
    2.556814E-03    4.425125E-02    2.102147E-01   -1.029526E+00   -1.144868E+00    1.037155E+00
    2.562175E-03    4.434394E-02    2.106419E-01   -1.016720E+00   -1.113504E+00    1.074734E+00
    2.567545E-03    4.443678E-02    2.110698E-01   -1.003795E+00   -1.081449E+00    1.106158E+00
    2.572924E-03    4.452978E-02    2.114983E-01   -9.907538E-01   -1.048724E+00    1.131295E+00
    2.578311E-03    4.462292E-02    2.119274E-01   -9.775967E-01   -1.015351E+00    1.150047E+00
    2.583707E-03    4.471622E-02    2.123572E-01   -9.643253E-01   -9.813527E-01    1.162354E+00
    2.589112E-03    4.480966E-02    2.127876E-01   -9.509409E-01   -9.467514E-01    1.168195E+00
    2.594526E-03    4.490326E-02    2.132186E-01   -9.374450E-01   -9.115713E-01    1.167589E+00
    2.599948E-03    4.499700E-02    2.136503E-01   -9.238390E-01   -8.758361E-01    1.160590E+00
    2.605379E-03    4.509089E-02    2.140827E-01   -9.101242E-01   -8.395704E-01    1.147292E+00
    2.610818E-03    4.518493E-02    2.145156E-01   -8.963024E-01   -8.027996E-01    1.127826E+00
    2.616266E-03    4.527912E-02    2.149492E-01   -8.823749E-01   -7.655501E-01    1.102363E+00
    2.621723E-03    4.537346E-02    2.153835E-01   -8.683436E-01   -7.278491E-01    1.071106E+00
    2.627188E-03    4.546794E-02    2.158183E-01   -8.542102E-01   -6.897242E-01    1.034296E+00
    2.632662E-03    4.556257E-02    2.162538E-01   -8.399764E-01   -6.512037E-01    9.922067E-01
    2.638144E-03    4.565735E-02    2.166899E-01   -8.256439E-01   -6.123160E-01    9.451439E-01
    2.643635E-03    4.575227E-02    2.171267E-01   -8.112145E-01   -5.730896E-01    8.934416E-01
    2.649134E-03    4.584734E-02    2.175640E-01   -7.966901E-01   -5.335543E-01    8.374628E-01
    2.654641E-03    4.594255E-02    2.180020E-01   -7.820726E-01   -4.937404E-01    7.775962E-01
    2.660157E-03    4.603791E-02    2.184407E-01   -7.673641E-01   -4.536789E-01    7.142535E-01
    2.665681E-03    4.613342E-02    2.188799E-01   -7.525666E-01   -4.134012E-01    6.478666E-01
    2.671214E-03    4.622906E-02    2.193198E-01   -7.376822E-01   -3.729393E-01    5.788850E-01
    2.676755E-03    4.632485E-02    2.197603E-01   -7.227132E-01   -3.323251E-01    5.077709E-01
    2.682304E-03    4.642078E-02    2.202014E-01   -7.076616E-01   -2.915908E-01    4.349972E-01
    2.687861E-03    4.651686E-02    2.206431E-01   -6.925298E-01   -2.507691E-01    3.610449E-01
    2.693427E-03    4.661307E-02    2.210854E-01   -6.773201E-01   -2.098934E-01    2.863995E-01
    2.699001E-03    4.670943E-02    2.215284E-01   -6.620348E-01   -1.689971E-01    2.115470E-01
    2.704583E-03    4.680592E-02    2.219719E-01   -6.466765E-01   -1.281144E-01    1.369710E-01
    2.710172E-03    4.690256E-02    2.224161E-01   -6.312478E-01   -8.727919E-02    6.314845E-02
    2.715770E-03    4.699933E-02    2.228609E-01   -6.157512E-01   -4.652589E-02   -9.453652E-03
    2.721376E-03    4.709624E-02    2.233063E-01   -6.001894E-01   -5.888830E-03   -8.038175E-02
    2.726990E-03    4.719329E-02    2.237523E-01   -5.845650E-01    3.459748E-02   -1.491989E-01
    2.732612E-03    4.729048E-02    2.241989E-01   -5.688810E-01    7.489847E-02   -2.154881E-01
    2.738241E-03    4.738780E-02    2.246461E-01   -5.531401E-01    1.149795E-01   -2.788555E-01
    2.743879E-03    4.748525E-02    2.250939E-01   -5.373453E-01    1.548061E-01   -3.389332E-01
    2.749524E-03    4.758284E-02    2.255423E-01   -5.214995E-01    1.943438E-01   -3.953820E-01
    2.755177E-03    4.768056E-02    2.259913E-01   -5.056058E-01    2.335581E-01   -4.478937E-01
    2.760837E-03    4.777841E-02    2.264409E-01   -4.896674E-01    2.724142E-01   -4.961931E-01
    2.766505E-03    4.787640E-02    2.268911E-01   -4.736877E-01    3.108778E-01   -5.400409E-01
    2.772181E-03    4.797451E-02    2.273419E-01   -4.576698E-01    3.489153E-01   -5.792355E-01
    2.777864E-03    4.807276E-02    2.277933E-01   -4.416172E-01    3.864933E-01   -6.136140E-01
    2.783554E-03    4.817113E-02    2.282452E-01   -4.255330E-01    4.235790E-01   -6.430532E-01
    2.789252E-03    4.826963E-02    2.286978E-01   -4.094208E-01    4.601402E-01   -6.674702E-01
    2.794957E-03    4.836825E-02    2.291510E-01   -3.932840E-01    4.961448E-01   -6.868222E-01
    2.800669E-03    4.846700E-02    2.296047E-01   -3.771266E-01    5.315603E-01   -7.011063E-01
    2.806389E-03    4.856588E-02    2.300591E-01   -3.609524E-01    5.663553E-01   -7.103602E-01
    2.812115E-03    4.866487E-02    2.305140E-01   -3.447651E-01    6.004996E-01   -7.146617E-01
    2.817849E-03    4.876399E-02    2.309695E-01   -3.285685E-01    6.339639E-01   -7.141264E-01
    2.823589E-03    4.886323E-02    2.314256E-01   -3.123663E-01    6.667201E-01   -7.089066E-01
    2.829337E-03    4.896259E-02    2.318823E-01   -2.961624E-01    6.987412E-01   -6.991891E-01
    2.835091E-03    4.906206E-02    2.323395E-01   -2.799606E-01    7.300007E-01   -6.851927E-01
    2.840852E-03    4.916166E-02    2.327974E-01   -2.637654E-01    7.604717E-01   -6.671667E-01
    2.846619E-03    4.926136E-02    2.332558E-01   -2.475812E-01    7.901287E-01   -6.453879E-01
    2.852393E-03    4.936119E-02    2.337148E-01   -2.314122E-01    8.189480E-01   -6.201567E-01
    2.858174E-03    4.946112E-02    2.341744E-01   -2.152626E-01    8.469077E-01   -5.917943E-01
    2.863961E-03    4.956117E-02    2.346346E-01   -1.991365E-01    8.739876E-01   -5.606381E-01
    2.869754E-03    4.966132E-02    2.350954E-01   -1.830378E-01    9.001689E-01   -5.270385E-01
    2.875554E-03    4.976159E-02    2.355567E-01   -1.669706E-01    9.254341E-01   -4.913556E-01
    2.881359E-03    4.986196E-02    2.360186E-01   -1.509400E-01    9.497653E-01   -4.539581E-01
    2.887171E-03    4.996244E-02    2.364811E-01   -1.349506E-01    9.731462E-01   -4.152168E-01
    2.892989E-03    5.006303E-02    2.369442E-01   -1.190071E-01    9.955631E-01   -3.754999E-01
    2.898813E-03    5.016372E-02    2.374079E-01   -1.031139E-01    1.017004E+00   -3.351690E-01
    2.904643E-03    5.026451E-02    2.378722E-01   -8.727529E-02    1.037460E+00   -2.945759E-01
    2.910478E-03    5.036540E-02    2.383370E-01   -7.149519E-02    1.056923E+00   -2.540589E-01
    2.916319E-03    5.046639E-02    2.388024E-01   -5.577763E-02    1.075388E+00   -2.139404E-01
    2.922166E-03    5.056748E-02    2.392684E-01   -4.012766E-02    1.092847E+00   -1.745284E-01
    2.928018E-03    5.066866E-02    2.397350E-01   -2.455034E-02    1.109299E+00   -1.361097E-01
    2.933875E-03    5.076994E-02    2.402022E-01   -9.050422E-03    1.124739E+00   -9.894570E-02
    2.939738E-03    5.087131E-02    2.406700E-01    6.367712E-03    1.139171E+00   -6.327063E-02
    2.945606E-03    5.097278E-02    2.411384E-01    2.169999E-02    1.152596E+00   -2.929029E-02
    2.951479E-03    5.107433E-02    2.416073E-01    3.694269E-02    1.165021E+00    2.819180E-03
    2.957357E-03    5.117598E-02    2.420769E-01    5.209222E-02    1.176451E+00    3.291111E-02
    2.963241E-03    5.127771E-02    2.425471E-01    6.714381E-02    1.186896E+00    6.086487E-02
    2.969129E-03    5.137953E-02    2.430178E-01    8.209252E-02    1.196363E+00    8.658966E-02
    2.975022E-03    5.148144E-02    2.434892E-01    9.693389E-02    1.204865E+00    1.100259E-01
    2.980920E-03    5.158342E-02    2.439612E-01    1.116639E-01    1.212417E+00    1.311440E-01
    2.986822E-03    5.168550E-02    2.444337E-01    1.262789E-01    1.219033E+00    1.499434E-01
    2.992729E-03    5.178765E-02    2.449069E-01    1.407759E-01    1.224732E+00    1.664499E-01
    2.998640E-03    5.188988E-02    2.453808E-01    1.551520E-01    1.229533E+00    1.807140E-01
    3.004556E-03    5.199220E-02    2.458552E-01    1.694033E-01    1.233457E+00    1.928069E-01
    3.010477E-03    5.209459E-02    2.463302E-01    1.835254E-01    1.236525E+00    2.028200E-01
    3.016401E-03    5.219706E-02    2.468059E-01    1.975145E-01    1.238762E+00    2.108637E-01
    3.022330E-03    5.229960E-02    2.472822E-01    2.113673E-01    1.240192E+00    2.170645E-01
    3.028263E-03    5.240222E-02    2.477591E-01    2.250812E-01    1.240843E+00    2.215616E-01
    3.034200E-03    5.250492E-02    2.482367E-01    2.386540E-01    1.240743E+00    2.245042E-01
    3.040141E-03    5.260768E-02    2.487149E-01    2.520840E-01    1.239919E+00    2.260482E-01
    3.046086E-03    5.271052E-02    2.491938E-01    2.653686E-01    1.238403E+00    2.263539E-01
    3.052035E-03    5.281343E-02    2.496733E-01    2.785042E-01    1.236224E+00    2.255845E-01
    3.057988E-03    5.291641E-02    2.501534E-01    2.914883E-01    1.233417E+00    2.239028E-01
    3.063945E-03    5.301946E-02    2.506342E-01    3.043186E-01    1.230013E+00    2.214684E-01
    3.069905E-03    5.312258E-02    2.511156E-01    3.169937E-01    1.226046E+00    2.184357E-01
    3.075870E-03    5.322576E-02    2.515978E-01    3.295126E-01    1.221549E+00    2.149515E-01
    3.081838E-03    5.332902E-02    2.520805E-01    3.418752E-01    1.216556E+00    2.111532E-01
    3.087810E-03    5.343234E-02    2.525640E-01    3.540800E-01    1.211099E+00    2.071697E-01
    3.093785E-03    5.353573E-02    2.530481E-01    3.661252E-01    1.205216E+00    2.031198E-01
    3.099764E-03    5.363918E-02    2.535329E-01    3.780091E-01    1.198941E+00    1.991096E-01
    3.105747E-03    5.374270E-02    2.540184E-01    3.897312E-01    1.192310E+00    1.952324E-01
    3.111733E-03    5.384629E-02    2.545045E-01    4.012912E-01    1.185358E+00    1.915676E-01
    3.117723E-03    5.394994E-02    2.549914E-01    4.126895E-01    1.178116E+00    1.881808E-01
    3.123716E-03    5.405366E-02    2.554789E-01    4.239273E-01    1.170618E+00    1.851243E-01
    3.129713E-03    5.415744E-02    2.559671E-01    4.350049E-01    1.162896E+00    1.824391E-01
    3.135713E-03    5.426129E-02    2.564560E-01    4.459217E-01    1.154983E+00    1.801553E-01
    3.141718E-03    5.436521E-02    2.569456E-01    4.566776E-01    1.146915E+00    1.782914E-01
    3.147725E-03    5.446919E-02    2.574359E-01    4.672732E-01    1.138723E+00    1.768549E-01
    3.153736E-03    5.457323E-02    2.579270E-01    4.777096E-01    1.130436E+00    1.758434E-01
    3.159751E-03    5.467734E-02    2.584187E-01    4.879885E-01    1.122083E+00    1.752459E-01
    3.165770E-03    5.478152E-02    2.589111E-01    4.981122E-01    1.113689E+00    1.750443E-01
    3.171792E-03    5.488577E-02    2.594043E-01    5.080824E-01    1.105282E+00    1.752149E-01
    3.177818E-03    5.499008E-02    2.598981E-01    5.178998E-01    1.096890E+00    1.757305E-01
    3.183847E-03    5.509446E-02    2.603927E-01    5.275657E-01    1.088540E+00    1.765602E-01
    3.189880E-03    5.519891E-02    2.608880E-01    5.370816E-01    1.080255E+00    1.776700E-01
    3.195917E-03    5.530343E-02    2.613840E-01    5.464497E-01    1.072060E+00    1.790246E-01
    3.201958E-03    5.540802E-02    2.618807E-01    5.556727E-01    1.063973E+00    1.805880E-01
    3.208003E-03    5.551267E-02    2.623782E-01    5.647537E-01    1.056011E+00    1.823246E-01
    3.214051E-03    5.561740E-02    2.628763E-01    5.736954E-01    1.048194E+00    1.842006E-01
    3.220104E-03    5.572221E-02    2.633752E-01    5.824996E-01    1.040539E+00    1.861847E-01
    3.226160E-03    5.582708E-02    2.638748E-01    5.911683E-01    1.033065E+00    1.882480E-01
    3.232221E-03    5.593203E-02    2.643752E-01    5.997039E-01    1.025788E+00    1.903646E-01
    3.238286E-03    5.603705E-02    2.648763E-01    6.081092E-01    1.018722E+00    1.925116E-01
    3.244354E-03    5.614215E-02    2.653781E-01    6.163875E-01    1.011876E+00    1.946694E-01
    3.250428E-03    5.624733E-02    2.658806E-01    6.245422E-01    1.005259E+00    1.968220E-01
    3.256505E-03    5.635259E-02    2.663839E-01    6.325766E-01    9.988801E-01    1.989569E-01
    3.262587E-03    5.645792E-02    2.668878E-01    6.404931E-01    9.927491E-01    2.010660E-01
    3.268673E-03    5.656334E-02    2.673926E-01    6.482942E-01    9.868754E-01    2.031441E-01
    3.274764E-03    5.666883E-02    2.678980E-01    6.559826E-01    9.812661E-01    2.051894E-01
    3.280860E-03    5.677441E-02    2.684042E-01    6.635614E-01    9.759263E-01    2.072026E-01
    3.286960E-03    5.688008E-02    2.689111E-01    6.710339E-01    9.708587E-01    2.091866E-01
    3.293065E-03    5.698583E-02    2.694187E-01    6.784036E-01    9.660645E-01    2.111462E-01
    3.299174E-03    5.709167E-02    2.699271E-01    6.856739E-01    9.615440E-01    2.130880E-01
    3.305289E-03    5.719759E-02    2.704362E-01    6.928472E-01    9.573003E-01    2.150209E-01
    3.311409E-03    5.730361E-02    2.709460E-01    6.999263E-01    9.533354E-01    2.169547E-01
    3.317534E-03    5.740972E-02    2.714566E-01    7.069138E-01    9.496498E-01    2.188995E-01
    3.323664E-03    5.751592E-02    2.719679E-01    7.138128E-01    9.462424E-01    2.208657E-01
    3.329799E-03    5.762221E-02    2.724799E-01    7.206262E-01    9.431106E-01    2.228633E-01
    3.335940E-03    5.772860E-02    2.729926E-01    7.273572E-01    9.402500E-01    2.249020E-01
    3.342087E-03    5.783509E-02    2.735061E-01    7.340090E-01    9.376563E-01    2.269907E-01
    3.348238E-03    5.794168E-02    2.740203E-01    7.405839E-01    9.353272E-01    2.291384E-01
    3.354396E-03    5.804837E-02    2.745352E-01    7.470844E-01    9.332600E-01    2.313529E-01
    3.360559E-03    5.815516E-02    2.750509E-01    7.535130E-01    9.314511E-01    2.336412E-01
    3.366728E-03    5.826205E-02    2.755673E-01    7.598722E-01    9.298956E-01    2.360084E-01
    3.372903E-03    5.836904E-02    2.760844E-01    7.661646E-01    9.285877E-01    2.384585E-01
    3.379084E-03    5.847615E-02    2.766022E-01    7.723930E-01    9.275208E-01    2.409941E-01
    3.385271E-03    5.858336E-02    2.771208E-01    7.785599E-01    9.266878E-01    2.436164E-01
    3.391465E-03    5.869068E-02    2.776401E-01    7.846675E-01    9.260837E-01    2.463257E-01
    3.397664E-03    5.879811E-02    2.781601E-01    7.907178E-01    9.257034E-01    2.491216E-01
    3.403870E-03    5.890566E-02    2.786809E-01    7.967130E-01    9.255411E-01    2.520020E-01
    3.410083E-03    5.901332E-02    2.792024E-01    8.026551E-01    9.255906E-01    2.549640E-01
    3.416302E-03    5.912109E-02    2.797246E-01    8.085462E-01    9.258450E-01    2.580035E-01
    3.422528E-03    5.922898E-02    2.802476E-01    8.143885E-01    9.262968E-01    2.611157E-01
    3.428760E-03    5.933700E-02    2.807713E-01    8.201840E-01    9.269386E-01    2.642951E-01
    3.435000E-03    5.944513E-02    2.812957E-01    8.259345E-01    9.277643E-01    2.675359E-01
    3.441246E-03    5.955338E-02    2.818209E-01    8.316416E-01    9.287679E-01    2.708321E-01
    3.447500E-03    5.966176E-02    2.823468E-01    8.373071E-01    9.299435E-01    2.741772E-01
    3.453760E-03    5.977026E-02    2.828734E-01    8.429325E-01    9.312845E-01    2.775645E-01
    3.460028E-03    5.987889E-02    2.834008E-01    8.485195E-01    9.327842E-01    2.809874E-01
    3.466303E-03    5.998764E-02    2.839290E-01    8.540697E-01    9.344358E-01    2.844393E-01
    3.472586E-03    6.009653E-02    2.844578E-01    8.595846E-01    9.362323E-01    2.879137E-01
    3.478876E-03    6.020554E-02    2.849874E-01    8.650657E-01    9.381677E-01    2.914047E-01
    3.485173E-03    6.031469E-02    2.855178E-01    8.705143E-01    9.402365E-01    2.949065E-01
    3.491479E-03    6.042397E-02    2.860489E-01    8.759316E-01    9.424329E-01    2.984139E-01
    3.497792E-03    6.053339E-02    2.865808E-01    8.813189E-01    9.447512E-01    3.019221E-01
    3.504112E-03    6.064294E-02    2.871134E-01    8.866774E-01    9.471854E-01    3.054267E-01
    3.510441E-03    6.075263E-02    2.876467E-01    8.920083E-01    9.497297E-01    3.089239E-01
    3.516778E-03    6.086246E-02    2.881809E-01    8.973128E-01    9.523782E-01    3.124104E-01
    3.523123E-03    6.097244E-02    2.887158E-01    9.025920E-01    9.551258E-01    3.158836E-01
    3.529476E-03    6.108255E-02    2.892514E-01    9.078468E-01    9.579674E-01    3.193415E-01
    3.535837E-03    6.119281E-02    2.897878E-01    9.130782E-01    9.608982E-01    3.227824E-01
    3.542207E-03    6.130321E-02    2.903250E-01    9.182872E-01    9.639135E-01    3.262054E-01
    3.548585E-03    6.141376E-02    2.908629E-01    9.234747E-01    9.670083E-01    3.296099E-01
    3.554971E-03    6.152446E-02    2.914017E-01    9.286416E-01    9.701779E-01    3.329958E-01
    3.561366E-03    6.163530E-02    2.919412E-01    9.337888E-01    9.734177E-01    3.363634E-01
    3.567770E-03    6.174630E-02    2.924814E-01    9.389170E-01    9.767233E-01    3.397133E-01
    3.574183E-03    6.185745E-02    2.930225E-01    9.440270E-01    9.800908E-01    3.430468E-01
    3.580604E-03    6.196875E-02    2.935644E-01    9.491197E-01    9.835162E-01    3.463651E-01
    3.587034E-03    6.208021E-02    2.941070E-01    9.541957E-01    9.869959E-01    3.496697E-01
    3.593473E-03    6.219182E-02    2.946504E-01    9.592557E-01    9.905259E-01    3.529625E-01
    3.599922E-03    6.230359E-02    2.951947E-01    9.643004E-01    9.941027E-01    3.562452E-01
    3.606379E-03    6.241552E-02    2.957397E-01    9.693304E-01    9.977227E-01    3.595198E-01
    3.612846E-03    6.252760E-02    2.962855E-01    9.743464E-01    1.001383E+00    3.627880E-01
    3.619322E-03    6.263985E-02    2.968322E-01    9.793490E-01    1.005079E+00    3.660520E-01
    3.625807E-03    6.275226E-02    2.973796E-01    9.843387E-01    1.008810E+00    3.693136E-01
    3.632301E-03    6.286484E-02    2.979279E-01    9.893162E-01    1.012572E+00    3.725746E-01
    3.638805E-03    6.297757E-02    2.984769E-01    9.942819E-01    1.016362E+00    3.758366E-01
    3.645319E-03    6.309048E-02    2.990268E-01    9.992364E-01    1.020178E+00    3.791011E-01
    3.651842E-03    6.320355E-02    2.995776E-01    1.004180E+00    1.024017E+00    3.823692E-01
    3.658375E-03    6.331679E-02    3.001291E-01    1.009114E+00    1.027877E+00    3.856421E-01
    3.664918E-03    6.343020E-02    3.006815E-01    1.014038E+00    1.031756E+00    3.889206E-01
    3.671471E-03    6.354378E-02    3.012347E-01    1.018952E+00    1.035651E+00    3.922054E-01
    3.678033E-03    6.365753E-02    3.017888E-01    1.023858E+00    1.039561E+00    3.954969E-01
    3.684606E-03    6.377145E-02    3.023437E-01    1.028755E+00    1.043484E+00    3.987951E-01
    3.691188E-03    6.388555E-02    3.028995E-01    1.033645E+00    1.047418E+00    4.021001E-01
    3.697781E-03    6.399982E-02    3.034561E-01    1.038527E+00    1.051362E+00    4.054115E-01
    3.704384E-03    6.411427E-02    3.040135E-01    1.043401E+00    1.055314E+00    4.087290E-01
    3.710997E-03    6.422890E-02    3.045719E-01    1.048269E+00    1.059273E+00    4.120518E-01
    3.717621E-03    6.434371E-02    3.051311E-01    1.053130E+00    1.063237E+00    4.153794E-01
    3.724255E-03    6.445869E-02    3.056911E-01    1.057986E+00    1.067205E+00    4.187108E-01
    3.730899E-03    6.457386E-02    3.062521E-01    1.062836E+00    1.071177E+00    4.220451E-01
    3.737554E-03    6.468921E-02    3.068139E-01    1.067680E+00    1.075152E+00    4.253813E-01
    3.744219E-03    6.480474E-02    3.073765E-01    1.072519E+00    1.079127E+00    4.287186E-01
    3.750895E-03    6.492046E-02    3.079401E-01    1.077354E+00    1.083104E+00    4.320558E-01
    3.757582E-03    6.503636E-02    3.085046E-01    1.082184E+00    1.087081E+00    4.353922E-01
    3.764279E-03    6.515245E-02    3.090699E-01    1.087010E+00    1.091057E+00    4.387270E-01
    3.770988E-03    6.526873E-02    3.096362E-01    1.091832E+00    1.095033E+00    4.420593E-01
    3.777707E-03    6.538519E-02    3.102033E-01    1.096651E+00    1.099007E+00    4.453888E-01
    3.784437E-03    6.550185E-02    3.107714E-01    1.101466E+00    1.102979E+00    4.487148E-01
    3.791178E-03    6.561869E-02    3.113404E-01    1.106279E+00    1.106950E+00    4.520372E-01
    3.797931E-03    6.573573E-02    3.119102E-01    1.111088E+00    1.110919E+00    4.553558E-01
    3.804694E-03    6.585296E-02    3.124810E-01    1.115896E+00    1.114885E+00    4.586707E-01
    3.811469E-03    6.597038E-02    3.130528E-01    1.120701E+00    1.118850E+00    4.619821E-01
    3.818255E-03    6.608800E-02    3.136254E-01    1.125504E+00    1.122812E+00    4.652903E-01
    3.825052E-03    6.620582E-02    3.141990E-01    1.130305E+00    1.126772E+00    4.685959E-01
    3.831860E-03    6.632383E-02    3.147735E-01    1.135105E+00    1.130730E+00    4.718994E-01
    3.838680E-03    6.644204E-02    3.153489E-01    1.139904E+00    1.134686E+00    4.752016E-01
    3.845512E-03    6.656044E-02    3.159253E-01    1.144702E+00    1.138641E+00    4.785032E-01
    3.852355E-03    6.667905E-02    3.165026E-01    1.149499E+00    1.142594E+00    4.818050E-01
    3.859210E-03    6.679786E-02    3.170809E-01    1.154295E+00    1.146547E+00    4.851077E-01
    3.866076E-03    6.691687E-02    3.176601E-01    1.159090E+00    1.150498E+00    4.884123E-01
    3.872954E-03    6.703608E-02    3.182403E-01    1.163886E+00    1.154449E+00    4.917193E-01
    3.879844E-03    6.715550E-02    3.188215E-01    1.168681E+00    1.158400E+00    4.950294E-01
    3.886745E-03    6.727512E-02    3.194036E-01    1.173477E+00    1.162352E+00    4.983432E-01
    3.893659E-03    6.739495E-02    3.199867E-01    1.178272E+00    1.166304E+00    5.016609E-01
    3.900584E-03    6.751498E-02    3.205707E-01    1.183069E+00    1.170258E+00    5.049828E-01
    3.907522E-03    6.763522E-02    3.211558E-01    1.187865E+00    1.174214E+00    5.083091E-01
    3.914471E-03    6.775567E-02    3.217418E-01    1.192663E+00    1.178171E+00    5.116395E-01
    3.921433E-03    6.787633E-02    3.223288E-01    1.197462E+00    1.182131E+00    5.149737E-01
    3.928407E-03    6.799720E-02    3.229168E-01    1.202261E+00    1.186095E+00    5.183115E-01
    3.935393E-03    6.811828E-02    3.235058E-01    1.207062E+00    1.190062E+00    5.216521E-01
    3.942391E-03    6.823957E-02    3.240957E-01    1.211864E+00    1.194033E+00    5.249947E-01
    3.949402E-03    6.836108E-02    3.246867E-01    1.216667E+00    1.198008E+00    5.283386E-01
    3.956424E-03    6.848280E-02    3.252787E-01    1.221473E+00    1.201988E+00    5.316828E-01
    3.963460E-03    6.860473E-02    3.258717E-01    1.226279E+00    1.205974E+00    5.350263E-01
    3.970508E-03    6.872688E-02    3.264657E-01    1.231088E+00    1.209966E+00    5.383680E-01
    3.977568E-03    6.884925E-02    3.270607E-01    1.235899E+00    1.213964E+00    5.417070E-01
    3.984641E-03    6.897184E-02    3.276567E-01    1.240711E+00    1.217968E+00    5.450421E-01
    3.991726E-03    6.909464E-02    3.282538E-01    1.245526E+00    1.221979E+00    5.483725E-01
    3.998825E-03    6.921766E-02    3.288519E-01    1.250343E+00    1.225998E+00    5.516972E-01
    4.005936E-03    6.934090E-02    3.294510E-01    1.255163E+00    1.230024E+00    5.550157E-01
    4.013059E-03    6.946436E-02    3.300512E-01    1.259984E+00    1.234059E+00    5.583273E-01
    4.020196E-03    6.958805E-02    3.306523E-01    1.264809E+00    1.238101E+00    5.616316E-01
    4.027345E-03    6.971196E-02    3.312546E-01    1.269635E+00    1.242152E+00    5.649284E-01
    4.034508E-03    6.983609E-02    3.318578E-01    1.274465E+00    1.246212E+00    5.682175E-01
    4.041683E-03    6.996044E-02    3.324622E-01    1.279297E+00    1.250280E+00    5.714991E-01
    4.048871E-03    7.008502E-02    3.330675E-01    1.284132E+00    1.254358E+00    5.747735E-01
    4.056073E-03    7.020983E-02    3.336740E-01    1.288970E+00    1.258445E+00    5.780410E-01
    4.127915E-03    7.145490E-02    3.397214E-01    1.336915E+00    1.299318E+00    6.101033E-01
    4.201081E-03    7.272284E-02    3.458756E-01    1.385169E+00    1.341047E+00    6.421729E-01
    4.275611E-03    7.401439E-02    3.521397E-01    1.433729E+00    1.383404E+00    6.741867E-01
    4.351546E-03    7.533022E-02    3.585166E-01    1.482568E+00    1.426084E+00    7.059987E-01
    4.428922E-03    7.667097E-02    3.650094E-01    1.531637E+00    1.468833E+00    7.377785E-01
    4.507775E-03    7.803725E-02    3.716206E-01    1.580884E+00    1.511516E+00    7.693828E-01
    4.588137E-03    7.942964E-02    3.783529E-01    1.630251E+00    1.554119E+00    8.007373E-01
    4.670042E-03    8.084869E-02    3.852088E-01    1.679693E+00    1.596708E+00    8.320545E-01
    4.753520E-03    8.229493E-02    3.921905E-01    1.729175E+00    1.639377E+00    8.633439E-01
    4.838600E-03    8.376887E-02    3.993004E-01    1.778679E+00    1.682206E+00    8.945333E-01
    4.925309E-03    8.527099E-02    4.065406E-01    1.828208E+00    1.725248E+00    9.256718E-01
    5.013677E-03    8.680176E-02    4.139132E-01    1.877782E+00    1.768525E+00    9.567263E-01
    5.103728E-03    8.836164E-02    4.214201E-01    1.927434E+00    1.812036E+00    9.877301E-01
    5.195488E-03    8.995107E-02    4.290633E-01    1.977209E+00    1.855773E+00    1.018783E+00
    5.288983E-03    9.157048E-02    4.368447E-01    2.027155E+00    1.899738E+00    1.049813E+00
    5.384236E-03    9.322028E-02    4.447661E-01    2.077318E+00    1.943959E+00    1.080848E+00
    5.481272E-03    9.490089E-02    4.528292E-01    2.127742E+00    1.988489E+00    1.111900E+00
    5.580115E-03    9.661273E-02    4.610358E-01    2.178463E+00    2.033374E+00    1.142995E+00
    5.680786E-03    9.835618E-02    4.693877E-01    2.229506E+00    2.078622E+00    1.174177E+00
    5.783311E-03    1.001317E-01    4.778865E-01    2.280892E+00    2.124196E+00    1.205411E+00
    5.887711E-03    1.019396E-01    4.865339E-01    2.332637E+00    2.170046E+00    1.236727E+00
    5.994011E-03    1.037803E-01    4.953316E-01    2.384755E+00    2.216159E+00    1.268145E+00
    6.102232E-03    1.056542E-01    5.042813E-01    2.437259E+00    2.262576E+00    1.299690E+00
    6.212398E-03    1.075617E-01    5.133846E-01    2.490169E+00    2.309365E+00    1.331364E+00
    6.324532E-03    1.095032E-01    5.226432E-01    2.543503E+00    2.356575E+00    1.363167E+00
    6.438657E-03    1.114792E-01    5.320588E-01    2.597285E+00    2.404217E+00    1.395138E+00
    6.554798E-03    1.134899E-01    5.416331E-01    2.651537E+00    2.452292E+00    1.427284E+00
    6.672979E-03    1.155359E-01    5.513678E-01    2.706278E+00    2.500819E+00    1.459615E+00
    6.793222E-03    1.176176E-01    5.612646E-01    2.761524E+00    2.549835E+00    1.492137E+00
    6.915554E-03    1.197353E-01    5.713254E-01    2.817284E+00    2.599361E+00    1.524882E+00
    7.039999E-03    1.218895E-01    5.815518E-01    2.873566E+00    2.649391E+00    1.557853E+00
    7.166582E-03    1.240807E-01    5.919458E-01    2.930374E+00    2.699915E+00    1.591062E+00
    7.295330E-03    1.263092E-01    6.025091E-01    2.987718E+00    2.750941E+00    1.624524E+00
    7.426269E-03    1.285756E-01    6.132436E-01    3.045607E+00    2.802500E+00    1.658259E+00
    7.559425E-03    1.308803E-01    6.241514E-01    3.104060E+00    2.854627E+00    1.692271E+00
    7.694827E-03    1.332237E-01    6.352342E-01    3.163099E+00    2.907350E+00    1.726576E+00
    7.832502E-03    1.356065E-01    6.464942E-01    3.222751E+00    2.960694E+00    1.761194E+00
    7.972480E-03    1.380289E-01    6.579334E-01    3.283044E+00    3.014676E+00    1.796129E+00
    8.114788E-03    1.404917E-01    6.695538E-01    3.344005E+00    3.069306E+00    1.831397E+00
    8.259457E-03    1.429952E-01    6.813576E-01    3.405660E+00    3.124594E+00    1.867015E+00
    8.406519E-03    1.455400E-01    6.933471E-01    3.468030E+00    3.180551E+00    1.902992E+00
    8.556003E-03    1.481266E-01    7.055244E-01    3.531140E+00    3.237192E+00    1.939341E+00
    8.707942E-03    1.507556E-01    7.178919E-01    3.595012E+00    3.294535E+00    1.976078E+00
    8.862368E-03    1.534275E-01    7.304519E-01    3.659673E+00    3.352606E+00    2.013214E+00
    9.019316E-03    1.561430E-01    7.432068E-01    3.725148E+00    3.411441E+00    2.050762E+00
    9.178818E-03    1.589026E-01    7.561590E-01    3.791461E+00    3.471059E+00    2.088736E+00
    9.340910E-03    1.617069E-01    7.693112E-01    3.858635E+00    3.531468E+00    2.127147E+00
    9.505627E-03    1.645564E-01    7.826658E-01    3.926685E+00    3.592679E+00    2.166011E+00
    9.673006E-03    1.674520E-01    7.962256E-01    3.995627E+00    3.654711E+00    2.205339E+00
    9.843084E-03    1.703941E-01    8.099932E-01    4.065475E+00    3.717580E+00    2.245144E+00
    1.001590E-02    1.733834E-01    8.239714E-01    4.136245E+00    3.781307E+00    2.285442E+00
    1.019149E-02    1.764207E-01    8.381630E-01    4.207956E+00    3.845923E+00    2.326242E+00
    1.036990E-02    1.795065E-01    8.525710E-01    4.280631E+00    3.911451E+00    2.367560E+00
    1.055116E-02    1.826416E-01    8.671983E-01    4.354294E+00    3.977904E+00    2.409408E+00
    1.073532E-02    1.858267E-01    8.820480E-01    4.428969E+00    4.045297E+00    2.451800E+00
    1.092242E-02    1.890625E-01    8.971231E-01    4.504677E+00    4.113647E+00    2.494750E+00
    1.111250E-02    1.923497E-01    9.124270E-01    4.581443E+00    4.182973E+00    2.538269E+00
    1.130561E-02    1.956892E-01    9.279627E-01    4.659292E+00    4.253303E+00    2.582374E+00
    1.150178E-02    1.990817E-01    9.437337E-01    4.738251E+00    4.324660E+00    2.627075E+00
    1.170108E-02    2.025279E-01    9.597433E-01    4.818348E+00    4.397066E+00    2.672389E+00
    1.190354E-02    2.060287E-01    9.759951E-01    4.899610E+00    4.470536E+00    2.718327E+00
    1.210921E-02    2.095849E-01    9.924926E-01    4.982058E+00    4.545086E+00    2.764905E+00
    1.231814E-02    2.131973E-01    1.009239E+00    5.065712E+00    4.620739E+00    2.812135E+00
    1.253038E-02    2.168668E-01    1.026239E+00    5.150591E+00    4.697523E+00    2.860033E+00
    1.274598E-02    2.205943E-01    1.043496E+00    5.236717E+00    4.775460E+00    2.908611E+00
    1.296499E-02    2.243806E-01    1.061014E+00    5.324115E+00    4.854572E+00    2.957886E+00
    1.318747E-02    2.282266E-01    1.078796E+00    5.412810E+00    4.934876E+00    3.007870E+00
    1.341346E-02    2.321333E-01    1.096847E+00    5.502827E+00    5.016392E+00    3.058580E+00
    1.364303E-02    2.361015E-01    1.115171E+00    5.594191E+00    5.099149E+00    3.110028E+00
    1.387622E-02    2.401323E-01    1.133773E+00    5.686928E+00    5.183170E+00    3.162230E+00
    1.411309E-02    2.442266E-01    1.152656E+00    5.781066E+00    5.268479E+00    3.215201E+00
    1.435371E-02    2.483854E-01    1.171824E+00    5.876637E+00    5.355097E+00    3.268957E+00
    1.459812E-02    2.526098E-01    1.191284E+00    5.973667E+00    5.443045E+00    3.323511E+00
    1.484640E-02    2.569006E-01    1.211038E+00    6.072183E+00    5.532350E+00    3.378881E+00
    1.509859E-02    2.612591E-01    1.231093E+00    6.172208E+00    5.623039E+00    3.435081E+00
    1.535477E-02    2.656862E-01    1.251452E+00    6.273769E+00    5.715135E+00    3.492127E+00
    1.561499E-02    2.701830E-01    1.272120E+00    6.376893E+00    5.808662E+00    3.550035E+00
    1.587932E-02    2.747506E-01    1.293103E+00    6.481608E+00    5.903644E+00    3.608822E+00
    1.614782E-02    2.793902E-01    1.314406E+00    6.587940E+00    6.000109E+00    3.668502E+00
    1.642057E-02    2.841029E-01    1.336034E+00    6.695921E+00    6.098085E+00    3.729094E+00
    1.669762E-02    2.888899E-01    1.357992E+00    6.805580E+00    6.197595E+00    3.790614E+00
    1.697905E-02    2.937523E-01    1.380285E+00    6.916949E+00    6.298665E+00    3.853078E+00
    1.726493E-02    2.986913E-01    1.402920E+00    7.030060E+00    6.401325E+00    3.916504E+00
    1.755532E-02    3.037081E-01    1.425902E+00    7.144942E+00    6.505602E+00    3.980908E+00
    1.785031E-02    3.088041E-01    1.449237E+00    7.261625E+00    6.611524E+00    4.046310E+00
    1.814995E-02    3.139805E-01    1.472930E+00    7.380139E+00    6.719116E+00    4.112725E+00
    1.845434E-02    3.192385E-01    1.496988E+00    7.500516E+00    6.828410E+00    4.180172E+00
    1.876354E-02    3.245794E-01    1.521417E+00    7.622785E+00    6.939435E+00    4.248670E+00
    1.907763E-02    3.300047E-01    1.546223E+00    7.746981E+00    7.052220E+00    4.318237E+00
    1.939669E-02    3.355155E-01    1.571412E+00    7.873138E+00    7.166792E+00    4.388891E+00
    1.972080E-02    3.411134E-01    1.596992E+00    8.001290E+00    7.283185E+00    4.460652E+00
    2.005005E-02    3.467998E-01    1.622968E+00    8.131472E+00    7.401429E+00    4.533538E+00
    2.038450E-02    3.525759E-01    1.649347E+00    8.263717E+00    7.521554E+00    4.607569E+00
    2.072426E-02    3.584433E-01    1.676136E+00    8.398060E+00    7.643591E+00    4.682765E+00
    2.106940E-02    3.644035E-01    1.703343E+00    8.534535E+00    7.767574E+00    4.759145E+00
    2.142000E-02    3.704579E-01    1.730975E+00    8.673177E+00    7.893534E+00    4.836730E+00
    2.177617E-02    3.766080E-01    1.759038E+00    8.814024E+00    8.021504E+00    4.915541E+00
    2.213798E-02    3.828554E-01    1.787540E+00    8.957112E+00    8.151518E+00    4.995597E+00
    2.250553E-02    3.892016E-01    1.816488E+00    9.102481E+00    8.283609E+00    5.076921E+00
    2.287891E-02    3.956483E-01    1.845891E+00    9.250167E+00    8.417812E+00    5.159532E+00
    2.325822E-02    4.021970E-01    1.875757E+00    9.400209E+00    8.554162E+00    5.243454E+00
    2.364354E-02    4.088494E-01    1.906092E+00    9.552645E+00    8.692693E+00    5.328708E+00
    2.403498E-02    4.156071E-01    1.936905E+00    9.707514E+00    8.833442E+00    5.415315E+00
    2.443263E-02    4.224719E-01    1.968205E+00    9.864856E+00    8.976445E+00    5.503299E+00
    2.483659E-02    4.294453E-01    2.000000E+00    1.002471E+01    9.121738E+00    5.592683E+00
    2.524697E-02    4.365292E-01    2.032297E+00    1.018712E+01    9.269358E+00    5.683488E+00
    2.566387E-02    4.437253E-01    2.065107E+00    1.035213E+01    9.419345E+00    5.775740E+00
    2.608738E-02    4.510354E-01    2.098437E+00    1.051978E+01    9.571734E+00    5.869460E+00
    2.651762E-02    4.584614E-01    2.132296E+00    1.069011E+01    9.726566E+00    5.964674E+00
    2.695468E-02    4.660049E-01    2.166693E+00    1.086317E+01    9.883880E+00    6.061405E+00
    2.739869E-02    4.736679E-01    2.201638E+00    1.103899E+01    1.004371E+01    6.159678E+00
    2.784975E-02    4.814523E-01    2.237139E+00    1.121762E+01    1.020611E+01    6.259517E+00
    2.830796E-02    4.893600E-01    2.273206E+00    1.139911E+01    1.037111E+01    6.360949E+00
    2.877344E-02    4.973929E-01    2.309848E+00    1.158351E+01    1.053875E+01    6.463997E+00
    2.924631E-02    5.055529E-01    2.347075E+00    1.177085E+01    1.070907E+01    6.568689E+00
    2.972668E-02    5.138420E-01    2.384896E+00    1.196119E+01    1.088212E+01    6.675049E+00
    3.021466E-02    5.222622E-01    2.423321E+00    1.215457E+01    1.105794E+01    6.783103E+00
    3.071037E-02    5.308155E-01    2.462360E+00    1.235103E+01    1.123657E+01    6.892879E+00
    3.121394E-02    5.395040E-01    2.502023E+00    1.255063E+01    1.141805E+01    7.004402E+00
    3.172546E-02    5.483296E-01    2.542318E+00    1.275342E+01    1.160243E+01    7.117700E+00
    3.224508E-02    5.572944E-01    2.583258E+00    1.295943E+01    1.178976E+01    7.232799E+00
    3.277290E-02    5.664005E-01    2.624850E+00    1.316873E+01    1.198006E+01    7.349727E+00
    3.330906E-02    5.756500E-01    2.667106E+00    1.338135E+01    1.217340E+01    7.468510E+00
    3.385366E-02    5.850450E-01    2.710035E+00    1.359735E+01    1.236981E+01    7.589176E+00
    3.440683E-02    5.945875E-01    2.753647E+00    1.381677E+01    1.256934E+01    7.711752E+00
    3.496870E-02    6.042797E-01    2.797953E+00    1.403967E+01    1.277203E+01    7.836265E+00
    3.553938E-02    6.141236E-01    2.842962E+00    1.426610E+01    1.297793E+01    7.962744E+00
    3.611900E-02    6.241213E-01    2.888684E+00    1.449609E+01    1.318707E+01    8.091214E+00
    3.670767E-02    6.342749E-01    2.935128E+00    1.472971E+01    1.339951E+01    8.221704E+00
    3.730552E-02    6.445864E-01    2.982306E+00    1.496699E+01    1.361529E+01    8.354239E+00
    3.791267E-02    6.550579E-01    3.030225E+00    1.520799E+01    1.383446E+01    8.488847E+00
    3.852922E-02    6.656914E-01    3.078896E+00    1.545275E+01    1.405704E+01    8.625554E+00
    3.915531E-02    6.764888E-01    3.128327E+00    1.570131E+01    1.428309E+01    8.764384E+00
    3.979103E-02    6.874521E-01    3.178528E+00    1.595373E+01    1.451264E+01    8.905364E+00
    4.043649E-02    6.985831E-01    3.229507E+00    1.621005E+01    1.474574E+01    9.048517E+00
    4.109181E-02    7.098836E-01    3.281272E+00    1.647030E+01    1.498242E+01    9.193866E+00
    4.175707E-02    7.213554E-01    3.333832E+00    1.673453E+01    1.522273E+01    9.341434E+00
    4.243238E-02    7.329999E-01    3.387193E+00    1.700278E+01    1.546668E+01    9.491243E+00
    4.311782E-02    7.448188E-01    3.441362E+00    1.727508E+01    1.571432E+01    9.643311E+00
    4.381347E-02    7.568134E-01    3.496347E+00    1.755145E+01    1.596567E+01    9.797656E+00
    4.451941E-02    7.689849E-01    3.552151E+00    1.783194E+01    1.622077E+01    9.954295E+00
    4.523569E-02    7.813344E-01    3.608781E+00    1.811656E+01    1.647962E+01    1.011324E+01
    4.596236E-02    7.938628E-01    3.666240E+00    1.840534E+01    1.674226E+01    1.027451E+01
    4.669947E-02    8.065708E-01    3.724530E+00    1.869829E+01    1.700869E+01    1.043810E+01
    4.744704E-02    8.194586E-01    3.783655E+00    1.899542E+01    1.727893E+01    1.060403E+01
    4.820507E-02    8.325264E-01    3.843613E+00    1.929674E+01    1.755297E+01    1.077229E+01
    4.897356E-02    8.457741E-01    3.904404E+00    1.960223E+01    1.783081E+01    1.094288E+01
    4.975247E-02    8.592011E-01    3.966026E+00    1.991189E+01    1.811245E+01    1.111579E+01
    5.054175E-02    8.728063E-01    4.028474E+00    2.022569E+01    1.839785E+01    1.129102E+01
    5.134131E-02    8.865884E-01    4.091741E+00    2.054360E+01    1.868699E+01    1.146855E+01
    5.215105E-02    9.005455E-01    4.155818E+00    2.086558E+01    1.897984E+01    1.164834E+01
    5.297081E-02    9.146751E-01    4.220695E+00    2.119157E+01    1.927633E+01    1.183037E+01
    5.380043E-02    9.289740E-01    4.286356E+00    2.152150E+01    1.957640E+01    1.201459E+01
    5.463967E-02    9.434384E-01    4.352784E+00    2.185528E+01    1.987997E+01    1.220097E+01
    5.548828E-02    9.580638E-01    4.419958E+00    2.219279E+01    2.018695E+01    1.238943E+01
    5.634594E-02    9.728447E-01    4.487853E+00    2.253393E+01    2.049723E+01    1.257992E+01
    5.721227E-02    9.877747E-01    4.556439E+00    2.287853E+01    2.081065E+01    1.277233E+01
    5.808685E-02    1.002846E+00    4.625683E+00    2.322644E+01    2.112708E+01    1.296659E+01
    5.896918E-02    1.018051E+00    4.695544E+00    2.357744E+01    2.144632E+01    1.316258E+01
    5.985869E-02    1.033379E+00    4.765978E+00    2.393131E+01    2.176818E+01    1.336017E+01
    6.075473E-02    1.048819E+00    4.836933E+00    2.428779E+01    2.209241E+01    1.355922E+01
    6.165656E-02    1.064358E+00    4.908349E+00    2.464659E+01    2.241876E+01    1.375956E+01
    6.256335E-02    1.079982E+00    4.980163E+00    2.500737E+01    2.274691E+01    1.396100E+01
    6.347417E-02    1.095675E+00    5.052298E+00    2.536977E+01    2.307652E+01    1.416335E+01
    6.438799E-02    1.111420E+00    5.124673E+00    2.573337E+01    2.340723E+01    1.436637E+01
    6.530364E-02    1.127195E+00    5.197196E+00    2.609771E+01    2.373861E+01    1.456980E+01
    6.621984E-02    1.142979E+00    5.269765E+00    2.646228E+01    2.407020E+01    1.477335E+01
    6.713518E-02    1.158748E+00    5.342267E+00    2.682650E+01    2.440148E+01    1.497672E+01
    6.804811E-02    1.174474E+00    5.414580E+00    2.718977E+01    2.473190E+01    1.517955E+01
    6.895694E-02    1.190129E+00    5.486568E+00    2.755141E+01    2.506082E+01    1.538147E+01
    6.985981E-02    1.205681E+00    5.558085E+00    2.791068E+01    2.538760E+01    1.558207E+01
    7.075473E-02    1.221095E+00    5.628972E+00    2.826678E+01    2.571149E+01    1.578090E+01
    7.163954E-02    1.236334E+00    5.699058E+00    2.861886E+01    2.603172E+01    1.597748E+01
    7.251194E-02    1.251359E+00    5.768158E+00    2.896598E+01    2.634745E+01    1.617129E+01
    7.336944E-02    1.266126E+00    5.836077E+00    2.930717E+01    2.665778E+01    1.636179E+01
    7.420943E-02    1.280591E+00    5.902607E+00    2.964138E+01    2.696176E+01    1.654839E+01
    7.502915E-02    1.294705E+00    5.967528E+00    2.996751E+01    2.725839E+01    1.673049E+01
    7.582570E-02    1.308420E+00    6.030609E+00    3.028440E+01    2.754662E+01    1.690742E+01
    7.659606E-02    1.321682E+00    6.091612E+00    3.059085E+01    2.782535E+01    1.707852E+01
    7.733711E-02    1.334439E+00    6.150289E+00    3.088561E+01    2.809345E+01    1.724310E+01
    7.804566E-02    1.346634E+00    6.206385E+00    3.116741E+01    2.834976E+01    1.740044E+01
    7.871845E-02    1.358212E+00    6.259641E+00    3.143495E+01    2.859310E+01    1.754982E+01
    7.935218E-02    1.369117E+00    6.309798E+00    3.168691E+01    2.882228E+01    1.769050E+01
    7.994360E-02    1.379292E+00    6.356594E+00    3.192200E+01    2.903610E+01    1.782176E+01
    8.048946E-02    1.388681E+00    6.399774E+00    3.213892E+01    2.923341E+01    1.794288E+01
    8.098660E-02    1.397229E+00    6.439085E+00    3.233642E+01    2.941303E+01    1.805315E+01
    8.143197E-02    1.404884E+00    6.474287E+00    3.251327E+01    2.957389E+01    1.815190E+01
    8.182270E-02    1.411597E+00    6.505149E+00    3.266833E+01    2.971492E+01    1.823847E+01
    8.215608E-02    1.417322E+00    6.531458E+00    3.280051E+01    2.983515E+01    1.831228E+01
    8.242966E-02    1.422014E+00    6.553019E+00    3.290885E+01    2.993369E+01    1.837278E+01
    8.264124E-02    1.425638E+00    6.569658E+00    3.299247E+01    3.000973E+01    1.841947E+01
    8.278892E-02    1.428160E+00    6.581223E+00    3.305061E+01    3.006261E+01    1.845194E+01
    8.287114E-02    1.429553E+00    6.587591E+00    3.308264E+01    3.009174E+01    1.846983E+01
    8.288668E-02    1.429797E+00    6.588665E+00    3.308809E+01    3.009668E+01    1.847288E+01
    8.283469E-02    1.428876E+00    6.584377E+00    3.306660E+01    3.007713E+01    1.846089E+01
    8.271468E-02    1.426783E+00    6.574689E+00    3.301799E+01    3.003292E+01    1.843376E+01
    8.252656E-02    1.423515E+00    6.559593E+00    3.294222E+01    2.996399E+01    1.839146E+01
    8.227060E-02    1.419078E+00    6.539113E+00    3.283941E+01    2.987047E+01    1.833407E+01
    8.194747E-02    1.413484E+00    6.513300E+00    3.270982E+01    2.975259E+01    1.826172E+01
    8.155818E-02    1.406748E+00    6.482233E+00    3.255384E+01    2.961070E+01    1.817465E+01
