   2.000000E+000   9.260087E+000
   3.000000E+000   1.852017E+001
   4.000000E+000   3.086696E+001
   5.000000E+000   4.632740E+001
   6.000000E+000   6.482061E+001
   7.000000E+000   8.642084E+001
   8.000000E+000   1.111221E+002
   9.000000E+000   1.389041E+002
   1.000000E+001   1.697699E+002
   1.100000E+001   2.037259E+002
   1.200000E+001   2.407703E+002
   1.300000E+001   2.809000E+002
   1.400000E+001   3.241152E+002
   1.500000E+001   3.704170E+002
   1.600000E+001   4.198063E+002
   1.700000E+001   4.722827E+002
   1.800000E+001   5.278458E+002
   1.900000E+001   5.864951E+002
   2.000000E+001   6.482299E+002
   2.100000E+001   7.130501E+002
   2.200000E+001   7.809559E+002
   2.300000E+001   8.519482E+002
   2.400000E+001   9.260274E+002
   2.500000E+001   1.003194E+003
   2.600000E+001   1.083450E+003
   2.700000E+001   1.166794E+003
   2.800000E+001   1.253227E+003
   2.900000E+001   1.342751E+003
   3.000000E+001   1.435366E+003
   3.100000E+001   1.531072E+003
   3.200000E+001   1.629867E+003
   3.300000E+001   1.731750E+003
   3.400000E+001   1.836717E+003
   3.500000E+001   1.944767E+003
   3.600000E+001   2.055898E+003
   3.700000E+001   2.170107E+003
   3.800000E+001   2.287392E+003
   3.900000E+001   2.407752E+003
   4.000000E+001   2.531184E+003
   4.100000E+001   2.657686E+003
   4.200000E+001   2.787260E+003
   4.300000E+001   2.919911E+003
   4.400000E+001   3.055640E+003
   4.500000E+001   3.194451E+003
   4.600000E+001   3.336346E+003
   4.700000E+001   3.481329E+003
   4.800000E+001   3.629402E+003
   4.900000E+001   3.780569E+003
   5.000000E+001   3.934832E+003
   5.100000E+001   4.092193E+003
   5.200000E+001   4.252652E+003
   5.300000E+001   4.416208E+003
   5.400000E+001   4.582857E+003
   5.500000E+001   4.752599E+003
   5.600000E+001   4.925432E+003
   5.700000E+001   5.101355E+003
   5.800000E+001   5.280365E+003
   5.900000E+001   5.462461E+003
   6.000000E+001   5.647641E+003
   6.100000E+001   5.835904E+003
   6.200000E+001   6.027250E+003
   6.300000E+001   6.221679E+003
   6.400000E+001   6.419193E+003
   6.500000E+001   6.619791E+003
   6.600000E+001   6.823474E+003
   6.700000E+001   7.030242E+003
   6.800000E+001   7.240096E+003
   6.900000E+001   7.453037E+003
   7.000000E+001   7.669064E+003
   7.100000E+001   7.888178E+003
   7.200000E+001   8.110380E+003
   7.300000E+001   8.335668E+003
   7.400000E+001   8.564043E+003
   7.500000E+001   8.795505E+003
   7.600000E+001   9.030052E+003
   7.700000E+001   9.267686E+003
   7.800000E+001   9.508406E+003
   7.900000E+001   9.752211E+003
   8.000000E+001   9.999102E+003
   8.100000E+001   1.024908E+004
   8.200000E+001   1.050214E+004
   8.300000E+001   1.075829E+004
   8.400000E+001   1.101752E+004
   8.500000E+001   1.127984E+004
   8.600000E+001   1.154525E+004
   8.700000E+001   1.181374E+004
   8.800000E+001   1.208532E+004
   8.900000E+001   1.235999E+004
   9.000000E+001   1.263775E+004
   9.100000E+001   1.291860E+004
   9.200000E+001   1.320254E+004
   9.300000E+001   1.348956E+004
   9.400000E+001   1.377966E+004
   9.500000E+001   1.407285E+004
   9.600000E+001   1.436912E+004
   9.700000E+001   1.466848E+004
   9.800000E+001   1.497091E+004
   9.900000E+001   1.527643E+004
   1.000000E+002   1.558502E+004
   1.010000E+002   1.589669E+004
   1.020000E+002   1.621144E+004
   1.030000E+002   1.652926E+004
   1.040000E+002   1.685018E+004
   1.050000E+002   1.717417E+004
   1.060000E+002   1.750125E+004
   1.070000E+002   1.783142E+004
   1.080000E+002   1.816468E+004
   1.090000E+002   1.850102E+004
   1.100000E+002   1.884047E+004
   1.110000E+002   1.918300E+004
   1.120000E+002   1.952864E+004
   1.130000E+002   1.987737E+004
   1.140000E+002   2.022920E+004
   1.150000E+002   2.058413E+004
   1.160000E+002   2.094217E+004
   1.170000E+002   2.130331E+004
   1.180000E+002   2.166756E+004
   1.190000E+002   2.203492E+004
   1.200000E+002   2.240539E+004
   1.210000E+002   2.277898E+004
   1.220000E+002   2.315567E+004
   1.230000E+002   2.353545E+004
   1.240000E+002   2.391834E+004
   1.250000E+002   2.430431E+004
   1.260000E+002   2.469336E+004
   1.270000E+002   2.508549E+004
   1.280000E+002   2.548069E+004
   1.290000E+002   2.587895E+004
   1.300000E+002   2.628027E+004
   1.310000E+002   2.668464E+004
   1.320000E+002   2.709205E+004
   1.330000E+002   2.750251E+004
   1.340000E+002   2.791599E+004
   1.350000E+002   2.833250E+004
   1.360000E+002   2.875203E+004
   1.370000E+002   2.917457E+004
   1.380000E+002   2.960013E+004
   1.390000E+002   3.002868E+004
   1.400000E+002   3.046023E+004
   1.410000E+002   3.089477E+004
   1.420000E+002   3.133232E+004
   1.430000E+002   3.177291E+004
   1.440000E+002   3.221655E+004
   1.450000E+002   3.266328E+004
   1.460000E+002   3.311311E+004
   1.470000E+002   3.356607E+004
   1.480000E+002   3.402218E+004
   1.490000E+002   3.448146E+004
   1.500000E+002   3.494393E+004
   1.510000E+002   3.540963E+004
   1.520000E+002   3.587856E+004
   1.530000E+002   3.635076E+004
   1.540000E+002   3.682625E+004
   1.550000E+002   3.730505E+004
   1.560000E+002   3.778718E+004
   1.570000E+002   3.827267E+004
   1.580000E+002   3.876154E+004
   1.590000E+002   3.925382E+004
   1.600000E+002   3.974952E+004
   1.610000E+002   4.024864E+004
   1.620000E+002   4.075114E+004
   1.630000E+002   4.125691E+004
   1.640000E+002   4.176587E+004
   1.650000E+002   4.227793E+004
   1.660000E+002   4.279302E+004
   1.670000E+002   4.331104E+004
   1.680000E+002   4.383191E+004
   1.690000E+002   4.435554E+004
   1.700000E+002   4.488184E+004
   1.710000E+002   4.541074E+004
   1.720000E+002   4.594215E+004
   1.730000E+002   4.647597E+004
   1.740000E+002   4.701212E+004
   1.750000E+002   4.755053E+004
   1.760000E+002   4.809109E+004
   1.770000E+002   4.863374E+004
   1.780000E+002   4.917837E+004
   1.790000E+002   4.972491E+004
   1.800000E+002   5.027326E+004
   1.810000E+002   5.082338E+004
   1.820000E+002   5.137535E+004
   1.830000E+002   5.192928E+004
   1.840000E+002   5.248527E+004
   1.850000E+002   5.304345E+004
   1.860000E+002   5.360393E+004
   1.870000E+002   5.416681E+004
   1.880000E+002   5.473222E+004
   1.890000E+002   5.530026E+004
   1.900000E+002   5.587105E+004
   1.910000E+002   5.644470E+004
   1.920000E+002   5.702132E+004
   1.930000E+002   5.760102E+004
   1.940000E+002   5.818392E+004
   1.950000E+002   5.877014E+004
   1.960000E+002   5.935977E+004
   1.970000E+002   5.995294E+004
   1.980000E+002   6.054976E+004
   1.990000E+002   6.115034E+004
   2.000000E+002   6.175479E+004
   2.010000E+002   6.236320E+004
   2.020000E+002   6.297556E+004
   2.030000E+002   6.359183E+004
   2.040000E+002   6.421195E+004
   2.050000E+002   6.483590E+004
   2.060000E+002   6.546362E+004
   2.070000E+002   6.609509E+004
   2.080000E+002   6.673026E+004
   2.090000E+002   6.736908E+004
   2.100000E+002   6.801152E+004
   2.110000E+002   6.865753E+004
   2.120000E+002   6.930708E+004
   2.130000E+002   6.996012E+004
   2.140000E+002   7.061661E+004
   2.150000E+002   7.127651E+004
   2.160000E+002   7.193978E+004
   2.170000E+002   7.260638E+004
   2.180000E+002   7.327627E+004
   2.190000E+002   7.394940E+004
   2.200000E+002   7.462574E+004
   2.210000E+002   7.530524E+004
   2.220000E+002   7.598786E+004
   2.230000E+002   7.667357E+004
   2.240000E+002   7.736232E+004
   2.250000E+002   7.805406E+004
   2.260000E+002   7.874877E+004
   2.270000E+002   7.944645E+004
   2.280000E+002   8.014709E+004
   2.290000E+002   8.085070E+004
   2.300000E+002   8.155729E+004
   2.310000E+002   8.226686E+004
   2.320000E+002   8.297941E+004
   2.330000E+002   8.369495E+004
   2.340000E+002   8.441348E+004
   2.350000E+002   8.513501E+004
   2.360000E+002   8.585954E+004
   2.370000E+002   8.658707E+004
   2.380000E+002   8.731761E+004
   2.390000E+002   8.805117E+004
   2.400000E+002   8.878774E+004
   2.410000E+002   8.952734E+004
   2.420000E+002   9.026996E+004
   2.430000E+002   9.101562E+004
   2.440000E+002   9.176430E+004
   2.450000E+002   9.251603E+004
   2.460000E+002   9.327080E+004
   2.470000E+002   9.402862E+004
   2.480000E+002   9.478949E+004
   2.490000E+002   9.555341E+004
   2.500000E+002   9.632040E+004
   2.510000E+002   9.709045E+004
   2.520000E+002   9.786357E+004
   2.530000E+002   9.863977E+004
   2.540000E+002   9.941905E+004
   2.550000E+002   1.002014E+005
   2.560000E+002   1.009869E+005
   2.570000E+002   1.017754E+005
   2.580000E+002   1.025671E+005
   2.590000E+002   1.033618E+005
   2.600000E+002   1.041597E+005
   2.610000E+002   1.049607E+005
   2.620000E+002   1.057649E+005
   2.630000E+002   1.065721E+005
   2.640000E+002   1.073825E+005
   2.650000E+002   1.081961E+005
   2.660000E+002   1.090127E+005
   2.670000E+002   1.098326E+005
   2.680000E+002   1.106556E+005
   2.690000E+002   1.114817E+005
   2.700000E+002   1.123111E+005
   2.710000E+002   1.131436E+005
   2.720000E+002   1.139793E+005
   2.730000E+002   1.148181E+005
   2.740000E+002   1.156602E+005
   2.750000E+002   1.165055E+005
   2.760000E+002   1.173539E+005
   2.770000E+002   1.182056E+005
   2.780000E+002   1.190604E+005
   2.790000E+002   1.199185E+005
   2.800000E+002   1.207797E+005
   2.810000E+002   1.216440E+005
   2.820000E+002   1.225115E+005
   2.830000E+002   1.233822E+005
   2.840000E+002   1.242559E+005
   2.850000E+002   1.251328E+005
   2.860000E+002   1.260128E+005
   2.870000E+002   1.268959E+005
   2.880000E+002   1.277821E+005
   2.890000E+002   1.286714E+005
   2.900000E+002   1.295638E+005
   2.910000E+002   1.304593E+005
   2.920000E+002   1.313578E+005
   2.930000E+002   1.322593E+005
   2.940000E+002   1.331639E+005
   2.950000E+002   1.340716E+005
   2.960000E+002   1.349822E+005
   2.970000E+002   1.358959E+005
   2.980000E+002   1.368126E+005
   2.990000E+002   1.377322E+005
   3.000000E+002   1.386549E+005
   3.010000E+002   1.395806E+005
   3.020000E+002   1.405092E+005
   3.030000E+002   1.414408E+005
   3.040000E+002   1.423754E+005
   3.050000E+002   1.433130E+005
   3.060000E+002   1.442536E+005
   3.070000E+002   1.451971E+005
   3.080000E+002   1.461437E+005
   3.090000E+002   1.470933E+005
   3.100000E+002   1.480458E+005
   3.110000E+002   1.490014E+005
   3.120000E+002   1.499600E+005
   3.130000E+002   1.509216E+005
   3.140000E+002   1.518862E+005
   3.150000E+002   1.528538E+005
   3.160000E+002   1.538244E+005
   3.170000E+002   1.547980E+005
   3.180000E+002   1.557747E+005
   3.190000E+002   1.567544E+005
   3.200000E+002   1.577371E+005
   3.210000E+002   1.587228E+005
   3.220000E+002   1.597115E+005
   3.230000E+002   1.607033E+005
   3.240000E+002   1.616981E+005
   3.250000E+002   1.626960E+005
   3.260000E+002   1.636969E+005
   3.270000E+002   1.647008E+005
   3.280000E+002   1.657078E+005
   3.290000E+002   1.667178E+005
   3.300000E+002   1.677308E+005
   3.310000E+002   1.687469E+005
   3.320000E+002   1.697661E+005
   3.330000E+002   1.707883E+005
   3.340000E+002   1.718136E+005
   3.350000E+002   1.728419E+005
   3.360000E+002   1.738733E+005
   3.370000E+002   1.749077E+005
   3.380000E+002   1.759452E+005
   3.390000E+002   1.769858E+005
   3.400000E+002   1.780294E+005
   3.410000E+002   1.790761E+005
   3.420000E+002   1.801259E+005
   3.430000E+002   1.811788E+005
   3.440000E+002   1.822347E+005
   3.450000E+002   1.832938E+005
   3.460000E+002   1.843559E+005
   3.470000E+002   1.854211E+005
   3.480000E+002   1.864893E+005
   3.490000E+002   1.875607E+005
   3.500000E+002   1.886352E+005
   3.510000E+002   1.897127E+005
   3.520000E+002   1.907934E+005
   3.530000E+002   1.918771E+005
   3.540000E+002   1.929639E+005
   3.550000E+002   1.940539E+005
   3.560000E+002   1.951469E+005
   3.570000E+002   1.962430E+005
   3.580000E+002   1.973422E+005
   3.590000E+002   1.984445E+005
   3.600000E+002   1.995498E+005
   3.610000E+002   2.006583E+005
   3.620000E+002   2.017699E+005
   3.630000E+002   2.028845E+005
   3.640000E+002   2.040022E+005
   3.650000E+002   2.051231E+005
   3.660000E+002   2.062470E+005
   3.670000E+002   2.073740E+005
   3.680000E+002   2.085040E+005
   3.690000E+002   2.096372E+005
   3.700000E+002   2.107734E+005
   3.710000E+002   2.119128E+005
   3.720000E+002   2.130552E+005
   3.730000E+002   2.142007E+005
   3.740000E+002   2.153493E+005
   3.750000E+002   2.165009E+005
   3.760000E+002   2.176557E+005
   3.770000E+002   2.188135E+005
   3.780000E+002   2.199744E+005
   3.790000E+002   2.211384E+005
   3.800000E+002   2.223055E+005
   3.810000E+002   2.234756E+005
   3.820000E+002   2.246488E+005
   3.830000E+002   2.258251E+005
   3.840000E+002   2.270045E+005
   3.850000E+002   2.281870E+005
   3.860000E+002   2.293725E+005
   3.870000E+002   2.305611E+005
   3.880000E+002   2.317528E+005
   3.890000E+002   2.329476E+005
   3.900000E+002   2.341454E+005
   3.910000E+002   2.353464E+005
   3.920000E+002   2.365504E+005
   3.930000E+002   2.377574E+005
   3.940000E+002   2.389676E+005
   3.950000E+002   2.401808E+005
   3.960000E+002   2.413970E+005
   3.970000E+002   2.426164E+005
   3.980000E+002   2.438388E+005
   3.990000E+002   2.450643E+005
   4.000000E+002   2.462929E+005
   4.010000E+002   2.475245E+005
   4.020000E+002   2.487592E+005
   4.030000E+002   2.499970E+005
   4.040000E+002   2.512378E+005
   4.050000E+002   2.524817E+005
   4.060000E+002   2.537287E+005
   4.070000E+002   2.549788E+005
   4.080000E+002   2.562319E+005
   4.090000E+002   2.574881E+005
   4.100000E+002   2.587473E+005
   4.110000E+002   2.600096E+005
   4.120000E+002   2.612750E+005
   4.130000E+002   2.625434E+005
   4.140000E+002   2.638150E+005
   4.150000E+002   2.650895E+005
   4.160000E+002   2.663672E+005
   4.170000E+002   2.676479E+005
   4.180000E+002   2.689316E+005
   4.190000E+002   2.702185E+005
   4.200000E+002   2.715084E+005
   4.210000E+002   2.728013E+005
   4.220000E+002   2.740974E+005
   4.230000E+002   2.753964E+005
   4.240000E+002   2.766986E+005
   4.250000E+002   2.780038E+005
   4.260000E+002   2.793121E+005
   4.270000E+002   2.806234E+005
   4.280000E+002   2.819378E+005
   4.290000E+002   2.832552E+005
   4.300000E+002   2.845757E+005
   4.310000E+002   2.858993E+005
   4.320000E+002   2.872259E+005
   4.330000E+002   2.885556E+005
   4.340000E+002   2.898884E+005
   4.350000E+002   2.912242E+005
   4.360000E+002   2.925631E+005
   4.370000E+002   2.939050E+005
   4.380000E+002   2.952500E+005
   4.390000E+002   2.965980E+005
   4.400000E+002   2.979491E+005
   4.410000E+002   2.993032E+005
   4.420000E+002   3.006604E+005
   4.430000E+002   3.020207E+005
   4.440000E+002   3.033840E+005
   4.450000E+002   3.047504E+005
   4.460000E+002   3.061198E+005
   4.470000E+002   3.074923E+005
   4.480000E+002   3.088678E+005
   4.490000E+002   3.102464E+005
   4.500000E+002   3.116281E+005
   4.510000E+002   3.130127E+005
   4.520000E+002   3.144005E+005
   4.530000E+002   3.157913E+005
   4.540000E+002   3.171852E+005
   4.550000E+002   3.185821E+005
   4.560000E+002   3.199821E+005
   4.570000E+002   3.213851E+005
   4.580000E+002   3.227912E+005
   4.590000E+002   3.242004E+005
   4.600000E+002   3.256127E+005
   4.610000E+002   3.270280E+005
   4.620000E+002   3.284464E+005
   4.630000E+002   3.298679E+005
   4.640000E+002   3.312924E+005
   4.650000E+002   3.327201E+005
   4.660000E+002   3.341508E+005
   4.670000E+002   3.355846E+005
   4.680000E+002   3.370214E+005
   4.690000E+002   3.384614E+005
   4.700000E+002   3.399044E+005
   4.710000E+002   3.413506E+005
   4.720000E+002   3.427998E+005
   4.730000E+002   3.442521E+005
   4.740000E+002   3.457075E+005
   4.750000E+002   3.471661E+005
   4.760000E+002   3.486277E+005
   4.770000E+002   3.500924E+005
   4.780000E+002   3.515602E+005
   4.790000E+002   3.530311E+005
   4.800000E+002   3.545051E+005
   4.810000E+002   3.559823E+005
   4.820000E+002   3.574625E+005
   4.830000E+002   3.589459E+005
   4.840000E+002   3.604323E+005
   4.850000E+002   3.619219E+005
   4.860000E+002   3.634146E+005
   4.870000E+002   3.649104E+005
   4.880000E+002   3.664094E+005
   4.890000E+002   3.679114E+005
   4.900000E+002   3.694166E+005
   4.910000E+002   3.709249E+005
   4.920000E+002   3.724364E+005
   4.930000E+002   3.739509E+005
   4.940000E+002   3.754686E+005
   4.950000E+002   3.769895E+005
   4.960000E+002   3.785134E+005
   4.970000E+002   3.800405E+005
   4.980000E+002   3.815708E+005
   4.990000E+002   3.831042E+005
   5.000000E+002   3.846407E+005
   5.010000E+002   3.861804E+005
   5.020000E+002   3.877232E+005
   5.030000E+002   3.892691E+005
   5.040000E+002   3.908182E+005
   5.050000E+002   3.923703E+005
   5.060000E+002   3.939256E+005
   5.070000E+002   3.954840E+005
   5.080000E+002   3.970455E+005
   5.090000E+002   3.986101E+005
   5.100000E+002   4.001777E+005
   5.110000E+002   4.017485E+005
   5.120000E+002   4.033222E+005
   5.130000E+002   4.048991E+005
   5.140000E+002   4.064790E+005
   5.150000E+002   4.080620E+005
   5.160000E+002   4.096480E+005
   5.170000E+002   4.112370E+005
   5.180000E+002   4.128291E+005
   5.190000E+002   4.144241E+005
   5.200000E+002   4.160222E+005
   5.210000E+002   4.176233E+005
   5.220000E+002   4.192274E+005
   5.230000E+002   4.208345E+005
   5.240000E+002   4.224445E+005
   5.250000E+002   4.240576E+005
   5.260000E+002   4.256736E+005
   5.270000E+002   4.272926E+005
   5.280000E+002   4.289145E+005
   5.290000E+002   4.305394E+005
   5.300000E+002   4.321672E+005
   5.310000E+002   4.337980E+005
   5.320000E+002   4.354316E+005
   5.330000E+002   4.370682E+005
   5.340000E+002   4.387078E+005
   5.350000E+002   4.403502E+005
   5.360000E+002   4.419955E+005
   5.370000E+002   4.436438E+005
   5.380000E+002   4.452949E+005
   5.390000E+002   4.469488E+005
   5.400000E+002   4.486057E+005
   5.410000E+002   4.502654E+005
   5.420000E+002   4.519280E+005
   5.430000E+002   4.535935E+005
   5.440000E+002   4.552617E+005
   5.450000E+002   4.569329E+005
   5.460000E+002   4.586068E+005
   5.470000E+002   4.602836E+005
   5.480000E+002   4.619632E+005
   5.490000E+002   4.636456E+005
   5.500000E+002   4.653308E+005
   5.510000E+002   4.670188E+005
   5.520000E+002   4.687096E+005
   5.530000E+002   4.704032E+005
   5.540000E+002   4.720997E+005
   5.550000E+002   4.737989E+005
   5.560000E+002   4.755011E+005
   5.570000E+002   4.772060E+005
   5.580000E+002   4.789139E+005
   5.590000E+002   4.806246E+005
   5.600000E+002   4.823382E+005
   5.610000E+002   4.840547E+005
   5.620000E+002   4.857741E+005
   5.630000E+002   4.874964E+005
   5.640000E+002   4.892216E+005
   5.650000E+002   4.909497E+005
   5.660000E+002   4.926808E+005
   5.670000E+002   4.944149E+005
   5.680000E+002   4.961519E+005
   5.690000E+002   4.978918E+005
   5.700000E+002   4.996348E+005
   5.710000E+002   5.013807E+005
   5.720000E+002   5.031296E+005
   5.730000E+002   5.048815E+005
   5.740000E+002   5.066365E+005
   5.750000E+002   5.083945E+005
   5.760000E+002   5.101555E+005
   5.770000E+002   5.119195E+005
   5.780000E+002   5.136866E+005
   5.790000E+002   5.154568E+005
   5.800000E+002   5.172300E+005
   5.810000E+002   5.190063E+005
   5.820000E+002   5.207858E+005
   5.830000E+002   5.225683E+005
   5.840000E+002   5.243539E+005
   5.850000E+002   5.261427E+005
   5.860000E+002   5.279345E+005
   5.870000E+002   5.297295E+005
   5.880000E+002   5.315277E+005
   5.890000E+002   5.333290E+005
   5.900000E+002   5.351335E+005
   5.910000E+002   5.369412E+005
   5.920000E+002   5.387521E+005
   5.930000E+002   5.405661E+005
   5.940000E+002   5.423834E+005
   5.950000E+002   5.442039E+005
   5.960000E+002   5.460276E+005
   5.970000E+002   5.478545E+005
   5.980000E+002   5.496847E+005
   5.990000E+002   5.515181E+005
   6.000000E+002   5.533548E+005
   6.010000E+002   5.551948E+005
   6.020000E+002   5.570381E+005
   6.030000E+002   5.588846E+005
   6.040000E+002   5.607344E+005
   6.050000E+002   5.625874E+005
   6.060000E+002   5.644438E+005
   6.070000E+002   5.663033E+005
   6.080000E+002   5.681662E+005
   6.090000E+002   5.700323E+005
   6.100000E+002   5.719017E+005
   6.110000E+002   5.737744E+005
   6.120000E+002   5.756503E+005
   6.130000E+002   5.775294E+005
   6.140000E+002   5.794119E+005
   6.150000E+002   5.812976E+005
   6.160000E+002   5.831865E+005
   6.170000E+002   5.850787E+005
   6.180000E+002   5.869742E+005
   6.190000E+002   5.888729E+005
   6.200000E+002   5.907748E+005
   6.210000E+002   5.926800E+005
   6.220000E+002   5.945885E+005
   6.230000E+002   5.965002E+005
   6.240000E+002   5.984151E+005
   6.250000E+002   6.003334E+005
   6.260000E+002   6.022548E+005
   6.270000E+002   6.041795E+005
   6.280000E+002   6.061074E+005
   6.290000E+002   6.080386E+005
   6.300000E+002   6.099730E+005
   6.310000E+002   6.119107E+005
   6.320000E+002   6.138516E+005
   6.330000E+002   6.157957E+005
   6.340000E+002   6.177431E+005
   6.350000E+002   6.196937E+005
   6.360000E+002   6.216475E+005
   6.370000E+002   6.236046E+005
   6.380000E+002   6.255649E+005
   6.390000E+002   6.275284E+005
   6.400000E+002   6.294952E+005
   6.410000E+002   6.314652E+005
   6.420000E+002   6.334384E+005
   6.430000E+002   6.354149E+005
   6.440000E+002   6.373946E+005
   6.450000E+002   6.393775E+005
   6.460000E+002   6.413636E+005
   6.470000E+002   6.433529E+005
   6.480000E+002   6.453455E+005
   6.490000E+002   6.473413E+005
   6.500000E+002   6.493403E+005
   6.510000E+002   6.513425E+005
   6.520000E+002   6.533479E+005
   6.530000E+002   6.553565E+005
   6.540000E+002   6.573682E+005
   6.550000E+002   6.593831E+005
   6.560000E+002   6.614012E+005
   6.570000E+002   6.634223E+005
   6.580000E+002   6.654465E+005
   6.590000E+002   6.674738E+005
   6.600000E+002   6.695041E+005
   6.610000E+002   6.715374E+005
   6.620000E+002   6.735738E+005
   6.630000E+002   6.756131E+005
   6.640000E+002   6.776555E+005
   6.650000E+002   6.797007E+005
   6.660000E+002   6.817489E+005
   6.670000E+002   6.838001E+005
   6.680000E+002   6.858541E+005
   6.690000E+002   6.879110E+005
   6.700000E+002   6.899707E+005
   6.710000E+002   6.920333E+005
   6.720000E+002   6.940987E+005
   6.730000E+002   6.961669E+005
   6.740000E+002   6.982379E+005
   6.750000E+002   7.003117E+005
   6.760000E+002   7.023882E+005
   6.770000E+002   7.044674E+005
   6.780000E+002   7.065494E+005
   6.790000E+002   7.086340E+005
   6.800000E+002   7.107213E+005
   6.810000E+002   7.128112E+005
   6.820000E+002   7.149038E+005
   6.830000E+002   7.169990E+005
   6.840000E+002   7.190967E+005
   6.850000E+002   7.211971E+005
   6.860000E+002   7.233000E+005
   6.870000E+002   7.254054E+005
   6.880000E+002   7.275134E+005
   6.890000E+002   7.296239E+005
   6.900000E+002   7.317368E+005
   6.910000E+002   7.338522E+005
   6.920000E+002   7.359700E+005
   6.930000E+002   7.380903E+005
   6.940000E+002   7.402130E+005
   6.950000E+002   7.423380E+005
   6.960000E+002   7.444654E+005
   6.970000E+002   7.465952E+005
   6.980000E+002   7.487273E+005
   6.990000E+002   7.508617E+005
   7.000000E+002   7.529984E+005
   7.010000E+002   7.551374E+005
   7.020000E+002   7.572788E+005
   7.030000E+002   7.594227E+005
   7.040000E+002   7.615694E+005
   7.050000E+002   7.637188E+005
   7.060000E+002   7.658712E+005
   7.070000E+002   7.680267E+005
   7.080000E+002   7.701855E+005
   7.090000E+002   7.723476E+005
   7.100000E+002   7.745133E+005
   7.110000E+002   7.766826E+005
   7.120000E+002   7.788557E+005
   7.130000E+002   7.810327E+005
   7.140000E+002   7.832138E+005
   7.150000E+002   7.853991E+005
   7.160000E+002   7.875887E+005
   7.170000E+002   7.897828E+005
   7.180000E+002   7.919815E+005
   7.190000E+002   7.941850E+005
   7.200000E+002   7.963934E+005
   7.210000E+002   7.986068E+005
   7.220000E+002   8.008254E+005
   7.230000E+002   8.030493E+005
   7.240000E+002   8.052786E+005
   7.250000E+002   8.075136E+005
   7.260000E+002   8.097542E+005
   7.270000E+002   8.120007E+005
   7.280000E+002   8.142533E+005
   7.290000E+002   8.165119E+005
   7.300000E+002   8.187768E+005
   7.310000E+002   8.210482E+005
   7.320000E+002   8.233261E+005
   7.330000E+002   8.256106E+005
   7.340000E+002   8.279021E+005
   7.350000E+002   8.302004E+005
   7.360000E+002   8.325059E+005
   7.370000E+002   8.348186E+005
   7.380000E+002   8.371387E+005
   7.390000E+002   8.394664E+005
   7.400000E+002   8.418016E+005
   7.410000E+002   8.441447E+005
   7.420000E+002   8.464957E+005
   7.430000E+002   8.488548E+005
   7.440000E+002   8.512221E+005
   7.450000E+002   8.535977E+005
   7.460000E+002   8.559818E+005
   7.470000E+002   8.583746E+005
   7.480000E+002   8.607761E+005
   7.490000E+002   8.631865E+005
   7.500000E+002   8.656059E+005
   7.510000E+002   8.680344E+005
   7.520000E+002   8.704719E+005
   7.530000E+002   8.729181E+005
   7.540000E+002   8.753727E+005
   7.550000E+002   8.778354E+005
   7.560000E+002   8.803061E+005
   7.570000E+002   8.827845E+005
   7.580000E+002   8.852703E+005
   7.590000E+002   8.877633E+005
   7.600000E+002   8.902633E+005
   7.610000E+002   8.927699E+005
   7.620000E+002   8.952830E+005
   7.630000E+002   8.978023E+005
   7.640000E+002   9.003275E+005
   7.650000E+002   9.028584E+005
   7.660000E+002   9.053948E+005
   7.670000E+002   9.079363E+005
   7.680000E+002   9.104829E+005
   7.690000E+002   9.130341E+005
   7.700000E+002   9.155898E+005
   7.710000E+002   9.181496E+005
   7.720000E+002   9.207135E+005
   7.730000E+002   9.232810E+005
   7.740000E+002   9.258520E+005
   7.750000E+002   9.284263E+005
   7.760000E+002   9.310034E+005
   7.770000E+002   9.335833E+005
   7.780000E+002   9.361657E+005
   7.790000E+002   9.387503E+005
   7.800000E+002   9.413369E+005
   7.810000E+002   9.439251E+005
   7.820000E+002   9.465149E+005
   7.830000E+002   9.491059E+005
   7.840000E+002   9.516978E+005
   7.850000E+002   9.542905E+005
   7.860000E+002   9.568837E+005
   7.870000E+002   9.594771E+005
   7.880000E+002   9.620705E+005
   7.890000E+002   9.646636E+005
   7.900000E+002   9.672562E+005
   7.910000E+002   9.698480E+005
   7.920000E+002   9.724388E+005
   7.930000E+002   9.750284E+005
   7.940000E+002   9.776164E+005
   7.950000E+002   9.802027E+005
   7.960000E+002   9.827870E+005
   7.970000E+002   9.853691E+005
   7.980000E+002   9.879486E+005
   7.990000E+002   9.905254E+005
   8.000000E+002   9.930992E+005
   8.010000E+002   9.956698E+005
   8.020000E+002   9.982373E+005
   8.030000E+002   1.000802E+006
   8.040000E+002   1.003364E+006
   8.050000E+002   1.005923E+006
   8.060000E+002   1.008480E+006
   8.070000E+002   1.011034E+006
   8.080000E+002   1.013587E+006
   8.090000E+002   1.016137E+006
   8.100000E+002   1.018686E+006
   8.110000E+002   1.021233E+006
   8.120000E+002   1.023778E+006
   8.130000E+002   1.026323E+006
   8.140000E+002   1.028866E+006
   8.150000E+002   1.031408E+006
   8.160000E+002   1.033949E+006
   8.170000E+002   1.036490E+006
   8.180000E+002   1.039030E+006
   8.190000E+002   1.041569E+006
   8.200000E+002   1.044109E+006
   8.210000E+002   1.046648E+006
   8.220000E+002   1.049188E+006
   8.230000E+002   1.051728E+006
   8.240000E+002   1.054268E+006
   8.250000E+002   1.056810E+006
   8.260000E+002   1.059351E+006
   8.270000E+002   1.061894E+006
   8.280000E+002   1.064438E+006
   8.290000E+002   1.066983E+006
   8.300000E+002   1.069530E+006
   8.310000E+002   1.072078E+006
   8.320000E+002   1.074628E+006
   8.330000E+002   1.077180E+006
   8.340000E+002   1.079734E+006
   8.350000E+002   1.082290E+006
   8.360000E+002   1.084848E+006
   8.370000E+002   1.087409E+006
   8.380000E+002   1.089973E+006
   8.390000E+002   1.092540E+006
   8.400000E+002   1.095110E+006
   8.410000E+002   1.097682E+006
   8.420000E+002   1.100259E+006
   8.430000E+002   1.102839E+006
   8.440000E+002   1.105422E+006
   8.450000E+002   1.108009E+006
   8.460000E+002   1.110601E+006
   8.470000E+002   1.113196E+006
   8.480000E+002   1.115796E+006
   8.490000E+002   1.118401E+006
   8.500000E+002   1.121010E+006
   8.510000E+002   1.123623E+006
   8.520000E+002   1.126242E+006
   8.530000E+002   1.128865E+006
   8.540000E+002   1.131493E+006
   8.550000E+002   1.134126E+006
   8.560000E+002   1.136763E+006
   8.570000E+002   1.139405E+006
   8.580000E+002   1.142051E+006
   8.590000E+002   1.144702E+006
   8.600000E+002   1.147357E+006
   8.610000E+002   1.150016E+006
   8.620000E+002   1.152680E+006
   8.630000E+002   1.155348E+006
   8.640000E+002   1.158021E+006
   8.650000E+002   1.160697E+006
   8.660000E+002   1.163378E+006
   8.670000E+002   1.166063E+006
   8.680000E+002   1.168752E+006
   8.690000E+002   1.171445E+006
   8.700000E+002   1.174142E+006
   8.710000E+002   1.176843E+006
   8.720000E+002   1.179548E+006
   8.730000E+002   1.182256E+006
   8.740000E+002   1.184969E+006
   8.750000E+002   1.187685E+006
   8.760000E+002   1.190405E+006
   8.770000E+002   1.193129E+006
   8.780000E+002   1.195856E+006
   8.790000E+002   1.198587E+006
   8.800000E+002   1.201322E+006
   8.810000E+002   1.204060E+006
   8.820000E+002   1.206801E+006
   8.830000E+002   1.209546E+006
   8.840000E+002   1.212294E+006
   8.850000E+002   1.215046E+006
   8.860000E+002   1.217801E+006
   8.870000E+002   1.220559E+006
   8.880000E+002   1.223320E+006
   8.890000E+002   1.226084E+006
   8.900000E+002   1.228852E+006
   8.910000E+002   1.231623E+006
   8.920000E+002   1.234396E+006
   8.930000E+002   1.237173E+006
   8.940000E+002   1.239953E+006
   8.950000E+002   1.242735E+006
   8.960000E+002   1.245521E+006
   8.970000E+002   1.248309E+006
   8.980000E+002   1.251100E+006
   8.990000E+002   1.253894E+006
   9.000000E+002   1.256690E+006
   9.010000E+002   1.259489E+006
   9.020000E+002   1.262291E+006
   9.030000E+002   1.265095E+006
   9.040000E+002   1.267902E+006
   9.050000E+002   1.270712E+006
   9.060000E+002   1.273524E+006
   9.070000E+002   1.276339E+006
   9.080000E+002   1.279157E+006
   9.090000E+002   1.281978E+006
   9.100000E+002   1.284801E+006
   9.110000E+002   1.287627E+006
   9.120000E+002   1.290456E+006
   9.130000E+002   1.293287E+006
   9.140000E+002   1.296122E+006
   9.150000E+002   1.298959E+006
   9.160000E+002   1.301799E+006
   9.170000E+002   1.304642E+006
   9.180000E+002   1.307488E+006
   9.190000E+002   1.310336E+006
   9.200000E+002   1.313188E+006
   9.210000E+002   1.316042E+006
   9.220000E+002   1.318899E+006
   9.230000E+002   1.321759E+006
   9.240000E+002   1.324622E+006
   9.250000E+002   1.327488E+006
   9.260000E+002   1.330357E+006
   9.270000E+002   1.333228E+006
   9.280000E+002   1.336103E+006
   9.290000E+002   1.338981E+006
   9.300000E+002   1.341862E+006
   9.310000E+002   1.344745E+006
   9.320000E+002   1.347632E+006
   9.330000E+002   1.350522E+006
   9.340000E+002   1.353414E+006
   9.350000E+002   1.356310E+006
   9.360000E+002   1.359209E+006
   9.370000E+002   1.362111E+006
   9.380000E+002   1.365016E+006
   9.390000E+002   1.367924E+006
   9.400000E+002   1.370835E+006
   9.410000E+002   1.373749E+006
   9.420000E+002   1.376666E+006
   9.430000E+002   1.379587E+006
   9.440000E+002   1.382511E+006
   9.450000E+002   1.385437E+006
   9.460000E+002   1.388367E+006
   9.470000E+002   1.391300E+006
   9.480000E+002   1.394237E+006
   9.490000E+002   1.397176E+006
   9.500000E+002   1.400119E+006
   9.510000E+002   1.403065E+006
   9.520000E+002   1.406014E+006
   9.530000E+002   1.408967E+006
   9.540000E+002   1.411922E+006
   9.550000E+002   1.414881E+006
   9.560000E+002   1.417843E+006
   9.570000E+002   1.420808E+006
   9.580000E+002   1.423777E+006
   9.590000E+002   1.426748E+006
   9.600000E+002   1.429723E+006
   9.610000E+002   1.432701E+006
   9.620000E+002   1.435683E+006
   9.630000E+002   1.438667E+006
   9.640000E+002   1.441655E+006
   9.650000E+002   1.444645E+006
   9.660000E+002   1.447639E+006
   9.670000E+002   1.450636E+006
   9.680000E+002   1.453637E+006
   9.690000E+002   1.456640E+006
   9.700000E+002   1.459647E+006
   9.710000E+002   1.462656E+006
   9.720000E+002   1.465669E+006
   9.730000E+002   1.468685E+006
   9.740000E+002   1.471705E+006
   9.750000E+002   1.474727E+006
   9.760000E+002   1.477753E+006
   9.770000E+002   1.480781E+006
   9.780000E+002   1.483813E+006
   9.790000E+002   1.486848E+006
   9.800000E+002   1.489886E+006
   9.810000E+002   1.492927E+006
   9.820000E+002   1.495971E+006
   9.830000E+002   1.499019E+006
   9.840000E+002   1.502069E+006
   9.850000E+002   1.505123E+006
   9.860000E+002   1.508179E+006
   9.870000E+002   1.511239E+006
   9.880000E+002   1.514302E+006
   9.890000E+002   1.517368E+006
   9.900000E+002   1.520437E+006
   9.910000E+002   1.523509E+006
   9.920000E+002   1.526584E+006
   9.930000E+002   1.529663E+006
   9.940000E+002   1.532744E+006
   9.950000E+002   1.535829E+006
   9.960000E+002   1.538916E+006
   9.970000E+002   1.542007E+006
   9.980000E+002   1.545100E+006
   9.990000E+002   1.548197E+006
   1.000000E+003   1.551297E+006
   1.001000E+003   1.554400E+006
   1.002000E+003   1.557505E+006
   1.003000E+003   1.560614E+006
   1.004000E+003   1.563726E+006
   1.005000E+003   1.566841E+006
   1.006000E+003   1.569960E+006
   1.007000E+003   1.573081E+006
   1.008000E+003   1.576205E+006
   1.009000E+003   1.579332E+006
   1.010000E+003   1.582463E+006
   1.011000E+003   1.585596E+006
   1.012000E+003   1.588733E+006
   1.013000E+003   1.591872E+006
   1.014000E+003   1.595015E+006
   1.015000E+003   1.598161E+006
   1.016000E+003   1.601309E+006
   1.017000E+003   1.604461E+006
   1.018000E+003   1.607616E+006
   1.019000E+003   1.610775E+006
   1.020000E+003   1.613936E+006
   1.021000E+003   1.617100E+006
   1.022000E+003   1.620268E+006
   1.023000E+003   1.623438E+006
   1.024000E+003   1.626612E+006
   1.025000E+003   1.629788E+006
   1.026000E+003   1.632968E+006
   1.027000E+003   1.636151E+006
   1.028000E+003   1.639337E+006
   1.029000E+003   1.642526E+006
   1.030000E+003   1.645719E+006
   1.031000E+003   1.648914E+006
   1.032000E+003   1.652113E+006
   1.033000E+003   1.655314E+006
   1.034000E+003   1.658519E+006
   1.035000E+003   1.661727E+006
   1.036000E+003   1.664938E+006
   1.037000E+003   1.668152E+006
   1.038000E+003   1.671370E+006
   1.039000E+003   1.674590E+006
   1.040000E+003   1.677814E+006
   1.041000E+003   1.681041E+006
   1.042000E+003   1.684271E+006
   1.043000E+003   1.687504E+006
   1.044000E+003   1.690740E+006
   1.045000E+003   1.693979E+006
   1.046000E+003   1.697222E+006
   1.047000E+003   1.700467E+006
   1.048000E+003   1.703716E+006
   1.049000E+003   1.706968E+006
   1.050000E+003   1.710223E+006
   1.051000E+003   1.713482E+006
   1.052000E+003   1.716743E+006
   1.053000E+003   1.720008E+006
   1.054000E+003   1.723276E+006
   1.055000E+003   1.726547E+006
   1.056000E+003   1.729821E+006
   1.057000E+003   1.733098E+006
   1.058000E+003   1.736378E+006
   1.059000E+003   1.739662E+006
   1.060000E+003   1.742948E+006
   1.061000E+003   1.746238E+006
   1.062000E+003   1.749531E+006
   1.063000E+003   1.752827E+006
   1.064000E+003   1.756126E+006
   1.065000E+003   1.759428E+006
   1.066000E+003   1.762733E+006
   1.067000E+003   1.766041E+006
   1.068000E+003   1.769352E+006
   1.069000E+003   1.772667E+006
   1.070000E+003   1.775984E+006
   1.071000E+003   1.779305E+006
   1.072000E+003   1.782628E+006
   1.073000E+003   1.785955E+006
   1.074000E+003   1.789284E+006
   1.075000E+003   1.792617E+006
   1.076000E+003   1.795952E+006
   1.077000E+003   1.799291E+006
   1.078000E+003   1.802633E+006
   1.079000E+003   1.805977E+006
   1.080000E+003   1.809325E+006
   1.081000E+003   1.812676E+006
   1.082000E+003   1.816029E+006
   1.083000E+003   1.819386E+006
   1.084000E+003   1.822746E+006
   1.085000E+003   1.826108E+006
   1.086000E+003   1.829474E+006
   1.087000E+003   1.832842E+006
   1.088000E+003   1.836214E+006
   1.089000E+003   1.839588E+006
   1.090000E+003   1.842965E+006
   1.091000E+003   1.846345E+006
   1.092000E+003   1.849729E+006
   1.093000E+003   1.853115E+006
   1.094000E+003   1.856504E+006
   1.095000E+003   1.859896E+006
   1.096000E+003   1.863290E+006
   1.097000E+003   1.866688E+006
   1.098000E+003   1.870089E+006
   1.099000E+003   1.873492E+006
   1.100000E+003   1.876899E+006
   1.101000E+003   1.880308E+006
   1.102000E+003   1.883720E+006
   1.103000E+003   1.887135E+006
   1.104000E+003   1.890553E+006
   1.105000E+003   1.893974E+006
   1.106000E+003   1.897398E+006
   1.107000E+003   1.900825E+006
   1.108000E+003   1.904255E+006
   1.109000E+003   1.907688E+006
   1.110000E+003   1.911124E+006
   1.111000E+003   1.914563E+006
   1.112000E+003   1.918006E+006
   1.113000E+003   1.921451E+006
   1.114000E+003   1.924899E+006
   1.115000E+003   1.928351E+006
   1.116000E+003   1.931806E+006
   1.117000E+003   1.935264E+006
   1.118000E+003   1.938726E+006
   1.119000E+003   1.942190E+006
   1.120000E+003   1.945658E+006
   1.121000E+003   1.949129E+006
   1.122000E+003   1.952604E+006
   1.123000E+003   1.956082E+006
   1.124000E+003   1.959563E+006
   1.125000E+003   1.963047E+006
   1.126000E+003   1.966535E+006
   1.127000E+003   1.970027E+006
   1.128000E+003   1.973522E+006
   1.129000E+003   1.977020E+006
   1.130000E+003   1.980522E+006
   1.131000E+003   1.984027E+006
   1.132000E+003   1.987536E+006
   1.133000E+003   1.991048E+006
   1.134000E+003   1.994564E+006
   1.135000E+003   1.998084E+006
   1.136000E+003   2.001607E+006
   1.137000E+003   2.005134E+006
   1.138000E+003   2.008664E+006
   1.139000E+003   2.012198E+006
   1.140000E+003   2.015736E+006
   1.141000E+003   2.019278E+006
   1.142000E+003   2.022823E+006
   1.143000E+003   2.026372E+006
   1.144000E+003   2.029925E+006
   1.145000E+003   2.033482E+006
   1.146000E+003   2.037042E+006
   1.147000E+003   2.040606E+006
   1.148000E+003   2.044175E+006
   1.149000E+003   2.047747E+006
   1.150000E+003   2.051323E+006
   1.151000E+003   2.054903E+006
   1.152000E+003   2.058486E+006
   1.153000E+003   2.062074E+006
   1.154000E+003   2.065665E+006
   1.155000E+003   2.069260E+006
   1.156000E+003   2.072858E+006
   1.157000E+003   2.076460E+006
   1.158000E+003   2.080065E+006
   1.159000E+003   2.083674E+006
   1.160000E+003   2.087286E+006
   1.161000E+003   2.090900E+006
   1.162000E+003   2.094518E+006
   1.163000E+003   2.098139E+006
   1.164000E+003   2.101763E+006
   1.165000E+003   2.105390E+006
   1.166000E+003   2.109019E+006
   1.167000E+003   2.112651E+006
   1.168000E+003   2.116286E+006
   1.169000E+003   2.119923E+006
   1.170000E+003   2.123563E+006
   1.171000E+003   2.127205E+006
   1.172000E+003   2.130849E+006
   1.173000E+003   2.134496E+006
   1.174000E+003   2.138144E+006
   1.175000E+003   2.141795E+006
   1.176000E+003   2.145448E+006
   1.177000E+003   2.149102E+006
   1.178000E+003   2.152758E+006
   1.179000E+003   2.156416E+006
   1.180000E+003   2.160076E+006
   1.181000E+003   2.163737E+006
   1.182000E+003   2.167400E+006
   1.183000E+003   2.171064E+006
   1.184000E+003   2.174730E+006
   1.185000E+003   2.178397E+006
   1.186000E+003   2.182064E+006
   1.187000E+003   2.185734E+006
   1.188000E+003   2.189404E+006
   1.189000E+003   2.193075E+006
   1.190000E+003   2.196746E+006
   1.191000E+003   2.200419E+006
   1.192000E+003   2.204092E+006
   1.193000E+003   2.207766E+006
   1.194000E+003   2.211441E+006
   1.195000E+003   2.215116E+006
   1.196000E+003   2.218791E+006
   1.197000E+003   2.222467E+006
   1.198000E+003   2.226143E+006
   1.199000E+003   2.229819E+006
   1.200000E+003   2.233495E+006
   1.201000E+003   2.237172E+006
