   2.000000E+000   2.284408E-002
   3.000000E+000   1.482621E-002
   4.000000E+000   1.317620E-002
   5.000000E+000   1.289335E-002
   6.000000E+000   1.255206E-002
   7.000000E+000   1.237131E-002
   8.000000E+000   1.230344E-002
   9.000000E+000   1.225607E-002
   1.000000E+001   1.222463E-002
   1.100000E+001   1.222190E-002
   1.200000E+001   1.224238E-002
   1.300000E+001   1.227736E-002
   1.400000E+001   1.232367E-002
   1.500000E+001   1.237953E-002
   1.600000E+001   1.244330E-002
   1.700000E+001   1.251380E-002
   1.800000E+001   1.259001E-002
   1.900000E+001   1.267087E-002
   2.000000E+001   1.275536E-002
   2.100000E+001   1.284259E-002
   2.200000E+001   1.293228E-002
   2.300000E+001   1.302434E-002
   2.400000E+001   1.311863E-002
   2.500000E+001   1.321506E-002
   2.600000E+001   1.331351E-002
   2.700000E+001   1.341386E-002
   2.800000E+001   1.351600E-002
   2.900000E+001   1.361982E-002
   3.000000E+001   1.372520E-002
   3.100000E+001   1.383206E-002
   3.200000E+001   1.394039E-002
   3.300000E+001   1.405021E-002
   3.400000E+001   1.416155E-002
   3.500000E+001   1.427442E-002
   3.600000E+001   1.438885E-002
   3.700000E+001   1.450486E-002
   3.800000E+001   1.462246E-002
   3.900000E+001   1.474168E-002
   4.000000E+001   1.486255E-002
   4.100000E+001   1.498509E-002
   4.200000E+001   1.510942E-002
   4.300000E+001   1.523566E-002
   4.400000E+001   1.536393E-002
   4.500000E+001   1.549435E-002
   4.600000E+001   1.562706E-002
   4.700000E+001   1.576217E-002
   4.800000E+001   1.589981E-002
   4.900000E+001   1.604010E-002
   5.000000E+001   1.618317E-002
   5.100000E+001   1.632913E-002
   5.200000E+001   1.647809E-002
   5.300000E+001   1.663013E-002
   5.400000E+001   1.678536E-002
   5.500000E+001   1.694387E-002
   5.600000E+001   1.710576E-002
   5.700000E+001   1.727111E-002
   5.800000E+001   1.744004E-002
   5.900000E+001   1.761262E-002
   6.000000E+001   1.778896E-002
   6.100000E+001   1.796914E-002
   6.200000E+001   1.815324E-002
   6.300000E+001   1.834133E-002
   6.400000E+001   1.853346E-002
   6.500000E+001   1.872971E-002
   6.600000E+001   1.893015E-002
   6.700000E+001   1.913483E-002
   6.800000E+001   1.934383E-002
   6.900000E+001   1.955721E-002
   7.000000E+001   1.977503E-002
   7.100000E+001   1.999737E-002
   7.200000E+001   2.022429E-002
   7.300000E+001   2.045583E-002
   7.400000E+001   2.069207E-002
   7.500000E+001   2.093306E-002
   7.600000E+001   2.117885E-002
   7.700000E+001   2.142952E-002
   7.800000E+001   2.168511E-002
   7.900000E+001   2.194570E-002
   8.000000E+001   2.221133E-002
   8.100000E+001   2.248204E-002
   8.200000E+001   2.275783E-002
   8.300000E+001   2.303863E-002
   8.400000E+001   2.332442E-002
   8.500000E+001   2.361515E-002
   8.600000E+001   2.391078E-002
   8.700000E+001   2.421127E-002
   8.800000E+001   2.451657E-002
   8.900000E+001   2.482666E-002
   9.000000E+001   2.514147E-002
   9.100000E+001   2.546098E-002
   9.200000E+001   2.578515E-002
   9.300000E+001   2.611393E-002
   9.400000E+001   2.644729E-002
   9.500000E+001   2.678518E-002
   9.600000E+001   2.712757E-002
   9.700000E+001   2.747443E-002
   9.800000E+001   2.782570E-002
   9.900000E+001   2.818135E-002
   1.000000E+002   2.854135E-002
   1.010000E+002   2.890565E-002
   1.020000E+002   2.927417E-002
   1.030000E+002   2.964684E-002
   1.040000E+002   3.002360E-002
   1.050000E+002   3.040435E-002
   1.060000E+002   3.078904E-002
   1.070000E+002   3.117758E-002
   1.080000E+002   3.156990E-002
   1.090000E+002   3.196593E-002
   1.100000E+002   3.236558E-002
   1.110000E+002   3.276879E-002
   1.120000E+002   3.317547E-002
   1.130000E+002   3.358557E-002
   1.140000E+002   3.399899E-002
   1.150000E+002   3.441566E-002
   1.160000E+002   3.483552E-002
   1.170000E+002   3.525848E-002
   1.180000E+002   3.568448E-002
   1.190000E+002   3.611343E-002
   1.200000E+002   3.654525E-002
   1.210000E+002   3.697988E-002
   1.220000E+002   3.741716E-002
   1.230000E+002   3.785697E-002
   1.240000E+002   3.829915E-002
   1.250000E+002   3.874357E-002
   1.260000E+002   3.919007E-002
   1.270000E+002   3.963852E-002
   1.280000E+002   4.008877E-002
   1.290000E+002   4.054069E-002
   1.300000E+002   4.099412E-002
   1.310000E+002   4.144892E-002
   1.320000E+002   4.190495E-002
   1.330000E+002   4.236207E-002
   1.340000E+002   4.282014E-002
   1.350000E+002   4.327900E-002
   1.360000E+002   4.373852E-002
   1.370000E+002   4.419856E-002
   1.380000E+002   4.465896E-002
   1.390000E+002   4.511960E-002
   1.400000E+002   4.558032E-002
   1.410000E+002   4.604097E-002
   1.420000E+002   4.650136E-002
   1.430000E+002   4.696131E-002
   1.440000E+002   4.742061E-002
   1.450000E+002   4.787906E-002
   1.460000E+002   4.833649E-002
   1.470000E+002   4.879268E-002
   1.480000E+002   4.924744E-002
   1.490000E+002   4.970058E-002
   1.500000E+002   5.015190E-002
   1.510000E+002   5.060120E-002
   1.520000E+002   5.104830E-002
   1.530000E+002   5.149299E-002
   1.540000E+002   5.193508E-002
   1.550000E+002   5.237437E-002
   1.560000E+002   5.281068E-002
   1.570000E+002   5.324379E-002
   1.580000E+002   5.367352E-002
   1.590000E+002   5.409968E-002
   1.600000E+002   5.452206E-002
   1.610000E+002   5.494049E-002
   1.620000E+002   5.535489E-002
   1.630000E+002   5.576518E-002
   1.640000E+002   5.617131E-002
   1.650000E+002   5.657320E-002
   1.660000E+002   5.697079E-002
   1.670000E+002   5.736401E-002
   1.680000E+002   5.775280E-002
   1.690000E+002   5.813709E-002
   1.700000E+002   5.851682E-002
   1.710000E+002   5.889191E-002
   1.720000E+002   5.926230E-002
   1.730000E+002   5.962792E-002
   1.740000E+002   5.998872E-002
   1.750000E+002   6.034462E-002
   1.760000E+002   6.069555E-002
   1.770000E+002   6.104145E-002
   1.780000E+002   6.138225E-002
   1.790000E+002   6.171789E-002
   1.800000E+002   6.204830E-002
   1.810000E+002   6.237339E-002
   1.820000E+002   6.269297E-002
   1.830000E+002   6.300680E-002
   1.840000E+002   6.331468E-002
   1.850000E+002   6.361638E-002
   1.860000E+002   6.391169E-002
   1.870000E+002   6.420038E-002
   1.880000E+002   6.448223E-002
   1.890000E+002   6.475702E-002
   1.900000E+002   6.502453E-002
   1.910000E+002   6.528454E-002
   1.920000E+002   6.553684E-002
   1.930000E+002   6.578119E-002
   1.940000E+002   6.601739E-002
   1.950000E+002   6.624521E-002
   1.960000E+002   6.646442E-002
   1.970000E+002   6.667482E-002
   1.980000E+002   6.687617E-002
   1.990000E+002   6.706827E-002
   2.000000E+002   6.725088E-002
   2.010000E+002   6.742384E-002
   2.020000E+002   6.758718E-002
   2.030000E+002   6.774098E-002
   2.040000E+002   6.788531E-002
   2.050000E+002   6.802025E-002
   2.060000E+002   6.814589E-002
   2.070000E+002   6.826229E-002
   2.080000E+002   6.836955E-002
   2.090000E+002   6.846773E-002
   2.100000E+002   6.855692E-002
   2.110000E+002   6.863719E-002
   2.120000E+002   6.870862E-002
   2.130000E+002   6.877130E-002
   2.140000E+002   6.882530E-002
   2.150000E+002   6.887070E-002
   2.160000E+002   6.890758E-002
   2.170000E+002   6.893601E-002
   2.180000E+002   6.895608E-002
   2.190000E+002   6.896786E-002
   2.200000E+002   6.897143E-002
   2.210000E+002   6.896688E-002
   2.220000E+002   6.895427E-002
   2.230000E+002   6.893370E-002
   2.240000E+002   6.890523E-002
   2.250000E+002   6.886894E-002
   2.260000E+002   6.882491E-002
   2.270000E+002   6.877317E-002
   2.280000E+002   6.871373E-002
   2.290000E+002   6.864663E-002
   2.300000E+002   6.857187E-002
   2.310000E+002   6.848949E-002
   2.320000E+002   6.839950E-002
   2.330000E+002   6.830192E-002
   2.340000E+002   6.819679E-002
   2.350000E+002   6.808411E-002
   2.360000E+002   6.796392E-002
   2.370000E+002   6.783623E-002
   2.380000E+002   6.770106E-002
   2.390000E+002   6.755844E-002
   2.400000E+002   6.740839E-002
   2.410000E+002   6.725093E-002
   2.420000E+002   6.708608E-002
   2.430000E+002   6.691387E-002
   2.440000E+002   6.673431E-002
   2.450000E+002   6.654742E-002
   2.460000E+002   6.635324E-002
   2.470000E+002   6.615178E-002
   2.480000E+002   6.594305E-002
   2.490000E+002   6.572710E-002
   2.500000E+002   6.550392E-002
   2.510000E+002   6.527358E-002
   2.520000E+002   6.503621E-002
   2.530000E+002   6.479196E-002
   2.540000E+002   6.454100E-002
   2.550000E+002   6.428348E-002
   2.560000E+002   6.401958E-002
   2.570000E+002   6.374944E-002
   2.580000E+002   6.347322E-002
   2.590000E+002   6.319109E-002
   2.600000E+002   6.290321E-002
   2.610000E+002   6.260974E-002
   2.620000E+002   6.231083E-002
   2.630000E+002   6.200664E-002
   2.640000E+002   6.169734E-002
   2.650000E+002   6.138309E-002
   2.660000E+002   6.106404E-002
   2.670000E+002   6.074036E-002
   2.680000E+002   6.041220E-002
   2.690000E+002   6.007972E-002
   2.700000E+002   5.974309E-002
   2.710000E+002   5.940247E-002
   2.720000E+002   5.905801E-002
   2.730000E+002   5.870987E-002
   2.740000E+002   5.835822E-002
   2.750000E+002   5.800321E-002
   2.760000E+002   5.764501E-002
   2.770000E+002   5.728380E-002
   2.780000E+002   5.691976E-002
   2.790000E+002   5.655309E-002
   2.800000E+002   5.618395E-002
   2.810000E+002   5.581255E-002
   2.820000E+002   5.543906E-002
   2.830000E+002   5.506367E-002
   2.840000E+002   5.468657E-002
   2.850000E+002   5.430793E-002
   2.860000E+002   5.392796E-002
   2.870000E+002   5.354682E-002
   2.880000E+002   5.316471E-002
   2.890000E+002   5.278181E-002
   2.900000E+002   5.239831E-002
   2.910000E+002   5.201438E-002
   2.920000E+002   5.163023E-002
   2.930000E+002   5.124602E-002
   2.940000E+002   5.086196E-002
   2.950000E+002   5.047821E-002
   2.960000E+002   5.009498E-002
   2.970000E+002   4.971243E-002
   2.980000E+002   4.933077E-002
   2.990000E+002   4.895016E-002
   3.000000E+002   4.857081E-002
   3.010000E+002   4.819287E-002
   3.020000E+002   4.781648E-002
   3.030000E+002   4.744173E-002
   3.040000E+002   4.706873E-002
   3.050000E+002   4.669760E-002
   3.060000E+002   4.632843E-002
   3.070000E+002   4.596133E-002
   3.080000E+002   4.559641E-002
   3.090000E+002   4.523379E-002
   3.100000E+002   4.487355E-002
   3.110000E+002   4.451581E-002
   3.120000E+002   4.416068E-002
   3.130000E+002   4.380827E-002
   3.140000E+002   4.345867E-002
   3.150000E+002   4.311200E-002
   3.160000E+002   4.276837E-002
   3.170000E+002   4.242787E-002
   3.180000E+002   4.209062E-002
   3.190000E+002   4.175672E-002
   3.200000E+002   4.142629E-002
   3.210000E+002   4.109942E-002
   3.220000E+002   4.077622E-002
   3.230000E+002   4.045680E-002
   3.240000E+002   4.014127E-002
   3.250000E+002   3.982973E-002
   3.260000E+002   3.952230E-002
   3.270000E+002   3.921907E-002
   3.280000E+002   3.892015E-002
   3.290000E+002   3.862565E-002
   3.300000E+002   3.833568E-002
   3.310000E+002   3.805034E-002
   3.320000E+002   3.776974E-002
   3.330000E+002   3.749399E-002
   3.340000E+002   3.722320E-002
   3.350000E+002   3.695746E-002
   3.360000E+002   3.669689E-002
   3.370000E+002   3.644159E-002
   3.380000E+002   3.619167E-002
   3.390000E+002   3.594724E-002
   3.400000E+002   3.570840E-002
   3.410000E+002   3.547526E-002
   3.420000E+002   3.524793E-002
   3.430000E+002   3.502651E-002
   3.440000E+002   3.481111E-002
   3.450000E+002   3.460184E-002
   3.460000E+002   3.439880E-002
   3.470000E+002   3.420210E-002
   3.480000E+002   3.401184E-002
   3.490000E+002   3.382814E-002
   3.500000E+002   3.365110E-002
   3.510000E+002   3.348081E-002
   3.520000E+002   3.331725E-002
   3.530000E+002   3.316040E-002
   3.540000E+002   3.301022E-002
   3.550000E+002   3.286670E-002
   3.560000E+002   3.272979E-002
   3.570000E+002   3.259948E-002
   3.580000E+002   3.247572E-002
   3.590000E+002   3.235849E-002
   3.600000E+002   3.224777E-002
   3.610000E+002   3.214351E-002
   3.620000E+002   3.204570E-002
   3.630000E+002   3.195430E-002
   3.640000E+002   3.186928E-002
   3.650000E+002   3.179062E-002
   3.660000E+002   3.171828E-002
   3.670000E+002   3.165223E-002
   3.680000E+002   3.159245E-002
   3.690000E+002   3.153891E-002
   3.700000E+002   3.149157E-002
   3.710000E+002   3.145041E-002
   3.720000E+002   3.141539E-002
   3.730000E+002   3.138649E-002
   3.740000E+002   3.136368E-002
   3.750000E+002   3.134692E-002
   3.760000E+002   3.133620E-002
   3.770000E+002   3.133147E-002
   3.780000E+002   3.133272E-002
   3.790000E+002   3.133990E-002
   3.800000E+002   3.135300E-002
   3.810000E+002   3.137197E-002
   3.820000E+002   3.139680E-002
   3.830000E+002   3.142745E-002
   3.840000E+002   3.146389E-002
   3.850000E+002   3.150610E-002
   3.860000E+002   3.155403E-002
   3.870000E+002   3.160768E-002
   3.880000E+002   3.166699E-002
   3.890000E+002   3.173196E-002
   3.900000E+002   3.180253E-002
   3.910000E+002   3.187870E-002
   3.920000E+002   3.196042E-002
   3.930000E+002   3.204766E-002
   3.940000E+002   3.214041E-002
   3.950000E+002   3.223862E-002
   3.960000E+002   3.234227E-002
   3.970000E+002   3.245133E-002
   3.980000E+002   3.256577E-002
   3.990000E+002   3.268556E-002
   4.000000E+002   3.281067E-002
   4.010000E+002   3.294105E-002
   4.020000E+002   3.307657E-002
   4.030000E+002   3.321707E-002
   4.040000E+002   3.336241E-002
   4.050000E+002   3.351242E-002
   4.060000E+002   3.366697E-002
   4.070000E+002   3.382589E-002
   4.080000E+002   3.398903E-002
   4.090000E+002   3.415624E-002
   4.100000E+002   3.432737E-002
   4.110000E+002   3.450226E-002
   4.120000E+002   3.468076E-002
   4.130000E+002   3.486273E-002
   4.140000E+002   3.504800E-002
   4.150000E+002   3.523642E-002
   4.160000E+002   3.542785E-002
   4.170000E+002   3.562212E-002
   4.180000E+002   3.581910E-002
   4.190000E+002   3.601861E-002
   4.200000E+002   3.622051E-002
   4.210000E+002   3.642466E-002
   4.220000E+002   3.663089E-002
   4.230000E+002   3.683905E-002
   4.240000E+002   3.704899E-002
   4.250000E+002   3.726056E-002
   4.260000E+002   3.747360E-002
   4.270000E+002   3.768797E-002
   4.280000E+002   3.790351E-002
   4.290000E+002   3.812006E-002
   4.300000E+002   3.833748E-002
   4.310000E+002   3.855561E-002
   4.320000E+002   3.877430E-002
   4.330000E+002   3.899339E-002
   4.340000E+002   3.921274E-002
   4.350000E+002   3.943219E-002
   4.360000E+002   3.965159E-002
   4.370000E+002   3.987079E-002
   4.380000E+002   4.008963E-002
   4.390000E+002   4.030796E-002
   4.400000E+002   4.052563E-002
   4.410000E+002   4.074248E-002
   4.420000E+002   4.095837E-002
   4.430000E+002   4.117313E-002
   4.440000E+002   4.138663E-002
   4.450000E+002   4.159870E-002
   4.460000E+002   4.180919E-002
   4.470000E+002   4.201795E-002
   4.480000E+002   4.222483E-002
   4.490000E+002   4.242967E-002
   4.500000E+002   4.263232E-002
   4.510000E+002   4.283266E-002
   4.520000E+002   4.303063E-002
   4.530000E+002   4.322620E-002
   4.540000E+002   4.341936E-002
   4.550000E+002   4.361008E-002
   4.560000E+002   4.379833E-002
   4.570000E+002   4.398408E-002
   4.580000E+002   4.416731E-002
   4.590000E+002   4.434800E-002
   4.600000E+002   4.452612E-002
   4.610000E+002   4.470164E-002
   4.620000E+002   4.487454E-002
   4.630000E+002   4.504479E-002
   4.640000E+002   4.521237E-002
   4.650000E+002   4.537725E-002
   4.660000E+002   4.553940E-002
   4.670000E+002   4.569881E-002
   4.680000E+002   4.585544E-002
   4.690000E+002   4.600926E-002
   4.700000E+002   4.616027E-002
   4.710000E+002   4.630842E-002
   4.720000E+002   4.645369E-002
   4.730000E+002   4.659606E-002
   4.740000E+002   4.673550E-002
   4.750000E+002   4.687199E-002
   4.760000E+002   4.700549E-002
   4.770000E+002   4.713599E-002
   4.780000E+002   4.726346E-002
   4.790000E+002   4.738788E-002
   4.800000E+002   4.750921E-002
   4.810000E+002   4.762743E-002
   4.820000E+002   4.774252E-002
   4.830000E+002   4.785445E-002
   4.840000E+002   4.796320E-002
   4.850000E+002   4.806874E-002
   4.860000E+002   4.817104E-002
   4.870000E+002   4.827008E-002
   4.880000E+002   4.836583E-002
   4.890000E+002   4.845827E-002
   4.900000E+002   4.854738E-002
   4.910000E+002   4.863312E-002
   4.920000E+002   4.871547E-002
   4.930000E+002   4.879440E-002
   4.940000E+002   4.886990E-002
   4.950000E+002   4.894193E-002
   4.960000E+002   4.901047E-002
   4.970000E+002   4.907550E-002
   4.980000E+002   4.913698E-002
   4.990000E+002   4.919489E-002
   5.000000E+002   4.924921E-002
   5.010000E+002   4.929992E-002
   5.020000E+002   4.934700E-002
   5.030000E+002   4.939046E-002
   5.040000E+002   4.943030E-002
   5.050000E+002   4.946651E-002
   5.060000E+002   4.949910E-002
   5.070000E+002   4.952806E-002
   5.080000E+002   4.955338E-002
   5.090000E+002   4.957508E-002
   5.100000E+002   4.959314E-002
   5.110000E+002   4.960756E-002
   5.120000E+002   4.961835E-002
   5.130000E+002   4.962550E-002
   5.140000E+002   4.962902E-002
   5.150000E+002   4.962888E-002
   5.160000E+002   4.962511E-002
   5.170000E+002   4.961769E-002
   5.180000E+002   4.960663E-002
   5.190000E+002   4.959191E-002
   5.200000E+002   4.957355E-002
   5.210000E+002   4.955153E-002
   5.220000E+002   4.952587E-002
   5.230000E+002   4.949654E-002
   5.240000E+002   4.946356E-002
   5.250000E+002   4.942693E-002
   5.260000E+002   4.938663E-002
   5.270000E+002   4.934267E-002
   5.280000E+002   4.929505E-002
   5.290000E+002   4.924377E-002
   5.300000E+002   4.918882E-002
   5.310000E+002   4.913020E-002
   5.320000E+002   4.906791E-002
   5.330000E+002   4.900196E-002
   5.340000E+002   4.893233E-002
   5.350000E+002   4.885902E-002
   5.360000E+002   4.878204E-002
   5.370000E+002   4.870138E-002
   5.380000E+002   4.861705E-002
   5.390000E+002   4.852903E-002
   5.400000E+002   4.843733E-002
   5.410000E+002   4.834195E-002
   5.420000E+002   4.824288E-002
   5.430000E+002   4.814012E-002
   5.440000E+002   4.803368E-002
   5.450000E+002   4.792354E-002
   5.460000E+002   4.780972E-002
   5.470000E+002   4.769220E-002
   5.480000E+002   4.757098E-002
   5.490000E+002   4.744607E-002
   5.500000E+002   4.731746E-002
   5.510000E+002   4.718517E-002
   5.520000E+002   4.704933E-002
   5.530000E+002   4.691006E-002
   5.540000E+002   4.676750E-002
   5.550000E+002   4.662181E-002
   5.560000E+002   4.647311E-002
   5.570000E+002   4.632154E-002
   5.580000E+002   4.616724E-002
   5.590000E+002   4.601036E-002
   5.600000E+002   4.585103E-002
   5.610000E+002   4.568939E-002
   5.620000E+002   4.552557E-002
   5.630000E+002   4.535973E-002
   5.640000E+002   4.519199E-002
   5.650000E+002   4.502250E-002
   5.660000E+002   4.485139E-002
   5.670000E+002   4.467881E-002
   5.680000E+002   4.450489E-002
   5.690000E+002   4.432977E-002
   5.700000E+002   4.415359E-002
   5.710000E+002   4.397649E-002
   5.720000E+002   4.379861E-002
   5.730000E+002   4.362009E-002
   5.740000E+002   4.344107E-002
   5.750000E+002   4.326168E-002
   5.760000E+002   4.308207E-002
   5.770000E+002   4.290237E-002
   5.780000E+002   4.272272E-002
   5.790000E+002   4.254327E-002
   5.800000E+002   4.236415E-002
   5.810000E+002   4.218549E-002
   5.820000E+002   4.200745E-002
   5.830000E+002   4.183015E-002
   5.840000E+002   4.165374E-002
   5.850000E+002   4.147836E-002
   5.860000E+002   4.130414E-002
   5.870000E+002   4.113123E-002
   5.880000E+002   4.095975E-002
   5.890000E+002   4.078986E-002
   5.900000E+002   4.062170E-002
   5.910000E+002   4.045539E-002
   5.920000E+002   4.029108E-002
   5.930000E+002   4.012890E-002
   5.940000E+002   3.996901E-002
   5.950000E+002   3.981153E-002
   5.960000E+002   3.965660E-002
   5.970000E+002   3.950437E-002
   5.980000E+002   3.935498E-002
   5.990000E+002   3.920855E-002
   6.000000E+002   3.906523E-002
   6.010000E+002   3.892515E-002
   6.020000E+002   3.878833E-002
   6.030000E+002   3.865480E-002
   6.040000E+002   3.852458E-002
   6.050000E+002   3.839767E-002
   6.060000E+002   3.827411E-002
   6.070000E+002   3.815391E-002
   6.080000E+002   3.803708E-002
   6.090000E+002   3.792365E-002
   6.100000E+002   3.781364E-002
   6.110000E+002   3.770705E-002
   6.120000E+002   3.760392E-002
   6.130000E+002   3.750426E-002
   6.140000E+002   3.740808E-002
   6.150000E+002   3.731541E-002
   6.160000E+002   3.722626E-002
   6.170000E+002   3.714065E-002
   6.180000E+002   3.705860E-002
   6.190000E+002   3.698013E-002
   6.200000E+002   3.690526E-002
   6.210000E+002   3.683400E-002
   6.220000E+002   3.676638E-002
   6.230000E+002   3.670241E-002
   6.240000E+002   3.664210E-002
   6.250000E+002   3.658548E-002
   6.260000E+002   3.653257E-002
   6.270000E+002   3.648339E-002
   6.280000E+002   3.643794E-002
   6.290000E+002   3.639626E-002
   6.300000E+002   3.635835E-002
   6.310000E+002   3.632424E-002
   6.320000E+002   3.629395E-002
   6.330000E+002   3.626749E-002
   6.340000E+002   3.624488E-002
   6.350000E+002   3.622614E-002
   6.360000E+002   3.621129E-002
   6.370000E+002   3.620035E-002
   6.380000E+002   3.619333E-002
   6.390000E+002   3.619026E-002
   6.400000E+002   3.619114E-002
   6.410000E+002   3.619601E-002
   6.420000E+002   3.620487E-002
   6.430000E+002   3.621775E-002
   6.440000E+002   3.623466E-002
   6.450000E+002   3.625562E-002
   6.460000E+002   3.628066E-002
   6.470000E+002   3.630978E-002
   6.480000E+002   3.634301E-002
   6.490000E+002   3.638037E-002
   6.500000E+002   3.642187E-002
   6.510000E+002   3.646752E-002
   6.520000E+002   3.651726E-002
   6.530000E+002   3.657103E-002
   6.540000E+002   3.662876E-002
   6.550000E+002   3.669039E-002
   6.560000E+002   3.675584E-002
   6.570000E+002   3.682506E-002
   6.580000E+002   3.689798E-002
   6.590000E+002   3.697452E-002
   6.600000E+002   3.705462E-002
   6.610000E+002   3.713822E-002
   6.620000E+002   3.722524E-002
   6.630000E+002   3.731563E-002
   6.640000E+002   3.740931E-002
   6.650000E+002   3.750623E-002
   6.660000E+002   3.760630E-002
   6.670000E+002   3.770947E-002
   6.680000E+002   3.781566E-002
   6.690000E+002   3.792482E-002
   6.700000E+002   3.803687E-002
   6.710000E+002   3.815175E-002
   6.720000E+002   3.826940E-002
   6.730000E+002   3.838973E-002
   6.740000E+002   3.851270E-002
   6.750000E+002   3.863823E-002
   6.760000E+002   3.876625E-002
   6.770000E+002   3.889670E-002
   6.780000E+002   3.902951E-002
   6.790000E+002   3.916462E-002
   6.800000E+002   3.930196E-002
   6.810000E+002   3.944146E-002
   6.820000E+002   3.958305E-002
   6.830000E+002   3.972667E-002
   6.840000E+002   3.987225E-002
   6.850000E+002   4.001973E-002
   6.860000E+002   4.016903E-002
   6.870000E+002   4.032010E-002
   6.880000E+002   4.047286E-002
   6.890000E+002   4.062725E-002
   6.900000E+002   4.078320E-002
   6.910000E+002   4.094065E-002
   6.920000E+002   4.109952E-002
   6.930000E+002   4.125976E-002
   6.940000E+002   4.142129E-002
   6.950000E+002   4.158405E-002
   6.960000E+002   4.174797E-002
   6.970000E+002   4.191298E-002
   6.980000E+002   4.207903E-002
   6.990000E+002   4.224603E-002
   7.000000E+002   4.241393E-002
   7.010000E+002   4.258266E-002
   7.020000E+002   4.275212E-002
   7.030000E+002   4.292223E-002
   7.040000E+002   4.309289E-002
   7.050000E+002   4.326402E-002
   7.060000E+002   4.343553E-002
   7.070000E+002   4.360732E-002
   7.080000E+002   4.377930E-002
   7.090000E+002   4.395139E-002
   7.100000E+002   4.412349E-002
   7.110000E+002   4.429551E-002
   7.120000E+002   4.446736E-002
   7.130000E+002   4.463896E-002
   7.140000E+002   4.481020E-002
   7.150000E+002   4.498101E-002
   7.160000E+002   4.515128E-002
   7.170000E+002   4.532093E-002
   7.180000E+002   4.548987E-002
   7.190000E+002   4.565801E-002
   7.200000E+002   4.582525E-002
   7.210000E+002   4.599151E-002
   7.220000E+002   4.615669E-002
   7.230000E+002   4.632071E-002
   7.240000E+002   4.648347E-002
   7.250000E+002   4.664489E-002
   7.260000E+002   4.680487E-002
   7.270000E+002   4.696332E-002
   7.280000E+002   4.712015E-002
   7.290000E+002   4.727528E-002
   7.300000E+002   4.742860E-002
   7.310000E+002   4.758003E-002
   7.320000E+002   4.772949E-002
   7.330000E+002   4.787687E-002
   7.340000E+002   4.802209E-002
   7.350000E+002   4.816506E-002
   7.360000E+002   4.830568E-002
   7.370000E+002   4.844387E-002
   7.380000E+002   4.857953E-002
   7.390000E+002   4.871258E-002
   7.400000E+002   4.884293E-002
   7.410000E+002   4.897048E-002
   7.420000E+002   4.909514E-002
   7.430000E+002   4.921682E-002
   7.440000E+002   4.933544E-002
   7.450000E+002   4.945090E-002
   7.460000E+002   4.956310E-002
   7.470000E+002   4.967197E-002
   7.480000E+002   4.977741E-002
   7.490000E+002   4.987932E-002
   7.500000E+002   4.997763E-002
   7.510000E+002   5.007225E-002
   7.520000E+002   5.016319E-002
   7.530000E+002   5.025048E-002
   7.540000E+002   5.033413E-002
   7.550000E+002   5.041418E-002
   7.560000E+002   5.049065E-002
   7.570000E+002   5.056356E-002
   7.580000E+002   5.063294E-002
   7.590000E+002   5.069880E-002
   7.600000E+002   5.076118E-002
   7.610000E+002   5.082010E-002
   7.620000E+002   5.087557E-002
   7.630000E+002   5.092763E-002
   7.640000E+002   5.097631E-002
   7.650000E+002   5.102161E-002
   7.660000E+002   5.106357E-002
   7.670000E+002   5.110222E-002
   7.680000E+002   5.113757E-002
   7.690000E+002   5.116965E-002
   7.700000E+002   5.119848E-002
   7.710000E+002   5.122409E-002
   7.720000E+002   5.124650E-002
   7.730000E+002   5.126573E-002
   7.740000E+002   5.128182E-002
   7.750000E+002   5.129478E-002
   7.760000E+002   5.130463E-002
   7.770000E+002   5.131141E-002
   7.780000E+002   5.131513E-002
   7.790000E+002   5.131583E-002
   7.800000E+002   5.131351E-002
   7.810000E+002   5.130821E-002
   7.820000E+002   5.129996E-002
   7.830000E+002   5.128877E-002
   7.840000E+002   5.127466E-002
   7.850000E+002   5.125767E-002
   7.860000E+002   5.123782E-002
   7.870000E+002   5.121513E-002
   7.880000E+002   5.118963E-002
   7.890000E+002   5.116133E-002
   7.900000E+002   5.113027E-002
   7.910000E+002   5.109646E-002
   7.920000E+002   5.105994E-002
   7.930000E+002   5.102072E-002
   7.940000E+002   5.097883E-002
   7.950000E+002   5.093429E-002
   7.960000E+002   5.088713E-002
   7.970000E+002   5.083737E-002
   7.980000E+002   5.078504E-002
   7.990000E+002   5.073015E-002
   8.000000E+002   5.067274E-002
   8.010000E+002   5.061282E-002
   8.020000E+002   5.055039E-002
   8.030000E+002   5.048544E-002
   8.040000E+002   5.041798E-002
   8.050000E+002   5.034798E-002
   8.060000E+002   5.027544E-002
   8.070000E+002   5.020036E-002
   8.080000E+002   5.012273E-002
   8.090000E+002   5.004255E-002
   8.100000E+002   4.995980E-002
   8.110000E+002   4.987448E-002
   8.120000E+002   4.978659E-002
   8.130000E+002   4.969611E-002
   8.140000E+002   4.960304E-002
   8.150000E+002   4.950737E-002
   8.160000E+002   4.940910E-002
   8.170000E+002   4.930822E-002
   8.180000E+002   4.920473E-002
   8.190000E+002   4.909861E-002
   8.200000E+002   4.898986E-002
   8.210000E+002   4.887847E-002
   8.220000E+002   4.876444E-002
   8.230000E+002   4.864775E-002
   8.240000E+002   4.852841E-002
   8.250000E+002   4.840641E-002
   8.260000E+002   4.828174E-002
   8.270000E+002   4.815438E-002
   8.280000E+002   4.802435E-002
   8.290000E+002   4.789162E-002
   8.300000E+002   4.775620E-002
   8.310000E+002   4.761807E-002
   8.320000E+002   4.747723E-002
   8.330000E+002   4.733367E-002
   8.340000E+002   4.718739E-002
   8.350000E+002   4.703838E-002
   8.360000E+002   4.688663E-002
   8.370000E+002   4.673214E-002
   8.380000E+002   4.657489E-002
   8.390000E+002   4.641489E-002
   8.400000E+002   4.625212E-002
   8.410000E+002   4.608658E-002
   8.420000E+002   4.591826E-002
   8.430000E+002   4.574716E-002
   8.440000E+002   4.557327E-002
   8.450000E+002   4.539658E-002
   8.460000E+002   4.521708E-002
   8.470000E+002   4.503477E-002
   8.480000E+002   4.484965E-002
   8.490000E+002   4.466169E-002
   8.500000E+002   4.447091E-002
   8.510000E+002   4.427731E-002
   8.520000E+002   4.408102E-002
   8.530000E+002   4.388216E-002
   8.540000E+002   4.368088E-002
   8.550000E+002   4.347732E-002
   8.560000E+002   4.327161E-002
   8.570000E+002   4.306389E-002
   8.580000E+002   4.285431E-002
   8.590000E+002   4.264300E-002
   8.600000E+002   4.243010E-002
   8.610000E+002   4.221575E-002
   8.620000E+002   4.200008E-002
   8.630000E+002   4.178324E-002
   8.640000E+002   4.156537E-002
   8.650000E+002   4.134660E-002
   8.660000E+002   4.112707E-002
   8.670000E+002   4.090692E-002
   8.680000E+002   4.068629E-002
   8.690000E+002   4.046532E-002
   8.700000E+002   4.024414E-002
   8.710000E+002   4.002291E-002
   8.720000E+002   3.980174E-002
   8.730000E+002   3.958079E-002
   8.740000E+002   3.936019E-002
   8.750000E+002   3.914008E-002
   8.760000E+002   3.892060E-002
   8.770000E+002   3.870189E-002
   8.780000E+002   3.848408E-002
   8.790000E+002   3.826732E-002
   8.800000E+002   3.805174E-002
   8.810000E+002   3.783748E-002
   8.820000E+002   3.762469E-002
   8.830000E+002   3.741350E-002
   8.840000E+002   3.720404E-002
   8.850000E+002   3.699646E-002
   8.860000E+002   3.679090E-002
   8.870000E+002   3.658749E-002
   8.880000E+002   3.638638E-002
   8.890000E+002   3.618769E-002
   8.900000E+002   3.599158E-002
   8.910000E+002   3.579818E-002
   8.920000E+002   3.560762E-002
   8.930000E+002   3.542006E-002
   8.940000E+002   3.523561E-002
   8.950000E+002   3.505444E-002
   8.960000E+002   3.487666E-002
   8.970000E+002   3.470243E-002
   8.980000E+002   3.453187E-002
   8.990000E+002   3.436514E-002
   9.000000E+002   3.420236E-002
   9.010000E+002   3.404366E-002
   9.020000E+002   3.388902E-002
   9.030000E+002   3.373844E-002
   9.040000E+002   3.359189E-002
   9.050000E+002   3.344935E-002
   9.060000E+002   3.331079E-002
   9.070000E+002   3.317620E-002
   9.080000E+002   3.304554E-002
   9.090000E+002   3.291881E-002
   9.100000E+002   3.279597E-002
   9.110000E+002   3.267701E-002
   9.120000E+002   3.256190E-002
   9.130000E+002   3.245062E-002
   9.140000E+002   3.234314E-002
   9.150000E+002   3.223946E-002
   9.160000E+002   3.213953E-002
   9.170000E+002   3.204335E-002
   9.180000E+002   3.195089E-002
   9.190000E+002   3.186213E-002
   9.200000E+002   3.177704E-002
   9.210000E+002   3.169560E-002
   9.220000E+002   3.161780E-002
   9.230000E+002   3.154360E-002
   9.240000E+002   3.147299E-002
   9.250000E+002   3.140594E-002
   9.260000E+002   3.134244E-002
   9.270000E+002   3.128246E-002
   9.280000E+002   3.122597E-002
   9.290000E+002   3.117296E-002
   9.300000E+002   3.112340E-002
   9.310000E+002   3.107728E-002
   9.320000E+002   3.103456E-002
   9.330000E+002   3.099523E-002
   9.340000E+002   3.095926E-002
   9.350000E+002   3.092664E-002
   9.360000E+002   3.089734E-002
   9.370000E+002   3.087133E-002
   9.380000E+002   3.084860E-002
   9.390000E+002   3.082913E-002
   9.400000E+002   3.081289E-002
   9.410000E+002   3.079985E-002
   9.420000E+002   3.079001E-002
   9.430000E+002   3.078332E-002
   9.440000E+002   3.077979E-002
   9.450000E+002   3.077937E-002
   9.460000E+002   3.078205E-002
   9.470000E+002   3.078781E-002
   9.480000E+002   3.079662E-002
   9.490000E+002   3.080846E-002
   9.500000E+002   3.082332E-002
   9.510000E+002   3.084115E-002
   9.520000E+002   3.086192E-002
   9.530000E+002   3.088555E-002
   9.540000E+002   3.091200E-002
   9.550000E+002   3.094119E-002
   9.560000E+002   3.097308E-002
   9.570000E+002   3.100760E-002
   9.580000E+002   3.104469E-002
   9.590000E+002   3.108430E-002
   9.600000E+002   3.112636E-002
   9.610000E+002   3.117082E-002
   9.620000E+002   3.121761E-002
   9.630000E+002   3.126668E-002
   9.640000E+002   3.131797E-002
   9.650000E+002   3.137142E-002
   9.660000E+002   3.142697E-002
   9.670000E+002   3.148456E-002
   9.680000E+002   3.154413E-002
   9.690000E+002   3.160562E-002
   9.700000E+002   3.166898E-002
   9.710000E+002   3.173413E-002
   9.720000E+002   3.180104E-002
   9.730000E+002   3.186963E-002
   9.740000E+002   3.193984E-002
   9.750000E+002   3.201162E-002
   9.760000E+002   3.208491E-002
   9.770000E+002   3.215965E-002
   9.780000E+002   3.223578E-002
   9.790000E+002   3.231323E-002
   9.800000E+002   3.239196E-002
   9.810000E+002   3.247190E-002
   9.820000E+002   3.255299E-002
   9.830000E+002   3.263518E-002
   9.840000E+002   3.271840E-002
   9.850000E+002   3.280259E-002
   9.860000E+002   3.288770E-002
   9.870000E+002   3.297367E-002
   9.880000E+002   3.306043E-002
   9.890000E+002   3.314793E-002
   9.900000E+002   3.323611E-002
   9.910000E+002   3.332491E-002
   9.920000E+002   3.341427E-002
   9.930000E+002   3.350413E-002
   9.940000E+002   3.359444E-002
   9.950000E+002   3.368512E-002
   9.960000E+002   3.377613E-002
   9.970000E+002   3.386741E-002
   9.980000E+002   3.395889E-002
   9.990000E+002   3.405051E-002
   1.000000E+003   3.414223E-002
   1.001000E+003   3.423397E-002
   1.002000E+003   3.432572E-002
   1.003000E+003   3.441744E-002
   1.004000E+003   3.450911E-002
   1.005000E+003   3.460070E-002
   1.006000E+003   3.469219E-002
   1.007000E+003   3.478355E-002
   1.008000E+003   3.487476E-002
   1.009000E+003   3.496578E-002
   1.010000E+003   3.505659E-002
   1.011000E+003   3.514717E-002
   1.012000E+003   3.523749E-002
   1.013000E+003   3.532752E-002
   1.014000E+003   3.541724E-002
   1.015000E+003   3.550662E-002
   1.016000E+003   3.559563E-002
   1.017000E+003   3.568425E-002
   1.018000E+003   3.577245E-002
   1.019000E+003   3.586021E-002
   1.020000E+003   3.594749E-002
   1.021000E+003   3.603428E-002
   1.022000E+003   3.612055E-002
   1.023000E+003   3.620627E-002
   1.024000E+003   3.629141E-002
   1.025000E+003   3.637595E-002
   1.026000E+003   3.645986E-002
   1.027000E+003   3.654312E-002
   1.028000E+003   3.662570E-002
   1.029000E+003   3.670757E-002
   1.030000E+003   3.678870E-002
   1.031000E+003   3.686908E-002
   1.032000E+003   3.694867E-002
   1.033000E+003   3.702745E-002
   1.034000E+003   3.710540E-002
   1.035000E+003   3.718248E-002
   1.036000E+003   3.725867E-002
   1.037000E+003   3.733394E-002
   1.038000E+003   3.740827E-002
   1.039000E+003   3.748163E-002
   1.040000E+003   3.755400E-002
   1.041000E+003   3.762534E-002
   1.042000E+003   3.769564E-002
   1.043000E+003   3.776486E-002
   1.044000E+003   3.783298E-002
   1.045000E+003   3.789998E-002
   1.046000E+003   3.796582E-002
   1.047000E+003   3.803049E-002
   1.048000E+003   3.809395E-002
   1.049000E+003   3.815618E-002
   1.050000E+003   3.821715E-002
   1.051000E+003   3.827683E-002
   1.052000E+003   3.833518E-002
   1.053000E+003   3.839215E-002
   1.054000E+003   3.844770E-002
   1.055000E+003   3.850176E-002
   1.056000E+003   3.855430E-002
   1.057000E+003   3.860526E-002
   1.058000E+003   3.865460E-002
   1.059000E+003   3.870226E-002
   1.060000E+003   3.874820E-002
   1.061000E+003   3.879238E-002
   1.062000E+003   3.883473E-002
   1.063000E+003   3.887522E-002
   1.064000E+003   3.891380E-002
   1.065000E+003   3.895041E-002
   1.066000E+003   3.898500E-002
   1.067000E+003   3.901754E-002
   1.068000E+003   3.904796E-002
   1.069000E+003   3.907623E-002
   1.070000E+003   3.910229E-002
   1.071000E+003   3.912609E-002
   1.072000E+003   3.914759E-002
   1.073000E+003   3.916674E-002
   1.074000E+003   3.918349E-002
   1.075000E+003   3.919778E-002
   1.076000E+003   3.920958E-002
   1.077000E+003   3.921882E-002
   1.078000E+003   3.922548E-002
   1.079000E+003   3.922948E-002
   1.080000E+003   3.923080E-002
   1.081000E+003   3.922937E-002
   1.082000E+003   3.922515E-002
   1.083000E+003   3.921810E-002
   1.084000E+003   3.920815E-002
   1.085000E+003   3.919527E-002
   1.086000E+003   3.917941E-002
   1.087000E+003   3.916051E-002
   1.088000E+003   3.913853E-002
   1.089000E+003   3.911342E-002
   1.090000E+003   3.908512E-002
   1.091000E+003   3.905361E-002
   1.092000E+003   3.901881E-002
   1.093000E+003   3.898069E-002
   1.094000E+003   3.893920E-002
   1.095000E+003   3.889428E-002
   1.096000E+003   3.884589E-002
   1.097000E+003   3.879398E-002
   1.098000E+003   3.873851E-002
   1.099000E+003   3.867942E-002
   1.100000E+003   3.861666E-002
   1.101000E+003   3.855021E-002
   1.102000E+003   3.848016E-002
   1.103000E+003   3.840660E-002
   1.104000E+003   3.832964E-002
   1.105000E+003   3.824938E-002
   1.106000E+003   3.816593E-002
   1.107000E+003   3.807939E-002
   1.108000E+003   3.798987E-002
   1.109000E+003   3.789746E-002
   1.110000E+003   3.780229E-002
   1.111000E+003   3.770444E-002
   1.112000E+003   3.760403E-002
   1.113000E+003   3.750115E-002
   1.114000E+003   3.739592E-002
   1.115000E+003   3.728843E-002
   1.116000E+003   3.717879E-002
   1.117000E+003   3.706711E-002
   1.118000E+003   3.695349E-002
   1.119000E+003   3.683803E-002
   1.120000E+003   3.672084E-002
   1.121000E+003   3.660202E-002
   1.122000E+003   3.648168E-002
   1.123000E+003   3.635992E-002
   1.124000E+003   3.623685E-002
   1.125000E+003   3.611257E-002
   1.126000E+003   3.598717E-002
   1.127000E+003   3.586078E-002
   1.128000E+003   3.573349E-002
   1.129000E+003   3.560541E-002
   1.130000E+003   3.547664E-002
   1.131000E+003   3.534729E-002
   1.132000E+003   3.521745E-002
   1.133000E+003   3.508724E-002
   1.134000E+003   3.495676E-002
   1.135000E+003   3.482611E-002
   1.136000E+003   3.469540E-002
   1.137000E+003   3.456473E-002
   1.138000E+003   3.443420E-002
   1.139000E+003   3.430393E-002
   1.140000E+003   3.417401E-002
   1.141000E+003   3.404455E-002
   1.142000E+003   3.391565E-002
   1.143000E+003   3.378742E-002
   1.144000E+003   3.365996E-002
   1.145000E+003   3.353338E-002
   1.146000E+003   3.340778E-002
   1.147000E+003   3.328326E-002
   1.148000E+003   3.315994E-002
   1.149000E+003   3.303790E-002
   1.150000E+003   3.291727E-002
   1.151000E+003   3.279811E-002
   1.152000E+003   3.268043E-002
   1.153000E+003   3.256418E-002
   1.154000E+003   3.244935E-002
   1.155000E+003   3.233590E-002
   1.156000E+003   3.222381E-002
   1.157000E+003   3.211303E-002
   1.158000E+003   3.200355E-002
   1.159000E+003   3.189533E-002
   1.160000E+003   3.178834E-002
   1.161000E+003   3.168255E-002
   1.162000E+003   3.157794E-002
   1.163000E+003   3.147446E-002
   1.164000E+003   3.137210E-002
   1.165000E+003   3.127082E-002
   1.166000E+003   3.117059E-002
   1.167000E+003   3.107138E-002
   1.168000E+003   3.097316E-002
   1.169000E+003   3.087591E-002
   1.170000E+003   3.077958E-002
   1.171000E+003   3.068416E-002
   1.172000E+003   3.058961E-002
   1.173000E+003   3.049589E-002
   1.174000E+003   3.040300E-002
   1.175000E+003   3.031088E-002
   1.176000E+003   3.021951E-002
   1.177000E+003   3.012886E-002
   1.178000E+003   3.003891E-002
   1.179000E+003   2.994961E-002
   1.180000E+003   2.986095E-002
   1.181000E+003   2.977289E-002
   1.182000E+003   2.968539E-002
   1.183000E+003   2.959844E-002
   1.184000E+003   2.951200E-002
   1.185000E+003   2.942604E-002
   1.186000E+003   2.934053E-002
   1.187000E+003   2.925544E-002
   1.188000E+003   2.917075E-002
   1.189000E+003   2.908641E-002
   1.190000E+003   2.900240E-002
   1.191000E+003   2.891869E-002
   1.192000E+003   2.883526E-002
   1.193000E+003   2.875206E-002
   1.194000E+003   2.866908E-002
   1.195000E+003   2.858627E-002
   1.196000E+003   2.850361E-002
   1.197000E+003   2.842108E-002
   1.198000E+003   2.833863E-002
   1.199000E+003   2.825625E-002
   1.200000E+003   2.817389E-002
   1.201000E+003   2.809154E-002
