   2.000000E+000   2.181435E-002
   3.000000E+000   1.409025E-002
   4.000000E+000   1.249041E-002
   5.000000E+000   1.221456E-002
   6.000000E+000   1.189045E-002
   7.000000E+000   1.172476E-002
   8.000000E+000   1.167015E-002
   9.000000E+000   1.163697E-002
   1.000000E+001   1.162038E-002
   1.100000E+001   1.163233E-002
   1.200000E+001   1.166730E-002
   1.300000E+001   1.171674E-002
   1.400000E+001   1.177749E-002
   1.500000E+001   1.184776E-002
   1.600000E+001   1.192587E-002
   1.700000E+001   1.201068E-002
   1.800000E+001   1.210118E-002
   1.900000E+001   1.219635E-002
   2.000000E+001   1.229519E-002
   2.100000E+001   1.239683E-002
   2.200000E+001   1.250099E-002
   2.300000E+001   1.260751E-002
   2.400000E+001   1.271627E-002
   2.500000E+001   1.282712E-002
   2.600000E+001   1.293993E-002
   2.700000E+001   1.305454E-002
   2.800000E+001   1.317082E-002
   2.900000E+001   1.328864E-002
   3.000000E+001   1.340784E-002
   3.100000E+001   1.352832E-002
   3.200000E+001   1.365011E-002
   3.300000E+001   1.377326E-002
   3.400000E+001   1.389782E-002
   3.500000E+001   1.402385E-002
   3.600000E+001   1.415141E-002
   3.700000E+001   1.428054E-002
   3.800000E+001   1.441131E-002
   3.900000E+001   1.454377E-002
   4.000000E+001   1.467798E-002
   4.100000E+001   1.481399E-002
   4.200000E+001   1.495192E-002
   4.300000E+001   1.509187E-002
   4.400000E+001   1.523394E-002
   4.500000E+001   1.537826E-002
   4.600000E+001   1.552493E-002
   4.700000E+001   1.567406E-002
   4.800000E+001   1.582577E-002
   4.900000E+001   1.598015E-002
   5.000000E+001   1.613733E-002
   5.100000E+001   1.629740E-002
   5.200000E+001   1.646045E-002
   5.300000E+001   1.662655E-002
   5.400000E+001   1.679578E-002
   5.500000E+001   1.696822E-002
   5.600000E+001   1.714394E-002
   5.700000E+001   1.732301E-002
   5.800000E+001   1.750551E-002
   5.900000E+001   1.769152E-002
   6.000000E+001   1.788111E-002
   6.100000E+001   1.807436E-002
   6.200000E+001   1.827136E-002
   6.300000E+001   1.847222E-002
   6.400000E+001   1.867702E-002
   6.500000E+001   1.888586E-002
   6.600000E+001   1.909884E-002
   6.700000E+001   1.931606E-002
   6.800000E+001   1.953761E-002
   6.900000E+001   1.976358E-002
   7.000000E+001   1.999409E-002
   7.100000E+001   2.022919E-002
   7.200000E+001   2.046889E-002
   7.300000E+001   2.071317E-002
   7.400000E+001   2.096201E-002
   7.500000E+001   2.121539E-002
   7.600000E+001   2.147328E-002
   7.700000E+001   2.173567E-002
   7.800000E+001   2.200254E-002
   7.900000E+001   2.227385E-002
   8.000000E+001   2.254960E-002
   8.100000E+001   2.282979E-002
   8.200000E+001   2.311450E-002
   8.300000E+001   2.340383E-002
   8.400000E+001   2.369789E-002
   8.500000E+001   2.399680E-002
   8.600000E+001   2.430066E-002
   8.700000E+001   2.460957E-002
   8.800000E+001   2.492365E-002
   8.900000E+001   2.524300E-002
   9.000000E+001   2.556773E-002
   9.100000E+001   2.589789E-002
   9.200000E+001   2.623338E-002
   9.300000E+001   2.657403E-002
   9.400000E+001   2.691967E-002
   9.500000E+001   2.727013E-002
   9.600000E+001   2.762526E-002
   9.700000E+001   2.798489E-002
   9.800000E+001   2.834886E-002
   9.900000E+001   2.871699E-002
   1.000000E+002   2.908914E-002
   1.010000E+002   2.946514E-002
   1.020000E+002   2.984492E-002
   1.030000E+002   3.022843E-002
   1.040000E+002   3.061559E-002
   1.050000E+002   3.100634E-002
   1.060000E+002   3.140064E-002
   1.070000E+002   3.179840E-002
   1.080000E+002   3.219958E-002
   1.090000E+002   3.260411E-002
   1.100000E+002   3.301194E-002
   1.110000E+002   3.342298E-002
   1.120000E+002   3.383720E-002
   1.130000E+002   3.425452E-002
   1.140000E+002   3.467489E-002
   1.150000E+002   3.509823E-002
   1.160000E+002   3.552450E-002
   1.170000E+002   3.595363E-002
   1.180000E+002   3.638556E-002
   1.190000E+002   3.682023E-002
   1.200000E+002   3.725757E-002
   1.210000E+002   3.769751E-002
   1.220000E+002   3.813995E-002
   1.230000E+002   3.858475E-002
   1.240000E+002   3.903180E-002
   1.250000E+002   3.948097E-002
   1.260000E+002   3.993214E-002
   1.270000E+002   4.038518E-002
   1.280000E+002   4.083997E-002
   1.290000E+002   4.129640E-002
   1.300000E+002   4.175432E-002
   1.310000E+002   4.221363E-002
   1.320000E+002   4.267420E-002
   1.330000E+002   4.313590E-002
   1.340000E+002   4.359862E-002
   1.350000E+002   4.406222E-002
   1.360000E+002   4.452659E-002
   1.370000E+002   4.499160E-002
   1.380000E+002   4.545713E-002
   1.390000E+002   4.592305E-002
   1.400000E+002   4.638925E-002
   1.410000E+002   4.685558E-002
   1.420000E+002   4.732182E-002
   1.430000E+002   4.778774E-002
   1.440000E+002   4.825310E-002
   1.450000E+002   4.871767E-002
   1.460000E+002   4.918120E-002
   1.470000E+002   4.964347E-002
   1.480000E+002   5.010424E-002
   1.490000E+002   5.056327E-002
   1.500000E+002   5.102033E-002
   1.510000E+002   5.147518E-002
   1.520000E+002   5.192759E-002
   1.530000E+002   5.237731E-002
   1.540000E+002   5.282411E-002
   1.550000E+002   5.326777E-002
   1.560000E+002   5.370803E-002
   1.570000E+002   5.414468E-002
   1.580000E+002   5.457746E-002
   1.590000E+002   5.500614E-002
   1.600000E+002   5.543050E-002
   1.610000E+002   5.585031E-002
   1.620000E+002   5.626546E-002
   1.630000E+002   5.667587E-002
   1.640000E+002   5.708144E-002
   1.650000E+002   5.748208E-002
   1.660000E+002   5.787770E-002
   1.670000E+002   5.826822E-002
   1.680000E+002   5.865354E-002
   1.690000E+002   5.903357E-002
   1.700000E+002   5.940823E-002
   1.710000E+002   5.977742E-002
   1.720000E+002   6.014105E-002
   1.730000E+002   6.049903E-002
   1.740000E+002   6.085128E-002
   1.750000E+002   6.119770E-002
   1.760000E+002   6.153821E-002
   1.770000E+002   6.187271E-002
   1.780000E+002   6.220111E-002
   1.790000E+002   6.252333E-002
   1.800000E+002   6.283926E-002
   1.810000E+002   6.314883E-002
   1.820000E+002   6.345192E-002
   1.830000E+002   6.374843E-002
   1.840000E+002   6.403822E-002
   1.850000E+002   6.432121E-002
   1.860000E+002   6.459727E-002
   1.870000E+002   6.486629E-002
   1.880000E+002   6.512816E-002
   1.890000E+002   6.538276E-002
   1.900000E+002   6.563000E-002
   1.910000E+002   6.586975E-002
   1.920000E+002   6.610190E-002
   1.930000E+002   6.632634E-002
   1.940000E+002   6.654295E-002
   1.950000E+002   6.675164E-002
   1.960000E+002   6.695228E-002
   1.970000E+002   6.714476E-002
   1.980000E+002   6.732897E-002
   1.990000E+002   6.750480E-002
   2.000000E+002   6.767214E-002
   2.010000E+002   6.783089E-002
   2.020000E+002   6.798105E-002
   2.030000E+002   6.812262E-002
   2.040000E+002   6.825561E-002
   2.050000E+002   6.838004E-002
   2.060000E+002   6.849591E-002
   2.070000E+002   6.860323E-002
   2.080000E+002   6.870201E-002
   2.090000E+002   6.879226E-002
   2.100000E+002   6.887399E-002
   2.110000E+002   6.894721E-002
   2.120000E+002   6.901194E-002
   2.130000E+002   6.906817E-002
   2.140000E+002   6.911592E-002
   2.150000E+002   6.915519E-002
   2.160000E+002   6.918601E-002
   2.170000E+002   6.920837E-002
   2.180000E+002   6.922229E-002
   2.190000E+002   6.922777E-002
   2.200000E+002   6.922483E-002
   2.210000E+002   6.921348E-002
   2.220000E+002   6.919371E-002
   2.230000E+002   6.916556E-002
   2.240000E+002   6.912902E-002
   2.250000E+002   6.908410E-002
   2.260000E+002   6.903082E-002
   2.270000E+002   6.896923E-002
   2.280000E+002   6.889938E-002
   2.290000E+002   6.882133E-002
   2.300000E+002   6.873514E-002
   2.310000E+002   6.864085E-002
   2.320000E+002   6.853853E-002
   2.330000E+002   6.842823E-002
   2.340000E+002   6.831000E-002
   2.350000E+002   6.818390E-002
   2.360000E+002   6.804999E-002
   2.370000E+002   6.790832E-002
   2.380000E+002   6.775894E-002
   2.390000E+002   6.760192E-002
   2.400000E+002   6.743730E-002
   2.410000E+002   6.726514E-002
   2.420000E+002   6.708550E-002
   2.430000E+002   6.689843E-002
   2.440000E+002   6.670399E-002
   2.450000E+002   6.650223E-002
   2.460000E+002   6.629321E-002
   2.470000E+002   6.607699E-002
   2.480000E+002   6.585361E-002
   2.490000E+002   6.562313E-002
   2.500000E+002   6.538562E-002
   2.510000E+002   6.514113E-002
   2.520000E+002   6.488983E-002
   2.530000E+002   6.463189E-002
   2.540000E+002   6.436748E-002
   2.550000E+002   6.409677E-002
   2.560000E+002   6.381992E-002
   2.570000E+002   6.353712E-002
   2.580000E+002   6.324853E-002
   2.590000E+002   6.295433E-002
   2.600000E+002   6.265468E-002
   2.610000E+002   6.234976E-002
   2.620000E+002   6.203973E-002
   2.630000E+002   6.172478E-002
   2.640000E+002   6.140507E-002
   2.650000E+002   6.108076E-002
   2.660000E+002   6.075205E-002
   2.670000E+002   6.041908E-002
   2.680000E+002   6.008204E-002
   2.690000E+002   5.974110E-002
   2.700000E+002   5.939643E-002
   2.710000E+002   5.904820E-002
   2.720000E+002   5.869658E-002
   2.730000E+002   5.834174E-002
   2.740000E+002   5.798385E-002
   2.750000E+002   5.762309E-002
   2.760000E+002   5.725963E-002
   2.770000E+002   5.689362E-002
   2.780000E+002   5.652524E-002
   2.790000E+002   5.615464E-002
   2.800000E+002   5.578200E-002
   2.810000E+002   5.540747E-002
   2.820000E+002   5.503122E-002
   2.830000E+002   5.465341E-002
   2.840000E+002   5.427421E-002
   2.850000E+002   5.389378E-002
   2.860000E+002   5.351229E-002
   2.870000E+002   5.312989E-002
   2.880000E+002   5.274675E-002
   2.890000E+002   5.236304E-002
   2.900000E+002   5.197892E-002
   2.910000E+002   5.159455E-002
   2.920000E+002   5.121010E-002
   2.930000E+002   5.082573E-002
   2.940000E+002   5.044161E-002
   2.950000E+002   5.005789E-002
   2.960000E+002   4.967475E-002
   2.970000E+002   4.929234E-002
   2.980000E+002   4.891083E-002
   2.990000E+002   4.853038E-002
   3.000000E+002   4.815116E-002
   3.010000E+002   4.777333E-002
   3.020000E+002   4.739699E-002
   3.030000E+002   4.702228E-002
   3.040000E+002   4.664930E-002
   3.050000E+002   4.627816E-002
   3.060000E+002   4.590899E-002
   3.070000E+002   4.554188E-002
   3.080000E+002   4.517696E-002
   3.090000E+002   4.481434E-002
   3.100000E+002   4.445413E-002
   3.110000E+002   4.409645E-002
   3.120000E+002   4.374141E-002
   3.130000E+002   4.338912E-002
   3.140000E+002   4.303970E-002
   3.150000E+002   4.269326E-002
   3.160000E+002   4.234991E-002
   3.170000E+002   4.200977E-002
   3.180000E+002   4.167295E-002
   3.190000E+002   4.133956E-002
   3.200000E+002   4.100973E-002
   3.210000E+002   4.068355E-002
   3.220000E+002   4.036115E-002
   3.230000E+002   4.004263E-002
   3.240000E+002   3.972812E-002
   3.250000E+002   3.941772E-002
   3.260000E+002   3.911155E-002
   3.270000E+002   3.880973E-002
   3.280000E+002   3.851236E-002
   3.290000E+002   3.821955E-002
   3.300000E+002   3.793144E-002
   3.310000E+002   3.764811E-002
   3.320000E+002   3.736970E-002
   3.330000E+002   3.709631E-002
   3.340000E+002   3.682806E-002
   3.350000E+002   3.656506E-002
   3.360000E+002   3.630742E-002
   3.370000E+002   3.605525E-002
   3.380000E+002   3.580868E-002
   3.390000E+002   3.556782E-002
   3.400000E+002   3.533277E-002
   3.410000E+002   3.510365E-002
   3.420000E+002   3.488058E-002
   3.430000E+002   3.466366E-002
   3.440000E+002   3.445302E-002
   3.450000E+002   3.424876E-002
   3.460000E+002   3.405100E-002
   3.470000E+002   3.385986E-002
   3.480000E+002   3.367543E-002
   3.490000E+002   3.349785E-002
   3.500000E+002   3.332722E-002
   3.510000E+002   3.316363E-002
   3.520000E+002   3.300706E-002
   3.530000E+002   3.285746E-002
   3.540000E+002   3.271479E-002
   3.550000E+002   3.257899E-002
   3.560000E+002   3.245002E-002
   3.570000E+002   3.232783E-002
   3.580000E+002   3.221238E-002
   3.590000E+002   3.210361E-002
   3.600000E+002   3.200149E-002
   3.610000E+002   3.190595E-002
   3.620000E+002   3.181696E-002
   3.630000E+002   3.173447E-002
   3.640000E+002   3.165843E-002
   3.650000E+002   3.158879E-002
   3.660000E+002   3.152550E-002
   3.670000E+002   3.146852E-002
   3.680000E+002   3.141781E-002
   3.690000E+002   3.137330E-002
   3.700000E+002   3.133496E-002
   3.710000E+002   3.130274E-002
   3.720000E+002   3.127660E-002
   3.730000E+002   3.125647E-002
   3.740000E+002   3.124232E-002
   3.750000E+002   3.123410E-002
   3.760000E+002   3.123176E-002
   3.770000E+002   3.123525E-002
   3.780000E+002   3.124453E-002
   3.790000E+002   3.125955E-002
   3.800000E+002   3.128026E-002
   3.810000E+002   3.130661E-002
   3.820000E+002   3.133856E-002
   3.830000E+002   3.137606E-002
   3.840000E+002   3.141906E-002
   3.850000E+002   3.146752E-002
   3.860000E+002   3.152138E-002
   3.870000E+002   3.158060E-002
   3.880000E+002   3.164514E-002
   3.890000E+002   3.171493E-002
   3.900000E+002   3.178995E-002
   3.910000E+002   3.187014E-002
   3.920000E+002   3.195545E-002
   3.930000E+002   3.204583E-002
   3.940000E+002   3.214124E-002
   3.950000E+002   3.224164E-002
   3.960000E+002   3.234696E-002
   3.970000E+002   3.245717E-002
   3.980000E+002   3.257222E-002
   3.990000E+002   3.269206E-002
   4.000000E+002   3.281665E-002
   4.010000E+002   3.294591E-002
   4.020000E+002   3.307975E-002
   4.030000E+002   3.321804E-002
   4.040000E+002   3.336065E-002
   4.050000E+002   3.350745E-002
   4.060000E+002   3.365834E-002
   4.070000E+002   3.381317E-002
   4.080000E+002   3.397183E-002
   4.090000E+002   3.413420E-002
   4.100000E+002   3.430014E-002
   4.110000E+002   3.446954E-002
   4.120000E+002   3.464226E-002
   4.130000E+002   3.481819E-002
   4.140000E+002   3.499721E-002
   4.150000E+002   3.517918E-002
   4.160000E+002   3.536399E-002
   4.170000E+002   3.555150E-002
   4.180000E+002   3.574160E-002
   4.190000E+002   3.593416E-002
   4.200000E+002   3.612906E-002
   4.210000E+002   3.632617E-002
   4.220000E+002   3.652537E-002
   4.230000E+002   3.672653E-002
   4.240000E+002   3.692954E-002
   4.250000E+002   3.713426E-002
   4.260000E+002   3.734057E-002
   4.270000E+002   3.754835E-002
   4.280000E+002   3.775747E-002
   4.290000E+002   3.796781E-002
   4.300000E+002   3.817925E-002
   4.310000E+002   3.839166E-002
   4.320000E+002   3.860492E-002
   4.330000E+002   3.881889E-002
   4.340000E+002   3.903347E-002
   4.350000E+002   3.924852E-002
   4.360000E+002   3.946392E-002
   4.370000E+002   3.967955E-002
   4.380000E+002   3.989528E-002
   4.390000E+002   4.011099E-002
   4.400000E+002   4.032655E-002
   4.410000E+002   4.054184E-002
   4.420000E+002   4.075673E-002
   4.430000E+002   4.097111E-002
   4.440000E+002   4.118484E-002
   4.450000E+002   4.139781E-002
   4.460000E+002   4.160988E-002
   4.470000E+002   4.182094E-002
   4.480000E+002   4.203086E-002
   4.490000E+002   4.223952E-002
   4.500000E+002   4.244679E-002
   4.510000E+002   4.265255E-002
   4.520000E+002   4.285673E-002
   4.530000E+002   4.305926E-002
   4.540000E+002   4.326006E-002
   4.550000E+002   4.345907E-002
   4.560000E+002   4.365621E-002
   4.570000E+002   4.385142E-002
   4.580000E+002   4.404462E-002
   4.590000E+002   4.423573E-002
   4.600000E+002   4.442470E-002
   4.610000E+002   4.461145E-002
   4.620000E+002   4.479591E-002
   4.630000E+002   4.497801E-002
   4.640000E+002   4.515768E-002
   4.650000E+002   4.533484E-002
   4.660000E+002   4.550943E-002
   4.670000E+002   4.568137E-002
   4.680000E+002   4.585060E-002
   4.690000E+002   4.601704E-002
   4.700000E+002   4.618063E-002
   4.710000E+002   4.634128E-002
   4.720000E+002   4.649894E-002
   4.730000E+002   4.665353E-002
   4.740000E+002   4.680498E-002
   4.750000E+002   4.695322E-002
   4.760000E+002   4.709818E-002
   4.770000E+002   4.723978E-002
   4.780000E+002   4.737796E-002
   4.790000E+002   4.751265E-002
   4.800000E+002   4.764378E-002
   4.810000E+002   4.777126E-002
   4.820000E+002   4.789504E-002
   4.830000E+002   4.801505E-002
   4.840000E+002   4.813120E-002
   4.850000E+002   4.824344E-002
   4.860000E+002   4.835169E-002
   4.870000E+002   4.845588E-002
   4.880000E+002   4.855594E-002
   4.890000E+002   4.865179E-002
   4.900000E+002   4.874337E-002
   4.910000E+002   4.883061E-002
   4.920000E+002   4.891344E-002
   4.930000E+002   4.899178E-002
   4.940000E+002   4.906557E-002
   4.950000E+002   4.913472E-002
   4.960000E+002   4.919919E-002
   4.970000E+002   4.925888E-002
   4.980000E+002   4.931374E-002
   4.990000E+002   4.936368E-002
   5.000000E+002   4.940865E-002
   5.010000E+002   4.944858E-002
   5.020000E+002   4.948353E-002
   5.030000E+002   4.951354E-002
   5.040000E+002   4.953868E-002
   5.050000E+002   4.955900E-002
   5.060000E+002   4.957458E-002
   5.070000E+002   4.958545E-002
   5.080000E+002   4.959170E-002
   5.090000E+002   4.959336E-002
   5.100000E+002   4.959052E-002
   5.110000E+002   4.958321E-002
   5.120000E+002   4.957151E-002
   5.130000E+002   4.955547E-002
   5.140000E+002   4.953515E-002
   5.150000E+002   4.951061E-002
   5.160000E+002   4.948191E-002
   5.170000E+002   4.944912E-002
   5.180000E+002   4.941228E-002
   5.190000E+002   4.937146E-002
   5.200000E+002   4.932672E-002
   5.210000E+002   4.927811E-002
   5.220000E+002   4.922571E-002
   5.230000E+002   4.916956E-002
   5.240000E+002   4.910973E-002
   5.250000E+002   4.904627E-002
   5.260000E+002   4.897924E-002
   5.270000E+002   4.890872E-002
   5.280000E+002   4.883474E-002
   5.290000E+002   4.875738E-002
   5.300000E+002   4.867669E-002
   5.310000E+002   4.859273E-002
   5.320000E+002   4.850557E-002
   5.330000E+002   4.841525E-002
   5.340000E+002   4.832185E-002
   5.350000E+002   4.822541E-002
   5.360000E+002   4.812601E-002
   5.370000E+002   4.802369E-002
   5.380000E+002   4.791853E-002
   5.390000E+002   4.781056E-002
   5.400000E+002   4.769987E-002
   5.410000E+002   4.758650E-002
   5.420000E+002   4.747052E-002
   5.430000E+002   4.735199E-002
   5.440000E+002   4.723096E-002
   5.450000E+002   4.710749E-002
   5.460000E+002   4.698164E-002
   5.470000E+002   4.685348E-002
   5.480000E+002   4.672307E-002
   5.490000E+002   4.659045E-002
   5.500000E+002   4.645570E-002
   5.510000E+002   4.631887E-002
   5.520000E+002   4.618006E-002
   5.530000E+002   4.603936E-002
   5.540000E+002   4.589687E-002
   5.550000E+002   4.575268E-002
   5.560000E+002   4.560689E-002
   5.570000E+002   4.545960E-002
   5.580000E+002   4.531090E-002
   5.590000E+002   4.516089E-002
   5.600000E+002   4.500966E-002
   5.610000E+002   4.485730E-002
   5.620000E+002   4.470392E-002
   5.630000E+002   4.454962E-002
   5.640000E+002   4.439447E-002
   5.650000E+002   4.423859E-002
   5.660000E+002   4.408206E-002
   5.670000E+002   4.392499E-002
   5.680000E+002   4.376747E-002
   5.690000E+002   4.360959E-002
   5.700000E+002   4.345145E-002
   5.710000E+002   4.329315E-002
   5.720000E+002   4.313477E-002
   5.730000E+002   4.297643E-002
   5.740000E+002   4.281821E-002
   5.750000E+002   4.266020E-002
   5.760000E+002   4.250252E-002
   5.770000E+002   4.234524E-002
   5.780000E+002   4.218847E-002
   5.790000E+002   4.203230E-002
   5.800000E+002   4.187682E-002
   5.810000E+002   4.172215E-002
   5.820000E+002   4.156836E-002
   5.830000E+002   4.141555E-002
   5.840000E+002   4.126383E-002
   5.850000E+002   4.111328E-002
   5.860000E+002   4.096400E-002
   5.870000E+002   4.081609E-002
   5.880000E+002   4.066965E-002
   5.890000E+002   4.052476E-002
   5.900000E+002   4.038153E-002
   5.910000E+002   4.024005E-002
   5.920000E+002   4.010042E-002
   5.930000E+002   3.996273E-002
   5.940000E+002   3.982708E-002
   5.950000E+002   3.969356E-002
   5.960000E+002   3.956227E-002
   5.970000E+002   3.943330E-002
   5.980000E+002   3.930676E-002
   5.990000E+002   3.918274E-002
   6.000000E+002   3.906132E-002
   6.010000E+002   3.894260E-002
   6.020000E+002   3.882661E-002
   6.030000E+002   3.871337E-002
   6.040000E+002   3.860289E-002
   6.050000E+002   3.849520E-002
   6.060000E+002   3.839032E-002
   6.070000E+002   3.828826E-002
   6.080000E+002   3.818904E-002
   6.090000E+002   3.809269E-002
   6.100000E+002   3.799922E-002
   6.110000E+002   3.790865E-002
   6.120000E+002   3.782101E-002
   6.130000E+002   3.773630E-002
   6.140000E+002   3.765456E-002
   6.150000E+002   3.757579E-002
   6.160000E+002   3.750003E-002
   6.170000E+002   3.742728E-002
   6.180000E+002   3.735758E-002
   6.190000E+002   3.729093E-002
   6.200000E+002   3.722735E-002
   6.210000E+002   3.716688E-002
   6.220000E+002   3.710952E-002
   6.230000E+002   3.705529E-002
   6.240000E+002   3.700422E-002
   6.250000E+002   3.695632E-002
   6.260000E+002   3.691162E-002
   6.270000E+002   3.687013E-002
   6.280000E+002   3.683187E-002
   6.290000E+002   3.679687E-002
   6.300000E+002   3.676513E-002
   6.310000E+002   3.673669E-002
   6.320000E+002   3.671155E-002
   6.330000E+002   3.668975E-002
   6.340000E+002   3.667129E-002
   6.350000E+002   3.665620E-002
   6.360000E+002   3.664450E-002
   6.370000E+002   3.663620E-002
   6.380000E+002   3.663134E-002
   6.390000E+002   3.662991E-002
   6.400000E+002   3.663196E-002
   6.410000E+002   3.663748E-002
   6.420000E+002   3.664651E-002
   6.430000E+002   3.665907E-002
   6.440000E+002   3.667517E-002
   6.450000E+002   3.669483E-002
   6.460000E+002   3.671807E-002
   6.470000E+002   3.674491E-002
   6.480000E+002   3.677537E-002
   6.490000E+002   3.680947E-002
   6.500000E+002   3.684723E-002
   6.510000E+002   3.688867E-002
   6.520000E+002   3.693374E-002
   6.530000E+002   3.698243E-002
   6.540000E+002   3.703469E-002
   6.550000E+002   3.709049E-002
   6.560000E+002   3.714980E-002
   6.570000E+002   3.721258E-002
   6.580000E+002   3.727879E-002
   6.590000E+002   3.734841E-002
   6.600000E+002   3.742141E-002
   6.610000E+002   3.749773E-002
   6.620000E+002   3.757736E-002
   6.630000E+002   3.766025E-002
   6.640000E+002   3.774637E-002
   6.650000E+002   3.783569E-002
   6.660000E+002   3.792817E-002
   6.670000E+002   3.802378E-002
   6.680000E+002   3.812249E-002
   6.690000E+002   3.822425E-002
   6.700000E+002   3.832904E-002
   6.710000E+002   3.843682E-002
   6.720000E+002   3.854756E-002
   6.730000E+002   3.866121E-002
   6.740000E+002   3.877776E-002
   6.750000E+002   3.889716E-002
   6.760000E+002   3.901938E-002
   6.770000E+002   3.914438E-002
   6.780000E+002   3.927213E-002
   6.790000E+002   3.940260E-002
   6.800000E+002   3.953575E-002
   6.810000E+002   3.967154E-002
   6.820000E+002   3.980995E-002
   6.830000E+002   3.995093E-002
   6.840000E+002   4.009446E-002
   6.850000E+002   4.024050E-002
   6.860000E+002   4.038902E-002
   6.870000E+002   4.053997E-002
   6.880000E+002   4.069333E-002
   6.890000E+002   4.084906E-002
   6.900000E+002   4.100713E-002
   6.910000E+002   4.116750E-002
   6.920000E+002   4.133014E-002
   6.930000E+002   4.149501E-002
   6.940000E+002   4.166209E-002
   6.950000E+002   4.183132E-002
   6.960000E+002   4.200269E-002
   6.970000E+002   4.217616E-002
   6.980000E+002   4.235169E-002
   6.990000E+002   4.252924E-002
   7.000000E+002   4.270879E-002
   7.010000E+002   4.289029E-002
   7.020000E+002   4.307362E-002
   7.030000E+002   4.325868E-002
   7.040000E+002   4.344535E-002
   7.050000E+002   4.363351E-002
   7.060000E+002   4.382304E-002
   7.070000E+002   4.401382E-002
   7.080000E+002   4.420575E-002
   7.090000E+002   4.439869E-002
   7.100000E+002   4.459254E-002
   7.110000E+002   4.478718E-002
   7.120000E+002   4.498249E-002
   7.130000E+002   4.517835E-002
   7.140000E+002   4.537464E-002
   7.150000E+002   4.557126E-002
   7.160000E+002   4.576807E-002
   7.170000E+002   4.596497E-002
   7.180000E+002   4.616183E-002
   7.190000E+002   4.635855E-002
   7.200000E+002   4.655500E-002
   7.210000E+002   4.675106E-002
   7.220000E+002   4.694662E-002
   7.230000E+002   4.714156E-002
   7.240000E+002   4.733576E-002
   7.250000E+002   4.752911E-002
   7.260000E+002   4.772149E-002
   7.270000E+002   4.791278E-002
   7.280000E+002   4.810287E-002
   7.290000E+002   4.829163E-002
   7.300000E+002   4.847896E-002
   7.310000E+002   4.866472E-002
   7.320000E+002   4.884882E-002
   7.330000E+002   4.903112E-002
   7.340000E+002   4.921151E-002
   7.350000E+002   4.938988E-002
   7.360000E+002   4.956611E-002
   7.370000E+002   4.974007E-002
   7.380000E+002   4.991166E-002
   7.390000E+002   5.008076E-002
   7.400000E+002   5.024724E-002
   7.410000E+002   5.041100E-002
   7.420000E+002   5.057190E-002
   7.430000E+002   5.072985E-002
   7.440000E+002   5.088471E-002
   7.450000E+002   5.103638E-002
   7.460000E+002   5.118473E-002
   7.470000E+002   5.132966E-002
   7.480000E+002   5.147103E-002
   7.490000E+002   5.160873E-002
   7.500000E+002   5.174266E-002
   7.510000E+002   5.187270E-002
   7.520000E+002   5.199881E-002
   7.530000E+002   5.212099E-002
   7.540000E+002   5.223920E-002
   7.550000E+002   5.235343E-002
   7.560000E+002   5.246366E-002
   7.570000E+002   5.256987E-002
   7.580000E+002   5.267203E-002
   7.590000E+002   5.277013E-002
   7.600000E+002   5.286414E-002
   7.610000E+002   5.295405E-002
   7.620000E+002   5.303983E-002
   7.630000E+002   5.312146E-002
   7.640000E+002   5.319893E-002
   7.650000E+002   5.327221E-002
   7.660000E+002   5.334128E-002
   7.670000E+002   5.340613E-002
   7.680000E+002   5.346673E-002
   7.690000E+002   5.352306E-002
   7.700000E+002   5.357509E-002
   7.710000E+002   5.362282E-002
   7.720000E+002   5.366622E-002
   7.730000E+002   5.370527E-002
   7.740000E+002   5.373994E-002
   7.750000E+002   5.377023E-002
   7.760000E+002   5.379610E-002
   7.770000E+002   5.381754E-002
   7.780000E+002   5.383452E-002
   7.790000E+002   5.384704E-002
   7.800000E+002   5.385505E-002
   7.810000E+002   5.385856E-002
   7.820000E+002   5.385752E-002
   7.830000E+002   5.385194E-002
   7.840000E+002   5.384177E-002
   7.850000E+002   5.382701E-002
   7.860000E+002   5.380764E-002
   7.870000E+002   5.378362E-002
   7.880000E+002   5.375495E-002
   7.890000E+002   5.372160E-002
   7.900000E+002   5.368355E-002
   7.910000E+002   5.364078E-002
   7.920000E+002   5.359327E-002
   7.930000E+002   5.354100E-002
   7.940000E+002   5.348395E-002
   7.950000E+002   5.342210E-002
   7.960000E+002   5.335543E-002
   7.970000E+002   5.328391E-002
   7.980000E+002   5.320753E-002
   7.990000E+002   5.312627E-002
   8.000000E+002   5.304011E-002
   8.010000E+002   5.294904E-002
   8.020000E+002   5.285314E-002
   8.030000E+002   5.275250E-002
   8.040000E+002   5.264722E-002
   8.050000E+002   5.253738E-002
   8.060000E+002   5.242309E-002
   8.070000E+002   5.230443E-002
   8.080000E+002   5.218150E-002
   8.090000E+002   5.205439E-002
   8.100000E+002   5.192320E-002
   8.110000E+002   5.178801E-002
   8.120000E+002   5.164892E-002
   8.130000E+002   5.150602E-002
   8.140000E+002   5.135942E-002
   8.150000E+002   5.120919E-002
   8.160000E+002   5.105543E-002
   8.170000E+002   5.089824E-002
   8.180000E+002   5.073771E-002
   8.190000E+002   5.057393E-002
   8.200000E+002   5.040700E-002
   8.210000E+002   5.023701E-002
   8.220000E+002   5.006404E-002
   8.230000E+002   4.988821E-002
   8.240000E+002   4.970958E-002
   8.250000E+002   4.952828E-002
   8.260000E+002   4.934437E-002
   8.270000E+002   4.915796E-002
   8.280000E+002   4.896914E-002
   8.290000E+002   4.877801E-002
   8.300000E+002   4.858465E-002
   8.310000E+002   4.838916E-002
   8.320000E+002   4.819164E-002
   8.330000E+002   4.799217E-002
   8.340000E+002   4.779085E-002
   8.350000E+002   4.758777E-002
   8.360000E+002   4.738302E-002
   8.370000E+002   4.717671E-002
   8.380000E+002   4.696892E-002
   8.390000E+002   4.675974E-002
   8.400000E+002   4.654927E-002
   8.410000E+002   4.633760E-002
   8.420000E+002   4.612482E-002
   8.430000E+002   4.591103E-002
   8.440000E+002   4.569632E-002
   8.450000E+002   4.548079E-002
   8.460000E+002   4.526452E-002
   8.470000E+002   4.504761E-002
   8.480000E+002   4.483016E-002
   8.490000E+002   4.461225E-002
   8.500000E+002   4.439398E-002
   8.510000E+002   4.417543E-002
   8.520000E+002   4.395668E-002
   8.530000E+002   4.373777E-002
   8.540000E+002   4.351877E-002
   8.550000E+002   4.329974E-002
   8.560000E+002   4.308073E-002
   8.570000E+002   4.286180E-002
   8.580000E+002   4.264300E-002
   8.590000E+002   4.242441E-002
   8.600000E+002   4.220607E-002
   8.610000E+002   4.198805E-002
   8.620000E+002   4.177040E-002
   8.630000E+002   4.155318E-002
   8.640000E+002   4.133644E-002
   8.650000E+002   4.112025E-002
   8.660000E+002   4.090467E-002
   8.670000E+002   4.068975E-002
   8.680000E+002   4.047555E-002
   8.690000E+002   4.026213E-002
   8.700000E+002   4.004955E-002
   8.710000E+002   3.983787E-002
   8.720000E+002   3.962713E-002
   8.730000E+002   3.941741E-002
   8.740000E+002   3.920876E-002
   8.750000E+002   3.900124E-002
   8.760000E+002   3.879490E-002
   8.770000E+002   3.858981E-002
   8.780000E+002   3.838602E-002
   8.790000E+002   3.818359E-002
   8.800000E+002   3.798258E-002
   8.810000E+002   3.778305E-002
   8.820000E+002   3.758505E-002
   8.830000E+002   3.738864E-002
   8.840000E+002   3.719389E-002
   8.850000E+002   3.700085E-002
   8.860000E+002   3.680958E-002
   8.870000E+002   3.662013E-002
   8.880000E+002   3.643256E-002
   8.890000E+002   3.624694E-002
   8.900000E+002   3.606332E-002
   8.910000E+002   3.588176E-002
   8.920000E+002   3.570231E-002
   8.930000E+002   3.552504E-002
   8.940000E+002   3.535001E-002
   8.950000E+002   3.517726E-002
   8.960000E+002   3.500686E-002
   8.970000E+002   3.483888E-002
   8.980000E+002   3.467335E-002
   8.990000E+002   3.451036E-002
   9.000000E+002   3.434994E-002
   9.010000E+002   3.419216E-002
   9.020000E+002   3.403704E-002
   9.030000E+002   3.388462E-002
   9.040000E+002   3.373490E-002
   9.050000E+002   3.358793E-002
   9.060000E+002   3.344371E-002
   9.070000E+002   3.330228E-002
   9.080000E+002   3.316366E-002
   9.090000E+002   3.302788E-002
   9.100000E+002   3.289495E-002
   9.110000E+002   3.276491E-002
   9.120000E+002   3.263777E-002
   9.130000E+002   3.251356E-002
   9.140000E+002   3.239231E-002
   9.150000E+002   3.227404E-002
   9.160000E+002   3.215878E-002
   9.170000E+002   3.204654E-002
   9.180000E+002   3.193735E-002
   9.190000E+002   3.183124E-002
   9.200000E+002   3.172823E-002
   9.210000E+002   3.162835E-002
   9.220000E+002   3.153161E-002
   9.230000E+002   3.143805E-002
   9.240000E+002   3.134769E-002
   9.250000E+002   3.126055E-002
   9.260000E+002   3.117665E-002
   9.270000E+002   3.109602E-002
   9.280000E+002   3.101869E-002
   9.290000E+002   3.094468E-002
   9.300000E+002   3.087401E-002
   9.310000E+002   3.080671E-002
   9.320000E+002   3.074280E-002
   9.330000E+002   3.068231E-002
   9.340000E+002   3.062525E-002
   9.350000E+002   3.057166E-002
   9.360000E+002   3.052156E-002
   9.370000E+002   3.047497E-002
   9.380000E+002   3.043192E-002
   9.390000E+002   3.039242E-002
   9.400000E+002   3.035652E-002
   9.410000E+002   3.032422E-002
   9.420000E+002   3.029556E-002
   9.430000E+002   3.027055E-002
   9.440000E+002   3.024923E-002
   9.450000E+002   3.023161E-002
   9.460000E+002   3.021773E-002
   9.470000E+002   3.020760E-002
   9.480000E+002   3.020125E-002
   9.490000E+002   3.019870E-002
   9.500000E+002   3.019998E-002
   9.510000E+002   3.020509E-002
   9.520000E+002   3.021397E-002
   9.530000E+002   3.022653E-002
   9.540000E+002   3.024269E-002
   9.550000E+002   3.026237E-002
   9.560000E+002   3.028547E-002
   9.570000E+002   3.031192E-002
   9.580000E+002   3.034163E-002
   9.590000E+002   3.037452E-002
   9.600000E+002   3.041050E-002
   9.610000E+002   3.044948E-002
   9.620000E+002   3.049139E-002
   9.630000E+002   3.053614E-002
   9.640000E+002   3.058364E-002
   9.650000E+002   3.063381E-002
   9.660000E+002   3.068656E-002
   9.670000E+002   3.074182E-002
   9.680000E+002   3.079949E-002
   9.690000E+002   3.085949E-002
   9.700000E+002   3.092174E-002
   9.710000E+002   3.098615E-002
   9.720000E+002   3.105264E-002
   9.730000E+002   3.112113E-002
   9.740000E+002   3.119152E-002
   9.750000E+002   3.126374E-002
   9.760000E+002   3.133770E-002
   9.770000E+002   3.141331E-002
   9.780000E+002   3.149049E-002
   9.790000E+002   3.156917E-002
   9.800000E+002   3.164924E-002
   9.810000E+002   3.173063E-002
   9.820000E+002   3.181326E-002
   9.830000E+002   3.189704E-002
   9.840000E+002   3.198188E-002
   9.850000E+002   3.206770E-002
   9.860000E+002   3.215441E-002
   9.870000E+002   3.224194E-002
   9.880000E+002   3.233020E-002
   9.890000E+002   3.241909E-002
   9.900000E+002   3.250855E-002
   9.910000E+002   3.259847E-002
   9.920000E+002   3.268879E-002
   9.930000E+002   3.277941E-002
   9.940000E+002   3.287025E-002
   9.950000E+002   3.296123E-002
   9.960000E+002   3.305226E-002
   9.970000E+002   3.314325E-002
   9.980000E+002   3.323413E-002
   9.990000E+002   3.332481E-002
   1.000000E+003   3.341519E-002
   1.001000E+003   3.350522E-002
   1.002000E+003   3.359486E-002
   1.003000E+003   3.368410E-002
   1.004000E+003   3.377293E-002
   1.005000E+003   3.386132E-002
   1.006000E+003   3.394926E-002
   1.007000E+003   3.403673E-002
   1.008000E+003   3.412373E-002
   1.009000E+003   3.421023E-002
   1.010000E+003   3.429623E-002
   1.011000E+003   3.438169E-002
   1.012000E+003   3.446662E-002
   1.013000E+003   3.455099E-002
   1.014000E+003   3.463478E-002
   1.015000E+003   3.471799E-002
   1.016000E+003   3.480060E-002
   1.017000E+003   3.488258E-002
   1.018000E+003   3.496394E-002
   1.019000E+003   3.504464E-002
   1.020000E+003   3.512468E-002
   1.021000E+003   3.520404E-002
   1.022000E+003   3.528270E-002
   1.023000E+003   3.536065E-002
   1.024000E+003   3.543787E-002
   1.025000E+003   3.551436E-002
   1.026000E+003   3.559008E-002
   1.027000E+003   3.566503E-002
   1.028000E+003   3.573919E-002
   1.029000E+003   3.581255E-002
   1.030000E+003   3.588509E-002
   1.031000E+003   3.595679E-002
   1.032000E+003   3.602765E-002
   1.033000E+003   3.609763E-002
   1.034000E+003   3.616674E-002
   1.035000E+003   3.623495E-002
   1.036000E+003   3.630224E-002
   1.037000E+003   3.636861E-002
   1.038000E+003   3.643404E-002
   1.039000E+003   3.649850E-002
   1.040000E+003   3.656200E-002
   1.041000E+003   3.662450E-002
   1.042000E+003   3.668600E-002
   1.043000E+003   3.674647E-002
   1.044000E+003   3.680591E-002
   1.045000E+003   3.686430E-002
   1.046000E+003   3.692163E-002
   1.047000E+003   3.697787E-002
   1.048000E+003   3.703301E-002
   1.049000E+003   3.708704E-002
   1.050000E+003   3.713994E-002
   1.051000E+003   3.719169E-002
   1.052000E+003   3.724225E-002
   1.053000E+003   3.729156E-002
   1.054000E+003   3.733960E-002
   1.055000E+003   3.738630E-002
   1.056000E+003   3.743162E-002
   1.057000E+003   3.747551E-002
   1.058000E+003   3.751792E-002
   1.059000E+003   3.755882E-002
   1.060000E+003   3.759814E-002
   1.061000E+003   3.763584E-002
   1.062000E+003   3.767188E-002
   1.063000E+003   3.770621E-002
   1.064000E+003   3.773878E-002
   1.065000E+003   3.776954E-002
   1.066000E+003   3.779845E-002
   1.067000E+003   3.782546E-002
   1.068000E+003   3.785052E-002
   1.069000E+003   3.787358E-002
   1.070000E+003   3.789460E-002
   1.071000E+003   3.791353E-002
   1.072000E+003   3.793032E-002
   1.073000E+003   3.794493E-002
   1.074000E+003   3.795730E-002
   1.075000E+003   3.796740E-002
   1.076000E+003   3.797516E-002
   1.077000E+003   3.798055E-002
   1.078000E+003   3.798353E-002
   1.079000E+003   3.798403E-002
   1.080000E+003   3.798201E-002
   1.081000E+003   3.797744E-002
   1.082000E+003   3.797025E-002
   1.083000E+003   3.796040E-002
   1.084000E+003   3.794785E-002
   1.085000E+003   3.793254E-002
   1.086000E+003   3.791444E-002
   1.087000E+003   3.789348E-002
   1.088000E+003   3.786964E-002
   1.089000E+003   3.784285E-002
   1.090000E+003   3.781307E-002
   1.091000E+003   3.778025E-002
   1.092000E+003   3.774435E-002
   1.093000E+003   3.770532E-002
   1.094000E+003   3.766311E-002
   1.095000E+003   3.761768E-002
   1.096000E+003   3.756897E-002
   1.097000E+003   3.751694E-002
   1.098000E+003   3.746154E-002
   1.099000E+003   3.740273E-002
   1.100000E+003   3.734046E-002
   1.101000E+003   3.727470E-002
   1.102000E+003   3.720553E-002
   1.103000E+003   3.713306E-002
   1.104000E+003   3.705738E-002
   1.105000E+003   3.697860E-002
   1.106000E+003   3.689683E-002
   1.107000E+003   3.681216E-002
   1.108000E+003   3.672469E-002
   1.109000E+003   3.663453E-002
   1.110000E+003   3.654179E-002
   1.111000E+003   3.644655E-002
   1.112000E+003   3.634893E-002
   1.113000E+003   3.624902E-002
   1.114000E+003   3.614694E-002
   1.115000E+003   3.604277E-002
   1.116000E+003   3.593663E-002
   1.117000E+003   3.582862E-002
   1.118000E+003   3.571883E-002
   1.119000E+003   3.560737E-002
   1.120000E+003   3.549435E-002
   1.121000E+003   3.537985E-002
   1.122000E+003   3.526400E-002
   1.123000E+003   3.514688E-002
   1.124000E+003   3.502861E-002
   1.125000E+003   3.490928E-002
   1.126000E+003   3.478899E-002
   1.127000E+003   3.466785E-002
   1.128000E+003   3.454596E-002
   1.129000E+003   3.442343E-002
   1.130000E+003   3.430035E-002
   1.131000E+003   3.417682E-002
   1.132000E+003   3.405295E-002
   1.133000E+003   3.392885E-002
   1.134000E+003   3.380460E-002
   1.135000E+003   3.368033E-002
   1.136000E+003   3.355612E-002
   1.137000E+003   3.343208E-002
   1.138000E+003   3.330831E-002
   1.139000E+003   3.318491E-002
   1.140000E+003   3.306199E-002
   1.141000E+003   3.293965E-002
   1.142000E+003   3.281800E-002
   1.143000E+003   3.269712E-002
   1.144000E+003   3.257713E-002
   1.145000E+003   3.245813E-002
   1.146000E+003   3.234021E-002
   1.147000E+003   3.222349E-002
   1.148000E+003   3.210806E-002
   1.149000E+003   3.199403E-002
   1.150000E+003   3.188150E-002
   1.151000E+003   3.177054E-002
   1.152000E+003   3.166116E-002
   1.153000E+003   3.155331E-002
   1.154000E+003   3.144696E-002
   1.155000E+003   3.134209E-002
   1.156000E+003   3.123866E-002
   1.157000E+003   3.113664E-002
   1.158000E+003   3.103599E-002
   1.159000E+003   3.093669E-002
   1.160000E+003   3.083870E-002
   1.161000E+003   3.074199E-002
   1.162000E+003   3.064653E-002
   1.163000E+003   3.055228E-002
   1.164000E+003   3.045922E-002
   1.165000E+003   3.036732E-002
   1.166000E+003   3.027653E-002
   1.167000E+003   3.018683E-002
   1.168000E+003   3.009819E-002
   1.169000E+003   3.001057E-002
   1.170000E+003   2.992395E-002
   1.171000E+003   2.983828E-002
   1.172000E+003   2.975355E-002
   1.173000E+003   2.966971E-002
   1.174000E+003   2.958673E-002
   1.175000E+003   2.950459E-002
   1.176000E+003   2.942325E-002
   1.177000E+003   2.934267E-002
   1.178000E+003   2.926283E-002
   1.179000E+003   2.918370E-002
   1.180000E+003   2.910524E-002
   1.181000E+003   2.902742E-002
   1.182000E+003   2.895020E-002
   1.183000E+003   2.887357E-002
   1.184000E+003   2.879747E-002
   1.185000E+003   2.872189E-002
   1.186000E+003   2.864679E-002
   1.187000E+003   2.857214E-002
   1.188000E+003   2.849790E-002
   1.189000E+003   2.842405E-002
   1.190000E+003   2.835055E-002
   1.191000E+003   2.827737E-002
   1.192000E+003   2.820448E-002
   1.193000E+003   2.813185E-002
   1.194000E+003   2.805944E-002
   1.195000E+003   2.798722E-002
   1.196000E+003   2.791516E-002
   1.197000E+003   2.784323E-002
   1.198000E+003   2.777139E-002
   1.199000E+003   2.769962E-002
   1.200000E+003   2.762788E-002
   1.201000E+003   2.755614E-002
