   2.000000E+000   2.398737E-002
   3.000000E+000   1.557566E-002
   4.000000E+000   1.386031E-002
   5.000000E+000   1.358331E-002
   6.000000E+000   1.323707E-002
   7.000000E+000   1.304369E-002
   8.000000E+000   1.295601E-002
   9.000000E+000   1.288580E-002
   1.000000E+001   1.284986E-002
   1.100000E+001   1.287593E-002
   1.200000E+001   1.293031E-002
   1.300000E+001   1.297356E-002
   1.400000E+001   1.300460E-002
   1.500000E+001   1.303194E-002
   1.600000E+001   1.306276E-002
   1.700000E+001   1.309890E-002
   1.800000E+001   1.314085E-002
   1.900000E+001   1.318911E-002
   2.000000E+001   1.324418E-002
   2.100000E+001   1.330635E-002
   2.200000E+001   1.337508E-002
   2.300000E+001   1.344964E-002
   2.400000E+001   1.352927E-002
   2.500000E+001   1.361322E-002
   2.600000E+001   1.370076E-002
   2.700000E+001   1.379114E-002
   2.800000E+001   1.388361E-002
   2.900000E+001   1.397743E-002
   3.000000E+001   1.407185E-002
   3.100000E+001   1.416629E-002
   3.200000E+001   1.426086E-002
   3.300000E+001   1.435582E-002
   3.400000E+001   1.445142E-002
   3.500000E+001   1.454794E-002
   3.600000E+001   1.464565E-002
   3.700000E+001   1.474479E-002
   3.800000E+001   1.484565E-002
   3.900000E+001   1.494848E-002
   4.000000E+001   1.505356E-002
   4.100000E+001   1.516109E-002
   4.200000E+001   1.527113E-002
   4.300000E+001   1.538368E-002
   4.400000E+001   1.549874E-002
   4.500000E+001   1.561631E-002
   4.600000E+001   1.573639E-002
   4.700000E+001   1.585899E-002
   4.800000E+001   1.598411E-002
   4.900000E+001   1.611175E-002
   5.000000E+001   1.624191E-002
   5.100000E+001   1.637462E-002
   5.200000E+001   1.651000E-002
   5.300000E+001   1.664819E-002
   5.400000E+001   1.678933E-002
   5.500000E+001   1.693357E-002
   5.600000E+001   1.708105E-002
   5.700000E+001   1.723192E-002
   5.800000E+001   1.738631E-002
   5.900000E+001   1.754438E-002
   6.000000E+001   1.770627E-002
   6.100000E+001   1.787210E-002
   6.200000E+001   1.804193E-002
   6.300000E+001   1.821583E-002
   6.400000E+001   1.839383E-002
   6.500000E+001   1.857600E-002
   6.600000E+001   1.876237E-002
   6.700000E+001   1.895300E-002
   6.800000E+001   1.914793E-002
   6.900000E+001   1.934723E-002
   7.000000E+001   1.955093E-002
   7.100000E+001   1.975909E-002
   7.200000E+001   1.997179E-002
   7.300000E+001   2.018910E-002
   7.400000E+001   2.041111E-002
   7.500000E+001   2.063789E-002
   7.600000E+001   2.086952E-002
   7.700000E+001   2.110608E-002
   7.800000E+001   2.134766E-002
   7.900000E+001   2.159432E-002
   8.000000E+001   2.184614E-002
   8.100000E+001   2.210320E-002
   8.200000E+001   2.236547E-002
   8.300000E+001   2.263291E-002
   8.400000E+001   2.290551E-002
   8.500000E+001   2.318322E-002
   8.600000E+001   2.346601E-002
   8.700000E+001   2.375384E-002
   8.800000E+001   2.404670E-002
   8.900000E+001   2.434453E-002
   9.000000E+001   2.464731E-002
   9.100000E+001   2.495500E-002
   9.200000E+001   2.526757E-002
   9.300000E+001   2.558497E-002
   9.400000E+001   2.590717E-002
   9.500000E+001   2.623412E-002
   9.600000E+001   2.656578E-002
   9.700000E+001   2.690212E-002
   9.800000E+001   2.724309E-002
   9.900000E+001   2.758864E-002
   1.000000E+002   2.793875E-002
   1.010000E+002   2.829337E-002
   1.020000E+002   2.865243E-002
   1.030000E+002   2.901588E-002
   1.040000E+002   2.938365E-002
   1.050000E+002   2.975567E-002
   1.060000E+002   3.013188E-002
   1.070000E+002   3.051222E-002
   1.080000E+002   3.089662E-002
   1.090000E+002   3.128503E-002
   1.100000E+002   3.167736E-002
   1.110000E+002   3.207357E-002
   1.120000E+002   3.247359E-002
   1.130000E+002   3.287735E-002
   1.140000E+002   3.328480E-002
   1.150000E+002   3.369585E-002
   1.160000E+002   3.411047E-002
   1.170000E+002   3.452856E-002
   1.180000E+002   3.495009E-002
   1.190000E+002   3.537497E-002
   1.200000E+002   3.580315E-002
   1.210000E+002   3.623455E-002
   1.220000E+002   3.666899E-002
   1.230000E+002   3.710629E-002
   1.240000E+002   3.754626E-002
   1.250000E+002   3.798872E-002
   1.260000E+002   3.843348E-002
   1.270000E+002   3.888036E-002
   1.280000E+002   3.932917E-002
   1.290000E+002   3.977972E-002
   1.300000E+002   4.023182E-002
   1.310000E+002   4.068530E-002
   1.320000E+002   4.113996E-002
   1.330000E+002   4.159561E-002
   1.340000E+002   4.205208E-002
   1.350000E+002   4.250917E-002
   1.360000E+002   4.296670E-002
   1.370000E+002   4.342448E-002
   1.380000E+002   4.388233E-002
   1.390000E+002   4.434006E-002
   1.400000E+002   4.479748E-002
   1.410000E+002   4.525441E-002
   1.420000E+002   4.571071E-002
   1.430000E+002   4.616623E-002
   1.440000E+002   4.662084E-002
   1.450000E+002   4.707439E-002
   1.460000E+002   4.752673E-002
   1.470000E+002   4.797774E-002
   1.480000E+002   4.842726E-002
   1.490000E+002   4.887515E-002
   1.500000E+002   4.932128E-002
   1.510000E+002   4.976550E-002
   1.520000E+002   5.020767E-002
   1.530000E+002   5.064765E-002
   1.540000E+002   5.108530E-002
   1.550000E+002   5.152047E-002
   1.560000E+002   5.195303E-002
   1.570000E+002   5.238283E-002
   1.580000E+002   5.280973E-002
   1.590000E+002   5.323359E-002
   1.600000E+002   5.365427E-002
   1.610000E+002   5.407163E-002
   1.620000E+002   5.448554E-002
   1.630000E+002   5.489589E-002
   1.640000E+002   5.530254E-002
   1.650000E+002   5.570538E-002
   1.660000E+002   5.610429E-002
   1.670000E+002   5.649913E-002
   1.680000E+002   5.688980E-002
   1.690000E+002   5.727616E-002
   1.700000E+002   5.765810E-002
   1.710000E+002   5.803548E-002
   1.720000E+002   5.840820E-002
   1.730000E+002   5.877612E-002
   1.740000E+002   5.913912E-002
   1.750000E+002   5.949709E-002
   1.760000E+002   5.984989E-002
   1.770000E+002   6.019741E-002
   1.780000E+002   6.053952E-002
   1.790000E+002   6.087611E-002
   1.800000E+002   6.120704E-002
   1.810000E+002   6.153220E-002
   1.820000E+002   6.185150E-002
   1.830000E+002   6.216483E-002
   1.840000E+002   6.247210E-002
   1.850000E+002   6.277322E-002
   1.860000E+002   6.306810E-002
   1.870000E+002   6.335664E-002
   1.880000E+002   6.363875E-002
   1.890000E+002   6.391433E-002
   1.900000E+002   6.418329E-002
   1.910000E+002   6.444553E-002
   1.920000E+002   6.470097E-002
   1.930000E+002   6.494950E-002
   1.940000E+002   6.519104E-002
   1.950000E+002   6.542548E-002
   1.960000E+002   6.565274E-002
   1.970000E+002   6.587271E-002
   1.980000E+002   6.608532E-002
   1.990000E+002   6.629045E-002
   2.000000E+002   6.648803E-002
   2.010000E+002   6.667795E-002
   2.020000E+002   6.686011E-002
   2.030000E+002   6.703440E-002
   2.040000E+002   6.720074E-002
   2.050000E+002   6.735901E-002
   2.060000E+002   6.750911E-002
   2.070000E+002   6.765094E-002
   2.080000E+002   6.778440E-002
   2.090000E+002   6.790938E-002
   2.100000E+002   6.802579E-002
   2.110000E+002   6.813351E-002
   2.120000E+002   6.823246E-002
   2.130000E+002   6.832251E-002
   2.140000E+002   6.840358E-002
   2.150000E+002   6.847556E-002
   2.160000E+002   6.853835E-002
   2.170000E+002   6.859184E-002
   2.180000E+002   6.863594E-002
   2.190000E+002   6.867053E-002
   2.200000E+002   6.869552E-002
   2.210000E+002   6.871081E-002
   2.220000E+002   6.871629E-002
   2.230000E+002   6.871186E-002
   2.240000E+002   6.869742E-002
   2.250000E+002   6.867287E-002
   2.260000E+002   6.863815E-002
   2.270000E+002   6.859343E-002
   2.280000E+002   6.853892E-002
   2.290000E+002   6.847485E-002
   2.300000E+002   6.840141E-002
   2.310000E+002   6.831884E-002
   2.320000E+002   6.822734E-002
   2.330000E+002   6.812713E-002
   2.340000E+002   6.801843E-002
   2.350000E+002   6.790145E-002
   2.360000E+002   6.777641E-002
   2.370000E+002   6.764352E-002
   2.380000E+002   6.750299E-002
   2.390000E+002   6.735505E-002
   2.400000E+002   6.719990E-002
   2.410000E+002   6.703777E-002
   2.420000E+002   6.686887E-002
   2.430000E+002   6.669341E-002
   2.440000E+002   6.651161E-002
   2.450000E+002   6.632368E-002
   2.460000E+002   6.612984E-002
   2.470000E+002   6.593031E-002
   2.480000E+002   6.572530E-002
   2.490000E+002   6.551502E-002
   2.500000E+002   6.529970E-002
   2.510000E+002   6.507950E-002
   2.520000E+002   6.485446E-002
   2.530000E+002   6.462456E-002
   2.540000E+002   6.438980E-002
   2.550000E+002   6.415015E-002
   2.560000E+002   6.390562E-002
   2.570000E+002   6.365618E-002
   2.580000E+002   6.340183E-002
   2.590000E+002   6.314255E-002
   2.600000E+002   6.287834E-002
   2.610000E+002   6.260918E-002
   2.620000E+002   6.233506E-002
   2.630000E+002   6.205597E-002
   2.640000E+002   6.177190E-002
   2.650000E+002   6.148283E-002
   2.660000E+002   6.118876E-002
   2.670000E+002   6.088968E-002
   2.680000E+002   6.058557E-002
   2.690000E+002   6.027641E-002
   2.700000E+002   5.996221E-002
   2.710000E+002   5.964295E-002
   2.720000E+002   5.931861E-002
   2.730000E+002   5.898919E-002
   2.740000E+002   5.865467E-002
   2.750000E+002   5.831504E-002
   2.760000E+002   5.797035E-002
   2.770000E+002   5.762081E-002
   2.780000E+002   5.726672E-002
   2.790000E+002   5.690836E-002
   2.800000E+002   5.654600E-002
   2.810000E+002   5.617994E-002
   2.820000E+002   5.581044E-002
   2.830000E+002   5.543779E-002
   2.840000E+002   5.506227E-002
   2.850000E+002   5.468417E-002
   2.860000E+002   5.430376E-002
   2.870000E+002   5.392132E-002
   2.880000E+002   5.353715E-002
   2.890000E+002   5.315151E-002
   2.900000E+002   5.276470E-002
   2.910000E+002   5.237698E-002
   2.920000E+002   5.198865E-002
   2.930000E+002   5.159998E-002
   2.940000E+002   5.121126E-002
   2.950000E+002   5.082277E-002
   2.960000E+002   5.043478E-002
   2.970000E+002   5.004759E-002
   2.980000E+002   4.966146E-002
   2.990000E+002   4.927669E-002
   3.000000E+002   4.889355E-002
   3.010000E+002   4.851229E-002
   3.020000E+002   4.813304E-002
   3.030000E+002   4.775588E-002
   3.040000E+002   4.738090E-002
   3.050000E+002   4.700819E-002
   3.060000E+002   4.663784E-002
   3.070000E+002   4.626993E-002
   3.080000E+002   4.590456E-002
   3.090000E+002   4.554181E-002
   3.100000E+002   4.518177E-002
   3.110000E+002   4.482454E-002
   3.120000E+002   4.447019E-002
   3.130000E+002   4.411881E-002
   3.140000E+002   4.377051E-002
   3.150000E+002   4.342535E-002
   3.160000E+002   4.308344E-002
   3.170000E+002   4.274486E-002
   3.180000E+002   4.240970E-002
   3.190000E+002   4.207805E-002
   3.200000E+002   4.175000E-002
   3.210000E+002   4.142563E-002
   3.220000E+002   4.110503E-002
   3.230000E+002   4.078829E-002
   3.240000E+002   4.047551E-002
   3.250000E+002   4.016676E-002
   3.260000E+002   3.986214E-002
   3.270000E+002   3.956174E-002
   3.280000E+002   3.926564E-002
   3.290000E+002   3.897393E-002
   3.300000E+002   3.868670E-002
   3.310000E+002   3.840405E-002
   3.320000E+002   3.812605E-002
   3.330000E+002   3.785280E-002
   3.340000E+002   3.758438E-002
   3.350000E+002   3.732089E-002
   3.360000E+002   3.706241E-002
   3.370000E+002   3.680903E-002
   3.380000E+002   3.656084E-002
   3.390000E+002   3.631792E-002
   3.400000E+002   3.608038E-002
   3.410000E+002   3.584828E-002
   3.420000E+002   3.562173E-002
   3.430000E+002   3.540082E-002
   3.440000E+002   3.518562E-002
   3.450000E+002   3.497623E-002
   3.460000E+002   3.477273E-002
   3.470000E+002   3.457523E-002
   3.480000E+002   3.438379E-002
   3.490000E+002   3.419852E-002
   3.500000E+002   3.401950E-002
   3.510000E+002   3.384680E-002
   3.520000E+002   3.368042E-002
   3.530000E+002   3.352035E-002
   3.540000E+002   3.336655E-002
   3.550000E+002   3.321902E-002
   3.560000E+002   3.307774E-002
   3.570000E+002   3.294268E-002
   3.580000E+002   3.281383E-002
   3.590000E+002   3.269118E-002
   3.600000E+002   3.257469E-002
   3.610000E+002   3.246435E-002
   3.620000E+002   3.236015E-002
   3.630000E+002   3.226206E-002
   3.640000E+002   3.217007E-002
   3.650000E+002   3.208415E-002
   3.660000E+002   3.200430E-002
   3.670000E+002   3.193048E-002
   3.680000E+002   3.186269E-002
   3.690000E+002   3.180089E-002
   3.700000E+002   3.174508E-002
   3.710000E+002   3.169524E-002
   3.720000E+002   3.165134E-002
   3.730000E+002   3.161337E-002
   3.740000E+002   3.158130E-002
   3.750000E+002   3.155513E-002
   3.760000E+002   3.153483E-002
   3.770000E+002   3.152038E-002
   3.780000E+002   3.151176E-002
   3.790000E+002   3.150896E-002
   3.800000E+002   3.151196E-002
   3.810000E+002   3.152073E-002
   3.820000E+002   3.153526E-002
   3.830000E+002   3.155554E-002
   3.840000E+002   3.158153E-002
   3.850000E+002   3.161323E-002
   3.860000E+002   3.165061E-002
   3.870000E+002   3.169365E-002
   3.880000E+002   3.174234E-002
   3.890000E+002   3.179666E-002
   3.900000E+002   3.185659E-002
   3.910000E+002   3.192211E-002
   3.920000E+002   3.199320E-002
   3.930000E+002   3.206985E-002
   3.940000E+002   3.215202E-002
   3.950000E+002   3.223972E-002
   3.960000E+002   3.233291E-002
   3.970000E+002   3.243157E-002
   3.980000E+002   3.253570E-002
   3.990000E+002   3.264527E-002
   4.000000E+002   3.276026E-002
   4.010000E+002   3.288063E-002
   4.020000E+002   3.300627E-002
   4.030000E+002   3.313702E-002
   4.040000E+002   3.327277E-002
   4.050000E+002   3.341336E-002
   4.060000E+002   3.355865E-002
   4.070000E+002   3.370850E-002
   4.080000E+002   3.386279E-002
   4.090000E+002   3.402136E-002
   4.100000E+002   3.418407E-002
   4.110000E+002   3.435079E-002
   4.120000E+002   3.452138E-002
   4.130000E+002   3.469569E-002
   4.140000E+002   3.487359E-002
   4.150000E+002   3.505494E-002
   4.160000E+002   3.523960E-002
   4.170000E+002   3.542742E-002
   4.180000E+002   3.561828E-002
   4.190000E+002   3.581202E-002
   4.200000E+002   3.600851E-002
   4.210000E+002   3.620761E-002
   4.220000E+002   3.640918E-002
   4.230000E+002   3.661309E-002
   4.240000E+002   3.681918E-002
   4.250000E+002   3.702732E-002
   4.260000E+002   3.723737E-002
   4.270000E+002   3.744920E-002
   4.280000E+002   3.766266E-002
   4.290000E+002   3.787761E-002
   4.300000E+002   3.809391E-002
   4.310000E+002   3.831142E-002
   4.320000E+002   3.853001E-002
   4.330000E+002   3.874953E-002
   4.340000E+002   3.896984E-002
   4.350000E+002   3.919081E-002
   4.360000E+002   3.941229E-002
   4.370000E+002   3.963415E-002
   4.380000E+002   3.985624E-002
   4.390000E+002   4.007843E-002
   4.400000E+002   4.030058E-002
   4.410000E+002   4.052254E-002
   4.420000E+002   4.074417E-002
   4.430000E+002   4.096534E-002
   4.440000E+002   4.118591E-002
   4.450000E+002   4.140574E-002
   4.460000E+002   4.162468E-002
   4.470000E+002   4.184261E-002
   4.480000E+002   4.205937E-002
   4.490000E+002   4.227483E-002
   4.500000E+002   4.248884E-002
   4.510000E+002   4.270129E-002
   4.520000E+002   4.291211E-002
   4.530000E+002   4.312122E-002
   4.540000E+002   4.332858E-002
   4.550000E+002   4.353412E-002
   4.560000E+002   4.373779E-002
   4.570000E+002   4.393952E-002
   4.580000E+002   4.413927E-002
   4.590000E+002   4.433697E-002
   4.600000E+002   4.453256E-002
   4.610000E+002   4.472599E-002
   4.620000E+002   4.491719E-002
   4.630000E+002   4.510610E-002
   4.640000E+002   4.529268E-002
   4.650000E+002   4.547686E-002
   4.660000E+002   4.565858E-002
   4.670000E+002   4.583778E-002
   4.680000E+002   4.601440E-002
   4.690000E+002   4.618840E-002
   4.700000E+002   4.635970E-002
   4.710000E+002   4.652824E-002
   4.720000E+002   4.669398E-002
   4.730000E+002   4.685686E-002
   4.740000E+002   4.701680E-002
   4.750000E+002   4.717376E-002
   4.760000E+002   4.732768E-002
   4.770000E+002   4.747849E-002
   4.780000E+002   4.762615E-002
   4.790000E+002   4.777058E-002
   4.800000E+002   4.791174E-002
   4.810000E+002   4.804957E-002
   4.820000E+002   4.818399E-002
   4.830000E+002   4.831497E-002
   4.840000E+002   4.844243E-002
   4.850000E+002   4.856633E-002
   4.860000E+002   4.868659E-002
   4.870000E+002   4.880317E-002
   4.880000E+002   4.891600E-002
   4.890000E+002   4.902503E-002
   4.900000E+002   4.913020E-002
   4.910000E+002   4.923145E-002
   4.920000E+002   4.932871E-002
   4.930000E+002   4.942194E-002
   4.940000E+002   4.951107E-002
   4.950000E+002   4.959605E-002
   4.960000E+002   4.967681E-002
   4.970000E+002   4.975330E-002
   4.980000E+002   4.982546E-002
   4.990000E+002   4.989324E-002
   5.000000E+002   4.995656E-002
   5.010000E+002   5.001539E-002
   5.020000E+002   5.006975E-002
   5.030000E+002   5.011967E-002
   5.040000E+002   5.016518E-002
   5.050000E+002   5.020631E-002
   5.060000E+002   5.024310E-002
   5.070000E+002   5.027557E-002
   5.080000E+002   5.030377E-002
   5.090000E+002   5.032771E-002
   5.100000E+002   5.034744E-002
   5.110000E+002   5.036298E-002
   5.120000E+002   5.037437E-002
   5.130000E+002   5.038164E-002
   5.140000E+002   5.038483E-002
   5.150000E+002   5.038396E-002
   5.160000E+002   5.037906E-002
   5.170000E+002   5.037018E-002
   5.180000E+002   5.035733E-002
   5.190000E+002   5.034056E-002
   5.200000E+002   5.031990E-002
   5.210000E+002   5.029537E-002
   5.220000E+002   5.026701E-002
   5.230000E+002   5.023485E-002
   5.240000E+002   5.019893E-002
   5.250000E+002   5.015928E-002
   5.260000E+002   5.011592E-002
   5.270000E+002   5.006889E-002
   5.280000E+002   5.001823E-002
   5.290000E+002   4.996396E-002
   5.300000E+002   4.990612E-002
   5.310000E+002   4.984474E-002
   5.320000E+002   4.977985E-002
   5.330000E+002   4.971148E-002
   5.340000E+002   4.963967E-002
   5.350000E+002   4.956445E-002
   5.360000E+002   4.948585E-002
   5.370000E+002   4.940390E-002
   5.380000E+002   4.931863E-002
   5.390000E+002   4.923009E-002
   5.400000E+002   4.913829E-002
   5.410000E+002   4.904327E-002
   5.420000E+002   4.894507E-002
   5.430000E+002   4.884371E-002
   5.440000E+002   4.873923E-002
   5.450000E+002   4.863166E-002
   5.460000E+002   4.852103E-002
   5.470000E+002   4.840738E-002
   5.480000E+002   4.829073E-002
   5.490000E+002   4.817112E-002
   5.500000E+002   4.804859E-002
   5.510000E+002   4.792316E-002
   5.520000E+002   4.779496E-002
   5.530000E+002   4.766408E-002
   5.540000E+002   4.753064E-002
   5.550000E+002   4.739475E-002
   5.560000E+002   4.725653E-002
   5.570000E+002   4.711608E-002
   5.580000E+002   4.697352E-002
   5.590000E+002   4.682896E-002
   5.600000E+002   4.668251E-002
   5.610000E+002   4.653428E-002
   5.620000E+002   4.638439E-002
   5.630000E+002   4.623295E-002
   5.640000E+002   4.608006E-002
   5.650000E+002   4.592585E-002
   5.660000E+002   4.577043E-002
   5.670000E+002   4.561390E-002
   5.680000E+002   4.545637E-002
   5.690000E+002   4.529797E-002
   5.700000E+002   4.513880E-002
   5.710000E+002   4.497898E-002
   5.720000E+002   4.481861E-002
   5.730000E+002   4.465781E-002
   5.740000E+002   4.449669E-002
   5.750000E+002   4.433536E-002
   5.760000E+002   4.417394E-002
   5.770000E+002   4.401254E-002
   5.780000E+002   4.385126E-002
   5.790000E+002   4.369023E-002
   5.800000E+002   4.352955E-002
   5.810000E+002   4.336933E-002
   5.820000E+002   4.320969E-002
   5.830000E+002   4.305074E-002
   5.840000E+002   4.289259E-002
   5.850000E+002   4.273536E-002
   5.860000E+002   4.257915E-002
   5.870000E+002   4.242407E-002
   5.880000E+002   4.227025E-002
   5.890000E+002   4.211779E-002
   5.900000E+002   4.196680E-002
   5.910000E+002   4.181740E-002
   5.920000E+002   4.166970E-002
   5.930000E+002   4.152381E-002
   5.940000E+002   4.137983E-002
   5.950000E+002   4.123790E-002
   5.960000E+002   4.109811E-002
   5.970000E+002   4.096057E-002
   5.980000E+002   4.082541E-002
   5.990000E+002   4.069273E-002
   6.000000E+002   4.056264E-002
   6.010000E+002   4.043525E-002
   6.020000E+002   4.031059E-002
   6.030000E+002   4.018869E-002
   6.040000E+002   4.006957E-002
   6.050000E+002   3.995327E-002
   6.060000E+002   3.983981E-002
   6.070000E+002   3.972921E-002
   6.080000E+002   3.962151E-002
   6.090000E+002   3.951672E-002
   6.100000E+002   3.941488E-002
   6.110000E+002   3.931601E-002
   6.120000E+002   3.922014E-002
   6.130000E+002   3.912729E-002
   6.140000E+002   3.903750E-002
   6.150000E+002   3.895078E-002
   6.160000E+002   3.886717E-002
   6.170000E+002   3.878669E-002
   6.180000E+002   3.870937E-002
   6.190000E+002   3.863523E-002
   6.200000E+002   3.856430E-002
   6.210000E+002   3.849661E-002
   6.220000E+002   3.843218E-002
   6.230000E+002   3.837105E-002
   6.240000E+002   3.831323E-002
   6.250000E+002   3.825875E-002
   6.260000E+002   3.820765E-002
   6.270000E+002   3.815994E-002
   6.280000E+002   3.811565E-002
   6.290000E+002   3.807481E-002
   6.300000E+002   3.803745E-002
   6.310000E+002   3.800359E-002
   6.320000E+002   3.797326E-002
   6.330000E+002   3.794649E-002
   6.340000E+002   3.792329E-002
   6.350000E+002   3.790371E-002
   6.360000E+002   3.788776E-002
   6.370000E+002   3.787548E-002
   6.380000E+002   3.786688E-002
   6.390000E+002   3.786199E-002
   6.400000E+002   3.786085E-002
   6.410000E+002   3.786348E-002
   6.420000E+002   3.786990E-002
   6.430000E+002   3.788014E-002
   6.440000E+002   3.789423E-002
   6.450000E+002   3.791219E-002
   6.460000E+002   3.793406E-002
   6.470000E+002   3.795985E-002
   6.480000E+002   3.798959E-002
   6.490000E+002   3.802332E-002
   6.500000E+002   3.806105E-002
   6.510000E+002   3.810280E-002
   6.520000E+002   3.814854E-002
   6.530000E+002   3.819820E-002
   6.540000E+002   3.825175E-002
   6.550000E+002   3.830912E-002
   6.560000E+002   3.837026E-002
   6.570000E+002   3.843514E-002
   6.580000E+002   3.850368E-002
   6.590000E+002   3.857585E-002
   6.600000E+002   3.865159E-002
   6.610000E+002   3.873084E-002
   6.620000E+002   3.881357E-002
   6.630000E+002   3.889971E-002
   6.640000E+002   3.898921E-002
   6.650000E+002   3.908203E-002
   6.660000E+002   3.917811E-002
   6.670000E+002   3.927740E-002
   6.680000E+002   3.937985E-002
   6.690000E+002   3.948541E-002
   6.700000E+002   3.959402E-002
   6.710000E+002   3.970564E-002
   6.720000E+002   3.982021E-002
   6.730000E+002   3.993768E-002
   6.740000E+002   4.005801E-002
   6.750000E+002   4.018113E-002
   6.760000E+002   4.030700E-002
   6.770000E+002   4.043557E-002
   6.780000E+002   4.056678E-002
   6.790000E+002   4.070058E-002
   6.800000E+002   4.083693E-002
   6.810000E+002   4.097576E-002
   6.820000E+002   4.111704E-002
   6.830000E+002   4.126070E-002
   6.840000E+002   4.140670E-002
   6.850000E+002   4.155499E-002
   6.860000E+002   4.170550E-002
   6.870000E+002   4.185820E-002
   6.880000E+002   4.201303E-002
   6.890000E+002   4.216994E-002
   6.900000E+002   4.232888E-002
   6.910000E+002   4.248979E-002
   6.920000E+002   4.265262E-002
   6.930000E+002   4.281733E-002
   6.940000E+002   4.298387E-002
   6.950000E+002   4.315217E-002
   6.960000E+002   4.332219E-002
   6.970000E+002   4.349388E-002
   6.980000E+002   4.366718E-002
   6.990000E+002   4.384205E-002
   7.000000E+002   4.401843E-002
   7.010000E+002   4.419627E-002
   7.020000E+002   4.437546E-002
   7.030000E+002   4.455589E-002
   7.040000E+002   4.473747E-002
   7.050000E+002   4.492007E-002
   7.060000E+002   4.510359E-002
   7.070000E+002   4.528793E-002
   7.080000E+002   4.547298E-002
   7.090000E+002   4.565862E-002
   7.100000E+002   4.584475E-002
   7.110000E+002   4.603127E-002
   7.120000E+002   4.621806E-002
   7.130000E+002   4.640502E-002
   7.140000E+002   4.659203E-002
   7.150000E+002   4.677900E-002
   7.160000E+002   4.696581E-002
   7.170000E+002   4.715235E-002
   7.180000E+002   4.733852E-002
   7.190000E+002   4.752421E-002
   7.200000E+002   4.770931E-002
   7.210000E+002   4.789372E-002
   7.220000E+002   4.807732E-002
   7.230000E+002   4.826000E-002
   7.240000E+002   4.844167E-002
   7.250000E+002   4.862220E-002
   7.260000E+002   4.880150E-002
   7.270000E+002   4.897946E-002
   7.280000E+002   4.915596E-002
   7.290000E+002   4.933090E-002
   7.300000E+002   4.950417E-002
   7.310000E+002   4.967567E-002
   7.320000E+002   4.984528E-002
   7.330000E+002   5.001290E-002
   7.340000E+002   5.017842E-002
   7.350000E+002   5.034173E-002
   7.360000E+002   5.050272E-002
   7.370000E+002   5.066129E-002
   7.380000E+002   5.081733E-002
   7.390000E+002   5.097073E-002
   7.400000E+002   5.112138E-002
   7.410000E+002   5.126918E-002
   7.420000E+002   5.141401E-002
   7.430000E+002   5.155577E-002
   7.440000E+002   5.169435E-002
   7.450000E+002   5.182964E-002
   7.460000E+002   5.196154E-002
   7.470000E+002   5.208993E-002
   7.480000E+002   5.221471E-002
   7.490000E+002   5.233577E-002
   7.500000E+002   5.245301E-002
   7.510000E+002   5.256632E-002
   7.520000E+002   5.267569E-002
   7.530000E+002   5.278111E-002
   7.540000E+002   5.288256E-002
   7.550000E+002   5.298005E-002
   7.560000E+002   5.307355E-002
   7.570000E+002   5.316306E-002
   7.580000E+002   5.324857E-002
   7.590000E+002   5.333007E-002
   7.600000E+002   5.340755E-002
   7.610000E+002   5.348101E-002
   7.620000E+002   5.355043E-002
   7.630000E+002   5.361580E-002
   7.640000E+002   5.367712E-002
   7.650000E+002   5.373437E-002
   7.660000E+002   5.378755E-002
   7.670000E+002   5.383665E-002
   7.680000E+002   5.388165E-002
   7.690000E+002   5.392256E-002
   7.700000E+002   5.395935E-002
   7.710000E+002   5.399202E-002
   7.720000E+002   5.402057E-002
   7.730000E+002   5.404498E-002
   7.740000E+002   5.406523E-002
   7.750000E+002   5.408134E-002
   7.760000E+002   5.409327E-002
   7.770000E+002   5.410104E-002
   7.780000E+002   5.410461E-002
   7.790000E+002   5.410400E-002
   7.800000E+002   5.409918E-002
   7.810000E+002   5.409015E-002
   7.820000E+002   5.407690E-002
   7.830000E+002   5.405941E-002
   7.840000E+002   5.403769E-002
   7.850000E+002   5.401172E-002
   7.860000E+002   5.398149E-002
   7.870000E+002   5.394700E-002
   7.880000E+002   5.390823E-002
   7.890000E+002   5.386517E-002
   7.900000E+002   5.381782E-002
   7.910000E+002   5.376616E-002
   7.920000E+002   5.371019E-002
   7.930000E+002   5.364990E-002
   7.940000E+002   5.358528E-002
   7.950000E+002   5.351631E-002
   7.960000E+002   5.344300E-002
   7.970000E+002   5.336532E-002
   7.980000E+002   5.328328E-002
   7.990000E+002   5.319686E-002
   8.000000E+002   5.310605E-002
   8.010000E+002   5.301086E-002
   8.020000E+002   5.291137E-002
   8.030000E+002   5.280765E-002
   8.040000E+002   5.269981E-002
   8.050000E+002   5.258794E-002
   8.060000E+002   5.247211E-002
   8.070000E+002   5.235242E-002
   8.080000E+002   5.222897E-002
   8.090000E+002   5.210183E-002
   8.100000E+002   5.197110E-002
   8.110000E+002   5.183687E-002
   8.120000E+002   5.169923E-002
   8.130000E+002   5.155826E-002
   8.140000E+002   5.141406E-002
   8.150000E+002   5.126672E-002
   8.160000E+002   5.111633E-002
   8.170000E+002   5.096297E-002
   8.180000E+002   5.080673E-002
   8.190000E+002   5.064771E-002
   8.200000E+002   5.048599E-002
   8.210000E+002   5.032166E-002
   8.220000E+002   5.015482E-002
   8.230000E+002   4.998555E-002
   8.240000E+002   4.981394E-002
   8.250000E+002   4.964008E-002
   8.260000E+002   4.946406E-002
   8.270000E+002   4.928598E-002
   8.280000E+002   4.910591E-002
   8.290000E+002   4.892395E-002
   8.300000E+002   4.874019E-002
   8.310000E+002   4.855471E-002
   8.320000E+002   4.836761E-002
   8.330000E+002   4.817898E-002
   8.340000E+002   4.798891E-002
   8.350000E+002   4.779748E-002
   8.360000E+002   4.760479E-002
   8.370000E+002   4.741092E-002
   8.380000E+002   4.721596E-002
   8.390000E+002   4.702001E-002
   8.400000E+002   4.682315E-002
   8.410000E+002   4.662548E-002
   8.420000E+002   4.642707E-002
   8.430000E+002   4.622803E-002
   8.440000E+002   4.602844E-002
   8.450000E+002   4.582839E-002
   8.460000E+002   4.562797E-002
   8.470000E+002   4.542726E-002
   8.480000E+002   4.522637E-002
   8.490000E+002   4.502537E-002
   8.500000E+002   4.482436E-002
   8.510000E+002   4.462343E-002
   8.520000E+002   4.442261E-002
   8.530000E+002   4.422196E-002
   8.540000E+002   4.402152E-002
   8.550000E+002   4.382134E-002
   8.560000E+002   4.362146E-002
   8.570000E+002   4.342192E-002
   8.580000E+002   4.322278E-002
   8.590000E+002   4.302407E-002
   8.600000E+002   4.282584E-002
   8.610000E+002   4.262814E-002
   8.620000E+002   4.243100E-002
   8.630000E+002   4.223448E-002
   8.640000E+002   4.203863E-002
   8.650000E+002   4.184347E-002
   8.660000E+002   4.164907E-002
   8.670000E+002   4.145546E-002
   8.680000E+002   4.126268E-002
   8.690000E+002   4.107080E-002
   8.700000E+002   4.087984E-002
   8.710000E+002   4.068985E-002
   8.720000E+002   4.050088E-002
   8.730000E+002   4.031298E-002
   8.740000E+002   4.012618E-002
   8.750000E+002   3.994054E-002
   8.760000E+002   3.975609E-002
   8.770000E+002   3.957288E-002
   8.780000E+002   3.939097E-002
   8.790000E+002   3.921038E-002
   8.800000E+002   3.903117E-002
   8.810000E+002   3.885338E-002
   8.820000E+002   3.867706E-002
   8.830000E+002   3.850225E-002
   8.840000E+002   3.832900E-002
   8.850000E+002   3.815734E-002
   8.860000E+002   3.798734E-002
   8.870000E+002   3.781902E-002
   8.880000E+002   3.765244E-002
   8.890000E+002   3.748763E-002
   8.900000E+002   3.732466E-002
   8.910000E+002   3.716355E-002
   8.920000E+002   3.700435E-002
   8.930000E+002   3.684712E-002
   8.940000E+002   3.669189E-002
   8.950000E+002   3.653871E-002
   8.960000E+002   3.638762E-002
   8.970000E+002   3.623867E-002
   8.980000E+002   3.609191E-002
   8.990000E+002   3.594737E-002
   9.000000E+002   3.580511E-002
   9.010000E+002   3.566516E-002
   9.020000E+002   3.552754E-002
   9.030000E+002   3.539227E-002
   9.040000E+002   3.525936E-002
   9.050000E+002   3.512883E-002
   9.060000E+002   3.500069E-002
   9.070000E+002   3.487495E-002
   9.080000E+002   3.475164E-002
   9.090000E+002   3.463077E-002
   9.100000E+002   3.451235E-002
   9.110000E+002   3.439639E-002
   9.120000E+002   3.428292E-002
   9.130000E+002   3.417194E-002
   9.140000E+002   3.406348E-002
   9.150000E+002   3.395754E-002
   9.160000E+002   3.385414E-002
   9.170000E+002   3.375330E-002
   9.180000E+002   3.365502E-002
   9.190000E+002   3.355934E-002
   9.200000E+002   3.346625E-002
   9.210000E+002   3.337578E-002
   9.220000E+002   3.328794E-002
   9.230000E+002   3.320274E-002
   9.240000E+002   3.312021E-002
   9.250000E+002   3.304035E-002
   9.260000E+002   3.296318E-002
   9.270000E+002   3.288871E-002
   9.280000E+002   3.281696E-002
   9.290000E+002   3.274795E-002
   9.300000E+002   3.268169E-002
   9.310000E+002   3.261819E-002
   9.320000E+002   3.255747E-002
   9.330000E+002   3.249954E-002
   9.340000E+002   3.244443E-002
   9.350000E+002   3.239213E-002
   9.360000E+002   3.234268E-002
   9.370000E+002   3.229608E-002
   9.380000E+002   3.225234E-002
   9.390000E+002   3.221149E-002
   9.400000E+002   3.217354E-002
   9.410000E+002   3.213850E-002
   9.420000E+002   3.210639E-002
   9.430000E+002   3.207722E-002
   9.440000E+002   3.205101E-002
   9.450000E+002   3.202777E-002
   9.460000E+002   3.200752E-002
   9.470000E+002   3.199027E-002
   9.480000E+002   3.197604E-002
   9.490000E+002   3.196484E-002
   9.500000E+002   3.195669E-002
   9.510000E+002   3.195159E-002
   9.520000E+002   3.194952E-002
   9.530000E+002   3.195044E-002
   9.540000E+002   3.195433E-002
   9.550000E+002   3.196114E-002
   9.560000E+002   3.197084E-002
   9.570000E+002   3.198341E-002
   9.580000E+002   3.199880E-002
   9.590000E+002   3.201698E-002
   9.600000E+002   3.203792E-002
   9.610000E+002   3.206159E-002
   9.620000E+002   3.208795E-002
   9.630000E+002   3.211697E-002
   9.640000E+002   3.214861E-002
   9.650000E+002   3.218284E-002
   9.660000E+002   3.221963E-002
   9.670000E+002   3.225895E-002
   9.680000E+002   3.230075E-002
   9.690000E+002   3.234501E-002
   9.700000E+002   3.239169E-002
   9.710000E+002   3.244076E-002
   9.720000E+002   3.249219E-002
   9.730000E+002   3.254593E-002
   9.740000E+002   3.260197E-002
   9.750000E+002   3.266026E-002
   9.760000E+002   3.272077E-002
   9.770000E+002   3.278347E-002
   9.780000E+002   3.284832E-002
   9.790000E+002   3.291529E-002
   9.800000E+002   3.298435E-002
   9.810000E+002   3.305545E-002
   9.820000E+002   3.312858E-002
   9.830000E+002   3.320370E-002
   9.840000E+002   3.328076E-002
   9.850000E+002   3.335974E-002
   9.860000E+002   3.344061E-002
   9.870000E+002   3.352333E-002
   9.880000E+002   3.360786E-002
   9.890000E+002   3.369418E-002
   9.900000E+002   3.378225E-002
   9.910000E+002   3.387203E-002
   9.920000E+002   3.396350E-002
   9.930000E+002   3.405661E-002
   9.940000E+002   3.415134E-002
   9.950000E+002   3.424766E-002
   9.960000E+002   3.434552E-002
   9.970000E+002   3.444489E-002
   9.980000E+002   3.454574E-002
   9.990000E+002   3.464804E-002
   1.000000E+003   3.475176E-002
   1.001000E+003   3.485685E-002
   1.002000E+003   3.496324E-002
   1.003000E+003   3.507086E-002
   1.004000E+003   3.517964E-002
   1.005000E+003   3.528950E-002
   1.006000E+003   3.540037E-002
   1.007000E+003   3.551216E-002
   1.008000E+003   3.562482E-002
   1.009000E+003   3.573826E-002
   1.010000E+003   3.585240E-002
   1.011000E+003   3.596718E-002
   1.012000E+003   3.608252E-002
   1.013000E+003   3.619834E-002
   1.014000E+003   3.631458E-002
   1.015000E+003   3.643114E-002
   1.016000E+003   3.654797E-002
   1.017000E+003   3.666498E-002
   1.018000E+003   3.678211E-002
   1.019000E+003   3.689927E-002
   1.020000E+003   3.701639E-002
   1.021000E+003   3.713340E-002
   1.022000E+003   3.725022E-002
   1.023000E+003   3.736678E-002
   1.024000E+003   3.748300E-002
   1.025000E+003   3.759881E-002
   1.026000E+003   3.771413E-002
   1.027000E+003   3.782890E-002
   1.028000E+003   3.794303E-002
   1.029000E+003   3.805645E-002
   1.030000E+003   3.816908E-002
   1.031000E+003   3.828085E-002
   1.032000E+003   3.839170E-002
   1.033000E+003   3.850153E-002
   1.034000E+003   3.861028E-002
   1.035000E+003   3.871787E-002
   1.036000E+003   3.882423E-002
   1.037000E+003   3.892928E-002
   1.038000E+003   3.903295E-002
   1.039000E+003   3.913517E-002
   1.040000E+003   3.923585E-002
   1.041000E+003   3.933493E-002
   1.042000E+003   3.943233E-002
   1.043000E+003   3.952798E-002
   1.044000E+003   3.962179E-002
   1.045000E+003   3.971370E-002
   1.046000E+003   3.980363E-002
   1.047000E+003   3.989151E-002
   1.048000E+003   3.997726E-002
   1.049000E+003   4.006081E-002
   1.050000E+003   4.014208E-002
   1.051000E+003   4.022101E-002
   1.052000E+003   4.029757E-002
   1.053000E+003   4.037172E-002
   1.054000E+003   4.044345E-002
   1.055000E+003   4.051273E-002
   1.056000E+003   4.057954E-002
   1.057000E+003   4.064386E-002
   1.058000E+003   4.070565E-002
   1.059000E+003   4.076491E-002
   1.060000E+003   4.082159E-002
   1.061000E+003   4.087569E-002
   1.062000E+003   4.092717E-002
   1.063000E+003   4.097601E-002
   1.064000E+003   4.102219E-002
   1.065000E+003   4.106568E-002
   1.066000E+003   4.110646E-002
   1.067000E+003   4.114451E-002
   1.068000E+003   4.117980E-002
   1.069000E+003   4.121231E-002
   1.070000E+003   4.124201E-002
   1.071000E+003   4.126888E-002
   1.072000E+003   4.129289E-002
   1.073000E+003   4.131403E-002
   1.074000E+003   4.133227E-002
   1.075000E+003   4.134758E-002
   1.076000E+003   4.135994E-002
   1.077000E+003   4.136933E-002
   1.078000E+003   4.137572E-002
   1.079000E+003   4.137909E-002
   1.080000E+003   4.137941E-002
   1.081000E+003   4.137666E-002
   1.082000E+003   4.137082E-002
   1.083000E+003   4.136187E-002
   1.084000E+003   4.134977E-002
   1.085000E+003   4.133451E-002
   1.086000E+003   4.131606E-002
   1.087000E+003   4.129439E-002
   1.088000E+003   4.126949E-002
   1.089000E+003   4.124133E-002
   1.090000E+003   4.120988E-002
   1.091000E+003   4.117513E-002
   1.092000E+003   4.113704E-002
   1.093000E+003   4.109559E-002
   1.094000E+003   4.105077E-002
   1.095000E+003   4.100254E-002
   1.096000E+003   4.095088E-002
   1.097000E+003   4.089578E-002
   1.098000E+003   4.083719E-002
   1.099000E+003   4.077511E-002
   1.100000E+003   4.070950E-002
   1.101000E+003   4.064036E-002
   1.102000E+003   4.056777E-002
   1.103000E+003   4.049182E-002
   1.104000E+003   4.041261E-002
   1.105000E+003   4.033022E-002
   1.106000E+003   4.024475E-002
   1.107000E+003   4.015630E-002
   1.108000E+003   4.006497E-002
   1.109000E+003   3.997083E-002
   1.110000E+003   3.987399E-002
   1.111000E+003   3.977455E-002
   1.112000E+003   3.967259E-002
   1.113000E+003   3.956821E-002
   1.114000E+003   3.946151E-002
   1.115000E+003   3.935257E-002
   1.116000E+003   3.924150E-002
   1.117000E+003   3.912838E-002
   1.118000E+003   3.901331E-002
   1.119000E+003   3.889639E-002
   1.120000E+003   3.877770E-002
   1.121000E+003   3.865735E-002
   1.122000E+003   3.853542E-002
   1.123000E+003   3.841201E-002
   1.124000E+003   3.828722E-002
   1.125000E+003   3.816113E-002
   1.126000E+003   3.803385E-002
   1.127000E+003   3.790546E-002
   1.128000E+003   3.777606E-002
   1.129000E+003   3.764575E-002
   1.130000E+003   3.751461E-002
   1.131000E+003   3.738275E-002
   1.132000E+003   3.725025E-002
   1.133000E+003   3.711721E-002
   1.134000E+003   3.698373E-002
   1.135000E+003   3.684989E-002
   1.136000E+003   3.671579E-002
   1.137000E+003   3.658153E-002
   1.138000E+003   3.644720E-002
   1.139000E+003   3.631290E-002
   1.140000E+003   3.617871E-002
   1.141000E+003   3.604473E-002
   1.142000E+003   3.591106E-002
   1.143000E+003   3.577779E-002
   1.144000E+003   3.564501E-002
   1.145000E+003   3.551282E-002
   1.146000E+003   3.538131E-002
   1.147000E+003   3.525058E-002
   1.148000E+003   3.512072E-002
   1.149000E+003   3.499182E-002
   1.150000E+003   3.486398E-002
   1.151000E+003   3.473727E-002
   1.152000E+003   3.461169E-002
   1.153000E+003   3.448721E-002
   1.154000E+003   3.436382E-002
   1.155000E+003   3.424148E-002
   1.156000E+003   3.412018E-002
   1.157000E+003   3.399990E-002
   1.158000E+003   3.388061E-002
   1.159000E+003   3.376228E-002
   1.160000E+003   3.364490E-002
   1.161000E+003   3.352844E-002
   1.162000E+003   3.341288E-002
   1.163000E+003   3.329819E-002
   1.164000E+003   3.318435E-002
   1.165000E+003   3.307135E-002
   1.166000E+003   3.295915E-002
   1.167000E+003   3.284773E-002
   1.168000E+003   3.273707E-002
   1.169000E+003   3.262715E-002
   1.170000E+003   3.251795E-002
   1.171000E+003   3.240943E-002
   1.172000E+003   3.230159E-002
   1.173000E+003   3.219438E-002
   1.174000E+003   3.208780E-002
   1.175000E+003   3.198182E-002
   1.176000E+003   3.187642E-002
   1.177000E+003   3.177156E-002
   1.178000E+003   3.166724E-002
   1.179000E+003   3.156342E-002
   1.180000E+003   3.146009E-002
   1.181000E+003   3.135722E-002
   1.182000E+003   3.125479E-002
   1.183000E+003   3.115277E-002
   1.184000E+003   3.105114E-002
   1.185000E+003   3.094988E-002
   1.186000E+003   3.084896E-002
   1.187000E+003   3.074837E-002
   1.188000E+003   3.064808E-002
   1.189000E+003   3.054806E-002
   1.190000E+003   3.044830E-002
   1.191000E+003   3.034877E-002
   1.192000E+003   3.024944E-002
   1.193000E+003   3.015030E-002
   1.194000E+003   3.005132E-002
   1.195000E+003   2.995248E-002
   1.196000E+003   2.985375E-002
   1.197000E+003   2.975512E-002
   1.198000E+003   2.965655E-002
   1.199000E+003   2.955803E-002
   1.200000E+003   2.945954E-002
   1.201000E+003   2.936104E-002
