   1.000000E+000   6.802744E-002
   2.000000E+000   7.281657E-002
   3.000000E+000   7.760570E-002
   4.000000E+000   6.818458E-002
   5.000000E+000   5.937313E-002
   6.000000E+000   5.387920E-002
   7.000000E+000   4.965569E-002
   8.000000E+000   4.629648E-002
   9.000000E+000   4.376138E-002
   1.000000E+001   4.183277E-002
   1.100000E+001   4.028486E-002
   1.200000E+001   3.903661E-002
   1.300000E+001   3.804343E-002
   1.400000E+001   3.726175E-002
   1.500000E+001   3.664831E-002
   1.600000E+001   3.616466E-002
   1.700000E+001   3.579181E-002
   1.800000E+001   3.551560E-002
   1.900000E+001   3.532191E-002
   2.000000E+001   3.519659E-002
   2.100000E+001   3.512721E-002
   2.200000E+001   3.510825E-002
   2.300000E+001   3.513590E-002
   2.400000E+001   3.520637E-002
   2.500000E+001   3.531584E-002
   2.600000E+001   3.546051E-002
   2.700000E+001   3.563659E-002
   2.800000E+001   3.584026E-002
   2.900000E+001   3.606771E-002
   3.000000E+001   3.631516E-002
   3.100000E+001   3.657927E-002
   3.200000E+001   3.685869E-002
   3.300000E+001   3.715254E-002
   3.400000E+001   3.745993E-002
   3.500000E+001   3.777999E-002
   3.600000E+001   3.811184E-002
   3.700000E+001   3.845461E-002
   3.800000E+001   3.880741E-002
   3.900000E+001   3.916937E-002
   4.000000E+001   3.953960E-002
   4.100000E+001   3.991733E-002
   4.200000E+001   4.030218E-002
   4.300000E+001   4.069385E-002
   4.400000E+001   4.109206E-002
   4.500000E+001   4.149652E-002
   4.600000E+001   4.190694E-002
   4.700000E+001   4.232304E-002
   4.800000E+001   4.274453E-002
   4.900000E+001   4.317112E-002
   5.000000E+001   4.360253E-002
   5.100000E+001   4.403850E-002
   5.200000E+001   4.447891E-002
   5.300000E+001   4.492367E-002
   5.400000E+001   4.537269E-002
   5.500000E+001   4.582588E-002
   5.600000E+001   4.628315E-002
   5.700000E+001   4.674442E-002
   5.800000E+001   4.720960E-002
   5.900000E+001   4.767859E-002
   6.000000E+001   4.815130E-002
   6.100000E+001   4.862767E-002
   6.200000E+001   4.910764E-002
   6.300000E+001   4.959118E-002
   6.400000E+001   5.007826E-002
   6.500000E+001   5.056884E-002
   6.600000E+001   5.106289E-002
   6.700000E+001   5.156038E-002
   6.800000E+001   5.206127E-002
   6.900000E+001   5.256553E-002
   7.000000E+001   5.307312E-002
   7.100000E+001   5.358404E-002
   7.200000E+001   5.409837E-002
   7.300000E+001   5.461622E-002
   7.400000E+001   5.513769E-002
   7.500000E+001   5.566290E-002
   7.600000E+001   5.619194E-002
   7.700000E+001   5.672494E-002
   7.800000E+001   5.726199E-002
   7.900000E+001   5.780320E-002
   8.000000E+001   5.834868E-002
   8.100000E+001   5.889848E-002
   8.200000E+001   5.945236E-002
   8.300000E+001   6.001002E-002
   8.400000E+001   6.057117E-002
   8.500000E+001   6.113551E-002
   8.600000E+001   6.170274E-002
   8.700000E+001   6.227256E-002
   8.800000E+001   6.284469E-002
   8.900000E+001   6.341882E-002
   9.000000E+001   6.399465E-002
   9.100000E+001   6.457194E-002
   9.200000E+001   6.515071E-002
   9.300000E+001   6.573100E-002
   9.400000E+001   6.631289E-002
   9.500000E+001   6.689643E-002
   9.600000E+001   6.748168E-002
   9.700000E+001   6.806871E-002
   9.800000E+001   6.865757E-002
   9.900000E+001   6.924834E-002
   1.000000E+002   6.984106E-002
   1.010000E+002   7.043576E-002
   1.020000E+002   7.103222E-002
   1.030000E+002   7.163021E-002
   1.040000E+002   7.222946E-002
   1.050000E+002   7.282973E-002
   1.060000E+002   7.343077E-002
   1.070000E+002   7.403233E-002
   1.080000E+002   7.463415E-002
   1.090000E+002   7.523598E-002
   1.100000E+002   7.583758E-002
   1.110000E+002   7.643868E-002
   1.120000E+002   7.703905E-002
   1.130000E+002   7.763843E-002
   1.140000E+002   7.823656E-002
   1.150000E+002   7.883321E-002
   1.160000E+002   7.942811E-002
   1.170000E+002   8.002102E-002
   1.180000E+002   8.061168E-002
   1.190000E+002   8.119984E-002
   1.200000E+002   8.178526E-002
   1.210000E+002   8.236772E-002
   1.220000E+002   8.294718E-002
   1.230000E+002   8.352364E-002
   1.240000E+002   8.409710E-002
   1.250000E+002   8.466756E-002
   1.260000E+002   8.523502E-002
   1.270000E+002   8.579948E-002
   1.280000E+002   8.636093E-002
   1.290000E+002   8.691938E-002
   1.300000E+002   8.747483E-002
   1.310000E+002   8.802727E-002
   1.320000E+002   8.857670E-002
   1.330000E+002   8.912313E-002
   1.340000E+002   8.966655E-002
   1.350000E+002   9.020696E-002
   1.360000E+002   9.074437E-002
   1.370000E+002   9.127876E-002
   1.380000E+002   9.181015E-002
   1.390000E+002   9.233852E-002
   1.400000E+002   9.286389E-002
   1.410000E+002   9.338618E-002
   1.420000E+002   9.390510E-002
   1.430000E+002   9.442030E-002
   1.440000E+002   9.493141E-002
   1.450000E+002   9.543807E-002
   1.460000E+002   9.593993E-002
   1.470000E+002   9.643663E-002
   1.480000E+002   9.692781E-002
   1.490000E+002   9.741312E-002
   1.500000E+002   9.789219E-002
   1.510000E+002   9.836467E-002
   1.520000E+002   9.883019E-002
   1.530000E+002   9.928841E-002
   1.540000E+002   9.973895E-002
   1.550000E+002   1.001815E-001
   1.560000E+002   1.006156E-001
   1.570000E+002   1.010410E-001
   1.580000E+002   1.014573E-001
   1.590000E+002   1.018641E-001
   1.600000E+002   1.022612E-001
   1.610000E+002   1.026481E-001
   1.620000E+002   1.030248E-001
   1.630000E+002   1.033914E-001
   1.640000E+002   1.037479E-001
   1.650000E+002   1.040942E-001
   1.660000E+002   1.044304E-001
   1.670000E+002   1.047565E-001
   1.680000E+002   1.050726E-001
   1.690000E+002   1.053785E-001
   1.700000E+002   1.056744E-001
   1.710000E+002   1.059602E-001
   1.720000E+002   1.062360E-001
   1.730000E+002   1.065018E-001
   1.740000E+002   1.067576E-001
   1.750000E+002   1.070034E-001
   1.760000E+002   1.072391E-001
   1.770000E+002   1.074649E-001
   1.780000E+002   1.076808E-001
   1.790000E+002   1.078866E-001
   1.800000E+002   1.080826E-001
   1.810000E+002   1.082686E-001
   1.820000E+002   1.084444E-001
   1.830000E+002   1.086099E-001
   1.840000E+002   1.087648E-001
   1.850000E+002   1.089089E-001
   1.860000E+002   1.090420E-001
   1.870000E+002   1.091638E-001
   1.880000E+002   1.092742E-001
   1.890000E+002   1.093729E-001
   1.900000E+002   1.094598E-001
   1.910000E+002   1.095345E-001
   1.920000E+002   1.095969E-001
   1.930000E+002   1.096468E-001
   1.940000E+002   1.096839E-001
   1.950000E+002   1.097081E-001
   1.960000E+002   1.097190E-001
   1.970000E+002   1.097165E-001
   1.980000E+002   1.097004E-001
   1.990000E+002   1.096705E-001
   2.000000E+002   1.096265E-001
   2.010000E+002   1.095682E-001
   2.020000E+002   1.094959E-001
   2.030000E+002   1.094096E-001
   2.040000E+002   1.093097E-001
   2.050000E+002   1.091961E-001
   2.060000E+002   1.090692E-001
   2.070000E+002   1.089290E-001
   2.080000E+002   1.087759E-001
   2.090000E+002   1.086099E-001
   2.100000E+002   1.084313E-001
   2.110000E+002   1.082402E-001
   2.120000E+002   1.080368E-001
   2.130000E+002   1.078213E-001
   2.140000E+002   1.075939E-001
   2.150000E+002   1.073547E-001
   2.160000E+002   1.071040E-001
   2.170000E+002   1.068419E-001
   2.180000E+002   1.065686E-001
   2.190000E+002   1.062843E-001
   2.200000E+002   1.059891E-001
   2.210000E+002   1.056833E-001
   2.220000E+002   1.053670E-001
   2.230000E+002   1.050404E-001
   2.240000E+002   1.047037E-001
   2.250000E+002   1.043570E-001
   2.260000E+002   1.040006E-001
   2.270000E+002   1.036346E-001
   2.280000E+002   1.032590E-001
   2.290000E+002   1.028741E-001
   2.300000E+002   1.024798E-001
   2.310000E+002   1.020764E-001
   2.320000E+002   1.016639E-001
   2.330000E+002   1.012425E-001
   2.340000E+002   1.008122E-001
   2.350000E+002   1.003733E-001
   2.360000E+002   9.992572E-002
   2.370000E+002   9.946968E-002
   2.380000E+002   9.900528E-002
   2.390000E+002   9.853262E-002
   2.400000E+002   9.805183E-002
   2.410000E+002   9.756302E-002
   2.420000E+002   9.706630E-002
   2.430000E+002   9.656179E-002
   2.440000E+002   9.604961E-002
   2.450000E+002   9.552987E-002
   2.460000E+002   9.500269E-002
   2.470000E+002   9.446818E-002
   2.480000E+002   9.392646E-002
   2.490000E+002   9.337764E-002
   2.500000E+002   9.282184E-002
   2.510000E+002   9.225919E-002
   2.520000E+002   9.168991E-002
   2.530000E+002   9.111425E-002
   2.540000E+002   9.053243E-002
   2.550000E+002   8.994471E-002
   2.560000E+002   8.935131E-002
   2.570000E+002   8.875248E-002
   2.580000E+002   8.814846E-002
   2.590000E+002   8.753947E-002
   2.600000E+002   8.692578E-002
   2.610000E+002   8.630760E-002
   2.620000E+002   8.568519E-002
   2.630000E+002   8.505878E-002
   2.640000E+002   8.442860E-002
   2.650000E+002   8.379491E-002
   2.660000E+002   8.315793E-002
   2.670000E+002   8.251791E-002
   2.680000E+002   8.187508E-002
   2.690000E+002   8.122968E-002
   2.700000E+002   8.058196E-002
   2.710000E+002   7.993215E-002
   2.720000E+002   7.928049E-002
   2.730000E+002   7.862721E-002
   2.740000E+002   7.797257E-002
   2.750000E+002   7.731679E-002
   2.760000E+002   7.666011E-002
   2.770000E+002   7.600270E-002
   2.780000E+002   7.534474E-002
   2.790000E+002   7.468639E-002
   2.800000E+002   7.402783E-002
   2.810000E+002   7.336921E-002
   2.820000E+002   7.271072E-002
   2.830000E+002   7.205253E-002
   2.840000E+002   7.139479E-002
   2.850000E+002   7.073768E-002
   2.860000E+002   7.008138E-002
   2.870000E+002   6.942604E-002
   2.880000E+002   6.877185E-002
   2.890000E+002   6.811896E-002
   2.900000E+002   6.746755E-002
   2.910000E+002   6.681779E-002
   2.920000E+002   6.616984E-002
   2.930000E+002   6.552388E-002
   2.940000E+002   6.488008E-002
   2.950000E+002   6.423860E-002
   2.960000E+002   6.359962E-002
   2.970000E+002   6.296330E-002
   2.980000E+002   6.232981E-002
   2.990000E+002   6.169933E-002
   3.000000E+002   6.107202E-002
   3.010000E+002   6.044805E-002
   3.020000E+002   5.982754E-002
   3.030000E+002   5.921063E-002
   3.040000E+002   5.859744E-002
   3.050000E+002   5.798810E-002
   3.060000E+002   5.738273E-002
   3.070000E+002   5.678147E-002
   3.080000E+002   5.618443E-002
   3.090000E+002   5.559175E-002
   3.100000E+002   5.500355E-002
   3.110000E+002   5.441996E-002
   3.120000E+002   5.384110E-002
   3.130000E+002   5.326711E-002
   3.140000E+002   5.269810E-002
   3.150000E+002   5.213421E-002
   3.160000E+002   5.157555E-002
   3.170000E+002   5.102227E-002
   3.180000E+002   5.047448E-002
   3.190000E+002   4.993231E-002
   3.200000E+002   4.939589E-002
   3.210000E+002   4.886534E-002
   3.220000E+002   4.834080E-002
   3.230000E+002   4.782238E-002
   3.240000E+002   4.731021E-002
   3.250000E+002   4.680443E-002
   3.260000E+002   4.630515E-002
   3.270000E+002   4.581251E-002
   3.280000E+002   4.532663E-002
   3.290000E+002   4.484763E-002
   3.300000E+002   4.437565E-002
   3.310000E+002   4.391081E-002
   3.320000E+002   4.345324E-002
   3.330000E+002   4.300306E-002
   3.340000E+002   4.256040E-002
   3.350000E+002   4.212538E-002
   3.360000E+002   4.169814E-002
   3.370000E+002   4.127880E-002
   3.380000E+002   4.086749E-002
   3.390000E+002   4.046433E-002
   3.400000E+002   4.006945E-002
   3.410000E+002   3.968298E-002
   3.420000E+002   3.930504E-002
   3.430000E+002   3.893576E-002
   3.440000E+002   3.857526E-002
   3.450000E+002   3.822368E-002
   3.460000E+002   3.788114E-002
   3.470000E+002   3.754776E-002
   3.480000E+002   3.722368E-002
   3.490000E+002   3.690902E-002
   3.500000E+002   3.660390E-002
   3.510000E+002   3.630842E-002
   3.520000E+002   3.602254E-002
   3.530000E+002   3.574617E-002
   3.540000E+002   3.547924E-002
   3.550000E+002   3.522167E-002
   3.560000E+002   3.497338E-002
   3.570000E+002   3.473430E-002
   3.580000E+002   3.450434E-002
   3.590000E+002   3.428343E-002
   3.600000E+002   3.407148E-002
   3.610000E+002   3.386843E-002
   3.620000E+002   3.367420E-002
   3.630000E+002   3.348869E-002
   3.640000E+002   3.331184E-002
   3.650000E+002   3.314358E-002
   3.660000E+002   3.298381E-002
   3.670000E+002   3.283246E-002
   3.680000E+002   3.268946E-002
   3.690000E+002   3.255472E-002
   3.700000E+002   3.242818E-002
   3.710000E+002   3.230974E-002
   3.720000E+002   3.219933E-002
   3.730000E+002   3.209688E-002
   3.740000E+002   3.200230E-002
   3.750000E+002   3.191551E-002
   3.760000E+002   3.183645E-002
   3.770000E+002   3.176503E-002
   3.780000E+002   3.170117E-002
   3.790000E+002   3.164479E-002
   3.800000E+002   3.159582E-002
   3.810000E+002   3.155418E-002
   3.820000E+002   3.151978E-002
   3.830000E+002   3.149256E-002
   3.840000E+002   3.147243E-002
   3.850000E+002   3.145932E-002
   3.860000E+002   3.145315E-002
   3.870000E+002   3.145383E-002
   3.880000E+002   3.146129E-002
   3.890000E+002   3.147546E-002
   3.900000E+002   3.149625E-002
   3.910000E+002   3.152359E-002
   3.920000E+002   3.155740E-002
   3.930000E+002   3.159759E-002
   3.940000E+002   3.164410E-002
   3.950000E+002   3.169684E-002
   3.960000E+002   3.175574E-002
   3.970000E+002   3.182071E-002
   3.980000E+002   3.189169E-002
   3.990000E+002   3.196858E-002
   4.000000E+002   3.205132E-002
   4.010000E+002   3.213981E-002
   4.020000E+002   3.223392E-002
   4.030000E+002   3.233350E-002
   4.040000E+002   3.243839E-002
   4.050000E+002   3.254846E-002
   4.060000E+002   3.266356E-002
   4.070000E+002   3.278353E-002
   4.080000E+002   3.290823E-002
   4.090000E+002   3.303752E-002
   4.100000E+002   3.317123E-002
   4.110000E+002   3.330924E-002
   4.120000E+002   3.345138E-002
   4.130000E+002   3.359750E-002
   4.140000E+002   3.374747E-002
   4.150000E+002   3.390114E-002
   4.160000E+002   3.405835E-002
   4.170000E+002   3.421895E-002
   4.180000E+002   3.438281E-002
   4.190000E+002   3.454977E-002
   4.200000E+002   3.471968E-002
   4.210000E+002   3.489240E-002
   4.220000E+002   3.506777E-002
   4.230000E+002   3.524566E-002
   4.240000E+002   3.542591E-002
   4.250000E+002   3.560837E-002
   4.260000E+002   3.579290E-002
   4.270000E+002   3.597934E-002
   4.280000E+002   3.616756E-002
   4.290000E+002   3.635740E-002
   4.300000E+002   3.654871E-002
   4.310000E+002   3.674135E-002
   4.320000E+002   3.693517E-002
   4.330000E+002   3.713002E-002
   4.340000E+002   3.732575E-002
   4.350000E+002   3.752222E-002
   4.360000E+002   3.771927E-002
   4.370000E+002   3.791676E-002
   4.380000E+002   3.811454E-002
   4.390000E+002   3.831247E-002
   4.400000E+002   3.851039E-002
   4.410000E+002   3.870815E-002
   4.420000E+002   3.890562E-002
   4.430000E+002   3.910264E-002
   4.440000E+002   3.929905E-002
   4.450000E+002   3.949473E-002
   4.460000E+002   3.968951E-002
   4.470000E+002   3.988325E-002
   4.480000E+002   4.007581E-002
   4.490000E+002   4.026702E-002
   4.500000E+002   4.045676E-002
   4.510000E+002   4.064487E-002
   4.520000E+002   4.083126E-002
   4.530000E+002   4.101585E-002
   4.540000E+002   4.119856E-002
   4.550000E+002   4.137930E-002
   4.560000E+002   4.155799E-002
   4.570000E+002   4.173454E-002
   4.580000E+002   4.190887E-002
   4.590000E+002   4.208089E-002
   4.600000E+002   4.225053E-002
   4.610000E+002   4.241769E-002
   4.620000E+002   4.258230E-002
   4.630000E+002   4.274427E-002
   4.640000E+002   4.290351E-002
   4.650000E+002   4.305994E-002
   4.660000E+002   4.321348E-002
   4.670000E+002   4.336404E-002
   4.680000E+002   4.351154E-002
   4.690000E+002   4.365590E-002
   4.700000E+002   4.379703E-002
   4.710000E+002   4.393484E-002
   4.720000E+002   4.406926E-002
   4.730000E+002   4.420020E-002
   4.740000E+002   4.432757E-002
   4.750000E+002   4.445129E-002
   4.760000E+002   4.457128E-002
   4.770000E+002   4.468745E-002
   4.780000E+002   4.479973E-002
   4.790000E+002   4.490801E-002
   4.800000E+002   4.501223E-002
   4.810000E+002   4.511229E-002
   4.820000E+002   4.520812E-002
   4.830000E+002   4.529962E-002
   4.840000E+002   4.538672E-002
   4.850000E+002   4.546933E-002
   4.860000E+002   4.554737E-002
   4.870000E+002   4.562075E-002
   4.880000E+002   4.568939E-002
   4.890000E+002   4.575320E-002
   4.900000E+002   4.581211E-002
   4.910000E+002   4.586602E-002
   4.920000E+002   4.591485E-002
   4.930000E+002   4.595852E-002
   4.940000E+002   4.599695E-002
   4.950000E+002   4.603004E-002
   4.960000E+002   4.605772E-002
   4.970000E+002   4.607991E-002
   4.980000E+002   4.609651E-002
   4.990000E+002   4.610745E-002
   5.000000E+002   4.611264E-002
   5.010000E+002   4.611202E-002
   5.020000E+002   4.610565E-002
   5.030000E+002   4.609361E-002
   5.040000E+002   4.607598E-002
   5.050000E+002   4.605285E-002
   5.060000E+002   4.602430E-002
   5.070000E+002   4.599041E-002
   5.080000E+002   4.595126E-002
   5.090000E+002   4.590693E-002
   5.100000E+002   4.585751E-002
   5.110000E+002   4.580308E-002
   5.120000E+002   4.574373E-002
   5.130000E+002   4.567952E-002
   5.140000E+002   4.561055E-002
   5.150000E+002   4.553690E-002
   5.160000E+002   4.545865E-002
   5.170000E+002   4.537589E-002
   5.180000E+002   4.528869E-002
   5.190000E+002   4.519713E-002
   5.200000E+002   4.510131E-002
   5.210000E+002   4.500130E-002
   5.220000E+002   4.489718E-002
   5.230000E+002   4.478904E-002
   5.240000E+002   4.467696E-002
   5.250000E+002   4.456101E-002
   5.260000E+002   4.444130E-002
   5.270000E+002   4.431789E-002
   5.280000E+002   4.419086E-002
   5.290000E+002   4.406031E-002
   5.300000E+002   4.392631E-002
   5.310000E+002   4.378894E-002
   5.320000E+002   4.364830E-002
   5.330000E+002   4.350445E-002
   5.340000E+002   4.335748E-002
   5.350000E+002   4.320748E-002
   5.360000E+002   4.305452E-002
   5.370000E+002   4.289869E-002
   5.380000E+002   4.274008E-002
   5.390000E+002   4.257875E-002
   5.400000E+002   4.241481E-002
   5.410000E+002   4.224832E-002
   5.420000E+002   4.207937E-002
   5.430000E+002   4.190804E-002
   5.440000E+002   4.173442E-002
   5.450000E+002   4.155858E-002
   5.460000E+002   4.138061E-002
   5.470000E+002   4.120060E-002
   5.480000E+002   4.101862E-002
   5.490000E+002   4.083475E-002
   5.500000E+002   4.064909E-002
   5.510000E+002   4.046170E-002
   5.520000E+002   4.027268E-002
   5.530000E+002   4.008211E-002
   5.540000E+002   3.989007E-002
   5.550000E+002   3.969665E-002
   5.560000E+002   3.950193E-002
   5.570000E+002   3.930600E-002
   5.580000E+002   3.910893E-002
   5.590000E+002   3.891082E-002
   5.600000E+002   3.871174E-002
   5.610000E+002   3.851179E-002
   5.620000E+002   3.831104E-002
   5.630000E+002   3.810958E-002
   5.640000E+002   3.790749E-002
   5.650000E+002   3.770487E-002
   5.660000E+002   3.750178E-002
   5.670000E+002   3.729832E-002
   5.680000E+002   3.709457E-002
   5.690000E+002   3.689061E-002
   5.700000E+002   3.668653E-002
   5.710000E+002   3.648242E-002
   5.720000E+002   3.627835E-002
   5.730000E+002   3.607441E-002
   5.740000E+002   3.587068E-002
   5.750000E+002   3.566725E-002
   5.760000E+002   3.546421E-002
   5.770000E+002   3.526163E-002
   5.780000E+002   3.505960E-002
   5.790000E+002   3.485821E-002
   5.800000E+002   3.465753E-002
   5.810000E+002   3.445766E-002
   5.820000E+002   3.425867E-002
   5.830000E+002   3.406066E-002
   5.840000E+002   3.386370E-002
   5.850000E+002   3.366788E-002
   5.860000E+002   3.347328E-002
   5.870000E+002   3.327999E-002
   5.880000E+002   3.308809E-002
   5.890000E+002   3.289766E-002
   5.900000E+002   3.270880E-002
   5.910000E+002   3.252158E-002
   5.920000E+002   3.233608E-002
   5.930000E+002   3.215240E-002
   5.940000E+002   3.197061E-002
   5.950000E+002   3.179080E-002
   5.960000E+002   3.161306E-002
   5.970000E+002   3.143746E-002
   5.980000E+002   3.126410E-002
   5.990000E+002   3.109305E-002
   6.000000E+002   3.092440E-002
   6.010000E+002   3.075822E-002
   6.020000E+002   3.059456E-002
   6.030000E+002   3.043343E-002
   6.040000E+002   3.027487E-002
   6.050000E+002   3.011889E-002
   6.060000E+002   2.996552E-002
   6.070000E+002   2.981480E-002
   6.080000E+002   2.966674E-002
   6.090000E+002   2.952138E-002
   6.100000E+002   2.937874E-002
   6.110000E+002   2.923883E-002
   6.120000E+002   2.910170E-002
   6.130000E+002   2.896737E-002
   6.140000E+002   2.883586E-002
   6.150000E+002   2.870720E-002
   6.160000E+002   2.858141E-002
   6.170000E+002   2.845853E-002
   6.180000E+002   2.833857E-002
   6.190000E+002   2.822156E-002
   6.200000E+002   2.810754E-002
   6.210000E+002   2.799652E-002
   6.220000E+002   2.788853E-002
   6.230000E+002   2.778360E-002
   6.240000E+002   2.768175E-002
   6.250000E+002   2.758301E-002
   6.260000E+002   2.748741E-002
   6.270000E+002   2.739497E-002
   6.280000E+002   2.730571E-002
   6.290000E+002   2.721967E-002
   6.300000E+002   2.713687E-002
   6.310000E+002   2.705734E-002
   6.320000E+002   2.698110E-002
   6.330000E+002   2.690818E-002
   6.340000E+002   2.683860E-002
   6.350000E+002   2.677239E-002
   6.360000E+002   2.670957E-002
   6.370000E+002   2.665018E-002
   6.380000E+002   2.659424E-002
   6.390000E+002   2.654178E-002
   6.400000E+002   2.649281E-002
   6.410000E+002   2.644737E-002
   6.420000E+002   2.640548E-002
   6.430000E+002   2.636717E-002
   6.440000E+002   2.633247E-002
   6.450000E+002   2.630140E-002
   6.460000E+002   2.627398E-002
   6.470000E+002   2.625025E-002
   6.480000E+002   2.623023E-002
   6.490000E+002   2.621394E-002
   6.500000E+002   2.620141E-002
   6.510000E+002   2.619266E-002
   6.520000E+002   2.618764E-002
   6.530000E+002   2.618631E-002
   6.540000E+002   2.618861E-002
   6.550000E+002   2.619449E-002
   6.560000E+002   2.620390E-002
   6.570000E+002   2.621679E-002
   6.580000E+002   2.623310E-002
   6.590000E+002   2.625278E-002
   6.600000E+002   2.627579E-002
   6.610000E+002   2.630207E-002
   6.620000E+002   2.633157E-002
   6.630000E+002   2.636424E-002
   6.640000E+002   2.640002E-002
   6.650000E+002   2.643887E-002
   6.660000E+002   2.648073E-002
   6.670000E+002   2.652555E-002
   6.680000E+002   2.657327E-002
   6.690000E+002   2.662386E-002
   6.700000E+002   2.667725E-002
   6.710000E+002   2.673340E-002
   6.720000E+002   2.679225E-002
   6.730000E+002   2.685375E-002
   6.740000E+002   2.691785E-002
   6.750000E+002   2.698449E-002
   6.760000E+002   2.705364E-002
   6.770000E+002   2.712522E-002
   6.780000E+002   2.719920E-002
   6.790000E+002   2.727552E-002
   6.800000E+002   2.735413E-002
   6.810000E+002   2.743498E-002
   6.820000E+002   2.751801E-002
   6.830000E+002   2.760318E-002
   6.840000E+002   2.769043E-002
   6.850000E+002   2.777971E-002
   6.860000E+002   2.787097E-002
   6.870000E+002   2.796416E-002
   6.880000E+002   2.805922E-002
   6.890000E+002   2.815611E-002
   6.900000E+002   2.825477E-002
   6.910000E+002   2.835516E-002
   6.920000E+002   2.845721E-002
   6.930000E+002   2.856088E-002
   6.940000E+002   2.866611E-002
   6.950000E+002   2.877287E-002
   6.960000E+002   2.888108E-002
   6.970000E+002   2.899070E-002
   6.980000E+002   2.910169E-002
   6.990000E+002   2.921398E-002
   7.000000E+002   2.932753E-002
   7.010000E+002   2.944227E-002
   7.020000E+002   2.955816E-002
   7.030000E+002   2.967510E-002
   7.040000E+002   2.979303E-002
   7.050000E+002   2.991187E-002
   7.060000E+002   3.003156E-002
   7.070000E+002   3.015202E-002
   7.080000E+002   3.027318E-002
   7.090000E+002   3.039497E-002
   7.100000E+002   3.051732E-002
   7.110000E+002   3.064015E-002
   7.120000E+002   3.076339E-002
   7.130000E+002   3.088696E-002
   7.140000E+002   3.101081E-002
   7.150000E+002   3.113485E-002
   7.160000E+002   3.125901E-002
   7.170000E+002   3.138323E-002
   7.180000E+002   3.150742E-002
   7.190000E+002   3.163152E-002
   7.200000E+002   3.175545E-002
   7.210000E+002   3.187915E-002
   7.220000E+002   3.200254E-002
   7.230000E+002   3.212554E-002
   7.240000E+002   3.224809E-002
   7.250000E+002   3.237011E-002
   7.260000E+002   3.249154E-002
   7.270000E+002   3.261230E-002
   7.280000E+002   3.273231E-002
   7.290000E+002   3.285151E-002
   7.300000E+002   3.296982E-002
   7.310000E+002   3.308717E-002
   7.320000E+002   3.320350E-002
   7.330000E+002   3.331872E-002
   7.340000E+002   3.343276E-002
   7.350000E+002   3.354556E-002
   7.360000E+002   3.365703E-002
   7.370000E+002   3.376712E-002
   7.380000E+002   3.387574E-002
   7.390000E+002   3.398283E-002
   7.400000E+002   3.408831E-002
   7.410000E+002   3.419211E-002
   7.420000E+002   3.429416E-002
   7.430000E+002   3.439438E-002
   7.440000E+002   3.449271E-002
   7.450000E+002   3.458907E-002
   7.460000E+002   3.468339E-002
   7.470000E+002   3.477559E-002
   7.480000E+002   3.486562E-002
   7.490000E+002   3.495338E-002
   7.500000E+002   3.503882E-002
   7.510000E+002   3.512186E-002
   7.520000E+002   3.520249E-002
   7.530000E+002   3.528069E-002
   7.540000E+002   3.535644E-002
   7.550000E+002   3.542972E-002
   7.560000E+002   3.550053E-002
   7.570000E+002   3.556885E-002
   7.580000E+002   3.563466E-002
   7.590000E+002   3.569795E-002
   7.600000E+002   3.575869E-002
   7.610000E+002   3.581689E-002
   7.620000E+002   3.587251E-002
   7.630000E+002   3.592555E-002
   7.640000E+002   3.597599E-002
   7.650000E+002   3.602382E-002
   7.660000E+002   3.606901E-002
   7.670000E+002   3.611156E-002
   7.680000E+002   3.615145E-002
   7.690000E+002   3.618866E-002
   7.700000E+002   3.622318E-002
   7.710000E+002   3.625500E-002
   7.720000E+002   3.628409E-002
   7.730000E+002   3.631044E-002
   7.740000E+002   3.633404E-002
   7.750000E+002   3.635488E-002
   7.760000E+002   3.637293E-002
   7.770000E+002   3.638818E-002
   7.780000E+002   3.640061E-002
   7.790000E+002   3.641022E-002
   7.800000E+002   3.641699E-002
   7.810000E+002   3.642089E-002
   7.820000E+002   3.642192E-002
   7.830000E+002   3.642006E-002
   7.840000E+002   3.641529E-002
   7.850000E+002   3.640760E-002
   7.860000E+002   3.639698E-002
   7.870000E+002   3.638340E-002
   7.880000E+002   3.636686E-002
   7.890000E+002   3.634733E-002
   7.900000E+002   3.632481E-002
   7.910000E+002   3.629927E-002
   7.920000E+002   3.627071E-002
   7.930000E+002   3.623910E-002
   7.940000E+002   3.620443E-002
   7.950000E+002   3.616669E-002
   7.960000E+002   3.612587E-002
   7.970000E+002   3.608193E-002
   7.980000E+002   3.603488E-002
   7.990000E+002   3.598469E-002
   8.000000E+002   3.593135E-002
   8.010000E+002   3.587485E-002
   8.020000E+002   3.581522E-002
   8.030000E+002   3.575250E-002
   8.040000E+002   3.568670E-002
   8.050000E+002   3.561787E-002
   8.060000E+002   3.554604E-002
   8.070000E+002   3.547124E-002
   8.080000E+002   3.539351E-002
   8.090000E+002   3.531288E-002
   8.100000E+002   3.522938E-002
   8.110000E+002   3.514304E-002
   8.120000E+002   3.505390E-002
   8.130000E+002   3.496199E-002
   8.140000E+002   3.486735E-002
   8.150000E+002   3.477000E-002
   8.160000E+002   3.466998E-002
   8.170000E+002   3.456733E-002
   8.180000E+002   3.446207E-002
   8.190000E+002   3.435424E-002
   8.200000E+002   3.424387E-002
   8.210000E+002   3.413099E-002
   8.220000E+002   3.401565E-002
   8.230000E+002   3.389786E-002
   8.240000E+002   3.377767E-002
   8.250000E+002   3.365511E-002
   8.260000E+002   3.353020E-002
   8.270000E+002   3.340299E-002
   8.280000E+002   3.327351E-002
   8.290000E+002   3.314179E-002
   8.300000E+002   3.300785E-002
   8.310000E+002   3.287175E-002
   8.320000E+002   3.273350E-002
   8.330000E+002   3.259314E-002
   8.340000E+002   3.245071E-002
   8.350000E+002   3.230623E-002
   8.360000E+002   3.215975E-002
   8.370000E+002   3.201129E-002
   8.380000E+002   3.186088E-002
   8.390000E+002   3.170857E-002
   8.400000E+002   3.155437E-002
   8.410000E+002   3.139834E-002
   8.420000E+002   3.124049E-002
   8.430000E+002   3.108086E-002
   8.440000E+002   3.091949E-002
   8.450000E+002   3.075640E-002
   8.460000E+002   3.059164E-002
   8.470000E+002   3.042523E-002
   8.480000E+002   3.025721E-002
   8.490000E+002   3.008761E-002
   8.500000E+002   2.991646E-002
   8.510000E+002   2.974380E-002
   8.520000E+002   2.956970E-002
   8.530000E+002   2.939423E-002
   8.540000E+002   2.921747E-002
   8.550000E+002   2.903948E-002
   8.560000E+002   2.886033E-002
   8.570000E+002   2.868011E-002
   8.580000E+002   2.849887E-002
   8.590000E+002   2.831670E-002
   8.600000E+002   2.813366E-002
   8.610000E+002   2.794984E-002
   8.620000E+002   2.776529E-002
   8.630000E+002   2.758009E-002
   8.640000E+002   2.739432E-002
   8.650000E+002   2.720804E-002
   8.660000E+002   2.702133E-002
   8.670000E+002   2.683426E-002
   8.680000E+002   2.664690E-002
   8.690000E+002   2.645933E-002
   8.700000E+002   2.627162E-002
   8.710000E+002   2.608383E-002
   8.720000E+002   2.589604E-002
   8.730000E+002   2.570833E-002
   8.740000E+002   2.552077E-002
   8.750000E+002   2.533342E-002
   8.760000E+002   2.514636E-002
   8.770000E+002   2.495966E-002
   8.780000E+002   2.477339E-002
   8.790000E+002   2.458764E-002
   8.800000E+002   2.440246E-002
   8.810000E+002   2.421793E-002
   8.820000E+002   2.403412E-002
   8.830000E+002   2.385111E-002
   8.840000E+002   2.366896E-002
   8.850000E+002   2.348776E-002
   8.860000E+002   2.330756E-002
   8.870000E+002   2.312845E-002
   8.880000E+002   2.295049E-002
   8.890000E+002   2.277376E-002
   8.900000E+002   2.259833E-002
   8.910000E+002   2.242427E-002
   8.920000E+002   2.225166E-002
   8.930000E+002   2.208056E-002
   8.940000E+002   2.191105E-002
   8.950000E+002   2.174320E-002
   8.960000E+002   2.157708E-002
   8.970000E+002   2.141277E-002
   8.980000E+002   2.125033E-002
   8.990000E+002   2.108984E-002
   9.000000E+002   2.093138E-002
   9.010000E+002   2.077499E-002
   9.020000E+002   2.062071E-002
   9.030000E+002   2.046854E-002
   9.040000E+002   2.031848E-002
   9.050000E+002   2.017054E-002
   9.060000E+002   2.002474E-002
   9.070000E+002   1.988108E-002
   9.080000E+002   1.973956E-002
   9.090000E+002   1.960020E-002
   9.100000E+002   1.946300E-002
   9.110000E+002   1.932797E-002
   9.120000E+002   1.919511E-002
   9.130000E+002   1.906445E-002
   9.140000E+002   1.893597E-002
   9.150000E+002   1.880970E-002
   9.160000E+002   1.868563E-002
   9.170000E+002   1.856378E-002
   9.180000E+002   1.844416E-002
   9.190000E+002   1.832676E-002
   9.200000E+002   1.821160E-002
   9.210000E+002   1.809869E-002
   9.220000E+002   1.798804E-002
   9.230000E+002   1.787965E-002
   9.240000E+002   1.777352E-002
   9.250000E+002   1.766967E-002
   9.260000E+002   1.756811E-002
   9.270000E+002   1.746884E-002
   9.280000E+002   1.737187E-002
   9.290000E+002   1.727721E-002
   9.300000E+002   1.718487E-002
   9.310000E+002   1.709485E-002
   9.320000E+002   1.700715E-002
   9.330000E+002   1.692180E-002
   9.340000E+002   1.683879E-002
   9.350000E+002   1.675814E-002
   9.360000E+002   1.667985E-002
   9.370000E+002   1.660393E-002
   9.380000E+002   1.653038E-002
   9.390000E+002   1.645922E-002
   9.400000E+002   1.639046E-002
   9.410000E+002   1.632409E-002
   9.420000E+002   1.626013E-002
   9.430000E+002   1.619858E-002
   9.440000E+002   1.613946E-002
   9.450000E+002   1.608277E-002
   9.460000E+002   1.602852E-002
   9.470000E+002   1.597671E-002
   9.480000E+002   1.592735E-002
   9.490000E+002   1.588046E-002
   9.500000E+002   1.583604E-002
   9.510000E+002   1.579408E-002
   9.520000E+002   1.575457E-002
   9.530000E+002   1.571746E-002
   9.540000E+002   1.568272E-002
   9.550000E+002   1.565031E-002
   9.560000E+002   1.562020E-002
   9.570000E+002   1.559234E-002
   9.580000E+002   1.556672E-002
   9.590000E+002   1.554327E-002
   9.600000E+002   1.552198E-002
   9.610000E+002   1.550281E-002
   9.620000E+002   1.548571E-002
   9.630000E+002   1.547066E-002
   9.640000E+002   1.545761E-002
   9.650000E+002   1.544654E-002
   9.660000E+002   1.543740E-002
   9.670000E+002   1.543016E-002
   9.680000E+002   1.542478E-002
   9.690000E+002   1.542123E-002
   9.700000E+002   1.541946E-002
   9.710000E+002   1.541946E-002
   9.720000E+002   1.542117E-002
   9.730000E+002   1.542456E-002
   9.740000E+002   1.542960E-002
   9.750000E+002   1.543624E-002
   9.760000E+002   1.544446E-002
   9.770000E+002   1.545422E-002
   9.780000E+002   1.546548E-002
   9.790000E+002   1.547820E-002
   9.800000E+002   1.549236E-002
   9.810000E+002   1.550790E-002
   9.820000E+002   1.552480E-002
   9.830000E+002   1.554303E-002
   9.840000E+002   1.556254E-002
   9.850000E+002   1.558329E-002
   9.860000E+002   1.560526E-002
   9.870000E+002   1.562840E-002
   9.880000E+002   1.565269E-002
   9.890000E+002   1.567808E-002
   9.900000E+002   1.570453E-002
   9.910000E+002   1.573202E-002
   9.920000E+002   1.576050E-002
   9.930000E+002   1.578994E-002
   9.940000E+002   1.582031E-002
   9.950000E+002   1.585156E-002
   9.960000E+002   1.588367E-002
   9.970000E+002   1.591658E-002
   9.980000E+002   1.595028E-002
   9.990000E+002   1.598472E-002
   1.000000E+003   1.601987E-002
   1.001000E+003   1.605568E-002
   1.002000E+003   1.609214E-002
   1.003000E+003   1.612922E-002
   1.004000E+003   1.616687E-002
   1.005000E+003   1.620509E-002
   1.006000E+003   1.624383E-002
   1.007000E+003   1.628308E-002
   1.008000E+003   1.632279E-002
   1.009000E+003   1.636295E-002
   1.010000E+003   1.640353E-002
   1.011000E+003   1.644449E-002
   1.012000E+003   1.648581E-002
   1.013000E+003   1.652746E-002
   1.014000E+003   1.656942E-002
   1.015000E+003   1.661165E-002
   1.016000E+003   1.665412E-002
   1.017000E+003   1.669681E-002
   1.018000E+003   1.673969E-002
   1.019000E+003   1.678272E-002
   1.020000E+003   1.682590E-002
   1.021000E+003   1.686917E-002
   1.022000E+003   1.691252E-002
   1.023000E+003   1.695592E-002
   1.024000E+003   1.699933E-002
   1.025000E+003   1.704274E-002
   1.026000E+003   1.708611E-002
   1.027000E+003   1.712941E-002
   1.028000E+003   1.717261E-002
   1.029000E+003   1.721570E-002
   1.030000E+003   1.725863E-002
   1.031000E+003   1.730138E-002
   1.032000E+003   1.734393E-002
   1.033000E+003   1.738624E-002
   1.034000E+003   1.742828E-002
   1.035000E+003   1.747003E-002
   1.036000E+003   1.751146E-002
   1.037000E+003   1.755255E-002
   1.038000E+003   1.759325E-002
   1.039000E+003   1.763354E-002
   1.040000E+003   1.767341E-002
   1.041000E+003   1.771281E-002
   1.042000E+003   1.775171E-002
   1.043000E+003   1.779010E-002
   1.044000E+003   1.782794E-002
   1.045000E+003   1.786521E-002
   1.046000E+003   1.790187E-002
   1.047000E+003   1.793789E-002
   1.048000E+003   1.797326E-002
   1.049000E+003   1.800793E-002
   1.050000E+003   1.804189E-002
   1.051000E+003   1.807510E-002
   1.052000E+003   1.810755E-002
   1.053000E+003   1.813922E-002
   1.054000E+003   1.817009E-002
   1.055000E+003   1.820013E-002
   1.056000E+003   1.822934E-002
   1.057000E+003   1.825769E-002
   1.058000E+003   1.828517E-002
   1.059000E+003   1.831176E-002
   1.060000E+003   1.833743E-002
   1.061000E+003   1.836218E-002
   1.062000E+003   1.838598E-002
   1.063000E+003   1.840881E-002
   1.064000E+003   1.843067E-002
   1.065000E+003   1.845151E-002
   1.066000E+003   1.847134E-002
   1.067000E+003   1.849013E-002
   1.068000E+003   1.850787E-002
   1.069000E+003   1.852453E-002
   1.070000E+003   1.854009E-002
   1.071000E+003   1.855455E-002
   1.072000E+003   1.856787E-002
   1.073000E+003   1.858005E-002
   1.074000E+003   1.859106E-002
   1.075000E+003   1.860089E-002
   1.076000E+003   1.860951E-002
   1.077000E+003   1.861691E-002
   1.078000E+003   1.862308E-002
   1.079000E+003   1.862798E-002
   1.080000E+003   1.863161E-002
   1.081000E+003   1.863395E-002
   1.082000E+003   1.863497E-002
   1.083000E+003   1.863467E-002
   1.084000E+003   1.863301E-002
   1.085000E+003   1.862999E-002
   1.086000E+003   1.862558E-002
   1.087000E+003   1.861977E-002
   1.088000E+003   1.861254E-002
   1.089000E+003   1.860386E-002
   1.090000E+003   1.859373E-002
   1.091000E+003   1.858212E-002
   1.092000E+003   1.856902E-002
   1.093000E+003   1.855440E-002
   1.094000E+003   1.853826E-002
   1.095000E+003   1.852056E-002
   1.096000E+003   1.850129E-002
   1.097000E+003   1.848044E-002
   1.098000E+003   1.845799E-002
   1.099000E+003   1.843391E-002
   1.100000E+003   1.840819E-002
   1.101000E+003   1.838082E-002
   1.102000E+003   1.835182E-002
   1.103000E+003   1.832122E-002
   1.104000E+003   1.828906E-002
   1.105000E+003   1.825536E-002
   1.106000E+003   1.822015E-002
   1.107000E+003   1.818347E-002
   1.108000E+003   1.814535E-002
   1.109000E+003   1.810581E-002
   1.110000E+003   1.806488E-002
   1.111000E+003   1.802261E-002
   1.112000E+003   1.797902E-002
   1.113000E+003   1.793413E-002
   1.114000E+003   1.788798E-002
   1.115000E+003   1.784061E-002
   1.116000E+003   1.779203E-002
   1.117000E+003   1.774229E-002
   1.118000E+003   1.769141E-002
   1.119000E+003   1.763942E-002
   1.120000E+003   1.758636E-002
   1.121000E+003   1.753225E-002
   1.122000E+003   1.747713E-002
   1.123000E+003   1.742102E-002
   1.124000E+003   1.736396E-002
   1.125000E+003   1.730598E-002
   1.126000E+003   1.724710E-002
   1.127000E+003   1.718737E-002
   1.128000E+003   1.712680E-002
   1.129000E+003   1.706544E-002
   1.130000E+003   1.700330E-002
   1.131000E+003   1.694043E-002
   1.132000E+003   1.687685E-002
   1.133000E+003   1.681259E-002
   1.134000E+003   1.674769E-002
   1.135000E+003   1.668217E-002
   1.136000E+003   1.661607E-002
   1.137000E+003   1.654941E-002
   1.138000E+003   1.648223E-002
   1.139000E+003   1.641455E-002
   1.140000E+003   1.634642E-002
   1.141000E+003   1.627785E-002
   1.142000E+003   1.620888E-002
   1.143000E+003   1.613954E-002
   1.144000E+003   1.606986E-002
   1.145000E+003   1.599988E-002
   1.146000E+003   1.592961E-002
   1.147000E+003   1.585910E-002
   1.148000E+003   1.578837E-002
   1.149000E+003   1.571746E-002
   1.150000E+003   1.564639E-002
   1.151000E+003   1.557520E-002
   1.152000E+003   1.550388E-002
   1.153000E+003   1.543244E-002
   1.154000E+003   1.536088E-002
   1.155000E+003   1.528921E-002
   1.156000E+003   1.521743E-002
   1.157000E+003   1.514554E-002
   1.158000E+003   1.507354E-002
   1.159000E+003   1.500144E-002
   1.160000E+003   1.492923E-002
   1.161000E+003   1.485693E-002
   1.162000E+003   1.478452E-002
   1.163000E+003   1.471203E-002
   1.164000E+003   1.463944E-002
   1.165000E+003   1.456676E-002
   1.166000E+003   1.449400E-002
   1.167000E+003   1.442115E-002
   1.168000E+003   1.434822E-002
   1.169000E+003   1.427520E-002
   1.170000E+003   1.420212E-002
   1.171000E+003   1.412895E-002
   1.172000E+003   1.405572E-002
   1.173000E+003   1.398241E-002
   1.174000E+003   1.390904E-002
   1.175000E+003   1.383561E-002
   1.176000E+003   1.376211E-002
   1.177000E+003   1.368855E-002
   1.178000E+003   1.361493E-002
   1.179000E+003   1.354126E-002
   1.180000E+003   1.346754E-002
   1.181000E+003   1.339377E-002
   1.182000E+003   1.331995E-002
   1.183000E+003   1.324608E-002
   1.184000E+003   1.317218E-002
   1.185000E+003   1.309823E-002
   1.186000E+003   1.302424E-002
   1.187000E+003   1.295023E-002
   1.188000E+003   1.287617E-002
   1.189000E+003   1.280209E-002
   1.190000E+003   1.272799E-002
   1.191000E+003   1.265385E-002
   1.192000E+003   1.257970E-002
   1.193000E+003   1.250552E-002
   1.194000E+003   1.243133E-002
   1.195000E+003   1.235712E-002
   1.196000E+003   1.228290E-002
   1.197000E+003   1.220867E-002
   1.198000E+003   1.213443E-002
   1.199000E+003   1.206019E-002
   1.200000E+003   1.198594E-002
