   1.000000E+000   2.055162E-002
   2.000000E+000   2.934201E-002
   3.000000E+000   3.813239E-002
   4.000000E+000   3.780526E-002
   5.000000E+000   3.566713E-002
   6.000000E+000   3.413553E-002
   7.000000E+000   3.319689E-002
   8.000000E+000   3.270805E-002
   9.000000E+000   3.251164E-002
   1.000000E+001   3.252310E-002
   1.100000E+001   3.268004E-002
   1.200000E+001   3.293601E-002
   1.300000E+001   3.325412E-002
   1.400000E+001   3.362001E-002
   1.500000E+001   3.402491E-002
   1.600000E+001   3.446076E-002
   1.700000E+001   3.492234E-002
   1.800000E+001   3.540511E-002
   1.900000E+001   3.590457E-002
   2.000000E+001   3.641617E-002
   2.100000E+001   3.693603E-002
   2.200000E+001   3.746271E-002
   2.300000E+001   3.799542E-002
   2.400000E+001   3.853335E-002
   2.500000E+001   3.907569E-002
   2.600000E+001   3.962166E-002
   2.700000E+001   4.017043E-002
   2.800000E+001   4.072122E-002
   2.900000E+001   4.127322E-002
   3.000000E+001   4.182562E-002
   3.100000E+001   4.237777E-002
   3.200000E+001   4.292960E-002
   3.300000E+001   4.348119E-002
   3.400000E+001   4.403262E-002
   3.500000E+001   4.458397E-002
   3.600000E+001   4.513531E-002
   3.700000E+001   4.568672E-002
   3.800000E+001   4.623829E-002
   3.900000E+001   4.679009E-002
   4.000000E+001   4.734220E-002
   4.100000E+001   4.789463E-002
   4.200000E+001   4.844711E-002
   4.300000E+001   4.899931E-002
   4.400000E+001   4.955091E-002
   4.500000E+001   5.010156E-002
   4.600000E+001   5.065093E-002
   4.700000E+001   5.119870E-002
   4.800000E+001   5.174452E-002
   4.900000E+001   5.228808E-002
   5.000000E+001   5.282902E-002
   5.100000E+001   5.336713E-002
   5.200000E+001   5.390262E-002
   5.300000E+001   5.443581E-002
   5.400000E+001   5.496702E-002
   5.500000E+001   5.549655E-002
   5.600000E+001   5.602474E-002
   5.700000E+001   5.655191E-002
   5.800000E+001   5.707836E-002
   5.900000E+001   5.760442E-002
   6.000000E+001   5.813040E-002
   6.100000E+001   5.865653E-002
   6.200000E+001   5.918267E-002
   6.300000E+001   5.970856E-002
   6.400000E+001   6.023397E-002
   6.500000E+001   6.075864E-002
   6.600000E+001   6.128233E-002
   6.700000E+001   6.180480E-002
   6.800000E+001   6.232581E-002
   6.900000E+001   6.284511E-002
   7.000000E+001   6.336246E-002
   7.100000E+001   6.387763E-002
   7.200000E+001   6.439050E-002
   7.300000E+001   6.490099E-002
   7.400000E+001   6.540898E-002
   7.500000E+001   6.591438E-002
   7.600000E+001   6.641710E-002
   7.700000E+001   6.691703E-002
   7.800000E+001   6.741409E-002
   7.900000E+001   6.790816E-002
   8.000000E+001   6.839916E-002
   8.100000E+001   6.888701E-002
   8.200000E+001   6.937174E-002
   8.300000E+001   6.985339E-002
   8.400000E+001   7.033203E-002
   8.500000E+001   7.080770E-002
   8.600000E+001   7.128046E-002
   8.700000E+001   7.175036E-002
   8.800000E+001   7.221745E-002
   8.900000E+001   7.268178E-002
   9.000000E+001   7.314341E-002
   9.100000E+001   7.360237E-002
   9.200000E+001   7.405869E-002
   9.300000E+001   7.451236E-002
   9.400000E+001   7.496340E-002
   9.500000E+001   7.541180E-002
   9.600000E+001   7.585757E-002
   9.700000E+001   7.630073E-002
   9.800000E+001   7.674126E-002
   9.900000E+001   7.717918E-002
   1.000000E+002   7.761449E-002
   1.010000E+002   7.804717E-002
   1.020000E+002   7.847702E-002
   1.030000E+002   7.890385E-002
   1.040000E+002   7.932743E-002
   1.050000E+002   7.974755E-002
   1.060000E+002   8.016399E-002
   1.070000E+002   8.057654E-002
   1.080000E+002   8.098499E-002
   1.090000E+002   8.138912E-002
   1.100000E+002   8.178871E-002
   1.110000E+002   8.218356E-002
   1.120000E+002   8.257345E-002
   1.130000E+002   8.295815E-002
   1.140000E+002   8.333747E-002
   1.150000E+002   8.371118E-002
   1.160000E+002   8.407906E-002
   1.170000E+002   8.444092E-002
   1.180000E+002   8.479652E-002
   1.190000E+002   8.514565E-002
   1.200000E+002   8.548811E-002
   1.210000E+002   8.582369E-002
   1.220000E+002   8.615226E-002
   1.230000E+002   8.647368E-002
   1.240000E+002   8.678785E-002
   1.250000E+002   8.709464E-002
   1.260000E+002   8.739392E-002
   1.270000E+002   8.768558E-002
   1.280000E+002   8.796949E-002
   1.290000E+002   8.824553E-002
   1.300000E+002   8.851358E-002
   1.310000E+002   8.877352E-002
   1.320000E+002   8.902523E-002
   1.330000E+002   8.926858E-002
   1.340000E+002   8.950345E-002
   1.350000E+002   8.972973E-002
   1.360000E+002   8.994728E-002
   1.370000E+002   9.015599E-002
   1.380000E+002   9.035573E-002
   1.390000E+002   9.054639E-002
   1.400000E+002   9.072784E-002
   1.410000E+002   9.089999E-002
   1.420000E+002   9.106288E-002
   1.430000E+002   9.121660E-002
   1.440000E+002   9.136122E-002
   1.450000E+002   9.149682E-002
   1.460000E+002   9.162347E-002
   1.470000E+002   9.174125E-002
   1.480000E+002   9.185024E-002
   1.490000E+002   9.195051E-002
   1.500000E+002   9.204214E-002
   1.510000E+002   9.212520E-002
   1.520000E+002   9.219978E-002
   1.530000E+002   9.226596E-002
   1.540000E+002   9.232379E-002
   1.550000E+002   9.237338E-002
   1.560000E+002   9.241478E-002
   1.570000E+002   9.244808E-002
   1.580000E+002   9.247336E-002
   1.590000E+002   9.249069E-002
   1.600000E+002   9.250014E-002
   1.610000E+002   9.250177E-002
   1.620000E+002   9.249549E-002
   1.630000E+002   9.248121E-002
   1.640000E+002   9.245880E-002
   1.650000E+002   9.242817E-002
   1.660000E+002   9.238920E-002
   1.670000E+002   9.234178E-002
   1.680000E+002   9.228582E-002
   1.690000E+002   9.222119E-002
   1.700000E+002   9.214780E-002
   1.710000E+002   9.206553E-002
   1.720000E+002   9.197427E-002
   1.730000E+002   9.187393E-002
   1.740000E+002   9.176438E-002
   1.750000E+002   9.164553E-002
   1.760000E+002   9.151725E-002
   1.770000E+002   9.137946E-002
   1.780000E+002   9.123203E-002
   1.790000E+002   9.107486E-002
   1.800000E+002   9.090784E-002
   1.810000E+002   9.073089E-002
   1.820000E+002   9.054408E-002
   1.830000E+002   9.034750E-002
   1.840000E+002   9.014122E-002
   1.850000E+002   8.992536E-002
   1.860000E+002   8.969999E-002
   1.870000E+002   8.946521E-002
   1.880000E+002   8.922110E-002
   1.890000E+002   8.896777E-002
   1.900000E+002   8.870529E-002
   1.910000E+002   8.843376E-002
   1.920000E+002   8.815327E-002
   1.930000E+002   8.786392E-002
   1.940000E+002   8.756578E-002
   1.950000E+002   8.725896E-002
   1.960000E+002   8.694354E-002
   1.970000E+002   8.661961E-002
   1.980000E+002   8.628727E-002
   1.990000E+002   8.594660E-002
   2.000000E+002   8.559770E-002
   2.010000E+002   8.524067E-002
   2.020000E+002   8.487564E-002
   2.030000E+002   8.450276E-002
   2.040000E+002   8.412219E-002
   2.050000E+002   8.373407E-002
   2.060000E+002   8.333855E-002
   2.070000E+002   8.293578E-002
   2.080000E+002   8.252591E-002
   2.090000E+002   8.210909E-002
   2.100000E+002   8.168547E-002
   2.110000E+002   8.125519E-002
   2.120000E+002   8.081841E-002
   2.130000E+002   8.037527E-002
   2.140000E+002   7.992593E-002
   2.150000E+002   7.947053E-002
   2.160000E+002   7.900922E-002
   2.170000E+002   7.854215E-002
   2.180000E+002   7.806947E-002
   2.190000E+002   7.759133E-002
   2.200000E+002   7.710788E-002
   2.210000E+002   7.661926E-002
   2.220000E+002   7.612563E-002
   2.230000E+002   7.562714E-002
   2.240000E+002   7.512393E-002
   2.250000E+002   7.461615E-002
   2.260000E+002   7.410396E-002
   2.270000E+002   7.358751E-002
   2.280000E+002   7.306699E-002
   2.290000E+002   7.254255E-002
   2.300000E+002   7.201437E-002
   2.310000E+002   7.148261E-002
   2.320000E+002   7.094745E-002
   2.330000E+002   7.040904E-002
   2.340000E+002   6.986757E-002
   2.350000E+002   6.932319E-002
   2.360000E+002   6.877608E-002
   2.370000E+002   6.822640E-002
   2.380000E+002   6.767433E-002
   2.390000E+002   6.712003E-002
   2.400000E+002   6.656366E-002
   2.410000E+002   6.600541E-002
   2.420000E+002   6.544543E-002
   2.430000E+002   6.488390E-002
   2.440000E+002   6.432098E-002
   2.450000E+002   6.375684E-002
   2.460000E+002   6.319165E-002
   2.470000E+002   6.262558E-002
   2.480000E+002   6.205880E-002
   2.490000E+002   6.149147E-002
   2.500000E+002   6.092377E-002
   2.510000E+002   6.035586E-002
   2.520000E+002   5.978791E-002
   2.530000E+002   5.922007E-002
   2.540000E+002   5.865253E-002
   2.550000E+002   5.808543E-002
   2.560000E+002   5.751895E-002
   2.570000E+002   5.695325E-002
   2.580000E+002   5.638849E-002
   2.590000E+002   5.582484E-002
   2.600000E+002   5.526247E-002
   2.610000E+002   5.470153E-002
   2.620000E+002   5.414220E-002
   2.630000E+002   5.358463E-002
   2.640000E+002   5.302899E-002
   2.650000E+002   5.247545E-002
   2.660000E+002   5.192417E-002
   2.670000E+002   5.137531E-002
   2.680000E+002   5.082904E-002
   2.690000E+002   5.028553E-002
   2.700000E+002   4.974494E-002
   2.710000E+002   4.920742E-002
   2.720000E+002   4.867316E-002
   2.730000E+002   4.814231E-002
   2.740000E+002   4.761503E-002
   2.750000E+002   4.709150E-002
   2.760000E+002   4.657186E-002
   2.770000E+002   4.605624E-002
   2.780000E+002   4.554474E-002
   2.790000E+002   4.503747E-002
   2.800000E+002   4.453453E-002
   2.810000E+002   4.403605E-002
   2.820000E+002   4.354211E-002
   2.830000E+002   4.305284E-002
   2.840000E+002   4.256834E-002
   2.850000E+002   4.208872E-002
   2.860000E+002   4.161409E-002
   2.870000E+002   4.114455E-002
   2.880000E+002   4.068022E-002
   2.890000E+002   4.022119E-002
   2.900000E+002   3.976759E-002
   2.910000E+002   3.931951E-002
   2.920000E+002   3.887707E-002
   2.930000E+002   3.844037E-002
   2.940000E+002   3.800953E-002
   2.950000E+002   3.758464E-002
   2.960000E+002   3.716582E-002
   2.970000E+002   3.675318E-002
   2.980000E+002   3.634683E-002
   2.990000E+002   3.594686E-002
   3.000000E+002   3.555340E-002
   3.010000E+002   3.516653E-002
   3.020000E+002   3.478627E-002
   3.030000E+002   3.441263E-002
   3.040000E+002   3.404561E-002
   3.050000E+002   3.368522E-002
   3.060000E+002   3.333147E-002
   3.070000E+002   3.298435E-002
   3.080000E+002   3.264388E-002
   3.090000E+002   3.231005E-002
   3.100000E+002   3.198287E-002
   3.110000E+002   3.166236E-002
   3.120000E+002   3.134850E-002
   3.130000E+002   3.104131E-002
   3.140000E+002   3.074079E-002
   3.150000E+002   3.044695E-002
   3.160000E+002   3.015979E-002
   3.170000E+002   2.987932E-002
   3.180000E+002   2.960554E-002
   3.190000E+002   2.933845E-002
   3.200000E+002   2.907807E-002
   3.210000E+002   2.882439E-002
   3.220000E+002   2.857742E-002
   3.230000E+002   2.833716E-002
   3.240000E+002   2.810363E-002
   3.250000E+002   2.787682E-002
   3.260000E+002   2.765674E-002
   3.270000E+002   2.744340E-002
   3.280000E+002   2.723679E-002
   3.290000E+002   2.703693E-002
   3.300000E+002   2.684382E-002
   3.310000E+002   2.665746E-002
   3.320000E+002   2.647786E-002
   3.330000E+002   2.630503E-002
   3.340000E+002   2.613896E-002
   3.350000E+002   2.597967E-002
   3.360000E+002   2.582715E-002
   3.370000E+002   2.568142E-002
   3.380000E+002   2.554247E-002
   3.390000E+002   2.541032E-002
   3.400000E+002   2.528497E-002
   3.410000E+002   2.516642E-002
   3.420000E+002   2.505467E-002
   3.430000E+002   2.494974E-002
   3.440000E+002   2.485163E-002
   3.450000E+002   2.476033E-002
   3.460000E+002   2.467586E-002
   3.470000E+002   2.459823E-002
   3.480000E+002   2.452743E-002
   3.490000E+002   2.446347E-002
   3.500000E+002   2.440636E-002
   3.510000E+002   2.435608E-002
   3.520000E+002   2.431253E-002
   3.530000E+002   2.427560E-002
   3.540000E+002   2.424517E-002
   3.550000E+002   2.422113E-002
   3.560000E+002   2.420335E-002
   3.570000E+002   2.419172E-002
   3.580000E+002   2.418613E-002
   3.590000E+002   2.418645E-002
   3.600000E+002   2.419258E-002
   3.610000E+002   2.420439E-002
   3.620000E+002   2.422176E-002
   3.630000E+002   2.424459E-002
   3.640000E+002   2.427275E-002
   3.650000E+002   2.430612E-002
   3.660000E+002   2.434460E-002
   3.670000E+002   2.438806E-002
   3.680000E+002   2.443639E-002
   3.690000E+002   2.448946E-002
   3.700000E+002   2.454717E-002
   3.710000E+002   2.460940E-002
   3.720000E+002   2.467603E-002
   3.730000E+002   2.474694E-002
   3.740000E+002   2.482202E-002
   3.750000E+002   2.490114E-002
   3.760000E+002   2.498421E-002
   3.770000E+002   2.507108E-002
   3.780000E+002   2.516166E-002
   3.790000E+002   2.525582E-002
   3.800000E+002   2.535345E-002
   3.810000E+002   2.545442E-002
   3.820000E+002   2.555863E-002
   3.830000E+002   2.566596E-002
   3.840000E+002   2.577628E-002
   3.850000E+002   2.588949E-002
   3.860000E+002   2.600547E-002
   3.870000E+002   2.612409E-002
   3.880000E+002   2.624525E-002
   3.890000E+002   2.636882E-002
   3.900000E+002   2.649469E-002
   3.910000E+002   2.662275E-002
   3.920000E+002   2.675287E-002
   3.930000E+002   2.688494E-002
   3.940000E+002   2.701885E-002
   3.950000E+002   2.715446E-002
   3.960000E+002   2.729168E-002
   3.970000E+002   2.743038E-002
   3.980000E+002   2.757045E-002
   3.990000E+002   2.771177E-002
   4.000000E+002   2.785421E-002
   4.010000E+002   2.799768E-002
   4.020000E+002   2.814208E-002
   4.030000E+002   2.828732E-002
   4.040000E+002   2.843333E-002
   4.050000E+002   2.858000E-002
   4.060000E+002   2.872726E-002
   4.070000E+002   2.887502E-002
   4.080000E+002   2.902320E-002
   4.090000E+002   2.917170E-002
   4.100000E+002   2.932045E-002
   4.110000E+002   2.946936E-002
   4.120000E+002   2.961834E-002
   4.130000E+002   2.976730E-002
   4.140000E+002   2.991616E-002
   4.150000E+002   3.006484E-002
   4.160000E+002   3.021325E-002
   4.170000E+002   3.036130E-002
   4.180000E+002   3.050890E-002
   4.190000E+002   3.065598E-002
   4.200000E+002   3.080244E-002
   4.210000E+002   3.094821E-002
   4.220000E+002   3.109318E-002
   4.230000E+002   3.123729E-002
   4.240000E+002   3.138043E-002
   4.250000E+002   3.152253E-002
   4.260000E+002   3.166350E-002
   4.270000E+002   3.180326E-002
   4.280000E+002   3.194172E-002
   4.290000E+002   3.207878E-002
   4.300000E+002   3.221438E-002
   4.310000E+002   3.234842E-002
   4.320000E+002   3.248081E-002
   4.330000E+002   3.261147E-002
   4.340000E+002   3.274032E-002
   4.350000E+002   3.286726E-002
   4.360000E+002   3.299221E-002
   4.370000E+002   3.311510E-002
   4.380000E+002   3.323582E-002
   4.390000E+002   3.335430E-002
   4.400000E+002   3.347044E-002
   4.410000E+002   3.358417E-002
   4.420000E+002   3.369540E-002
   4.430000E+002   3.380404E-002
   4.440000E+002   3.391000E-002
   4.450000E+002   3.401321E-002
   4.460000E+002   3.411356E-002
   4.470000E+002   3.421099E-002
   4.480000E+002   3.430540E-002
   4.490000E+002   3.439671E-002
   4.500000E+002   3.448482E-002
   4.510000E+002   3.456968E-002
   4.520000E+002   3.465124E-002
   4.530000E+002   3.472952E-002
   4.540000E+002   3.480448E-002
   4.550000E+002   3.487613E-002
   4.560000E+002   3.494445E-002
   4.570000E+002   3.500944E-002
   4.580000E+002   3.507107E-002
   4.590000E+002   3.512935E-002
   4.600000E+002   3.518426E-002
   4.610000E+002   3.523578E-002
   4.620000E+002   3.528392E-002
   4.630000E+002   3.532866E-002
   4.640000E+002   3.536998E-002
   4.650000E+002   3.540788E-002
   4.660000E+002   3.544235E-002
   4.670000E+002   3.547338E-002
   4.680000E+002   3.550096E-002
   4.690000E+002   3.552507E-002
   4.700000E+002   3.554570E-002
   4.710000E+002   3.556285E-002
   4.720000E+002   3.557651E-002
   4.730000E+002   3.558666E-002
   4.740000E+002   3.559330E-002
   4.750000E+002   3.559640E-002
   4.760000E+002   3.559597E-002
   4.770000E+002   3.559200E-002
   4.780000E+002   3.558446E-002
   4.790000E+002   3.557336E-002
   4.800000E+002   3.555867E-002
   4.810000E+002   3.554040E-002
   4.820000E+002   3.551853E-002
   4.830000E+002   3.549304E-002
   4.840000E+002   3.546394E-002
   4.850000E+002   3.543120E-002
   4.860000E+002   3.539482E-002
   4.870000E+002   3.535479E-002
   4.880000E+002   3.531109E-002
   4.890000E+002   3.526373E-002
   4.900000E+002   3.521267E-002
   4.910000E+002   3.515793E-002
   4.920000E+002   3.509948E-002
   4.930000E+002   3.503731E-002
   4.940000E+002   3.497141E-002
   4.950000E+002   3.490178E-002
   4.960000E+002   3.482841E-002
   4.970000E+002   3.475127E-002
   4.980000E+002   3.467037E-002
   4.990000E+002   3.458569E-002
   5.000000E+002   3.449722E-002
   5.010000E+002   3.440497E-002
   5.020000E+002   3.430901E-002
   5.030000E+002   3.420943E-002
   5.040000E+002   3.410633E-002
   5.050000E+002   3.399979E-002
   5.060000E+002   3.388992E-002
   5.070000E+002   3.377679E-002
   5.080000E+002   3.366051E-002
   5.090000E+002   3.354115E-002
   5.100000E+002   3.341883E-002
   5.110000E+002   3.329362E-002
   5.120000E+002   3.316561E-002
   5.130000E+002   3.303491E-002
   5.140000E+002   3.290160E-002
   5.150000E+002   3.276577E-002
   5.160000E+002   3.262751E-002
   5.170000E+002   3.248692E-002
   5.180000E+002   3.234409E-002
   5.190000E+002   3.219911E-002
   5.200000E+002   3.205206E-002
   5.210000E+002   3.190305E-002
   5.220000E+002   3.175216E-002
   5.230000E+002   3.159949E-002
   5.240000E+002   3.144513E-002
   5.250000E+002   3.128916E-002
   5.260000E+002   3.113168E-002
   5.270000E+002   3.097278E-002
   5.280000E+002   3.081256E-002
   5.290000E+002   3.065110E-002
   5.300000E+002   3.048850E-002
   5.310000E+002   3.032485E-002
   5.320000E+002   3.016023E-002
   5.330000E+002   2.999475E-002
   5.340000E+002   2.982848E-002
   5.350000E+002   2.966154E-002
   5.360000E+002   2.949399E-002
   5.370000E+002   2.932595E-002
   5.380000E+002   2.915749E-002
   5.390000E+002   2.898872E-002
   5.400000E+002   2.881971E-002
   5.410000E+002   2.865057E-002
   5.420000E+002   2.848139E-002
   5.430000E+002   2.831225E-002
   5.440000E+002   2.814325E-002
   5.450000E+002   2.797448E-002
   5.460000E+002   2.780603E-002
   5.470000E+002   2.763799E-002
   5.480000E+002   2.747046E-002
   5.490000E+002   2.730352E-002
   5.500000E+002   2.713728E-002
   5.510000E+002   2.697180E-002
   5.520000E+002   2.680715E-002
   5.530000E+002   2.664336E-002
   5.540000E+002   2.648048E-002
   5.550000E+002   2.631856E-002
   5.560000E+002   2.615764E-002
   5.570000E+002   2.599777E-002
   5.580000E+002   2.583898E-002
   5.590000E+002   2.568132E-002
   5.600000E+002   2.552484E-002
   5.610000E+002   2.536957E-002
   5.620000E+002   2.521557E-002
   5.630000E+002   2.506288E-002
   5.640000E+002   2.491154E-002
   5.650000E+002   2.476159E-002
   5.660000E+002   2.461308E-002
   5.670000E+002   2.446606E-002
   5.680000E+002   2.432056E-002
   5.690000E+002   2.417664E-002
   5.700000E+002   2.403433E-002
   5.710000E+002   2.389368E-002
   5.720000E+002   2.375474E-002
   5.730000E+002   2.361754E-002
   5.740000E+002   2.348213E-002
   5.750000E+002   2.334856E-002
   5.760000E+002   2.321687E-002
   5.770000E+002   2.308710E-002
   5.780000E+002   2.295930E-002
   5.790000E+002   2.283351E-002
   5.800000E+002   2.270977E-002
   5.810000E+002   2.258814E-002
   5.820000E+002   2.246865E-002
   5.830000E+002   2.235135E-002
   5.840000E+002   2.223628E-002
   5.850000E+002   2.212348E-002
   5.860000E+002   2.201300E-002
   5.870000E+002   2.190489E-002
   5.880000E+002   2.179919E-002
   5.890000E+002   2.169593E-002
   5.900000E+002   2.159518E-002
   5.910000E+002   2.149696E-002
   5.920000E+002   2.140132E-002
   5.930000E+002   2.130832E-002
   5.940000E+002   2.121798E-002
   5.950000E+002   2.113037E-002
   5.960000E+002   2.104551E-002
   5.970000E+002   2.096345E-002
   5.980000E+002   2.088425E-002
   5.990000E+002   2.080793E-002
   6.000000E+002   2.073455E-002
   6.010000E+002   2.066414E-002
   6.020000E+002   2.059670E-002
   6.030000E+002   2.053221E-002
   6.040000E+002   2.047066E-002
   6.050000E+002   2.041204E-002
   6.060000E+002   2.035634E-002
   6.070000E+002   2.030354E-002
   6.080000E+002   2.025363E-002
   6.090000E+002   2.020660E-002
   6.100000E+002   2.016242E-002
   6.110000E+002   2.012111E-002
   6.120000E+002   2.008262E-002
   6.130000E+002   2.004697E-002
   6.140000E+002   2.001412E-002
   6.150000E+002   1.998408E-002
   6.160000E+002   1.995682E-002
   6.170000E+002   1.993234E-002
   6.180000E+002   1.991061E-002
   6.190000E+002   1.989164E-002
   6.200000E+002   1.987540E-002
   6.210000E+002   1.986188E-002
   6.220000E+002   1.985107E-002
   6.230000E+002   1.984296E-002
   6.240000E+002   1.983753E-002
   6.250000E+002   1.983477E-002
   6.260000E+002   1.983467E-002
   6.270000E+002   1.983721E-002
   6.280000E+002   1.984239E-002
   6.290000E+002   1.985018E-002
   6.300000E+002   1.986059E-002
   6.310000E+002   1.987358E-002
   6.320000E+002   1.988916E-002
   6.330000E+002   1.990730E-002
   6.340000E+002   1.992800E-002
   6.350000E+002   1.995123E-002
   6.360000E+002   1.997700E-002
   6.370000E+002   2.000529E-002
   6.380000E+002   2.003607E-002
   6.390000E+002   2.006935E-002
   6.400000E+002   2.010510E-002
   6.410000E+002   2.014332E-002
   6.420000E+002   2.018399E-002
   6.430000E+002   2.022710E-002
   6.440000E+002   2.027264E-002
   6.450000E+002   2.032059E-002
   6.460000E+002   2.037093E-002
   6.470000E+002   2.042367E-002
   6.480000E+002   2.047878E-002
   6.490000E+002   2.053625E-002
   6.500000E+002   2.059607E-002
   6.510000E+002   2.065821E-002
   6.520000E+002   2.072263E-002
   6.530000E+002   2.078924E-002
   6.540000E+002   2.085798E-002
   6.550000E+002   2.092879E-002
   6.560000E+002   2.100159E-002
   6.570000E+002   2.107632E-002
   6.580000E+002   2.115290E-002
   6.590000E+002   2.123128E-002
   6.600000E+002   2.131137E-002
   6.610000E+002   2.139312E-002
   6.620000E+002   2.147645E-002
   6.630000E+002   2.156131E-002
   6.640000E+002   2.164761E-002
   6.650000E+002   2.173529E-002
   6.660000E+002   2.182428E-002
   6.670000E+002   2.191452E-002
   6.680000E+002   2.200593E-002
   6.690000E+002   2.209845E-002
   6.700000E+002   2.219201E-002
   6.710000E+002   2.228654E-002
   6.720000E+002   2.238197E-002
   6.730000E+002   2.247824E-002
   6.740000E+002   2.257527E-002
   6.750000E+002   2.267300E-002
   6.760000E+002   2.277136E-002
   6.770000E+002   2.287029E-002
   6.780000E+002   2.296970E-002
   6.790000E+002   2.306955E-002
   6.800000E+002   2.316975E-002
   6.810000E+002   2.327023E-002
   6.820000E+002   2.337094E-002
   6.830000E+002   2.347180E-002
   6.840000E+002   2.357275E-002
   6.850000E+002   2.367371E-002
   6.860000E+002   2.377462E-002
   6.870000E+002   2.387541E-002
   6.880000E+002   2.397600E-002
   6.890000E+002   2.407635E-002
   6.900000E+002   2.417636E-002
   6.910000E+002   2.427599E-002
   6.920000E+002   2.437515E-002
   6.930000E+002   2.447378E-002
   6.940000E+002   2.457181E-002
   6.950000E+002   2.466918E-002
   6.960000E+002   2.476581E-002
   6.970000E+002   2.486164E-002
   6.980000E+002   2.495660E-002
   6.990000E+002   2.505062E-002
   7.000000E+002   2.514363E-002
   7.010000E+002   2.523557E-002
   7.020000E+002   2.532640E-002
   7.030000E+002   2.541609E-002
   7.040000E+002   2.550461E-002
   7.050000E+002   2.559191E-002
   7.060000E+002   2.567798E-002
   7.070000E+002   2.576277E-002
   7.080000E+002   2.584625E-002
   7.090000E+002   2.592840E-002
   7.100000E+002   2.600917E-002
   7.110000E+002   2.608853E-002
   7.120000E+002   2.616645E-002
   7.130000E+002   2.624290E-002
   7.140000E+002   2.631785E-002
   7.150000E+002   2.639125E-002
   7.160000E+002   2.646308E-002
   7.170000E+002   2.653331E-002
   7.180000E+002   2.660190E-002
   7.190000E+002   2.666882E-002
   7.200000E+002   2.673403E-002
   7.210000E+002   2.679751E-002
   7.220000E+002   2.685921E-002
   7.230000E+002   2.691911E-002
   7.240000E+002   2.697718E-002
   7.250000E+002   2.703337E-002
   7.260000E+002   2.708766E-002
   7.270000E+002   2.714002E-002
   7.280000E+002   2.719040E-002
   7.290000E+002   2.723878E-002
   7.300000E+002   2.728513E-002
   7.310000E+002   2.732941E-002
   7.320000E+002   2.737159E-002
   7.330000E+002   2.741163E-002
   7.340000E+002   2.744950E-002
   7.350000E+002   2.748518E-002
   7.360000E+002   2.751862E-002
   7.370000E+002   2.754979E-002
   7.380000E+002   2.757866E-002
   7.390000E+002   2.760520E-002
   7.400000E+002   2.762937E-002
   7.410000E+002   2.765115E-002
   7.420000E+002   2.767049E-002
   7.430000E+002   2.768736E-002
   7.440000E+002   2.770174E-002
   7.450000E+002   2.771358E-002
   7.460000E+002   2.772286E-002
   7.470000E+002   2.772954E-002
   7.480000E+002   2.773359E-002
   7.490000E+002   2.773497E-002
   7.500000E+002   2.773366E-002
   7.510000E+002   2.772963E-002
   7.520000E+002   2.772290E-002
   7.530000E+002   2.771351E-002
   7.540000E+002   2.770148E-002
   7.550000E+002   2.768686E-002
   7.560000E+002   2.766968E-002
   7.570000E+002   2.764996E-002
   7.580000E+002   2.762774E-002
   7.590000E+002   2.760306E-002
   7.600000E+002   2.757594E-002
   7.610000E+002   2.754642E-002
   7.620000E+002   2.751454E-002
   7.630000E+002   2.748033E-002
   7.640000E+002   2.744381E-002
   7.650000E+002   2.740503E-002
   7.660000E+002   2.736401E-002
   7.670000E+002   2.732080E-002
   7.680000E+002   2.727541E-002
   7.690000E+002   2.722789E-002
   7.700000E+002   2.717827E-002
   7.710000E+002   2.712658E-002
   7.720000E+002   2.707286E-002
   7.730000E+002   2.701713E-002
   7.740000E+002   2.695944E-002
   7.750000E+002   2.689980E-002
   7.760000E+002   2.683827E-002
   7.770000E+002   2.677487E-002
   7.780000E+002   2.670962E-002
   7.790000E+002   2.664258E-002
   7.800000E+002   2.657376E-002
   7.810000E+002   2.650321E-002
   7.820000E+002   2.643095E-002
   7.830000E+002   2.635702E-002
   7.840000E+002   2.628146E-002
   7.850000E+002   2.620429E-002
   7.860000E+002   2.612554E-002
   7.870000E+002   2.604526E-002
   7.880000E+002   2.596347E-002
   7.890000E+002   2.588021E-002
   7.900000E+002   2.579551E-002
   7.910000E+002   2.570940E-002
   7.920000E+002   2.562192E-002
   7.930000E+002   2.553310E-002
   7.940000E+002   2.544297E-002
   7.950000E+002   2.535157E-002
   7.960000E+002   2.525893E-002
   7.970000E+002   2.516508E-002
   7.980000E+002   2.507005E-002
   7.990000E+002   2.497389E-002
   8.000000E+002   2.487661E-002
   8.010000E+002   2.477826E-002
   8.020000E+002   2.467884E-002
   8.030000E+002   2.457836E-002
   8.040000E+002   2.447683E-002
   8.050000E+002   2.437426E-002
   8.060000E+002   2.427067E-002
   8.070000E+002   2.416605E-002
   8.080000E+002   2.406042E-002
   8.090000E+002   2.395379E-002
   8.100000E+002   2.384616E-002
   8.110000E+002   2.373755E-002
   8.120000E+002   2.362796E-002
   8.130000E+002   2.351741E-002
   8.140000E+002   2.340589E-002
   8.150000E+002   2.329343E-002
   8.160000E+002   2.318003E-002
   8.170000E+002   2.306570E-002
   8.180000E+002   2.295045E-002
   8.190000E+002   2.283428E-002
   8.200000E+002   2.271721E-002
   8.210000E+002   2.259925E-002
   8.220000E+002   2.248040E-002
   8.230000E+002   2.236067E-002
   8.240000E+002   2.224008E-002
   8.250000E+002   2.211862E-002
   8.260000E+002   2.199632E-002
   8.270000E+002   2.187318E-002
   8.280000E+002   2.174921E-002
   8.290000E+002   2.162441E-002
   8.300000E+002   2.149880E-002
   8.310000E+002   2.137239E-002
   8.320000E+002   2.124518E-002
   8.330000E+002   2.111719E-002
   8.340000E+002   2.098842E-002
   8.350000E+002   2.085888E-002
   8.360000E+002   2.072858E-002
   8.370000E+002   2.059753E-002
   8.380000E+002   2.046574E-002
   8.390000E+002   2.033322E-002
   8.400000E+002   2.019998E-002
   8.410000E+002   2.006602E-002
   8.420000E+002   1.993136E-002
   8.430000E+002   1.979601E-002
   8.440000E+002   1.965996E-002
   8.450000E+002   1.952324E-002
   8.460000E+002   1.938585E-002
   8.470000E+002   1.924780E-002
   8.480000E+002   1.910910E-002
   8.490000E+002   1.896976E-002
   8.500000E+002   1.882979E-002
   8.510000E+002   1.868920E-002
   8.520000E+002   1.854807E-002
   8.530000E+002   1.840645E-002
   8.540000E+002   1.826443E-002
   8.550000E+002   1.812207E-002
   8.560000E+002   1.797945E-002
   8.570000E+002   1.783664E-002
   8.580000E+002   1.769371E-002
   8.590000E+002   1.755073E-002
   8.600000E+002   1.740778E-002
   8.610000E+002   1.726493E-002
   8.620000E+002   1.712225E-002
   8.630000E+002   1.697980E-002
   8.640000E+002   1.683768E-002
   8.650000E+002   1.669594E-002
   8.660000E+002   1.655465E-002
   8.670000E+002   1.641390E-002
   8.680000E+002   1.627375E-002
   8.690000E+002   1.613428E-002
   8.700000E+002   1.599555E-002
   8.710000E+002   1.585764E-002
   8.720000E+002   1.572062E-002
   8.730000E+002   1.558457E-002
   8.740000E+002   1.544955E-002
   8.750000E+002   1.531563E-002
   8.760000E+002   1.518290E-002
   8.770000E+002   1.505142E-002
   8.780000E+002   1.492126E-002
   8.790000E+002   1.479250E-002
   8.800000E+002   1.466520E-002
   8.810000E+002   1.453944E-002
   8.820000E+002   1.441530E-002
   8.830000E+002   1.429284E-002
   8.840000E+002   1.417214E-002
   8.850000E+002   1.405326E-002
   8.860000E+002   1.393629E-002
   8.870000E+002   1.382129E-002
   8.880000E+002   1.370833E-002
   8.890000E+002   1.359749E-002
   8.900000E+002   1.348884E-002
   8.910000E+002   1.338244E-002
   8.920000E+002   1.327839E-002
   8.930000E+002   1.317673E-002
   8.940000E+002   1.307756E-002
   8.950000E+002   1.298093E-002
   8.960000E+002   1.288693E-002
   8.970000E+002   1.279561E-002
   8.980000E+002   1.270707E-002
   8.990000E+002   1.262136E-002
   9.000000E+002   1.253856E-002
   9.010000E+002   1.245873E-002
   9.020000E+002   1.238183E-002
   9.030000E+002   1.230785E-002
   9.040000E+002   1.223673E-002
   9.050000E+002   1.216845E-002
   9.060000E+002   1.210296E-002
   9.070000E+002   1.204022E-002
   9.080000E+002   1.198020E-002
   9.090000E+002   1.192285E-002
   9.100000E+002   1.186815E-002
   9.110000E+002   1.181606E-002
   9.120000E+002   1.176653E-002
   9.130000E+002   1.171952E-002
   9.140000E+002   1.167501E-002
   9.150000E+002   1.163295E-002
   9.160000E+002   1.159330E-002
   9.170000E+002   1.155603E-002
   9.180000E+002   1.152110E-002
   9.190000E+002   1.148846E-002
   9.200000E+002   1.145809E-002
   9.210000E+002   1.142995E-002
   9.220000E+002   1.140399E-002
   9.230000E+002   1.138019E-002
   9.240000E+002   1.135849E-002
   9.250000E+002   1.133887E-002
   9.260000E+002   1.132128E-002
   9.270000E+002   1.130569E-002
   9.280000E+002   1.129207E-002
   9.290000E+002   1.128036E-002
   9.300000E+002   1.127054E-002
   9.310000E+002   1.126256E-002
   9.320000E+002   1.125640E-002
   9.330000E+002   1.125200E-002
   9.340000E+002   1.124934E-002
   9.350000E+002   1.124837E-002
   9.360000E+002   1.124906E-002
   9.370000E+002   1.125137E-002
   9.380000E+002   1.125526E-002
   9.390000E+002   1.126070E-002
   9.400000E+002   1.126764E-002
   9.410000E+002   1.127605E-002
   9.420000E+002   1.128588E-002
   9.430000E+002   1.129712E-002
   9.440000E+002   1.130970E-002
   9.450000E+002   1.132360E-002
   9.460000E+002   1.133879E-002
   9.470000E+002   1.135521E-002
   9.480000E+002   1.137284E-002
   9.490000E+002   1.139163E-002
   9.500000E+002   1.141155E-002
   9.510000E+002   1.143256E-002
   9.520000E+002   1.145462E-002
   9.530000E+002   1.147771E-002
   9.540000E+002   1.150180E-002
   9.550000E+002   1.152685E-002
   9.560000E+002   1.155283E-002
   9.570000E+002   1.157970E-002
   9.580000E+002   1.160744E-002
   9.590000E+002   1.163601E-002
   9.600000E+002   1.166539E-002
   9.610000E+002   1.169553E-002
   9.620000E+002   1.172641E-002
   9.630000E+002   1.175800E-002
   9.640000E+002   1.179026E-002
   9.650000E+002   1.182316E-002
   9.660000E+002   1.185667E-002
   9.670000E+002   1.189076E-002
   9.680000E+002   1.192539E-002
   9.690000E+002   1.196054E-002
   9.700000E+002   1.199617E-002
   9.710000E+002   1.203224E-002
   9.720000E+002   1.206874E-002
   9.730000E+002   1.210561E-002
   9.740000E+002   1.214285E-002
   9.750000E+002   1.218040E-002
   9.760000E+002   1.221824E-002
   9.770000E+002   1.225634E-002
   9.780000E+002   1.229466E-002
   9.790000E+002   1.233317E-002
   9.800000E+002   1.237185E-002
   9.810000E+002   1.241065E-002
   9.820000E+002   1.244956E-002
   9.830000E+002   1.248852E-002
   9.840000E+002   1.252752E-002
   9.850000E+002   1.256652E-002
   9.860000E+002   1.260549E-002
   9.870000E+002   1.264439E-002
   9.880000E+002   1.268320E-002
   9.890000E+002   1.272188E-002
   9.900000E+002   1.276041E-002
   9.910000E+002   1.279874E-002
   9.920000E+002   1.283684E-002
   9.930000E+002   1.287469E-002
   9.940000E+002   1.291226E-002
   9.950000E+002   1.294950E-002
   9.960000E+002   1.298639E-002
   9.970000E+002   1.302290E-002
   9.980000E+002   1.305900E-002
   9.990000E+002   1.309464E-002
   1.000000E+003   1.312981E-002
   1.001000E+003   1.316446E-002
   1.002000E+003   1.319860E-002
   1.003000E+003   1.323220E-002
   1.004000E+003   1.326527E-002
   1.005000E+003   1.329779E-002
   1.006000E+003   1.332974E-002
   1.007000E+003   1.336113E-002
   1.008000E+003   1.339195E-002
   1.009000E+003   1.342217E-002
   1.010000E+003   1.345181E-002
   1.011000E+003   1.348083E-002
   1.012000E+003   1.350924E-002
   1.013000E+003   1.353703E-002
   1.014000E+003   1.356419E-002
   1.015000E+003   1.359070E-002
   1.016000E+003   1.361656E-002
   1.017000E+003   1.364176E-002
   1.018000E+003   1.366629E-002
   1.019000E+003   1.369014E-002
   1.020000E+003   1.371330E-002
   1.021000E+003   1.373577E-002
   1.022000E+003   1.375752E-002
   1.023000E+003   1.377856E-002
   1.024000E+003   1.379887E-002
   1.025000E+003   1.381845E-002
   1.026000E+003   1.383728E-002
   1.027000E+003   1.385536E-002
   1.028000E+003   1.387268E-002
   1.029000E+003   1.388922E-002
   1.030000E+003   1.390498E-002
   1.031000E+003   1.391995E-002
   1.032000E+003   1.393412E-002
   1.033000E+003   1.394748E-002
   1.034000E+003   1.396001E-002
   1.035000E+003   1.397173E-002
   1.036000E+003   1.398260E-002
   1.037000E+003   1.399262E-002
   1.038000E+003   1.400179E-002
   1.039000E+003   1.401009E-002
   1.040000E+003   1.401752E-002
   1.041000E+003   1.402407E-002
   1.042000E+003   1.402971E-002
   1.043000E+003   1.403446E-002
   1.044000E+003   1.403829E-002
   1.045000E+003   1.404121E-002
   1.046000E+003   1.404319E-002
   1.047000E+003   1.404423E-002
   1.048000E+003   1.404432E-002
   1.049000E+003   1.404345E-002
   1.050000E+003   1.404161E-002
   1.051000E+003   1.403880E-002
   1.052000E+003   1.403501E-002
   1.053000E+003   1.403025E-002
   1.054000E+003   1.402451E-002
   1.055000E+003   1.401781E-002
   1.056000E+003   1.401013E-002
   1.057000E+003   1.400149E-002
   1.058000E+003   1.399187E-002
   1.059000E+003   1.398130E-002
   1.060000E+003   1.396976E-002
   1.061000E+003   1.395726E-002
   1.062000E+003   1.394380E-002
   1.063000E+003   1.392938E-002
   1.064000E+003   1.391401E-002
   1.065000E+003   1.389768E-002
   1.066000E+003   1.388040E-002
   1.067000E+003   1.386216E-002
   1.068000E+003   1.384298E-002
   1.069000E+003   1.382284E-002
   1.070000E+003   1.380176E-002
   1.071000E+003   1.377974E-002
   1.072000E+003   1.375677E-002
   1.073000E+003   1.373286E-002
   1.074000E+003   1.370801E-002
   1.075000E+003   1.368222E-002
   1.076000E+003   1.365549E-002
   1.077000E+003   1.362783E-002
   1.078000E+003   1.359923E-002
   1.079000E+003   1.356971E-002
   1.080000E+003   1.353925E-002
   1.081000E+003   1.350786E-002
   1.082000E+003   1.347555E-002
   1.083000E+003   1.344230E-002
   1.084000E+003   1.340814E-002
   1.085000E+003   1.337305E-002
   1.086000E+003   1.333704E-002
   1.087000E+003   1.330012E-002
   1.088000E+003   1.326227E-002
   1.089000E+003   1.322351E-002
   1.090000E+003   1.318384E-002
   1.091000E+003   1.314325E-002
   1.092000E+003   1.310175E-002
   1.093000E+003   1.305934E-002
   1.094000E+003   1.301603E-002
   1.095000E+003   1.297180E-002
   1.096000E+003   1.292668E-002
   1.097000E+003   1.288065E-002
   1.098000E+003   1.283372E-002
   1.099000E+003   1.278588E-002
   1.100000E+003   1.273716E-002
   1.101000E+003   1.268753E-002
   1.102000E+003   1.263705E-002
   1.103000E+003   1.258573E-002
   1.104000E+003   1.253361E-002
   1.105000E+003   1.248071E-002
   1.106000E+003   1.242708E-002
   1.107000E+003   1.237274E-002
   1.108000E+003   1.231772E-002
   1.109000E+003   1.226206E-002
   1.110000E+003   1.220578E-002
   1.111000E+003   1.214892E-002
   1.112000E+003   1.209151E-002
   1.113000E+003   1.203358E-002
   1.114000E+003   1.197516E-002
   1.115000E+003   1.191628E-002
   1.116000E+003   1.185697E-002
   1.117000E+003   1.179727E-002
   1.118000E+003   1.173721E-002
   1.119000E+003   1.167681E-002
   1.120000E+003   1.161612E-002
   1.121000E+003   1.155515E-002
   1.122000E+003   1.149395E-002
   1.123000E+003   1.143254E-002
   1.124000E+003   1.137096E-002
   1.125000E+003   1.130923E-002
   1.126000E+003   1.124739E-002
   1.127000E+003   1.118546E-002
   1.128000E+003   1.112349E-002
   1.129000E+003   1.106150E-002
   1.130000E+003   1.099952E-002
   1.131000E+003   1.093759E-002
   1.132000E+003   1.087573E-002
   1.133000E+003   1.081398E-002
   1.134000E+003   1.075237E-002
   1.135000E+003   1.069092E-002
   1.136000E+003   1.062968E-002
   1.137000E+003   1.056867E-002
   1.138000E+003   1.050792E-002
   1.139000E+003   1.044747E-002
   1.140000E+003   1.038735E-002
   1.141000E+003   1.032758E-002
   1.142000E+003   1.026820E-002
   1.143000E+003   1.020925E-002
   1.144000E+003   1.015074E-002
   1.145000E+003   1.009272E-002
   1.146000E+003   1.003521E-002
   1.147000E+003   9.978250E-003
   1.148000E+003   9.921866E-003
   1.149000E+003   9.866091E-003
   1.150000E+003   9.810955E-003
   1.151000E+003   9.756484E-003
   1.152000E+003   9.702670E-003
   1.153000E+003   9.649501E-003
   1.154000E+003   9.596963E-003
   1.155000E+003   9.545042E-003
   1.156000E+003   9.493726E-003
   1.157000E+003   9.443001E-003
   1.158000E+003   9.392853E-003
   1.159000E+003   9.343269E-003
   1.160000E+003   9.294235E-003
   1.161000E+003   9.245739E-003
   1.162000E+003   9.197766E-003
   1.163000E+003   9.150304E-003
   1.164000E+003   9.103338E-003
   1.165000E+003   9.056856E-003
   1.166000E+003   9.010843E-003
   1.167000E+003   8.965287E-003
   1.168000E+003   8.920175E-003
   1.169000E+003   8.875492E-003
   1.170000E+003   8.831225E-003
   1.171000E+003   8.787361E-003
   1.172000E+003   8.743886E-003
   1.173000E+003   8.700788E-003
   1.174000E+003   8.658052E-003
   1.175000E+003   8.615665E-003
   1.176000E+003   8.573614E-003
   1.177000E+003   8.531885E-003
   1.178000E+003   8.490465E-003
   1.179000E+003   8.449340E-003
   1.180000E+003   8.408497E-003
   1.181000E+003   8.367923E-003
   1.182000E+003   8.327604E-003
   1.183000E+003   8.287526E-003
   1.184000E+003   8.247677E-003
   1.185000E+003   8.208043E-003
   1.186000E+003   8.168610E-003
   1.187000E+003   8.129365E-003
   1.188000E+003   8.090295E-003
   1.189000E+003   8.051385E-003
   1.190000E+003   8.012624E-003
   1.191000E+003   7.973997E-003
   1.192000E+003   7.935490E-003
   1.193000E+003   7.897091E-003
   1.194000E+003   7.858786E-003
   1.195000E+003   7.820562E-003
   1.196000E+003   7.782404E-003
   1.197000E+003   7.744301E-003
   1.198000E+003   7.706238E-003
   1.199000E+003   7.668201E-003
   1.200000E+003   7.630178E-003
