   2.000000E+000   2.990127E-002
   3.000000E+000   1.994610E-002
   4.000000E+000   1.812852E-002
   5.000000E+000   1.799171E-002
   6.000000E+000   1.771565E-002
   7.000000E+000   1.760161E-002
   8.000000E+000   1.759831E-002
   9.000000E+000   1.759414E-002
   1.000000E+001   1.758883E-002
   1.100000E+001   1.760374E-002
   1.200000E+001   1.763540E-002
   1.300000E+001   1.767548E-002
   1.400000E+001   1.772110E-002
   1.500000E+001   1.777074E-002
   1.600000E+001   1.782303E-002
   1.700000E+001   1.787736E-002
   1.800000E+001   1.793325E-002
   1.900000E+001   1.799025E-002
   2.000000E+001   1.804790E-002
   2.100000E+001   1.810581E-002
   2.200000E+001   1.816384E-002
   2.300000E+001   1.822192E-002
   2.400000E+001   1.827995E-002
   2.500000E+001   1.833788E-002
   2.600000E+001   1.839563E-002
   2.700000E+001   1.845312E-002
   2.800000E+001   1.851027E-002
   2.900000E+001   1.856700E-002
   3.000000E+001   1.862326E-002
   3.100000E+001   1.867898E-002
   3.200000E+001   1.873424E-002
   3.300000E+001   1.878916E-002
   3.400000E+001   1.884383E-002
   3.500000E+001   1.889837E-002
   3.600000E+001   1.895289E-002
   3.700000E+001   1.900748E-002
   3.800000E+001   1.906227E-002
   3.900000E+001   1.911734E-002
   4.000000E+001   1.917282E-002
   4.100000E+001   1.922882E-002
   4.200000E+001   1.928552E-002
   4.300000E+001   1.934310E-002
   4.400000E+001   1.940175E-002
   4.500000E+001   1.946166E-002
   4.600000E+001   1.952301E-002
   4.700000E+001   1.958599E-002
   4.800000E+001   1.965078E-002
   4.900000E+001   1.971758E-002
   5.000000E+001   1.978657E-002
   5.100000E+001   1.985793E-002
   5.200000E+001   1.993179E-002
   5.300000E+001   2.000831E-002
   5.400000E+001   2.008760E-002
   5.500000E+001   2.016981E-002
   5.600000E+001   2.025507E-002
   5.700000E+001   2.034351E-002
   5.800000E+001   2.043526E-002
   5.900000E+001   2.053047E-002
   6.000000E+001   2.062927E-002
   6.100000E+001   2.073177E-002
   6.200000E+001   2.083804E-002
   6.300000E+001   2.094815E-002
   6.400000E+001   2.106213E-002
   6.500000E+001   2.118005E-002
   6.600000E+001   2.130196E-002
   6.700000E+001   2.142792E-002
   6.800000E+001   2.155797E-002
   6.900000E+001   2.169217E-002
   7.000000E+001   2.183058E-002
   7.100000E+001   2.197326E-002
   7.200000E+001   2.212038E-002
   7.300000E+001   2.227210E-002
   7.400000E+001   2.242860E-002
   7.500000E+001   2.259006E-002
   7.600000E+001   2.275664E-002
   7.700000E+001   2.292853E-002
   7.800000E+001   2.310589E-002
   7.900000E+001   2.328890E-002
   8.000000E+001   2.347773E-002
   8.100000E+001   2.367253E-002
   8.200000E+001   2.387331E-002
   8.300000E+001   2.408006E-002
   8.400000E+001   2.429275E-002
   8.500000E+001   2.451137E-002
   8.600000E+001   2.473591E-002
   8.700000E+001   2.496635E-002
   8.800000E+001   2.520267E-002
   8.900000E+001   2.544486E-002
   9.000000E+001   2.569289E-002
   9.100000E+001   2.594676E-002
   9.200000E+001   2.620646E-002
   9.300000E+001   2.647199E-002
   9.400000E+001   2.674334E-002
   9.500000E+001   2.702052E-002
   9.600000E+001   2.730351E-002
   9.700000E+001   2.759232E-002
   9.800000E+001   2.788695E-002
   9.900000E+001   2.818738E-002
   1.000000E+002   2.849362E-002
   1.010000E+002   2.880566E-002
   1.020000E+002   2.912346E-002
   1.030000E+002   2.944696E-002
   1.040000E+002   2.977613E-002
   1.050000E+002   3.011091E-002
   1.060000E+002   3.045126E-002
   1.070000E+002   3.079713E-002
   1.080000E+002   3.114847E-002
   1.090000E+002   3.150523E-002
   1.100000E+002   3.186738E-002
   1.110000E+002   3.223485E-002
   1.120000E+002   3.260760E-002
   1.130000E+002   3.298559E-002
   1.140000E+002   3.336876E-002
   1.150000E+002   3.375707E-002
   1.160000E+002   3.415048E-002
   1.170000E+002   3.454893E-002
   1.180000E+002   3.495237E-002
   1.190000E+002   3.536077E-002
   1.200000E+002   3.577406E-002
   1.210000E+002   3.619219E-002
   1.220000E+002   3.661502E-002
   1.230000E+002   3.704240E-002
   1.240000E+002   3.747416E-002
   1.250000E+002   3.791016E-002
   1.260000E+002   3.835024E-002
   1.270000E+002   3.879425E-002
   1.280000E+002   3.924202E-002
   1.290000E+002   3.969342E-002
   1.300000E+002   4.014827E-002
   1.310000E+002   4.060644E-002
   1.320000E+002   4.106775E-002
   1.330000E+002   4.153207E-002
   1.340000E+002   4.199922E-002
   1.350000E+002   4.246907E-002
   1.360000E+002   4.294145E-002
   1.370000E+002   4.341621E-002
   1.380000E+002   4.389319E-002
   1.390000E+002   4.437224E-002
   1.400000E+002   4.485321E-002
   1.410000E+002   4.533595E-002
   1.420000E+002   4.582031E-002
   1.430000E+002   4.630617E-002
   1.440000E+002   4.679340E-002
   1.450000E+002   4.728186E-002
   1.460000E+002   4.777143E-002
   1.470000E+002   4.826197E-002
   1.480000E+002   4.875335E-002
   1.490000E+002   4.924544E-002
   1.500000E+002   4.973811E-002
   1.510000E+002   5.023123E-002
   1.520000E+002   5.072466E-002
   1.530000E+002   5.121828E-002
   1.540000E+002   5.171195E-002
   1.550000E+002   5.220555E-002
   1.560000E+002   5.269894E-002
   1.570000E+002   5.319198E-002
   1.580000E+002   5.368456E-002
   1.590000E+002   5.417653E-002
   1.600000E+002   5.466777E-002
   1.610000E+002   5.515811E-002
   1.620000E+002   5.564725E-002
   1.630000E+002   5.613486E-002
   1.640000E+002   5.662060E-002
   1.650000E+002   5.710415E-002
   1.660000E+002   5.758516E-002
   1.670000E+002   5.806332E-002
   1.680000E+002   5.853827E-002
   1.690000E+002   5.900969E-002
   1.700000E+002   5.947725E-002
   1.710000E+002   5.994061E-002
   1.720000E+002   6.039945E-002
   1.730000E+002   6.085342E-002
   1.740000E+002   6.130219E-002
   1.750000E+002   6.174543E-002
   1.760000E+002   6.218282E-002
   1.770000E+002   6.261400E-002
   1.780000E+002   6.303866E-002
   1.790000E+002   6.345645E-002
   1.800000E+002   6.386705E-002
   1.810000E+002   6.427018E-002
   1.820000E+002   6.466580E-002
   1.830000E+002   6.505393E-002
   1.840000E+002   6.543458E-002
   1.850000E+002   6.580777E-002
   1.860000E+002   6.617352E-002
   1.870000E+002   6.653185E-002
   1.880000E+002   6.688277E-002
   1.890000E+002   6.722631E-002
   1.900000E+002   6.756247E-002
   1.910000E+002   6.789128E-002
   1.920000E+002   6.821276E-002
   1.930000E+002   6.852691E-002
   1.940000E+002   6.883377E-002
   1.950000E+002   6.913335E-002
   1.960000E+002   6.942566E-002
   1.970000E+002   6.971072E-002
   1.980000E+002   6.998855E-002
   1.990000E+002   7.025917E-002
   2.000000E+002   7.052259E-002
   2.010000E+002   7.077883E-002
   2.020000E+002   7.102784E-002
   2.030000E+002   7.126958E-002
   2.040000E+002   7.150401E-002
   2.050000E+002   7.173109E-002
   2.060000E+002   7.195076E-002
   2.070000E+002   7.216298E-002
   2.080000E+002   7.236770E-002
   2.090000E+002   7.256489E-002
   2.100000E+002   7.275449E-002
   2.110000E+002   7.293646E-002
   2.120000E+002   7.311076E-002
   2.130000E+002   7.327734E-002
   2.140000E+002   7.343615E-002
   2.150000E+002   7.358715E-002
   2.160000E+002   7.373029E-002
   2.170000E+002   7.386554E-002
   2.180000E+002   7.399283E-002
   2.190000E+002   7.411214E-002
   2.200000E+002   7.422341E-002
   2.210000E+002   7.432660E-002
   2.220000E+002   7.442165E-002
   2.230000E+002   7.450854E-002
   2.240000E+002   7.458721E-002
   2.250000E+002   7.465762E-002
   2.260000E+002   7.471972E-002
   2.270000E+002   7.477345E-002
   2.280000E+002   7.481878E-002
   2.290000E+002   7.485564E-002
   2.300000E+002   7.488398E-002
   2.310000E+002   7.490376E-002
   2.320000E+002   7.491491E-002
   2.330000E+002   7.491739E-002
   2.340000E+002   7.491114E-002
   2.350000E+002   7.489611E-002
   2.360000E+002   7.487226E-002
   2.370000E+002   7.483952E-002
   2.380000E+002   7.479785E-002
   2.390000E+002   7.474719E-002
   2.400000E+002   7.468749E-002
   2.410000E+002   7.461869E-002
   2.420000E+002   7.454076E-002
   2.430000E+002   7.445363E-002
   2.440000E+002   7.435725E-002
   2.450000E+002   7.425157E-002
   2.460000E+002   7.413654E-002
   2.470000E+002   7.401210E-002
   2.480000E+002   7.387820E-002
   2.490000E+002   7.373480E-002
   2.500000E+002   7.358183E-002
   2.510000E+002   7.341930E-002
   2.520000E+002   7.324735E-002
   2.530000E+002   7.306621E-002
   2.540000E+002   7.287608E-002
   2.550000E+002   7.267716E-002
   2.560000E+002   7.246967E-002
   2.570000E+002   7.225382E-002
   2.580000E+002   7.202980E-002
   2.590000E+002   7.179783E-002
   2.600000E+002   7.155812E-002
   2.610000E+002   7.131087E-002
   2.620000E+002   7.105629E-002
   2.630000E+002   7.079459E-002
   2.640000E+002   7.052598E-002
   2.650000E+002   7.025066E-002
   2.660000E+002   6.996885E-002
   2.670000E+002   6.968074E-002
   2.680000E+002   6.938656E-002
   2.690000E+002   6.908649E-002
   2.700000E+002   6.878077E-002
   2.710000E+002   6.846958E-002
   2.720000E+002   6.815314E-002
   2.730000E+002   6.783166E-002
   2.740000E+002   6.750534E-002
   2.750000E+002   6.717440E-002
   2.760000E+002   6.683902E-002
   2.770000E+002   6.649936E-002
   2.780000E+002   6.615556E-002
   2.790000E+002   6.580776E-002
   2.800000E+002   6.545610E-002
   2.810000E+002   6.510071E-002
   2.820000E+002   6.474174E-002
   2.830000E+002   6.437933E-002
   2.840000E+002   6.401361E-002
   2.850000E+002   6.364473E-002
   2.860000E+002   6.327282E-002
   2.870000E+002   6.289802E-002
   2.880000E+002   6.252048E-002
   2.890000E+002   6.214033E-002
   2.900000E+002   6.175771E-002
   2.910000E+002   6.137276E-002
   2.920000E+002   6.098563E-002
   2.930000E+002   6.059644E-002
   2.940000E+002   6.020534E-002
   2.950000E+002   5.981248E-002
   2.960000E+002   5.941798E-002
   2.970000E+002   5.902199E-002
   2.980000E+002   5.862464E-002
   2.990000E+002   5.822608E-002
   3.000000E+002   5.782645E-002
   3.010000E+002   5.742589E-002
   3.020000E+002   5.702455E-002
   3.030000E+002   5.662259E-002
   3.040000E+002   5.622016E-002
   3.050000E+002   5.581743E-002
   3.060000E+002   5.541455E-002
   3.070000E+002   5.501168E-002
   3.080000E+002   5.460897E-002
   3.090000E+002   5.420659E-002
   3.100000E+002   5.380468E-002
   3.110000E+002   5.340341E-002
   3.120000E+002   5.300293E-002
   3.130000E+002   5.260340E-002
   3.140000E+002   5.220498E-002
   3.150000E+002   5.180782E-002
   3.160000E+002   5.141209E-002
   3.170000E+002   5.101793E-002
   3.180000E+002   5.062550E-002
   3.190000E+002   5.023497E-002
   3.200000E+002   4.984649E-002
   3.210000E+002   4.946021E-002
   3.220000E+002   4.907630E-002
   3.230000E+002   4.869490E-002
   3.240000E+002   4.831619E-002
   3.250000E+002   4.794030E-002
   3.260000E+002   4.756741E-002
   3.270000E+002   4.719767E-002
   3.280000E+002   4.683123E-002
   3.290000E+002   4.646825E-002
   3.300000E+002   4.610890E-002
   3.310000E+002   4.575332E-002
   3.320000E+002   4.540167E-002
   3.330000E+002   4.505411E-002
   3.340000E+002   4.471080E-002
   3.350000E+002   4.437190E-002
   3.360000E+002   4.403755E-002
   3.370000E+002   4.370793E-002
   3.380000E+002   4.338318E-002
   3.390000E+002   4.306346E-002
   3.400000E+002   4.274893E-002
   3.410000E+002   4.243975E-002
   3.420000E+002   4.213607E-002
   3.430000E+002   4.183805E-002
   3.440000E+002   4.154585E-002
   3.450000E+002   4.125962E-002
   3.460000E+002   4.097953E-002
   3.470000E+002   4.070572E-002
   3.480000E+002   4.043836E-002
   3.490000E+002   4.017760E-002
   3.500000E+002   3.992360E-002
   3.510000E+002   3.967649E-002
   3.520000E+002   3.943629E-002
   3.530000E+002   3.920299E-002
   3.540000E+002   3.897658E-002
   3.550000E+002   3.875706E-002
   3.560000E+002   3.854441E-002
   3.570000E+002   3.833863E-002
   3.580000E+002   3.813970E-002
   3.590000E+002   3.794763E-002
   3.600000E+002   3.776241E-002
   3.610000E+002   3.758401E-002
   3.620000E+002   3.741245E-002
   3.630000E+002   3.724770E-002
   3.640000E+002   3.708976E-002
   3.650000E+002   3.693862E-002
   3.660000E+002   3.679428E-002
   3.670000E+002   3.665672E-002
   3.680000E+002   3.652594E-002
   3.690000E+002   3.640193E-002
   3.700000E+002   3.628468E-002
   3.710000E+002   3.617419E-002
   3.720000E+002   3.607043E-002
   3.730000E+002   3.597342E-002
   3.740000E+002   3.588313E-002
   3.750000E+002   3.579956E-002
   3.760000E+002   3.572271E-002
   3.770000E+002   3.565256E-002
   3.780000E+002   3.558910E-002
   3.790000E+002   3.553233E-002
   3.800000E+002   3.548224E-002
   3.810000E+002   3.543882E-002
   3.820000E+002   3.540207E-002
   3.830000E+002   3.537197E-002
   3.840000E+002   3.534851E-002
   3.850000E+002   3.533169E-002
   3.860000E+002   3.532151E-002
   3.870000E+002   3.531794E-002
   3.880000E+002   3.532099E-002
   3.890000E+002   3.533064E-002
   3.900000E+002   3.534689E-002
   3.910000E+002   3.536973E-002
   3.920000E+002   3.539915E-002
   3.930000E+002   3.543515E-002
   3.940000E+002   3.547770E-002
   3.950000E+002   3.552682E-002
   3.960000E+002   3.558248E-002
   3.970000E+002   3.564468E-002
   3.980000E+002   3.571341E-002
   3.990000E+002   3.578867E-002
   4.000000E+002   3.587044E-002
   4.010000E+002   3.595870E-002
   4.020000E+002   3.605332E-002
   4.030000E+002   3.615418E-002
   4.040000E+002   3.626112E-002
   4.050000E+002   3.637402E-002
   4.060000E+002   3.649272E-002
   4.070000E+002   3.661710E-002
   4.080000E+002   3.674702E-002
   4.090000E+002   3.688233E-002
   4.100000E+002   3.702289E-002
   4.110000E+002   3.716857E-002
   4.120000E+002   3.731923E-002
   4.130000E+002   3.747473E-002
   4.140000E+002   3.763493E-002
   4.150000E+002   3.779969E-002
   4.160000E+002   3.796887E-002
   4.170000E+002   3.814233E-002
   4.180000E+002   3.831994E-002
   4.190000E+002   3.850155E-002
   4.200000E+002   3.868703E-002
   4.210000E+002   3.887623E-002
   4.220000E+002   3.906902E-002
   4.230000E+002   3.926526E-002
   4.240000E+002   3.946481E-002
   4.250000E+002   3.966753E-002
   4.260000E+002   3.987329E-002
   4.270000E+002   4.008193E-002
   4.280000E+002   4.029333E-002
   4.290000E+002   4.050734E-002
   4.300000E+002   4.072383E-002
   4.310000E+002   4.094265E-002
   4.320000E+002   4.116367E-002
   4.330000E+002   4.138675E-002
   4.340000E+002   4.161175E-002
   4.350000E+002   4.183853E-002
   4.360000E+002   4.206695E-002
   4.370000E+002   4.229687E-002
   4.380000E+002   4.252816E-002
   4.390000E+002   4.276067E-002
   4.400000E+002   4.299426E-002
   4.410000E+002   4.322881E-002
   4.420000E+002   4.346415E-002
   4.430000E+002   4.370017E-002
   4.440000E+002   4.393672E-002
   4.450000E+002   4.417365E-002
   4.460000E+002   4.441084E-002
   4.470000E+002   4.464814E-002
   4.480000E+002   4.488541E-002
   4.490000E+002   4.512252E-002
   4.500000E+002   4.535932E-002
   4.510000E+002   4.559569E-002
   4.520000E+002   4.583153E-002
   4.530000E+002   4.606676E-002
   4.540000E+002   4.630131E-002
   4.550000E+002   4.653509E-002
   4.560000E+002   4.676803E-002
   4.570000E+002   4.700003E-002
   4.580000E+002   4.723102E-002
   4.590000E+002   4.746093E-002
   4.600000E+002   4.768966E-002
   4.610000E+002   4.791713E-002
   4.620000E+002   4.814328E-002
   4.630000E+002   4.836801E-002
   4.640000E+002   4.859124E-002
   4.650000E+002   4.881290E-002
   4.660000E+002   4.903289E-002
   4.670000E+002   4.925116E-002
   4.680000E+002   4.946760E-002
   4.690000E+002   4.968214E-002
   4.700000E+002   4.989470E-002
   4.710000E+002   5.010520E-002
   4.720000E+002   5.031355E-002
   4.730000E+002   5.051969E-002
   4.740000E+002   5.072352E-002
   4.750000E+002   5.092496E-002
   4.760000E+002   5.112394E-002
   4.770000E+002   5.132036E-002
   4.780000E+002   5.151417E-002
   4.790000E+002   5.170526E-002
   4.800000E+002   5.189356E-002
   4.810000E+002   5.207899E-002
   4.820000E+002   5.226147E-002
   4.830000E+002   5.244092E-002
   4.840000E+002   5.261726E-002
   4.850000E+002   5.279040E-002
   4.860000E+002   5.296026E-002
   4.870000E+002   5.312677E-002
   4.880000E+002   5.328984E-002
   4.890000E+002   5.344940E-002
   4.900000E+002   5.360535E-002
   4.910000E+002   5.375763E-002
   4.920000E+002   5.390614E-002
   4.930000E+002   5.405082E-002
   4.940000E+002   5.419157E-002
   4.950000E+002   5.432832E-002
   4.960000E+002   5.446098E-002
   4.970000E+002   5.458948E-002
   4.980000E+002   5.471374E-002
   4.990000E+002   5.483366E-002
   5.000000E+002   5.494918E-002
   5.010000E+002   5.506023E-002
   5.020000E+002   5.516679E-002
   5.030000E+002   5.526887E-002
   5.040000E+002   5.536648E-002
   5.050000E+002   5.545963E-002
   5.060000E+002   5.554831E-002
   5.070000E+002   5.563253E-002
   5.080000E+002   5.571230E-002
   5.090000E+002   5.578762E-002
   5.100000E+002   5.585850E-002
   5.110000E+002   5.592495E-002
   5.120000E+002   5.598696E-002
   5.130000E+002   5.604454E-002
   5.140000E+002   5.609771E-002
   5.150000E+002   5.614645E-002
   5.160000E+002   5.619079E-002
   5.170000E+002   5.623072E-002
   5.180000E+002   5.626624E-002
   5.190000E+002   5.629738E-002
   5.200000E+002   5.632412E-002
   5.210000E+002   5.634647E-002
   5.220000E+002   5.636445E-002
   5.230000E+002   5.637805E-002
   5.240000E+002   5.638728E-002
   5.250000E+002   5.639214E-002
   5.260000E+002   5.639265E-002
   5.270000E+002   5.638880E-002
   5.280000E+002   5.638060E-002
   5.290000E+002   5.636805E-002
   5.300000E+002   5.635117E-002
   5.310000E+002   5.632995E-002
   5.320000E+002   5.630440E-002
   5.330000E+002   5.627453E-002
   5.340000E+002   5.624034E-002
   5.350000E+002   5.620183E-002
   5.360000E+002   5.615902E-002
   5.370000E+002   5.611191E-002
   5.380000E+002   5.606049E-002
   5.390000E+002   5.600478E-002
   5.400000E+002   5.594479E-002
   5.410000E+002   5.588051E-002
   5.420000E+002   5.581195E-002
   5.430000E+002   5.573913E-002
   5.440000E+002   5.566203E-002
   5.450000E+002   5.558067E-002
   5.460000E+002   5.549506E-002
   5.470000E+002   5.540519E-002
   5.480000E+002   5.531108E-002
   5.490000E+002   5.521272E-002
   5.500000E+002   5.511013E-002
   5.510000E+002   5.500332E-002
   5.520000E+002   5.489241E-002
   5.530000E+002   5.477751E-002
   5.540000E+002   5.465875E-002
   5.550000E+002   5.453625E-002
   5.560000E+002   5.441014E-002
   5.570000E+002   5.428053E-002
   5.580000E+002   5.414755E-002
   5.590000E+002   5.401133E-002
   5.600000E+002   5.387198E-002
   5.610000E+002   5.372963E-002
   5.620000E+002   5.358440E-002
   5.630000E+002   5.343642E-002
   5.640000E+002   5.328580E-002
   5.650000E+002   5.313268E-002
   5.660000E+002   5.297718E-002
   5.670000E+002   5.281941E-002
   5.680000E+002   5.265950E-002
   5.690000E+002   5.249757E-002
   5.700000E+002   5.233376E-002
   5.710000E+002   5.216817E-002
   5.720000E+002   5.200094E-002
   5.730000E+002   5.183218E-002
   5.740000E+002   5.166202E-002
   5.750000E+002   5.149058E-002
   5.760000E+002   5.131799E-002
   5.770000E+002   5.114437E-002
   5.780000E+002   5.096984E-002
   5.790000E+002   5.079452E-002
   5.800000E+002   5.061854E-002
   5.810000E+002   5.044203E-002
   5.820000E+002   5.026509E-002
   5.830000E+002   5.008786E-002
   5.840000E+002   4.991047E-002
   5.850000E+002   4.973302E-002
   5.860000E+002   4.955566E-002
   5.870000E+002   4.937849E-002
   5.880000E+002   4.920164E-002
   5.890000E+002   4.902524E-002
   5.900000E+002   4.884941E-002
   5.910000E+002   4.867427E-002
   5.920000E+002   4.849994E-002
   5.930000E+002   4.832656E-002
   5.940000E+002   4.815423E-002
   5.950000E+002   4.798309E-002
   5.960000E+002   4.781325E-002
   5.970000E+002   4.764484E-002
   5.980000E+002   4.747799E-002
   5.990000E+002   4.731281E-002
   6.000000E+002   4.714943E-002
   6.010000E+002   4.698797E-002
   6.020000E+002   4.682848E-002
   6.030000E+002   4.667104E-002
   6.040000E+002   4.651569E-002
   6.050000E+002   4.636251E-002
   6.060000E+002   4.621154E-002
   6.070000E+002   4.606286E-002
   6.080000E+002   4.591650E-002
   6.090000E+002   4.577255E-002
   6.100000E+002   4.563105E-002
   6.110000E+002   4.549207E-002
   6.120000E+002   4.535565E-002
   6.130000E+002   4.522188E-002
   6.140000E+002   4.509079E-002
   6.150000E+002   4.496246E-002
   6.160000E+002   4.483694E-002
   6.170000E+002   4.471429E-002
   6.180000E+002   4.459456E-002
   6.190000E+002   4.447783E-002
   6.200000E+002   4.436414E-002
   6.210000E+002   4.425357E-002
   6.220000E+002   4.414615E-002
   6.230000E+002   4.404197E-002
   6.240000E+002   4.394107E-002
   6.250000E+002   4.384351E-002
   6.260000E+002   4.374936E-002
   6.270000E+002   4.365867E-002
   6.280000E+002   4.357150E-002
   6.290000E+002   4.348791E-002
   6.300000E+002   4.340797E-002
   6.310000E+002   4.333172E-002
   6.320000E+002   4.325923E-002
   6.330000E+002   4.319056E-002
   6.340000E+002   4.312577E-002
   6.350000E+002   4.306491E-002
   6.360000E+002   4.300805E-002
   6.370000E+002   4.295525E-002
   6.380000E+002   4.290656E-002
   6.390000E+002   4.286204E-002
   6.400000E+002   4.282176E-002
   6.410000E+002   4.278577E-002
   6.420000E+002   4.275413E-002
   6.430000E+002   4.272690E-002
   6.440000E+002   4.270414E-002
   6.450000E+002   4.268591E-002
   6.460000E+002   4.267227E-002
   6.470000E+002   4.266328E-002
   6.480000E+002   4.265899E-002
   6.490000E+002   4.265947E-002
   6.500000E+002   4.266477E-002
   6.510000E+002   4.267495E-002
   6.520000E+002   4.268996E-002
   6.530000E+002   4.270977E-002
   6.540000E+002   4.273434E-002
   6.550000E+002   4.276361E-002
   6.560000E+002   4.279756E-002
   6.570000E+002   4.283613E-002
   6.580000E+002   4.287928E-002
   6.590000E+002   4.292697E-002
   6.600000E+002   4.297915E-002
   6.610000E+002   4.303578E-002
   6.620000E+002   4.309682E-002
   6.630000E+002   4.316222E-002
   6.640000E+002   4.323194E-002
   6.650000E+002   4.330594E-002
   6.660000E+002   4.338418E-002
   6.670000E+002   4.346660E-002
   6.680000E+002   4.355317E-002
   6.690000E+002   4.364385E-002
   6.700000E+002   4.373858E-002
   6.710000E+002   4.383733E-002
   6.720000E+002   4.394005E-002
   6.730000E+002   4.404671E-002
   6.740000E+002   4.415725E-002
   6.750000E+002   4.427163E-002
   6.760000E+002   4.438981E-002
   6.770000E+002   4.451175E-002
   6.780000E+002   4.463740E-002
   6.790000E+002   4.476672E-002
   6.800000E+002   4.489966E-002
   6.810000E+002   4.503619E-002
   6.820000E+002   4.517626E-002
   6.830000E+002   4.531982E-002
   6.840000E+002   4.546684E-002
   6.850000E+002   4.561726E-002
   6.860000E+002   4.577105E-002
   6.870000E+002   4.592816E-002
   6.880000E+002   4.608855E-002
   6.890000E+002   4.625218E-002
   6.900000E+002   4.641899E-002
   6.910000E+002   4.658896E-002
   6.920000E+002   4.676203E-002
   6.930000E+002   4.693816E-002
   6.940000E+002   4.711731E-002
   6.950000E+002   4.729943E-002
   6.960000E+002   4.748449E-002
   6.970000E+002   4.767243E-002
   6.980000E+002   4.786322E-002
   6.990000E+002   4.805681E-002
   7.000000E+002   4.825315E-002
   7.010000E+002   4.845220E-002
   7.020000E+002   4.865380E-002
   7.030000E+002   4.885783E-002
   7.040000E+002   4.906411E-002
   7.050000E+002   4.927251E-002
   7.060000E+002   4.948287E-002
   7.070000E+002   4.969505E-002
   7.080000E+002   4.990889E-002
   7.090000E+002   5.012424E-002
   7.100000E+002   5.034095E-002
   7.110000E+002   5.055888E-002
   7.120000E+002   5.077787E-002
   7.130000E+002   5.099778E-002
   7.140000E+002   5.121844E-002
   7.150000E+002   5.143972E-002
   7.160000E+002   5.166146E-002
   7.170000E+002   5.188351E-002
   7.180000E+002   5.210573E-002
   7.190000E+002   5.232795E-002
   7.200000E+002   5.255004E-002
   7.210000E+002   5.277184E-002
   7.220000E+002   5.299320E-002
   7.230000E+002   5.321397E-002
   7.240000E+002   5.343400E-002
   7.250000E+002   5.365314E-002
   7.260000E+002   5.387125E-002
   7.270000E+002   5.408816E-002
   7.280000E+002   5.430374E-002
   7.290000E+002   5.451782E-002
   7.300000E+002   5.473027E-002
   7.310000E+002   5.494092E-002
   7.320000E+002   5.514964E-002
   7.330000E+002   5.535626E-002
   7.340000E+002   5.556065E-002
   7.350000E+002   5.576264E-002
   7.360000E+002   5.596209E-002
   7.370000E+002   5.615886E-002
   7.380000E+002   5.635278E-002
   7.390000E+002   5.654371E-002
   7.400000E+002   5.673150E-002
   7.410000E+002   5.691600E-002
   7.420000E+002   5.709705E-002
   7.430000E+002   5.727452E-002
   7.440000E+002   5.744824E-002
   7.450000E+002   5.761807E-002
   7.460000E+002   5.778386E-002
   7.470000E+002   5.794546E-002
   7.480000E+002   5.810271E-002
   7.490000E+002   5.825547E-002
   7.500000E+002   5.840359E-002
   7.510000E+002   5.854695E-002
   7.520000E+002   5.868555E-002
   7.530000E+002   5.881944E-002
   7.540000E+002   5.894864E-002
   7.550000E+002   5.907321E-002
   7.560000E+002   5.919317E-002
   7.570000E+002   5.930856E-002
   7.580000E+002   5.941943E-002
   7.590000E+002   5.952580E-002
   7.600000E+002   5.962772E-002
   7.610000E+002   5.972523E-002
   7.620000E+002   5.981836E-002
   7.630000E+002   5.990715E-002
   7.640000E+002   5.999164E-002
   7.650000E+002   6.007186E-002
   7.660000E+002   6.014786E-002
   7.670000E+002   6.021967E-002
   7.680000E+002   6.028733E-002
   7.690000E+002   6.035087E-002
   7.700000E+002   6.041034E-002
   7.710000E+002   6.046578E-002
   7.720000E+002   6.051721E-002
   7.730000E+002   6.056468E-002
   7.740000E+002   6.060823E-002
   7.750000E+002   6.064789E-002
   7.760000E+002   6.068370E-002
   7.770000E+002   6.071570E-002
   7.780000E+002   6.074393E-002
   7.790000E+002   6.076842E-002
   7.800000E+002   6.078922E-002
   7.810000E+002   6.080636E-002
   7.820000E+002   6.081987E-002
   7.830000E+002   6.082980E-002
   7.840000E+002   6.083618E-002
   7.850000E+002   6.083906E-002
   7.860000E+002   6.083846E-002
   7.870000E+002   6.083443E-002
   7.880000E+002   6.082701E-002
   7.890000E+002   6.081622E-002
   7.900000E+002   6.080212E-002
   7.910000E+002   6.078474E-002
   7.920000E+002   6.076411E-002
   7.930000E+002   6.074027E-002
   7.940000E+002   6.071327E-002
   7.950000E+002   6.068313E-002
   7.960000E+002   6.064991E-002
   7.970000E+002   6.061362E-002
   7.980000E+002   6.057432E-002
   7.990000E+002   6.053204E-002
   8.000000E+002   6.048682E-002
   8.010000E+002   6.043868E-002
   8.020000E+002   6.038764E-002
   8.030000E+002   6.033369E-002
   8.040000E+002   6.027682E-002
   8.050000E+002   6.021704E-002
   8.060000E+002   6.015435E-002
   8.070000E+002   6.008873E-002
   8.080000E+002   6.002019E-002
   8.090000E+002   5.994872E-002
   8.100000E+002   5.987433E-002
   8.110000E+002   5.979700E-002
   8.120000E+002   5.971674E-002
   8.130000E+002   5.963355E-002
   8.140000E+002   5.954741E-002
   8.150000E+002   5.945834E-002
   8.160000E+002   5.936631E-002
   8.170000E+002   5.927134E-002
   8.180000E+002   5.917343E-002
   8.190000E+002   5.907255E-002
   8.200000E+002   5.896873E-002
   8.210000E+002   5.886194E-002
   8.220000E+002   5.875220E-002
   8.230000E+002   5.863949E-002
   8.240000E+002   5.852381E-002
   8.250000E+002   5.840517E-002
   8.260000E+002   5.828356E-002
   8.270000E+002   5.815897E-002
   8.280000E+002   5.803140E-002
   8.290000E+002   5.790086E-002
   8.300000E+002   5.776733E-002
   8.310000E+002   5.763082E-002
   8.320000E+002   5.749132E-002
   8.330000E+002   5.734883E-002
   8.340000E+002   5.720335E-002
   8.350000E+002   5.705487E-002
   8.360000E+002   5.690340E-002
   8.370000E+002   5.674892E-002
   8.380000E+002   5.659145E-002
   8.390000E+002   5.643096E-002
   8.400000E+002   5.626747E-002
   8.410000E+002   5.610096E-002
   8.420000E+002   5.593144E-002
   8.430000E+002   5.575890E-002
   8.440000E+002   5.558335E-002
   8.450000E+002   5.540477E-002
   8.460000E+002   5.522317E-002
   8.470000E+002   5.503854E-002
   8.480000E+002   5.485088E-002
   8.490000E+002   5.466018E-002
   8.500000E+002   5.446645E-002
   8.510000E+002   5.426970E-002
   8.520000E+002   5.407003E-002
   8.530000E+002   5.386753E-002
   8.540000E+002   5.366233E-002
   8.550000E+002   5.345452E-002
   8.560000E+002   5.324423E-002
   8.570000E+002   5.303156E-002
   8.580000E+002   5.281662E-002
   8.590000E+002   5.259953E-002
   8.600000E+002   5.238038E-002
   8.610000E+002   5.215930E-002
   8.620000E+002   5.193638E-002
   8.630000E+002   5.171175E-002
   8.640000E+002   5.148551E-002
   8.650000E+002   5.125776E-002
   8.660000E+002   5.102863E-002
   8.670000E+002   5.079822E-002
   8.680000E+002   5.056664E-002
   8.690000E+002   5.033400E-002
   8.700000E+002   5.010041E-002
   8.710000E+002   4.986598E-002
   8.720000E+002   4.963083E-002
   8.730000E+002   4.939505E-002
   8.740000E+002   4.915876E-002
   8.750000E+002   4.892207E-002
   8.760000E+002   4.868509E-002
   8.770000E+002   4.844794E-002
   8.780000E+002   4.821071E-002
   8.790000E+002   4.797352E-002
   8.800000E+002   4.773648E-002
   8.810000E+002   4.749970E-002
   8.820000E+002   4.726329E-002
   8.830000E+002   4.702736E-002
   8.840000E+002   4.679202E-002
   8.850000E+002   4.655738E-002
   8.860000E+002   4.632354E-002
   8.870000E+002   4.609063E-002
   8.880000E+002   4.585875E-002
   8.890000E+002   4.562800E-002
   8.900000E+002   4.539851E-002
   8.910000E+002   4.517037E-002
   8.920000E+002   4.494370E-002
   8.930000E+002   4.471861E-002
   8.940000E+002   4.449521E-002
   8.950000E+002   4.427361E-002
   8.960000E+002   4.405391E-002
   8.970000E+002   4.383624E-002
   8.980000E+002   4.362069E-002
   8.990000E+002   4.340738E-002
   9.000000E+002   4.319642E-002
   9.010000E+002   4.298791E-002
   9.020000E+002   4.278188E-002
   9.030000E+002   4.257836E-002
   9.040000E+002   4.237739E-002
   9.050000E+002   4.217899E-002
   9.060000E+002   4.198319E-002
   9.070000E+002   4.179002E-002
   9.080000E+002   4.159951E-002
   9.090000E+002   4.141168E-002
   9.100000E+002   4.122657E-002
   9.110000E+002   4.104420E-002
   9.120000E+002   4.086459E-002
   9.130000E+002   4.068779E-002
   9.140000E+002   4.051382E-002
   9.150000E+002   4.034270E-002
   9.160000E+002   4.017446E-002
   9.170000E+002   4.000914E-002
   9.180000E+002   3.984676E-002
   9.190000E+002   3.968734E-002
   9.200000E+002   3.953093E-002
   9.210000E+002   3.937754E-002
   9.220000E+002   3.922721E-002
   9.230000E+002   3.907996E-002
   9.240000E+002   3.893582E-002
   9.250000E+002   3.879482E-002
   9.260000E+002   3.865699E-002
   9.270000E+002   3.852235E-002
   9.280000E+002   3.839094E-002
   9.290000E+002   3.826278E-002
   9.300000E+002   3.813791E-002
   9.310000E+002   3.801634E-002
   9.320000E+002   3.789812E-002
   9.330000E+002   3.778326E-002
   9.340000E+002   3.767179E-002
   9.350000E+002   3.756375E-002
   9.360000E+002   3.745916E-002
   9.370000E+002   3.735805E-002
   9.380000E+002   3.726046E-002
   9.390000E+002   3.716639E-002
   9.400000E+002   3.707590E-002
   9.410000E+002   3.698900E-002
   9.420000E+002   3.690572E-002
   9.430000E+002   3.682609E-002
   9.440000E+002   3.675014E-002
   9.450000E+002   3.667790E-002
   9.460000E+002   3.660939E-002
   9.470000E+002   3.654465E-002
   9.480000E+002   3.648370E-002
   9.490000E+002   3.642658E-002
   9.500000E+002   3.637330E-002
   9.510000E+002   3.632389E-002
   9.520000E+002   3.627833E-002
   9.530000E+002   3.623658E-002
   9.540000E+002   3.619862E-002
   9.550000E+002   3.616442E-002
   9.560000E+002   3.613394E-002
   9.570000E+002   3.610715E-002
   9.580000E+002   3.608402E-002
   9.590000E+002   3.606453E-002
   9.600000E+002   3.604863E-002
   9.610000E+002   3.603630E-002
   9.620000E+002   3.602752E-002
   9.630000E+002   3.602224E-002
   9.640000E+002   3.602043E-002
   9.650000E+002   3.602208E-002
   9.660000E+002   3.602713E-002
   9.670000E+002   3.603558E-002
   9.680000E+002   3.604737E-002
   9.690000E+002   3.606249E-002
   9.700000E+002   3.608090E-002
   9.710000E+002   3.610256E-002
   9.720000E+002   3.612746E-002
   9.730000E+002   3.615556E-002
   9.740000E+002   3.618683E-002
   9.750000E+002   3.622123E-002
   9.760000E+002   3.625874E-002
   9.770000E+002   3.629932E-002
   9.780000E+002   3.634295E-002
   9.790000E+002   3.638959E-002
   9.800000E+002   3.643922E-002
   9.810000E+002   3.649179E-002
   9.820000E+002   3.654729E-002
   9.830000E+002   3.660568E-002
   9.840000E+002   3.666692E-002
   9.850000E+002   3.673100E-002
   9.860000E+002   3.679787E-002
   9.870000E+002   3.686751E-002
   9.880000E+002   3.693988E-002
   9.890000E+002   3.701496E-002
   9.900000E+002   3.709272E-002
   9.910000E+002   3.717311E-002
   9.920000E+002   3.725612E-002
   9.930000E+002   3.734171E-002
   9.940000E+002   3.742985E-002
   9.950000E+002   3.752051E-002
   9.960000E+002   3.761366E-002
   9.970000E+002   3.770926E-002
   9.980000E+002   3.780730E-002
   9.990000E+002   3.790773E-002
   1.000000E+003   3.801052E-002
   1.001000E+003   3.811564E-002
   1.002000E+003   3.822298E-002
   1.003000E+003   3.833246E-002
   1.004000E+003   3.844396E-002
   1.005000E+003   3.855738E-002
   1.006000E+003   3.867262E-002
   1.007000E+003   3.878957E-002
   1.008000E+003   3.890814E-002
   1.009000E+003   3.902821E-002
   1.010000E+003   3.914969E-002
   1.011000E+003   3.927248E-002
   1.012000E+003   3.939646E-002
   1.013000E+003   3.952154E-002
   1.014000E+003   3.964760E-002
   1.015000E+003   3.977456E-002
   1.016000E+003   3.990231E-002
   1.017000E+003   4.003074E-002
   1.018000E+003   4.015975E-002
   1.019000E+003   4.028923E-002
   1.020000E+003   4.041909E-002
   1.021000E+003   4.054922E-002
   1.022000E+003   4.067951E-002
   1.023000E+003   4.080987E-002
   1.024000E+003   4.094019E-002
   1.025000E+003   4.107036E-002
   1.026000E+003   4.120029E-002
   1.027000E+003   4.132988E-002
   1.028000E+003   4.145900E-002
   1.029000E+003   4.158758E-002
   1.030000E+003   4.171549E-002
   1.031000E+003   4.184264E-002
   1.032000E+003   4.196893E-002
   1.033000E+003   4.209425E-002
   1.034000E+003   4.221850E-002
   1.035000E+003   4.234157E-002
   1.036000E+003   4.246337E-002
   1.037000E+003   4.258378E-002
   1.038000E+003   4.270271E-002
   1.039000E+003   4.282005E-002
   1.040000E+003   4.293570E-002
   1.041000E+003   4.304956E-002
   1.042000E+003   4.316152E-002
   1.043000E+003   4.327147E-002
   1.044000E+003   4.337933E-002
   1.045000E+003   4.348498E-002
   1.046000E+003   4.358832E-002
   1.047000E+003   4.368924E-002
   1.048000E+003   4.378765E-002
   1.049000E+003   4.388344E-002
   1.050000E+003   4.397650E-002
   1.051000E+003   4.406676E-002
   1.052000E+003   4.415419E-002
   1.053000E+003   4.423878E-002
   1.054000E+003   4.432054E-002
   1.055000E+003   4.439947E-002
   1.056000E+003   4.447555E-002
   1.057000E+003   4.454879E-002
   1.058000E+003   4.461919E-002
   1.059000E+003   4.468674E-002
   1.060000E+003   4.475143E-002
   1.061000E+003   4.481327E-002
   1.062000E+003   4.487226E-002
   1.063000E+003   4.492838E-002
   1.064000E+003   4.498165E-002
   1.065000E+003   4.503205E-002
   1.066000E+003   4.507958E-002
   1.067000E+003   4.512423E-002
   1.068000E+003   4.516602E-002
   1.069000E+003   4.520493E-002
   1.070000E+003   4.524096E-002
   1.071000E+003   4.527411E-002
   1.072000E+003   4.530437E-002
   1.073000E+003   4.533175E-002
   1.074000E+003   4.535623E-002
   1.075000E+003   4.537783E-002
   1.076000E+003   4.539652E-002
   1.077000E+003   4.541232E-002
   1.078000E+003   4.542522E-002
   1.079000E+003   4.543521E-002
   1.080000E+003   4.544230E-002
   1.081000E+003   4.544647E-002
   1.082000E+003   4.544774E-002
   1.083000E+003   4.544608E-002
   1.084000E+003   4.544151E-002
   1.085000E+003   4.543402E-002
   1.086000E+003   4.542361E-002
   1.087000E+003   4.541027E-002
   1.088000E+003   4.539399E-002
   1.089000E+003   4.537479E-002
   1.090000E+003   4.535265E-002
   1.091000E+003   4.532758E-002
   1.092000E+003   4.529956E-002
   1.093000E+003   4.526860E-002
   1.094000E+003   4.523470E-002
   1.095000E+003   4.519784E-002
   1.096000E+003   4.515804E-002
   1.097000E+003   4.511528E-002
   1.098000E+003   4.506956E-002
   1.099000E+003   4.502088E-002
   1.100000E+003   4.496924E-002
   1.101000E+003   4.491465E-002
   1.102000E+003   4.485715E-002
   1.103000E+003   4.479682E-002
   1.104000E+003   4.473373E-002
   1.105000E+003   4.466793E-002
   1.106000E+003   4.459949E-002
   1.107000E+003   4.452848E-002
   1.108000E+003   4.445496E-002
   1.109000E+003   4.437901E-002
   1.110000E+003   4.430068E-002
   1.111000E+003   4.422004E-002
   1.112000E+003   4.413716E-002
   1.113000E+003   4.405210E-002
   1.114000E+003   4.396493E-002
   1.115000E+003   4.387571E-002
   1.116000E+003   4.378451E-002
   1.117000E+003   4.369140E-002
   1.118000E+003   4.359644E-002
   1.119000E+003   4.349969E-002
   1.120000E+003   4.340123E-002
   1.121000E+003   4.330112E-002
   1.122000E+003   4.319941E-002
   1.123000E+003   4.309619E-002
   1.124000E+003   4.299151E-002
   1.125000E+003   4.288545E-002
   1.126000E+003   4.277805E-002
   1.127000E+003   4.266941E-002
   1.128000E+003   4.255956E-002
   1.129000E+003   4.244859E-002
   1.130000E+003   4.233656E-002
   1.131000E+003   4.222354E-002
   1.132000E+003   4.210958E-002
   1.133000E+003   4.199477E-002
   1.134000E+003   4.187915E-002
   1.135000E+003   4.176280E-002
   1.136000E+003   4.164578E-002
   1.137000E+003   4.152816E-002
   1.138000E+003   4.141001E-002
   1.139000E+003   4.129138E-002
   1.140000E+003   4.117235E-002
   1.141000E+003   4.105299E-002
   1.142000E+003   4.093334E-002
   1.143000E+003   4.081350E-002
   1.144000E+003   4.069351E-002
   1.145000E+003   4.057344E-002
   1.146000E+003   4.045336E-002
   1.147000E+003   4.033334E-002
   1.148000E+003   4.021344E-002
   1.149000E+003   4.009373E-002
   1.150000E+003   3.997427E-002
   1.151000E+003   3.985511E-002
   1.152000E+003   3.973627E-002
   1.153000E+003   3.961773E-002
   1.154000E+003   3.949949E-002
   1.155000E+003   3.938154E-002
   1.156000E+003   3.926388E-002
   1.157000E+003   3.914650E-002
   1.158000E+003   3.902939E-002
   1.159000E+003   3.891255E-002
   1.160000E+003   3.879597E-002
   1.161000E+003   3.867964E-002
   1.162000E+003   3.856357E-002
   1.163000E+003   3.844773E-002
   1.164000E+003   3.833213E-002
   1.165000E+003   3.821676E-002
   1.166000E+003   3.810161E-002
   1.167000E+003   3.798668E-002
   1.168000E+003   3.787195E-002
   1.169000E+003   3.775743E-002
   1.170000E+003   3.764311E-002
   1.171000E+003   3.752898E-002
   1.172000E+003   3.741503E-002
   1.173000E+003   3.730126E-002
   1.174000E+003   3.718767E-002
   1.175000E+003   3.707423E-002
   1.176000E+003   3.696096E-002
   1.177000E+003   3.684784E-002
   1.178000E+003   3.673486E-002
   1.179000E+003   3.662203E-002
   1.180000E+003   3.650933E-002
   1.181000E+003   3.639676E-002
   1.182000E+003   3.628430E-002
   1.183000E+003   3.617196E-002
   1.184000E+003   3.605973E-002
   1.185000E+003   3.594761E-002
   1.186000E+003   3.583557E-002
   1.187000E+003   3.572363E-002
   1.188000E+003   3.561177E-002
   1.189000E+003   3.549998E-002
   1.190000E+003   3.538827E-002
   1.191000E+003   3.527661E-002
   1.192000E+003   3.516502E-002
   1.193000E+003   3.505348E-002
   1.194000E+003   3.494198E-002
   1.195000E+003   3.483052E-002
   1.196000E+003   3.471909E-002
   1.197000E+003   3.460768E-002
   1.198000E+003   3.449630E-002
   1.199000E+003   3.438493E-002
   1.200000E+003   3.427356E-002
   1.201000E+003   3.416220E-002
