   2.000000E+000   1.657269E-002
   3.000000E+000   1.037298E-002
   4.000000E+000   8.950731E-003
   5.000000E+000   8.651877E-003
   6.000000E+000   8.386840E-003
   7.000000E+000   8.270993E-003
   8.000000E+000   8.255694E-003
   9.000000E+000   8.267870E-003
   1.000000E+001   8.300748E-003
   1.100000E+001   8.360995E-003
   1.200000E+001   8.442757E-003
   1.300000E+001   8.538270E-003
   1.400000E+001   8.644665E-003
   1.500000E+001   8.760298E-003
   1.600000E+001   8.883650E-003
   1.700000E+001   9.013719E-003
   1.800000E+001   9.149627E-003
   1.900000E+001   9.290499E-003
   2.000000E+001   9.435458E-003
   2.100000E+001   9.583750E-003
   2.200000E+001   9.735109E-003
   2.300000E+001   9.889394E-003
   2.400000E+001   1.004646E-002
   2.500000E+001   1.020617E-002
   2.600000E+001   1.036837E-002
   2.700000E+001   1.053292E-002
   2.800000E+001   1.069969E-002
   2.900000E+001   1.086852E-002
   3.000000E+001   1.103927E-002
   3.100000E+001   1.121184E-002
   3.200000E+001   1.138625E-002
   3.300000E+001   1.156256E-002
   3.400000E+001   1.174084E-002
   3.500000E+001   1.192113E-002
   3.600000E+001   1.210350E-002
   3.700000E+001   1.228802E-002
   3.800000E+001   1.247473E-002
   3.900000E+001   1.266371E-002
   4.000000E+001   1.285501E-002
   4.100000E+001   1.304869E-002
   4.200000E+001   1.324483E-002
   4.300000E+001   1.344351E-002
   4.400000E+001   1.364482E-002
   4.500000E+001   1.384882E-002
   4.600000E+001   1.405561E-002
   4.700000E+001   1.426526E-002
   4.800000E+001   1.447784E-002
   4.900000E+001   1.469345E-002
   5.000000E+001   1.491216E-002
   5.100000E+001   1.513404E-002
   5.200000E+001   1.535906E-002
   5.300000E+001   1.558719E-002
   5.400000E+001   1.581840E-002
   5.500000E+001   1.605265E-002
   5.600000E+001   1.628990E-002
   5.700000E+001   1.653013E-002
   5.800000E+001   1.677330E-002
   5.900000E+001   1.701936E-002
   6.000000E+001   1.726830E-002
   6.100000E+001   1.752010E-002
   6.200000E+001   1.777492E-002
   6.300000E+001   1.803294E-002
   6.400000E+001   1.829434E-002
   6.500000E+001   1.855931E-002
   6.600000E+001   1.882804E-002
   6.700000E+001   1.910070E-002
   6.800000E+001   1.937748E-002
   6.900000E+001   1.965856E-002
   7.000000E+001   1.994414E-002
   7.100000E+001   2.023432E-002
   7.200000E+001   2.052897E-002
   7.300000E+001   2.082788E-002
   7.400000E+001   2.113085E-002
   7.500000E+001   2.143768E-002
   7.600000E+001   2.174815E-002
   7.700000E+001   2.206208E-002
   7.800000E+001   2.237924E-002
   7.900000E+001   2.269944E-002
   8.000000E+001   2.302248E-002
   8.100000E+001   2.334821E-002
   8.200000E+001   2.367677E-002
   8.300000E+001   2.400835E-002
   8.400000E+001   2.434316E-002
   8.500000E+001   2.468138E-002
   8.600000E+001   2.502323E-002
   8.700000E+001   2.536889E-002
   8.800000E+001   2.571857E-002
   8.900000E+001   2.607245E-002
   9.000000E+001   2.643076E-002
   9.100000E+001   2.679358E-002
   9.200000E+001   2.716068E-002
   9.300000E+001   2.753173E-002
   9.400000E+001   2.790641E-002
   9.500000E+001   2.828438E-002
   9.600000E+001   2.866531E-002
   9.700000E+001   2.904887E-002
   9.800000E+001   2.943474E-002
   9.900000E+001   2.982259E-002
   1.000000E+002   3.021208E-002
   1.010000E+002   3.060295E-002
   1.020000E+002   3.099512E-002
   1.030000E+002   3.138861E-002
   1.040000E+002   3.178339E-002
   1.050000E+002   3.217947E-002
   1.060000E+002   3.257684E-002
   1.070000E+002   3.297549E-002
   1.080000E+002   3.337542E-002
   1.090000E+002   3.377662E-002
   1.100000E+002   3.417909E-002
   1.110000E+002   3.458283E-002
   1.120000E+002   3.498782E-002
   1.130000E+002   3.539406E-002
   1.140000E+002   3.580154E-002
   1.150000E+002   3.621026E-002
   1.160000E+002   3.662022E-002
   1.170000E+002   3.703140E-002
   1.180000E+002   3.744381E-002
   1.190000E+002   3.785743E-002
   1.200000E+002   3.827227E-002
   1.210000E+002   3.868828E-002
   1.220000E+002   3.910530E-002
   1.230000E+002   3.952313E-002
   1.240000E+002   3.994157E-002
   1.250000E+002   4.036043E-002
   1.260000E+002   4.077951E-002
   1.270000E+002   4.119862E-002
   1.280000E+002   4.161755E-002
   1.290000E+002   4.203611E-002
   1.300000E+002   4.245410E-002
   1.310000E+002   4.287133E-002
   1.320000E+002   4.328759E-002
   1.330000E+002   4.370270E-002
   1.340000E+002   4.411645E-002
   1.350000E+002   4.452865E-002
   1.360000E+002   4.493909E-002
   1.370000E+002   4.534759E-002
   1.380000E+002   4.575395E-002
   1.390000E+002   4.615797E-002
   1.400000E+002   4.655944E-002
   1.410000E+002   4.695820E-002
   1.420000E+002   4.735415E-002
   1.430000E+002   4.774719E-002
   1.440000E+002   4.813724E-002
   1.450000E+002   4.852423E-002
   1.460000E+002   4.890807E-002
   1.470000E+002   4.928867E-002
   1.480000E+002   4.966596E-002
   1.490000E+002   5.003984E-002
   1.500000E+002   5.041024E-002
   1.510000E+002   5.077708E-002
   1.520000E+002   5.114026E-002
   1.530000E+002   5.149972E-002
   1.540000E+002   5.185536E-002
   1.550000E+002   5.220709E-002
   1.560000E+002   5.255485E-002
   1.570000E+002   5.289854E-002
   1.580000E+002   5.323808E-002
   1.590000E+002   5.357340E-002
   1.600000E+002   5.390439E-002
   1.610000E+002   5.423098E-002
   1.620000E+002   5.455302E-002
   1.630000E+002   5.487037E-002
   1.640000E+002   5.518287E-002
   1.650000E+002   5.549038E-002
   1.660000E+002   5.579275E-002
   1.670000E+002   5.608983E-002
   1.680000E+002   5.638147E-002
   1.690000E+002   5.666752E-002
   1.700000E+002   5.694784E-002
   1.710000E+002   5.722227E-002
   1.720000E+002   5.749067E-002
   1.730000E+002   5.775288E-002
   1.740000E+002   5.800876E-002
   1.750000E+002   5.825817E-002
   1.760000E+002   5.850094E-002
   1.770000E+002   5.873694E-002
   1.780000E+002   5.896601E-002
   1.790000E+002   5.918801E-002
   1.800000E+002   5.940278E-002
   1.810000E+002   5.961019E-002
   1.820000E+002   5.981015E-002
   1.830000E+002   6.000258E-002
   1.840000E+002   6.018740E-002
   1.850000E+002   6.036453E-002
   1.860000E+002   6.053389E-002
   1.870000E+002   6.069540E-002
   1.880000E+002   6.084899E-002
   1.890000E+002   6.099457E-002
   1.900000E+002   6.113207E-002
   1.910000E+002   6.126140E-002
   1.920000E+002   6.138249E-002
   1.930000E+002   6.149526E-002
   1.940000E+002   6.159963E-002
   1.950000E+002   6.169551E-002
   1.960000E+002   6.178284E-002
   1.970000E+002   6.186152E-002
   1.980000E+002   6.193149E-002
   1.990000E+002   6.199266E-002
   2.000000E+002   6.204496E-002
   2.010000E+002   6.208833E-002
   2.020000E+002   6.212286E-002
   2.030000E+002   6.214867E-002
   2.040000E+002   6.216586E-002
   2.050000E+002   6.217456E-002
   2.060000E+002   6.217487E-002
   2.070000E+002   6.216691E-002
   2.080000E+002   6.215081E-002
   2.090000E+002   6.212666E-002
   2.100000E+002   6.209458E-002
   2.110000E+002   6.205470E-002
   2.120000E+002   6.200712E-002
   2.130000E+002   6.195196E-002
   2.140000E+002   6.188934E-002
   2.150000E+002   6.181936E-002
   2.160000E+002   6.174214E-002
   2.170000E+002   6.165780E-002
   2.180000E+002   6.156646E-002
   2.190000E+002   6.146822E-002
   2.200000E+002   6.136320E-002
   2.210000E+002   6.125151E-002
   2.220000E+002   6.113328E-002
   2.230000E+002   6.100861E-002
   2.240000E+002   6.087761E-002
   2.250000E+002   6.074042E-002
   2.260000E+002   6.059711E-002
   2.270000E+002   6.044775E-002
   2.280000E+002   6.029236E-002
   2.290000E+002   6.013098E-002
   2.300000E+002   5.996364E-002
   2.310000E+002   5.979037E-002
   2.320000E+002   5.961121E-002
   2.330000E+002   5.942619E-002
   2.340000E+002   5.923535E-002
   2.350000E+002   5.903871E-002
   2.360000E+002   5.883630E-002
   2.370000E+002   5.862818E-002
   2.380000E+002   5.841435E-002
   2.390000E+002   5.819487E-002
   2.400000E+002   5.796976E-002
   2.410000E+002   5.773905E-002
   2.420000E+002   5.750278E-002
   2.430000E+002   5.726098E-002
   2.440000E+002   5.701369E-002
   2.450000E+002   5.676094E-002
   2.460000E+002   5.650275E-002
   2.470000E+002   5.623917E-002
   2.480000E+002   5.597023E-002
   2.490000E+002   5.569596E-002
   2.500000E+002   5.541639E-002
   2.510000E+002   5.513158E-002
   2.520000E+002   5.484173E-002
   2.530000E+002   5.454702E-002
   2.540000E+002   5.424768E-002
   2.550000E+002   5.394391E-002
   2.560000E+002   5.363593E-002
   2.570000E+002   5.332393E-002
   2.580000E+002   5.300813E-002
   2.590000E+002   5.268873E-002
   2.600000E+002   5.236596E-002
   2.610000E+002   5.204000E-002
   2.620000E+002   5.171109E-002
   2.630000E+002   5.137941E-002
   2.640000E+002   5.104518E-002
   2.650000E+002   5.070862E-002
   2.660000E+002   5.036992E-002
   2.670000E+002   5.002930E-002
   2.680000E+002   4.968697E-002
   2.690000E+002   4.934313E-002
   2.700000E+002   4.899800E-002
   2.710000E+002   4.865178E-002
   2.720000E+002   4.830468E-002
   2.730000E+002   4.795691E-002
   2.740000E+002   4.760868E-002
   2.750000E+002   4.726020E-002
   2.760000E+002   4.691166E-002
   2.770000E+002   4.656318E-002
   2.780000E+002   4.621488E-002
   2.790000E+002   4.586685E-002
   2.800000E+002   4.551922E-002
   2.810000E+002   4.517209E-002
   2.820000E+002   4.482556E-002
   2.830000E+002   4.447975E-002
   2.840000E+002   4.413476E-002
   2.850000E+002   4.379071E-002
   2.860000E+002   4.344769E-002
   2.870000E+002   4.310582E-002
   2.880000E+002   4.276521E-002
   2.890000E+002   4.242596E-002
   2.900000E+002   4.208818E-002
   2.910000E+002   4.175199E-002
   2.920000E+002   4.141748E-002
   2.930000E+002   4.108477E-002
   2.940000E+002   4.075397E-002
   2.950000E+002   4.042519E-002
   2.960000E+002   4.009852E-002
   2.970000E+002   3.977409E-002
   2.980000E+002   3.945199E-002
   2.990000E+002   3.913235E-002
   3.000000E+002   3.881526E-002
   3.010000E+002   3.850082E-002
   3.020000E+002   3.818913E-002
   3.030000E+002   3.788026E-002
   3.040000E+002   3.757428E-002
   3.050000E+002   3.727127E-002
   3.060000E+002   3.697131E-002
   3.070000E+002   3.667447E-002
   3.080000E+002   3.638084E-002
   3.090000E+002   3.609048E-002
   3.100000E+002   3.580348E-002
   3.110000E+002   3.551991E-002
   3.120000E+002   3.523984E-002
   3.130000E+002   3.496337E-002
   3.140000E+002   3.469055E-002
   3.150000E+002   3.442147E-002
   3.160000E+002   3.415621E-002
   3.170000E+002   3.389484E-002
   3.180000E+002   3.363744E-002
   3.190000E+002   3.338409E-002
   3.200000E+002   3.313485E-002
   3.210000E+002   3.288982E-002
   3.220000E+002   3.264906E-002
   3.230000E+002   3.241266E-002
   3.240000E+002   3.218068E-002
   3.250000E+002   3.195321E-002
   3.260000E+002   3.173032E-002
   3.270000E+002   3.151210E-002
   3.280000E+002   3.129861E-002
   3.290000E+002   3.108993E-002
   3.300000E+002   3.088614E-002
   3.310000E+002   3.068732E-002
   3.320000E+002   3.049354E-002
   3.330000E+002   3.030489E-002
   3.340000E+002   3.012142E-002
   3.350000E+002   2.994324E-002
   3.360000E+002   2.977040E-002
   3.370000E+002   2.960299E-002
   3.380000E+002   2.944109E-002
   3.390000E+002   2.928476E-002
   3.400000E+002   2.913409E-002
   3.410000E+002   2.898916E-002
   3.420000E+002   2.885004E-002
   3.430000E+002   2.871680E-002
   3.440000E+002   2.858953E-002
   3.450000E+002   2.846831E-002
   3.460000E+002   2.835320E-002
   3.470000E+002   2.824428E-002
   3.480000E+002   2.814163E-002
   3.490000E+002   2.804534E-002
   3.500000E+002   2.795547E-002
   3.510000E+002   2.787207E-002
   3.520000E+002   2.779511E-002
   3.530000E+002   2.772452E-002
   3.540000E+002   2.766022E-002
   3.550000E+002   2.760216E-002
   3.560000E+002   2.755026E-002
   3.570000E+002   2.750445E-002
   3.580000E+002   2.746467E-002
   3.590000E+002   2.743085E-002
   3.600000E+002   2.740292E-002
   3.610000E+002   2.738082E-002
   3.620000E+002   2.736447E-002
   3.630000E+002   2.735381E-002
   3.640000E+002   2.734877E-002
   3.650000E+002   2.734928E-002
   3.660000E+002   2.735528E-002
   3.670000E+002   2.736669E-002
   3.680000E+002   2.738346E-002
   3.690000E+002   2.740550E-002
   3.700000E+002   2.743276E-002
   3.710000E+002   2.746517E-002
   3.720000E+002   2.750265E-002
   3.730000E+002   2.754515E-002
   3.740000E+002   2.759258E-002
   3.750000E+002   2.764490E-002
   3.760000E+002   2.770201E-002
   3.770000E+002   2.776387E-002
   3.780000E+002   2.783040E-002
   3.790000E+002   2.790154E-002
   3.800000E+002   2.797721E-002
   3.810000E+002   2.805734E-002
   3.820000E+002   2.814188E-002
   3.830000E+002   2.823075E-002
   3.840000E+002   2.832389E-002
   3.850000E+002   2.842122E-002
   3.860000E+002   2.852268E-002
   3.870000E+002   2.862820E-002
   3.880000E+002   2.873772E-002
   3.890000E+002   2.885116E-002
   3.900000E+002   2.896846E-002
   3.910000E+002   2.908955E-002
   3.920000E+002   2.921436E-002
   3.930000E+002   2.934283E-002
   3.940000E+002   2.947489E-002
   3.950000E+002   2.961046E-002
   3.960000E+002   2.974948E-002
   3.970000E+002   2.989189E-002
   3.980000E+002   3.003762E-002
   3.990000E+002   3.018659E-002
   4.000000E+002   3.033874E-002
   4.010000E+002   3.049400E-002
   4.020000E+002   3.065225E-002
   4.030000E+002   3.081338E-002
   4.040000E+002   3.097728E-002
   4.050000E+002   3.114383E-002
   4.060000E+002   3.131290E-002
   4.070000E+002   3.148439E-002
   4.080000E+002   3.165818E-002
   4.090000E+002   3.183415E-002
   4.100000E+002   3.201219E-002
   4.110000E+002   3.219218E-002
   4.120000E+002   3.237400E-002
   4.130000E+002   3.255755E-002
   4.140000E+002   3.274269E-002
   4.150000E+002   3.292932E-002
   4.160000E+002   3.311731E-002
   4.170000E+002   3.330656E-002
   4.180000E+002   3.349695E-002
   4.190000E+002   3.368836E-002
   4.200000E+002   3.388067E-002
   4.210000E+002   3.407377E-002
   4.220000E+002   3.426754E-002
   4.230000E+002   3.446187E-002
   4.240000E+002   3.465664E-002
   4.250000E+002   3.485173E-002
   4.260000E+002   3.504703E-002
   4.270000E+002   3.524242E-002
   4.280000E+002   3.543778E-002
   4.290000E+002   3.563300E-002
   4.300000E+002   3.582797E-002
   4.310000E+002   3.602256E-002
   4.320000E+002   3.621666E-002
   4.330000E+002   3.641015E-002
   4.340000E+002   3.660292E-002
   4.350000E+002   3.679485E-002
   4.360000E+002   3.698583E-002
   4.370000E+002   3.717574E-002
   4.380000E+002   3.736445E-002
   4.390000E+002   3.755187E-002
   4.400000E+002   3.773786E-002
   4.410000E+002   3.792232E-002
   4.420000E+002   3.810513E-002
   4.430000E+002   3.828617E-002
   4.440000E+002   3.846532E-002
   4.450000E+002   3.864247E-002
   4.460000E+002   3.881751E-002
   4.470000E+002   3.899031E-002
   4.480000E+002   3.916076E-002
   4.490000E+002   3.932875E-002
   4.500000E+002   3.949416E-002
   4.510000E+002   3.965688E-002
   4.520000E+002   3.981687E-002
   4.530000E+002   3.997411E-002
   4.540000E+002   4.012857E-002
   4.550000E+002   4.028022E-002
   4.560000E+002   4.042904E-002
   4.570000E+002   4.057498E-002
   4.580000E+002   4.071804E-002
   4.590000E+002   4.085818E-002
   4.600000E+002   4.099536E-002
   4.610000E+002   4.112957E-002
   4.620000E+002   4.126078E-002
   4.630000E+002   4.138895E-002
   4.640000E+002   4.151407E-002
   4.650000E+002   4.163610E-002
   4.660000E+002   4.175501E-002
   4.670000E+002   4.187078E-002
   4.680000E+002   4.198338E-002
   4.690000E+002   4.209278E-002
   4.700000E+002   4.219896E-002
   4.710000E+002   4.230188E-002
   4.720000E+002   4.240152E-002
   4.730000E+002   4.249785E-002
   4.740000E+002   4.259084E-002
   4.750000E+002   4.268046E-002
   4.760000E+002   4.276670E-002
   4.770000E+002   4.284951E-002
   4.780000E+002   4.292887E-002
   4.790000E+002   4.300476E-002
   4.800000E+002   4.307715E-002
   4.810000E+002   4.314600E-002
   4.820000E+002   4.321129E-002
   4.830000E+002   4.327299E-002
   4.840000E+002   4.333108E-002
   4.850000E+002   4.338553E-002
   4.860000E+002   4.343630E-002
   4.870000E+002   4.348338E-002
   4.880000E+002   4.352673E-002
   4.890000E+002   4.356632E-002
   4.900000E+002   4.360214E-002
   4.910000E+002   4.363414E-002
   4.920000E+002   4.366230E-002
   4.930000E+002   4.368660E-002
   4.940000E+002   4.370701E-002
   4.950000E+002   4.372350E-002
   4.960000E+002   4.373603E-002
   4.970000E+002   4.374459E-002
   4.980000E+002   4.374915E-002
   4.990000E+002   4.374967E-002
   5.000000E+002   4.374614E-002
   5.010000E+002   4.373853E-002
   5.020000E+002   4.372689E-002
   5.030000E+002   4.371128E-002
   5.040000E+002   4.369176E-002
   5.050000E+002   4.366838E-002
   5.060000E+002   4.364122E-002
   5.070000E+002   4.361031E-002
   5.080000E+002   4.357573E-002
   5.090000E+002   4.353754E-002
   5.100000E+002   4.349579E-002
   5.110000E+002   4.345053E-002
   5.120000E+002   4.340184E-002
   5.130000E+002   4.334976E-002
   5.140000E+002   4.329436E-002
   5.150000E+002   4.323570E-002
   5.160000E+002   4.317383E-002
   5.170000E+002   4.310881E-002
   5.180000E+002   4.304071E-002
   5.190000E+002   4.296957E-002
   5.200000E+002   4.289547E-002
   5.210000E+002   4.281845E-002
   5.220000E+002   4.273858E-002
   5.230000E+002   4.265592E-002
   5.240000E+002   4.257052E-002
   5.250000E+002   4.248245E-002
   5.260000E+002   4.239176E-002
   5.270000E+002   4.229851E-002
   5.280000E+002   4.220276E-002
   5.290000E+002   4.210457E-002
   5.300000E+002   4.200400E-002
   5.310000E+002   4.190110E-002
   5.320000E+002   4.179594E-002
   5.330000E+002   4.168857E-002
   5.340000E+002   4.157906E-002
   5.350000E+002   4.146746E-002
   5.360000E+002   4.135383E-002
   5.370000E+002   4.123823E-002
   5.380000E+002   4.112071E-002
   5.390000E+002   4.100135E-002
   5.400000E+002   4.088019E-002
   5.410000E+002   4.075729E-002
   5.420000E+002   4.063272E-002
   5.430000E+002   4.050653E-002
   5.440000E+002   4.037878E-002
   5.450000E+002   4.024954E-002
   5.460000E+002   4.011885E-002
   5.470000E+002   3.998678E-002
   5.480000E+002   3.985338E-002
   5.490000E+002   3.971872E-002
   5.500000E+002   3.958286E-002
   5.510000E+002   3.944585E-002
   5.520000E+002   3.930778E-002
   5.530000E+002   3.916873E-002
   5.540000E+002   3.902878E-002
   5.550000E+002   3.888802E-002
   5.560000E+002   3.874654E-002
   5.570000E+002   3.860441E-002
   5.580000E+002   3.846172E-002
   5.590000E+002   3.831856E-002
   5.600000E+002   3.817500E-002
   5.610000E+002   3.803114E-002
   5.620000E+002   3.788705E-002
   5.630000E+002   3.774283E-002
   5.640000E+002   3.759854E-002
   5.650000E+002   3.745429E-002
   5.660000E+002   3.731014E-002
   5.670000E+002   3.716620E-002
   5.680000E+002   3.702253E-002
   5.690000E+002   3.687922E-002
   5.700000E+002   3.673636E-002
   5.710000E+002   3.659404E-002
   5.720000E+002   3.645233E-002
   5.730000E+002   3.631131E-002
   5.740000E+002   3.617108E-002
   5.750000E+002   3.603172E-002
   5.760000E+002   3.589331E-002
   5.770000E+002   3.575593E-002
   5.780000E+002   3.561968E-002
   5.790000E+002   3.548462E-002
   5.800000E+002   3.535085E-002
   5.810000E+002   3.521846E-002
   5.820000E+002   3.508751E-002
   5.830000E+002   3.495811E-002
   5.840000E+002   3.483032E-002
   5.850000E+002   3.470425E-002
   5.860000E+002   3.457996E-002
   5.870000E+002   3.445755E-002
   5.880000E+002   3.433709E-002
   5.890000E+002   3.421868E-002
   5.900000E+002   3.410239E-002
   5.910000E+002   3.398832E-002
   5.920000E+002   3.387653E-002
   5.930000E+002   3.376713E-002
   5.940000E+002   3.366018E-002
   5.950000E+002   3.355578E-002
   5.960000E+002   3.345401E-002
   5.970000E+002   3.335495E-002
   5.980000E+002   3.325869E-002
   5.990000E+002   3.316531E-002
   6.000000E+002   3.307490E-002
   6.010000E+002   3.298752E-002
   6.020000E+002   3.290320E-002
   6.030000E+002   3.282194E-002
   6.040000E+002   3.274375E-002
   6.050000E+002   3.266864E-002
   6.060000E+002   3.259660E-002
   6.070000E+002   3.252766E-002
   6.080000E+002   3.246182E-002
   6.090000E+002   3.239908E-002
   6.100000E+002   3.233945E-002
   6.110000E+002   3.228293E-002
   6.120000E+002   3.222954E-002
   6.130000E+002   3.217928E-002
   6.140000E+002   3.213216E-002
   6.150000E+002   3.208819E-002
   6.160000E+002   3.204736E-002
   6.170000E+002   3.200969E-002
   6.180000E+002   3.197519E-002
   6.190000E+002   3.194386E-002
   6.200000E+002   3.191571E-002
   6.210000E+002   3.189074E-002
   6.220000E+002   3.186897E-002
   6.230000E+002   3.185039E-002
   6.240000E+002   3.183502E-002
   6.250000E+002   3.182286E-002
   6.260000E+002   3.181393E-002
   6.270000E+002   3.180822E-002
   6.280000E+002   3.180574E-002
   6.290000E+002   3.180650E-002
   6.300000E+002   3.181051E-002
   6.310000E+002   3.181778E-002
   6.320000E+002   3.182830E-002
   6.330000E+002   3.184209E-002
   6.340000E+002   3.185916E-002
   6.350000E+002   3.187950E-002
   6.360000E+002   3.190314E-002
   6.370000E+002   3.193007E-002
   6.380000E+002   3.196030E-002
   6.390000E+002   3.199384E-002
   6.400000E+002   3.203069E-002
   6.410000E+002   3.207087E-002
   6.420000E+002   3.211437E-002
   6.430000E+002   3.216121E-002
   6.440000E+002   3.221140E-002
   6.450000E+002   3.226493E-002
   6.460000E+002   3.232182E-002
   6.470000E+002   3.238207E-002
   6.480000E+002   3.244569E-002
   6.490000E+002   3.251269E-002
   6.500000E+002   3.258307E-002
   6.510000E+002   3.265683E-002
   6.520000E+002   3.273390E-002
   6.530000E+002   3.281422E-002
   6.540000E+002   3.289770E-002
   6.550000E+002   3.298428E-002
   6.560000E+002   3.307387E-002
   6.570000E+002   3.316641E-002
   6.580000E+002   3.326181E-002
   6.590000E+002   3.336002E-002
   6.600000E+002   3.346094E-002
   6.610000E+002   3.356450E-002
   6.620000E+002   3.367064E-002
   6.630000E+002   3.377928E-002
   6.640000E+002   3.389034E-002
   6.650000E+002   3.400375E-002
   6.660000E+002   3.411943E-002
   6.670000E+002   3.423731E-002
   6.680000E+002   3.435731E-002
   6.690000E+002   3.447937E-002
   6.700000E+002   3.460340E-002
   6.710000E+002   3.472933E-002
   6.720000E+002   3.485709E-002
   6.730000E+002   3.498660E-002
   6.740000E+002   3.511779E-002
   6.750000E+002   3.525059E-002
   6.760000E+002   3.538491E-002
   6.770000E+002   3.552069E-002
   6.780000E+002   3.565785E-002
   6.790000E+002   3.579632E-002
   6.800000E+002   3.593602E-002
   6.810000E+002   3.607687E-002
   6.820000E+002   3.621881E-002
   6.830000E+002   3.636175E-002
   6.840000E+002   3.650563E-002
   6.850000E+002   3.665037E-002
   6.860000E+002   3.679590E-002
   6.870000E+002   3.694213E-002
   6.880000E+002   3.708900E-002
   6.890000E+002   3.723644E-002
   6.900000E+002   3.738436E-002
   6.910000E+002   3.753269E-002
   6.920000E+002   3.768136E-002
   6.930000E+002   3.783030E-002
   6.940000E+002   3.797942E-002
   6.950000E+002   3.812866E-002
   6.960000E+002   3.827794E-002
   6.970000E+002   3.842719E-002
   6.980000E+002   3.857633E-002
   6.990000E+002   3.872528E-002
   7.000000E+002   3.887398E-002
   7.010000E+002   3.902235E-002
   7.020000E+002   3.917034E-002
   7.030000E+002   3.931789E-002
   7.040000E+002   3.946495E-002
   7.050000E+002   3.961148E-002
   7.060000E+002   3.975740E-002
   7.070000E+002   3.990269E-002
   7.080000E+002   4.004727E-002
   7.090000E+002   4.019110E-002
   7.100000E+002   4.033413E-002
   7.110000E+002   4.047631E-002
   7.120000E+002   4.061758E-002
   7.130000E+002   4.075788E-002
   7.140000E+002   4.089718E-002
   7.150000E+002   4.103541E-002
   7.160000E+002   4.117252E-002
   7.170000E+002   4.130847E-002
   7.180000E+002   4.144319E-002
   7.190000E+002   4.157663E-002
   7.200000E+002   4.170876E-002
   7.210000E+002   4.183950E-002
   7.220000E+002   4.196881E-002
   7.230000E+002   4.209663E-002
   7.240000E+002   4.222292E-002
   7.250000E+002   4.234762E-002
   7.260000E+002   4.247068E-002
   7.270000E+002   4.259205E-002
   7.280000E+002   4.271167E-002
   7.290000E+002   4.282950E-002
   7.300000E+002   4.294547E-002
   7.310000E+002   4.305954E-002
   7.320000E+002   4.317165E-002
   7.330000E+002   4.328176E-002
   7.340000E+002   4.338981E-002
   7.350000E+002   4.349574E-002
   7.360000E+002   4.359951E-002
   7.370000E+002   4.370107E-002
   7.380000E+002   4.380035E-002
   7.390000E+002   4.389731E-002
   7.400000E+002   4.399190E-002
   7.410000E+002   4.408406E-002
   7.420000E+002   4.417374E-002
   7.430000E+002   4.426089E-002
   7.440000E+002   4.434546E-002
   7.450000E+002   4.442739E-002
   7.460000E+002   4.450663E-002
   7.470000E+002   4.458313E-002
   7.480000E+002   4.465684E-002
   7.490000E+002   4.472770E-002
   7.500000E+002   4.479566E-002
   7.510000E+002   4.486068E-002
   7.520000E+002   4.492274E-002
   7.530000E+002   4.498182E-002
   7.540000E+002   4.503790E-002
   7.550000E+002   4.509099E-002
   7.560000E+002   4.514106E-002
   7.570000E+002   4.518809E-002
   7.580000E+002   4.523208E-002
   7.590000E+002   4.527302E-002
   7.600000E+002   4.531088E-002
   7.610000E+002   4.534566E-002
   7.620000E+002   4.537735E-002
   7.630000E+002   4.540592E-002
   7.640000E+002   4.543137E-002
   7.650000E+002   4.545368E-002
   7.660000E+002   4.547284E-002
   7.670000E+002   4.548883E-002
   7.680000E+002   4.550165E-002
   7.690000E+002   4.551127E-002
   7.700000E+002   4.551769E-002
   7.710000E+002   4.552090E-002
   7.720000E+002   4.552087E-002
   7.730000E+002   4.551760E-002
   7.740000E+002   4.551107E-002
   7.750000E+002   4.550127E-002
   7.760000E+002   4.548818E-002
   7.770000E+002   4.547180E-002
   7.780000E+002   4.545210E-002
   7.790000E+002   4.542908E-002
   7.800000E+002   4.540272E-002
   7.810000E+002   4.537302E-002
   7.820000E+002   4.533994E-002
   7.830000E+002   4.530349E-002
   7.840000E+002   4.526364E-002
   7.850000E+002   4.522039E-002
   7.860000E+002   4.517373E-002
   7.870000E+002   4.512363E-002
   7.880000E+002   4.507008E-002
   7.890000E+002   4.501308E-002
   7.900000E+002   4.495261E-002
   7.910000E+002   4.488865E-002
   7.920000E+002   4.482119E-002
   7.930000E+002   4.475022E-002
   7.940000E+002   4.467572E-002
   7.950000E+002   4.459769E-002
   7.960000E+002   4.451610E-002
   7.970000E+002   4.443095E-002
   7.980000E+002   4.434222E-002
   7.990000E+002   4.424990E-002
   8.000000E+002   4.415397E-002
   8.010000E+002   4.405444E-002
   8.020000E+002   4.395137E-002
   8.030000E+002   4.384484E-002
   8.040000E+002   4.373493E-002
   8.050000E+002   4.362173E-002
   8.060000E+002   4.350532E-002
   8.070000E+002   4.338576E-002
   8.080000E+002   4.326316E-002
   8.090000E+002   4.313758E-002
   8.100000E+002   4.300910E-002
   8.110000E+002   4.287781E-002
   8.120000E+002   4.274379E-002
   8.130000E+002   4.260712E-002
   8.140000E+002   4.246788E-002
   8.150000E+002   4.232614E-002
   8.160000E+002   4.218200E-002
   8.170000E+002   4.203553E-002
   8.180000E+002   4.188681E-002
   8.190000E+002   4.173592E-002
   8.200000E+002   4.158294E-002
   8.210000E+002   4.142795E-002
   8.220000E+002   4.127104E-002
   8.230000E+002   4.111228E-002
   8.240000E+002   4.095176E-002
   8.250000E+002   4.078955E-002
   8.260000E+002   4.062574E-002
   8.270000E+002   4.046041E-002
   8.280000E+002   4.029363E-002
   8.290000E+002   4.012549E-002
   8.300000E+002   3.995607E-002
   8.310000E+002   3.978545E-002
   8.320000E+002   3.961370E-002
   8.330000E+002   3.944092E-002
   8.340000E+002   3.926718E-002
   8.350000E+002   3.909255E-002
   8.360000E+002   3.891713E-002
   8.370000E+002   3.874100E-002
   8.380000E+002   3.856422E-002
   8.390000E+002   3.838689E-002
   8.400000E+002   3.820908E-002
   8.410000E+002   3.803088E-002
   8.420000E+002   3.785236E-002
   8.430000E+002   3.767361E-002
   8.440000E+002   3.749471E-002
   8.450000E+002   3.731573E-002
   8.460000E+002   3.713676E-002
   8.470000E+002   3.695788E-002
   8.480000E+002   3.677917E-002
   8.490000E+002   3.660071E-002
   8.500000E+002   3.642257E-002
   8.510000E+002   3.624485E-002
   8.520000E+002   3.606758E-002
   8.530000E+002   3.589082E-002
   8.540000E+002   3.571462E-002
   8.550000E+002   3.553904E-002
   8.560000E+002   3.536410E-002
   8.570000E+002   3.518988E-002
   8.580000E+002   3.501642E-002
   8.590000E+002   3.484376E-002
   8.600000E+002   3.467196E-002
   8.610000E+002   3.450106E-002
   8.620000E+002   3.433112E-002
   8.630000E+002   3.416219E-002
   8.640000E+002   3.399431E-002
   8.650000E+002   3.382754E-002
   8.660000E+002   3.366192E-002
   8.670000E+002   3.349750E-002
   8.680000E+002   3.333434E-002
   8.690000E+002   3.317248E-002
   8.700000E+002   3.301197E-002
   8.710000E+002   3.285287E-002
   8.720000E+002   3.269521E-002
   8.730000E+002   3.253906E-002
   8.740000E+002   3.238446E-002
   8.750000E+002   3.223146E-002
   8.760000E+002   3.208010E-002
   8.770000E+002   3.193045E-002
   8.780000E+002   3.178255E-002
   8.790000E+002   3.163644E-002
   8.800000E+002   3.149218E-002
   8.810000E+002   3.134982E-002
   8.820000E+002   3.120941E-002
   8.830000E+002   3.107099E-002
   8.840000E+002   3.093462E-002
   8.850000E+002   3.080035E-002
   8.860000E+002   3.066822E-002
   8.870000E+002   3.053828E-002
   8.880000E+002   3.041059E-002
   8.890000E+002   3.028520E-002
   8.900000E+002   3.016215E-002
   8.910000E+002   3.004149E-002
   8.920000E+002   2.992327E-002
   8.930000E+002   2.980755E-002
   8.940000E+002   2.969437E-002
   8.950000E+002   2.958378E-002
   8.960000E+002   2.947583E-002
   8.970000E+002   2.937057E-002
   8.980000E+002   2.926805E-002
   8.990000E+002   2.916833E-002
   9.000000E+002   2.907144E-002
   9.010000E+002   2.897743E-002
   9.020000E+002   2.888629E-002
   9.030000E+002   2.879802E-002
   9.040000E+002   2.871261E-002
   9.050000E+002   2.863004E-002
   9.060000E+002   2.855030E-002
   9.070000E+002   2.847338E-002
   9.080000E+002   2.839926E-002
   9.090000E+002   2.832794E-002
   9.100000E+002   2.825941E-002
   9.110000E+002   2.819364E-002
   9.120000E+002   2.813064E-002
   9.130000E+002   2.807039E-002
   9.140000E+002   2.801287E-002
   9.150000E+002   2.795808E-002
   9.160000E+002   2.790600E-002
   9.170000E+002   2.785663E-002
   9.180000E+002   2.780994E-002
   9.190000E+002   2.776594E-002
   9.200000E+002   2.772460E-002
   9.210000E+002   2.768592E-002
   9.220000E+002   2.764988E-002
   9.230000E+002   2.761648E-002
   9.240000E+002   2.758569E-002
   9.250000E+002   2.755752E-002
   9.260000E+002   2.753194E-002
   9.270000E+002   2.750895E-002
   9.280000E+002   2.748853E-002
   9.290000E+002   2.747067E-002
   9.300000E+002   2.745537E-002
   9.310000E+002   2.744260E-002
   9.320000E+002   2.743236E-002
   9.330000E+002   2.742464E-002
   9.340000E+002   2.741942E-002
   9.350000E+002   2.741669E-002
   9.360000E+002   2.741645E-002
   9.370000E+002   2.741867E-002
   9.380000E+002   2.742335E-002
   9.390000E+002   2.743048E-002
   9.400000E+002   2.744004E-002
   9.410000E+002   2.745202E-002
   9.420000E+002   2.746641E-002
   9.430000E+002   2.748321E-002
   9.440000E+002   2.750239E-002
   9.450000E+002   2.752394E-002
   9.460000E+002   2.754787E-002
   9.470000E+002   2.757414E-002
   9.480000E+002   2.760275E-002
   9.490000E+002   2.763370E-002
   9.500000E+002   2.766696E-002
   9.510000E+002   2.770252E-002
   9.520000E+002   2.774034E-002
   9.530000E+002   2.778039E-002
   9.540000E+002   2.782261E-002
   9.550000E+002   2.786698E-002
   9.560000E+002   2.791343E-002
   9.570000E+002   2.796194E-002
   9.580000E+002   2.801246E-002
   9.590000E+002   2.806494E-002
   9.600000E+002   2.811935E-002
   9.610000E+002   2.817564E-002
   9.620000E+002   2.823377E-002
   9.630000E+002   2.829370E-002
   9.640000E+002   2.835538E-002
   9.650000E+002   2.841878E-002
   9.660000E+002   2.848384E-002
   9.670000E+002   2.855054E-002
   9.680000E+002   2.861882E-002
   9.690000E+002   2.868864E-002
   9.700000E+002   2.875997E-002
   9.710000E+002   2.883275E-002
   9.720000E+002   2.890695E-002
   9.730000E+002   2.898253E-002
   9.740000E+002   2.905943E-002
   9.750000E+002   2.913763E-002
   9.760000E+002   2.921707E-002
   9.770000E+002   2.929772E-002
   9.780000E+002   2.937953E-002
   9.790000E+002   2.946246E-002
   9.800000E+002   2.954646E-002
   9.810000E+002   2.963150E-002
   9.820000E+002   2.971754E-002
   9.830000E+002   2.980452E-002
   9.840000E+002   2.989241E-002
   9.850000E+002   2.998117E-002
   9.860000E+002   3.007075E-002
   9.870000E+002   3.016112E-002
   9.880000E+002   3.025222E-002
   9.890000E+002   3.034401E-002
   9.900000E+002   3.043647E-002
   9.910000E+002   3.052953E-002
   9.920000E+002   3.062316E-002
   9.930000E+002   3.071732E-002
   9.940000E+002   3.081196E-002
   9.950000E+002   3.090705E-002
   9.960000E+002   3.100253E-002
   9.970000E+002   3.109838E-002
   9.980000E+002   3.119453E-002
   9.990000E+002   3.129096E-002
   1.000000E+003   3.138762E-002
   1.001000E+003   3.148447E-002
   1.002000E+003   3.158143E-002
   1.003000E+003   3.167845E-002
   1.004000E+003   3.177544E-002
   1.005000E+003   3.187235E-002
   1.006000E+003   3.196911E-002
   1.007000E+003   3.206564E-002
   1.008000E+003   3.216189E-002
   1.009000E+003   3.225777E-002
   1.010000E+003   3.235322E-002
   1.011000E+003   3.244818E-002
   1.012000E+003   3.254257E-002
   1.013000E+003   3.263632E-002
   1.014000E+003   3.272938E-002
   1.015000E+003   3.282166E-002
   1.016000E+003   3.291310E-002
   1.017000E+003   3.300364E-002
   1.018000E+003   3.309320E-002
   1.019000E+003   3.318171E-002
   1.020000E+003   3.326911E-002
   1.021000E+003   3.335533E-002
   1.022000E+003   3.344030E-002
   1.023000E+003   3.352395E-002
   1.024000E+003   3.360621E-002
   1.025000E+003   3.368702E-002
   1.026000E+003   3.376630E-002
   1.027000E+003   3.384398E-002
   1.028000E+003   3.392001E-002
   1.029000E+003   3.399431E-002
   1.030000E+003   3.406681E-002
   1.031000E+003   3.413744E-002
   1.032000E+003   3.420613E-002
   1.033000E+003   3.427282E-002
   1.034000E+003   3.433744E-002
   1.035000E+003   3.439992E-002
   1.036000E+003   3.446019E-002
   1.037000E+003   3.451818E-002
   1.038000E+003   3.457382E-002
   1.039000E+003   3.462705E-002
   1.040000E+003   3.467780E-002
   1.041000E+003   3.472599E-002
   1.042000E+003   3.477157E-002
   1.043000E+003   3.481445E-002
   1.044000E+003   3.485458E-002
   1.045000E+003   3.489188E-002
   1.046000E+003   3.492628E-002
   1.047000E+003   3.495773E-002
   1.048000E+003   3.498614E-002
   1.049000E+003   3.501145E-002
   1.050000E+003   3.503359E-002
   1.051000E+003   3.505252E-002
   1.052000E+003   3.506825E-002
   1.053000E+003   3.508084E-002
   1.054000E+003   3.509031E-002
   1.055000E+003   3.509673E-002
   1.056000E+003   3.510013E-002
   1.057000E+003   3.510055E-002
   1.058000E+003   3.509805E-002
   1.059000E+003   3.509266E-002
   1.060000E+003   3.508443E-002
   1.061000E+003   3.507340E-002
   1.062000E+003   3.505961E-002
   1.063000E+003   3.504312E-002
   1.064000E+003   3.502396E-002
   1.065000E+003   3.500218E-002
   1.066000E+003   3.497782E-002
   1.067000E+003   3.495092E-002
   1.068000E+003   3.492153E-002
   1.069000E+003   3.488970E-002
   1.070000E+003   3.485546E-002
   1.071000E+003   3.481887E-002
   1.072000E+003   3.477996E-002
   1.073000E+003   3.473878E-002
   1.074000E+003   3.469537E-002
   1.075000E+003   3.464978E-002
   1.076000E+003   3.460204E-002
   1.077000E+003   3.455222E-002
   1.078000E+003   3.450034E-002
   1.079000E+003   3.444645E-002
   1.080000E+003   3.439060E-002
   1.081000E+003   3.433283E-002
   1.082000E+003   3.427318E-002
   1.083000E+003   3.421170E-002
   1.084000E+003   3.414844E-002
   1.085000E+003   3.408342E-002
   1.086000E+003   3.401671E-002
   1.087000E+003   3.394834E-002
   1.088000E+003   3.387836E-002
   1.089000E+003   3.380681E-002
   1.090000E+003   3.373373E-002
   1.091000E+003   3.365918E-002
   1.092000E+003   3.358318E-002
   1.093000E+003   3.350579E-002
   1.094000E+003   3.342706E-002
   1.095000E+003   3.334702E-002
   1.096000E+003   3.326571E-002
   1.097000E+003   3.318319E-002
   1.098000E+003   3.309950E-002
   1.099000E+003   3.301467E-002
   1.100000E+003   3.292876E-002
   1.101000E+003   3.284181E-002
   1.102000E+003   3.275385E-002
   1.103000E+003   3.266494E-002
   1.104000E+003   3.257510E-002
   1.105000E+003   3.248438E-002
   1.106000E+003   3.239283E-002
   1.107000E+003   3.230048E-002
   1.108000E+003   3.220737E-002
   1.109000E+003   3.211355E-002
   1.110000E+003   3.201904E-002
   1.111000E+003   3.192391E-002
   1.112000E+003   3.182818E-002
   1.113000E+003   3.173189E-002
   1.114000E+003   3.163510E-002
   1.115000E+003   3.153783E-002
   1.116000E+003   3.144012E-002
   1.117000E+003   3.134203E-002
   1.118000E+003   3.124359E-002
   1.119000E+003   3.114484E-002
   1.120000E+003   3.104582E-002
   1.121000E+003   3.094657E-002
   1.122000E+003   3.084713E-002
   1.123000E+003   3.074755E-002
   1.124000E+003   3.064786E-002
   1.125000E+003   3.054811E-002
   1.126000E+003   3.044833E-002
   1.127000E+003   3.034856E-002
   1.128000E+003   3.024886E-002
   1.129000E+003   3.014925E-002
   1.130000E+003   3.004978E-002
   1.131000E+003   2.995049E-002
   1.132000E+003   2.985141E-002
   1.133000E+003   2.975260E-002
   1.134000E+003   2.965409E-002
   1.135000E+003   2.955592E-002
   1.136000E+003   2.945813E-002
   1.137000E+003   2.936077E-002
   1.138000E+003   2.926387E-002
   1.139000E+003   2.916747E-002
   1.140000E+003   2.907162E-002
   1.141000E+003   2.897636E-002
   1.142000E+003   2.888172E-002
   1.143000E+003   2.878775E-002
   1.144000E+003   2.869448E-002
   1.145000E+003   2.860197E-002
   1.146000E+003   2.851024E-002
   1.147000E+003   2.841935E-002
   1.148000E+003   2.832932E-002
   1.149000E+003   2.824021E-002
   1.150000E+003   2.815205E-002
   1.151000E+003   2.806487E-002
   1.152000E+003   2.797867E-002
   1.153000E+003   2.789341E-002
   1.154000E+003   2.780909E-002
   1.155000E+003   2.772569E-002
   1.156000E+003   2.764317E-002
   1.157000E+003   2.756154E-002
   1.158000E+003   2.748075E-002
   1.159000E+003   2.740080E-002
   1.160000E+003   2.732166E-002
   1.161000E+003   2.724332E-002
   1.162000E+003   2.716575E-002
   1.163000E+003   2.708894E-002
   1.164000E+003   2.701286E-002
   1.165000E+003   2.693750E-002
   1.166000E+003   2.686283E-002
   1.167000E+003   2.678883E-002
   1.168000E+003   2.671549E-002
   1.169000E+003   2.664279E-002
   1.170000E+003   2.657070E-002
   1.171000E+003   2.649921E-002
   1.172000E+003   2.642829E-002
   1.173000E+003   2.635793E-002
   1.174000E+003   2.628811E-002
   1.175000E+003   2.621880E-002
   1.176000E+003   2.614999E-002
   1.177000E+003   2.608165E-002
   1.178000E+003   2.601377E-002
   1.179000E+003   2.594633E-002
   1.180000E+003   2.587931E-002
   1.181000E+003   2.581268E-002
   1.182000E+003   2.574643E-002
   1.183000E+003   2.568054E-002
   1.184000E+003   2.561498E-002
   1.185000E+003   2.554974E-002
   1.186000E+003   2.548480E-002
   1.187000E+003   2.542014E-002
   1.188000E+003   2.535574E-002
   1.189000E+003   2.529157E-002
   1.190000E+003   2.522763E-002
   1.191000E+003   2.516388E-002
   1.192000E+003   2.510031E-002
   1.193000E+003   2.503690E-002
   1.194000E+003   2.497362E-002
   1.195000E+003   2.491047E-002
   1.196000E+003   2.484742E-002
   1.197000E+003   2.478444E-002
   1.198000E+003   2.472153E-002
   1.199000E+003   2.465865E-002
   1.200000E+003   2.459580E-002
   1.201000E+003   2.453294E-002
