   2.000000E+000   2.728018E-002
   3.000000E+000   1.802898E-002
   4.000000E+000   1.626191E-002
   5.000000E+000   1.605480E-002
   6.000000E+000   1.573777E-002
   7.000000E+000   1.558679E-002
   8.000000E+000   1.554757E-002
   9.000000E+000   1.551152E-002
   1.000000E+001   1.548282E-002
   1.100000E+001   1.548537E-002
   1.200000E+001   1.550891E-002
   1.300000E+001   1.553810E-002
   1.400000E+001   1.557132E-002
   1.500000E+001   1.561038E-002
   1.600000E+001   1.565661E-002
   1.700000E+001   1.570929E-002
   1.800000E+001   1.576722E-002
   1.900000E+001   1.582920E-002
   2.000000E+001   1.589401E-002
   2.100000E+001   1.596064E-002
   2.200000E+001   1.602874E-002
   2.300000E+001   1.609818E-002
   2.400000E+001   1.616880E-002
   2.500000E+001   1.624045E-002
   2.600000E+001   1.631298E-002
   2.700000E+001   1.638625E-002
   2.800000E+001   1.646009E-002
   2.900000E+001   1.653436E-002
   3.000000E+001   1.660892E-002
   3.100000E+001   1.668363E-002
   3.200000E+001   1.675849E-002
   3.300000E+001   1.683353E-002
   3.400000E+001   1.690877E-002
   3.500000E+001   1.698423E-002
   3.600000E+001   1.705993E-002
   3.700000E+001   1.713589E-002
   3.800000E+001   1.721214E-002
   3.900000E+001   1.728870E-002
   4.000000E+001   1.736559E-002
   4.100000E+001   1.744287E-002
   4.200000E+001   1.752077E-002
   4.300000E+001   1.759955E-002
   4.400000E+001   1.767947E-002
   4.500000E+001   1.776079E-002
   4.600000E+001   1.784377E-002
   4.700000E+001   1.792868E-002
   4.800000E+001   1.801577E-002
   4.900000E+001   1.810532E-002
   5.000000E+001   1.819757E-002
   5.100000E+001   1.829277E-002
   5.200000E+001   1.839104E-002
   5.300000E+001   1.849246E-002
   5.400000E+001   1.859714E-002
   5.500000E+001   1.870515E-002
   5.600000E+001   1.881660E-002
   5.700000E+001   1.893158E-002
   5.800000E+001   1.905018E-002
   5.900000E+001   1.917249E-002
   6.000000E+001   1.929861E-002
   6.100000E+001   1.942862E-002
   6.200000E+001   1.956258E-002
   6.300000E+001   1.970055E-002
   6.400000E+001   1.984257E-002
   6.500000E+001   1.998869E-002
   6.600000E+001   2.013898E-002
   6.700000E+001   2.029348E-002
   6.800000E+001   2.045225E-002
   6.900000E+001   2.061534E-002
   7.000000E+001   2.078279E-002
   7.100000E+001   2.095468E-002
   7.200000E+001   2.113112E-002
   7.300000E+001   2.131221E-002
   7.400000E+001   2.149809E-002
   7.500000E+001   2.168887E-002
   7.600000E+001   2.188467E-002
   7.700000E+001   2.208561E-002
   7.800000E+001   2.229181E-002
   7.900000E+001   2.250339E-002
   8.000000E+001   2.272047E-002
   8.100000E+001   2.294313E-002
   8.200000E+001   2.317137E-002
   8.300000E+001   2.340512E-002
   8.400000E+001   2.364435E-002
   8.500000E+001   2.388900E-002
   8.600000E+001   2.413902E-002
   8.700000E+001   2.439437E-002
   8.800000E+001   2.465500E-002
   8.900000E+001   2.492085E-002
   9.000000E+001   2.519188E-002
   9.100000E+001   2.546807E-002
   9.200000E+001   2.574948E-002
   9.300000E+001   2.603619E-002
   9.400000E+001   2.632831E-002
   9.500000E+001   2.662592E-002
   9.600000E+001   2.692911E-002
   9.700000E+001   2.723796E-002
   9.800000E+001   2.755258E-002
   9.900000E+001   2.787305E-002
   1.000000E+002   2.819946E-002
   1.010000E+002   2.853186E-002
   1.020000E+002   2.887019E-002
   1.030000E+002   2.921433E-002
   1.040000E+002   2.956418E-002
   1.050000E+002   2.991962E-002
   1.060000E+002   3.028055E-002
   1.070000E+002   3.064686E-002
   1.080000E+002   3.101843E-002
   1.090000E+002   3.139518E-002
   1.100000E+002   3.177697E-002
   1.110000E+002   3.216372E-002
   1.120000E+002   3.255530E-002
   1.130000E+002   3.295161E-002
   1.140000E+002   3.335254E-002
   1.150000E+002   3.375798E-002
   1.160000E+002   3.416783E-002
   1.170000E+002   3.458197E-002
   1.180000E+002   3.500030E-002
   1.190000E+002   3.542271E-002
   1.200000E+002   3.584909E-002
   1.210000E+002   3.627932E-002
   1.220000E+002   3.671324E-002
   1.230000E+002   3.715067E-002
   1.240000E+002   3.759145E-002
   1.250000E+002   3.803540E-002
   1.260000E+002   3.848235E-002
   1.270000E+002   3.893212E-002
   1.280000E+002   3.938454E-002
   1.290000E+002   3.983945E-002
   1.300000E+002   4.029665E-002
   1.310000E+002   4.075600E-002
   1.320000E+002   4.121730E-002
   1.330000E+002   4.168039E-002
   1.340000E+002   4.214509E-002
   1.350000E+002   4.261124E-002
   1.360000E+002   4.307865E-002
   1.370000E+002   4.354716E-002
   1.380000E+002   4.401659E-002
   1.390000E+002   4.448678E-002
   1.400000E+002   4.495754E-002
   1.410000E+002   4.542871E-002
   1.420000E+002   4.590016E-002
   1.430000E+002   4.637176E-002
   1.440000E+002   4.684340E-002
   1.450000E+002   4.731493E-002
   1.460000E+002   4.778624E-002
   1.470000E+002   4.825720E-002
   1.480000E+002   4.872769E-002
   1.490000E+002   4.919758E-002
   1.500000E+002   4.966674E-002
   1.510000E+002   5.013506E-002
   1.520000E+002   5.060239E-002
   1.530000E+002   5.106863E-002
   1.540000E+002   5.153364E-002
   1.550000E+002   5.199729E-002
   1.560000E+002   5.245947E-002
   1.570000E+002   5.292004E-002
   1.580000E+002   5.337889E-002
   1.590000E+002   5.383588E-002
   1.600000E+002   5.429089E-002
   1.610000E+002   5.474379E-002
   1.620000E+002   5.519442E-002
   1.630000E+002   5.564263E-002
   1.640000E+002   5.608827E-002
   1.650000E+002   5.653116E-002
   1.660000E+002   5.697115E-002
   1.670000E+002   5.740808E-002
   1.680000E+002   5.784180E-002
   1.690000E+002   5.827214E-002
   1.700000E+002   5.869895E-002
   1.710000E+002   5.912207E-002
   1.720000E+002   5.954134E-002
   1.730000E+002   5.995660E-002
   1.740000E+002   6.036769E-002
   1.750000E+002   6.077445E-002
   1.760000E+002   6.117673E-002
   1.770000E+002   6.157436E-002
   1.780000E+002   6.196719E-002
   1.790000E+002   6.235506E-002
   1.800000E+002   6.273781E-002
   1.810000E+002   6.311528E-002
   1.820000E+002   6.348734E-002
   1.830000E+002   6.385385E-002
   1.840000E+002   6.421467E-002
   1.850000E+002   6.456967E-002
   1.860000E+002   6.491871E-002
   1.870000E+002   6.526166E-002
   1.880000E+002   6.559838E-002
   1.890000E+002   6.592873E-002
   1.900000E+002   6.625257E-002
   1.910000E+002   6.656978E-002
   1.920000E+002   6.688021E-002
   1.930000E+002   6.718374E-002
   1.940000E+002   6.748021E-002
   1.950000E+002   6.776951E-002
   1.960000E+002   6.805148E-002
   1.970000E+002   6.832601E-002
   1.980000E+002   6.859294E-002
   1.990000E+002   6.885214E-002
   2.000000E+002   6.910348E-002
   2.010000E+002   6.934684E-002
   2.020000E+002   6.958211E-002
   2.030000E+002   6.980922E-002
   2.040000E+002   7.002810E-002
   2.050000E+002   7.023866E-002
   2.060000E+002   7.044081E-002
   2.070000E+002   7.063449E-002
   2.080000E+002   7.081960E-002
   2.090000E+002   7.099607E-002
   2.100000E+002   7.116382E-002
   2.110000E+002   7.132277E-002
   2.120000E+002   7.147283E-002
   2.130000E+002   7.161393E-002
   2.140000E+002   7.174599E-002
   2.150000E+002   7.186892E-002
   2.160000E+002   7.198265E-002
   2.170000E+002   7.208709E-002
   2.180000E+002   7.218217E-002
   2.190000E+002   7.226780E-002
   2.200000E+002   7.234391E-002
   2.210000E+002   7.241041E-002
   2.220000E+002   7.246722E-002
   2.230000E+002   7.251427E-002
   2.240000E+002   7.255147E-002
   2.250000E+002   7.257874E-002
   2.260000E+002   7.259603E-002
   2.270000E+002   7.260345E-002
   2.280000E+002   7.260112E-002
   2.290000E+002   7.258917E-002
   2.300000E+002   7.256773E-002
   2.310000E+002   7.253693E-002
   2.320000E+002   7.249691E-002
   2.330000E+002   7.244778E-002
   2.340000E+002   7.238968E-002
   2.350000E+002   7.232275E-002
   2.360000E+002   7.224710E-002
   2.370000E+002   7.216287E-002
   2.380000E+002   7.207020E-002
   2.390000E+002   7.196920E-002
   2.400000E+002   7.186001E-002
   2.410000E+002   7.174276E-002
   2.420000E+002   7.161758E-002
   2.430000E+002   7.148460E-002
   2.440000E+002   7.134395E-002
   2.450000E+002   7.119576E-002
   2.460000E+002   7.104015E-002
   2.470000E+002   7.087727E-002
   2.480000E+002   7.070723E-002
   2.490000E+002   7.053017E-002
   2.500000E+002   7.034622E-002
   2.510000E+002   7.015549E-002
   2.520000E+002   6.995806E-002
   2.530000E+002   6.975397E-002
   2.540000E+002   6.954328E-002
   2.550000E+002   6.932605E-002
   2.560000E+002   6.910232E-002
   2.570000E+002   6.887216E-002
   2.580000E+002   6.863562E-002
   2.590000E+002   6.839275E-002
   2.600000E+002   6.814360E-002
   2.610000E+002   6.788823E-002
   2.620000E+002   6.762669E-002
   2.630000E+002   6.735905E-002
   2.640000E+002   6.708534E-002
   2.650000E+002   6.680563E-002
   2.660000E+002   6.651997E-002
   2.670000E+002   6.622842E-002
   2.680000E+002   6.593102E-002
   2.690000E+002   6.562784E-002
   2.700000E+002   6.531892E-002
   2.710000E+002   6.500433E-002
   2.720000E+002   6.468411E-002
   2.730000E+002   6.435832E-002
   2.740000E+002   6.402701E-002
   2.750000E+002   6.369024E-002
   2.760000E+002   6.334810E-002
   2.770000E+002   6.300078E-002
   2.780000E+002   6.264852E-002
   2.790000E+002   6.229156E-002
   2.800000E+002   6.193013E-002
   2.810000E+002   6.156448E-002
   2.820000E+002   6.119483E-002
   2.830000E+002   6.082142E-002
   2.840000E+002   6.044448E-002
   2.850000E+002   6.006426E-002
   2.860000E+002   5.968098E-002
   2.870000E+002   5.929488E-002
   2.880000E+002   5.890620E-002
   2.890000E+002   5.851518E-002
   2.900000E+002   5.812204E-002
   2.910000E+002   5.772703E-002
   2.920000E+002   5.733037E-002
   2.930000E+002   5.693231E-002
   2.940000E+002   5.653309E-002
   2.950000E+002   5.613292E-002
   2.960000E+002   5.573206E-002
   2.970000E+002   5.533073E-002
   2.980000E+002   5.492918E-002
   2.990000E+002   5.452764E-002
   3.000000E+002   5.412633E-002
   3.010000E+002   5.372549E-002
   3.020000E+002   5.332525E-002
   3.030000E+002   5.292574E-002
   3.040000E+002   5.252709E-002
   3.050000E+002   5.212941E-002
   3.060000E+002   5.173283E-002
   3.070000E+002   5.133748E-002
   3.080000E+002   5.094349E-002
   3.090000E+002   5.055097E-002
   3.100000E+002   5.016006E-002
   3.110000E+002   4.977088E-002
   3.120000E+002   4.938355E-002
   3.130000E+002   4.899819E-002
   3.140000E+002   4.861494E-002
   3.150000E+002   4.823392E-002
   3.160000E+002   4.785525E-002
   3.170000E+002   4.747906E-002
   3.180000E+002   4.710547E-002
   3.190000E+002   4.673461E-002
   3.200000E+002   4.636660E-002
   3.210000E+002   4.600156E-002
   3.220000E+002   4.563964E-002
   3.230000E+002   4.528093E-002
   3.240000E+002   4.492559E-002
   3.250000E+002   4.457371E-002
   3.260000E+002   4.422544E-002
   3.270000E+002   4.388090E-002
   3.280000E+002   4.354021E-002
   3.290000E+002   4.320350E-002
   3.300000E+002   4.287089E-002
   3.310000E+002   4.254251E-002
   3.320000E+002   4.221847E-002
   3.330000E+002   4.189892E-002
   3.340000E+002   4.158397E-002
   3.350000E+002   4.127374E-002
   3.360000E+002   4.096837E-002
   3.370000E+002   4.066797E-002
   3.380000E+002   4.037268E-002
   3.390000E+002   4.008261E-002
   3.400000E+002   3.979789E-002
   3.410000E+002   3.951865E-002
   3.420000E+002   3.924501E-002
   3.430000E+002   3.897710E-002
   3.440000E+002   3.871504E-002
   3.450000E+002   3.845896E-002
   3.460000E+002   3.820897E-002
   3.470000E+002   3.796522E-002
   3.480000E+002   3.772781E-002
   3.490000E+002   3.749688E-002
   3.500000E+002   3.727256E-002
   3.510000E+002   3.705493E-002
   3.520000E+002   3.684402E-002
   3.530000E+002   3.663982E-002
   3.540000E+002   3.644231E-002
   3.550000E+002   3.625149E-002
   3.560000E+002   3.606735E-002
   3.570000E+002   3.588986E-002
   3.580000E+002   3.571904E-002
   3.590000E+002   3.555485E-002
   3.600000E+002   3.539730E-002
   3.610000E+002   3.524638E-002
   3.620000E+002   3.510207E-002
   3.630000E+002   3.496436E-002
   3.640000E+002   3.483325E-002
   3.650000E+002   3.470871E-002
   3.660000E+002   3.459076E-002
   3.670000E+002   3.447936E-002
   3.680000E+002   3.437452E-002
   3.690000E+002   3.427621E-002
   3.700000E+002   3.418444E-002
   3.710000E+002   3.409920E-002
   3.720000E+002   3.402046E-002
   3.730000E+002   3.394822E-002
   3.740000E+002   3.388248E-002
   3.750000E+002   3.382322E-002
   3.760000E+002   3.377042E-002
   3.770000E+002   3.372409E-002
   3.780000E+002   3.368421E-002
   3.790000E+002   3.365077E-002
   3.800000E+002   3.362375E-002
   3.810000E+002   3.360316E-002
   3.820000E+002   3.358898E-002
   3.830000E+002   3.358119E-002
   3.840000E+002   3.357980E-002
   3.850000E+002   3.358478E-002
   3.860000E+002   3.359613E-002
   3.870000E+002   3.361384E-002
   3.880000E+002   3.363789E-002
   3.890000E+002   3.366829E-002
   3.900000E+002   3.370501E-002
   3.910000E+002   3.374805E-002
   3.920000E+002   3.379740E-002
   3.930000E+002   3.385304E-002
   3.940000E+002   3.391497E-002
   3.950000E+002   3.398318E-002
   3.960000E+002   3.405765E-002
   3.970000E+002   3.413838E-002
   3.980000E+002   3.422535E-002
   3.990000E+002   3.431856E-002
   4.000000E+002   3.441800E-002
   4.010000E+002   3.452362E-002
   4.020000E+002   3.463532E-002
   4.030000E+002   3.475293E-002
   4.040000E+002   3.487631E-002
   4.050000E+002   3.500532E-002
   4.060000E+002   3.513980E-002
   4.070000E+002   3.527960E-002
   4.080000E+002   3.542458E-002
   4.090000E+002   3.557460E-002
   4.100000E+002   3.572949E-002
   4.110000E+002   3.588912E-002
   4.120000E+002   3.605333E-002
   4.130000E+002   3.622199E-002
   4.140000E+002   3.639492E-002
   4.150000E+002   3.657200E-002
   4.160000E+002   3.675308E-002
   4.170000E+002   3.693800E-002
   4.180000E+002   3.712661E-002
   4.190000E+002   3.731877E-002
   4.200000E+002   3.751433E-002
   4.210000E+002   3.771315E-002
   4.220000E+002   3.791506E-002
   4.230000E+002   3.811994E-002
   4.240000E+002   3.832762E-002
   4.250000E+002   3.853795E-002
   4.260000E+002   3.875080E-002
   4.270000E+002   3.896602E-002
   4.280000E+002   3.918344E-002
   4.290000E+002   3.940294E-002
   4.300000E+002   3.962435E-002
   4.310000E+002   3.984753E-002
   4.320000E+002   4.007234E-002
   4.330000E+002   4.029862E-002
   4.340000E+002   4.052622E-002
   4.350000E+002   4.075500E-002
   4.360000E+002   4.098481E-002
   4.370000E+002   4.121551E-002
   4.380000E+002   4.144693E-002
   4.390000E+002   4.167894E-002
   4.400000E+002   4.191139E-002
   4.410000E+002   4.214412E-002
   4.420000E+002   4.237700E-002
   4.430000E+002   4.260987E-002
   4.440000E+002   4.284258E-002
   4.450000E+002   4.307499E-002
   4.460000E+002   4.330694E-002
   4.470000E+002   4.353830E-002
   4.480000E+002   4.376890E-002
   4.490000E+002   4.399861E-002
   4.500000E+002   4.422728E-002
   4.510000E+002   4.445477E-002
   4.520000E+002   4.468099E-002
   4.530000E+002   4.490589E-002
   4.540000E+002   4.512940E-002
   4.550000E+002   4.535146E-002
   4.560000E+002   4.557199E-002
   4.570000E+002   4.579093E-002
   4.580000E+002   4.600821E-002
   4.590000E+002   4.622378E-002
   4.600000E+002   4.643756E-002
   4.610000E+002   4.664948E-002
   4.620000E+002   4.685949E-002
   4.630000E+002   4.706751E-002
   4.640000E+002   4.727347E-002
   4.650000E+002   4.747733E-002
   4.660000E+002   4.767899E-002
   4.670000E+002   4.787841E-002
   4.680000E+002   4.807552E-002
   4.690000E+002   4.827024E-002
   4.700000E+002   4.846251E-002
   4.710000E+002   4.865227E-002
   4.720000E+002   4.883946E-002
   4.730000E+002   4.902399E-002
   4.740000E+002   4.920582E-002
   4.750000E+002   4.938487E-002
   4.760000E+002   4.956107E-002
   4.770000E+002   4.973437E-002
   4.780000E+002   4.990469E-002
   4.790000E+002   5.007197E-002
   4.800000E+002   5.023614E-002
   4.810000E+002   5.039714E-002
   4.820000E+002   5.055489E-002
   4.830000E+002   5.070935E-002
   4.840000E+002   5.086043E-002
   4.850000E+002   5.100807E-002
   4.860000E+002   5.115221E-002
   4.870000E+002   5.129278E-002
   4.880000E+002   5.142972E-002
   4.890000E+002   5.156295E-002
   4.900000E+002   5.169242E-002
   4.910000E+002   5.181805E-002
   4.920000E+002   5.193978E-002
   4.930000E+002   5.205755E-002
   4.940000E+002   5.217128E-002
   4.950000E+002   5.228092E-002
   4.960000E+002   5.238640E-002
   4.970000E+002   5.248764E-002
   4.980000E+002   5.258459E-002
   4.990000E+002   5.267718E-002
   5.000000E+002   5.276534E-002
   5.010000E+002   5.284902E-002
   5.020000E+002   5.292822E-002
   5.030000E+002   5.300296E-002
   5.040000E+002   5.307326E-002
   5.050000E+002   5.313913E-002
   5.060000E+002   5.320060E-002
   5.070000E+002   5.325767E-002
   5.080000E+002   5.331037E-002
   5.090000E+002   5.335870E-002
   5.100000E+002   5.340270E-002
   5.110000E+002   5.344237E-002
   5.120000E+002   5.347773E-002
   5.130000E+002   5.350880E-002
   5.140000E+002   5.353559E-002
   5.150000E+002   5.355813E-002
   5.160000E+002   5.357643E-002
   5.170000E+002   5.359050E-002
   5.180000E+002   5.360037E-002
   5.190000E+002   5.360604E-002
   5.200000E+002   5.360754E-002
   5.210000E+002   5.360489E-002
   5.220000E+002   5.359809E-002
   5.230000E+002   5.358718E-002
   5.240000E+002   5.357215E-002
   5.250000E+002   5.355304E-002
   5.260000E+002   5.352986E-002
   5.270000E+002   5.350262E-002
   5.280000E+002   5.347134E-002
   5.290000E+002   5.343604E-002
   5.300000E+002   5.339673E-002
   5.310000E+002   5.335344E-002
   5.320000E+002   5.330618E-002
   5.330000E+002   5.325496E-002
   5.340000E+002   5.319980E-002
   5.350000E+002   5.314073E-002
   5.360000E+002   5.307775E-002
   5.370000E+002   5.301088E-002
   5.380000E+002   5.294014E-002
   5.390000E+002   5.286555E-002
   5.400000E+002   5.278713E-002
   5.410000E+002   5.270488E-002
   5.420000E+002   5.261883E-002
   5.430000E+002   5.252900E-002
   5.440000E+002   5.243540E-002
   5.450000E+002   5.233804E-002
   5.460000E+002   5.223695E-002
   5.470000E+002   5.213214E-002
   5.480000E+002   5.202363E-002
   5.490000E+002   5.191144E-002
   5.500000E+002   5.179558E-002
   5.510000E+002   5.167608E-002
   5.520000E+002   5.155306E-002
   5.530000E+002   5.142663E-002
   5.540000E+002   5.129692E-002
   5.550000E+002   5.116405E-002
   5.560000E+002   5.102813E-002
   5.570000E+002   5.088931E-002
   5.580000E+002   5.074769E-002
   5.590000E+002   5.060340E-002
   5.600000E+002   5.045656E-002
   5.610000E+002   5.030730E-002
   5.620000E+002   5.015573E-002
   5.630000E+002   5.000198E-002
   5.640000E+002   4.984618E-002
   5.650000E+002   4.968844E-002
   5.660000E+002   4.952888E-002
   5.670000E+002   4.936764E-002
   5.680000E+002   4.920483E-002
   5.690000E+002   4.904057E-002
   5.700000E+002   4.887499E-002
   5.710000E+002   4.870821E-002
   5.720000E+002   4.854036E-002
   5.730000E+002   4.837155E-002
   5.740000E+002   4.820190E-002
   5.750000E+002   4.803155E-002
   5.760000E+002   4.786061E-002
   5.770000E+002   4.768920E-002
   5.780000E+002   4.751745E-002
   5.790000E+002   4.734548E-002
   5.800000E+002   4.717341E-002
   5.810000E+002   4.700137E-002
   5.820000E+002   4.682948E-002
   5.830000E+002   4.665786E-002
   5.840000E+002   4.648663E-002
   5.850000E+002   4.631591E-002
   5.860000E+002   4.614584E-002
   5.870000E+002   4.597652E-002
   5.880000E+002   4.580809E-002
   5.890000E+002   4.564066E-002
   5.900000E+002   4.547436E-002
   5.910000E+002   4.530931E-002
   5.920000E+002   4.514563E-002
   5.930000E+002   4.498345E-002
   5.940000E+002   4.482289E-002
   5.950000E+002   4.466407E-002
   5.960000E+002   4.450711E-002
   5.970000E+002   4.435214E-002
   5.980000E+002   4.419927E-002
   5.990000E+002   4.404864E-002
   6.000000E+002   4.390036E-002
   6.010000E+002   4.375454E-002
   6.020000E+002   4.361123E-002
   6.030000E+002   4.347047E-002
   6.040000E+002   4.333228E-002
   6.050000E+002   4.319671E-002
   6.060000E+002   4.306378E-002
   6.070000E+002   4.293354E-002
   6.080000E+002   4.280601E-002
   6.090000E+002   4.268123E-002
   6.100000E+002   4.255924E-002
   6.110000E+002   4.244006E-002
   6.120000E+002   4.232373E-002
   6.130000E+002   4.221030E-002
   6.140000E+002   4.209978E-002
   6.150000E+002   4.199222E-002
   6.160000E+002   4.188765E-002
   6.170000E+002   4.178610E-002
   6.180000E+002   4.168760E-002
   6.190000E+002   4.159221E-002
   6.200000E+002   4.149993E-002
   6.210000E+002   4.141082E-002
   6.220000E+002   4.132490E-002
   6.230000E+002   4.124221E-002
   6.240000E+002   4.116279E-002
   6.250000E+002   4.108666E-002
   6.260000E+002   4.101386E-002
   6.270000E+002   4.094443E-002
   6.280000E+002   4.087840E-002
   6.290000E+002   4.081580E-002
   6.300000E+002   4.075667E-002
   6.310000E+002   4.070105E-002
   6.320000E+002   4.064896E-002
   6.330000E+002   4.060044E-002
   6.340000E+002   4.055553E-002
   6.350000E+002   4.051426E-002
   6.360000E+002   4.047666E-002
   6.370000E+002   4.044277E-002
   6.380000E+002   4.041262E-002
   6.390000E+002   4.038625E-002
   6.400000E+002   4.036369E-002
   6.410000E+002   4.034497E-002
   6.420000E+002   4.033014E-002
   6.430000E+002   4.031921E-002
   6.440000E+002   4.031224E-002
   6.450000E+002   4.030925E-002
   6.460000E+002   4.031027E-002
   6.470000E+002   4.031534E-002
   6.480000E+002   4.032450E-002
   6.490000E+002   4.033777E-002
   6.500000E+002   4.035520E-002
   6.510000E+002   4.037681E-002
   6.520000E+002   4.040258E-002
   6.530000E+002   4.043248E-002
   6.540000E+002   4.046649E-002
   6.550000E+002   4.050458E-002
   6.560000E+002   4.054672E-002
   6.570000E+002   4.059289E-002
   6.580000E+002   4.064306E-002
   6.590000E+002   4.069720E-002
   6.600000E+002   4.075529E-002
   6.610000E+002   4.081731E-002
   6.620000E+002   4.088321E-002
   6.630000E+002   4.095298E-002
   6.640000E+002   4.102660E-002
   6.650000E+002   4.110402E-002
   6.660000E+002   4.118524E-002
   6.670000E+002   4.127021E-002
   6.680000E+002   4.135892E-002
   6.690000E+002   4.145134E-002
   6.700000E+002   4.154743E-002
   6.710000E+002   4.164718E-002
   6.720000E+002   4.175056E-002
   6.730000E+002   4.185753E-002
   6.740000E+002   4.196808E-002
   6.750000E+002   4.208218E-002
   6.760000E+002   4.219980E-002
   6.770000E+002   4.232091E-002
   6.780000E+002   4.244549E-002
   6.790000E+002   4.257350E-002
   6.800000E+002   4.270494E-002
   6.810000E+002   4.283976E-002
   6.820000E+002   4.297793E-002
   6.830000E+002   4.311945E-002
   6.840000E+002   4.326427E-002
   6.850000E+002   4.341237E-002
   6.860000E+002   4.356372E-002
   6.870000E+002   4.371830E-002
   6.880000E+002   4.387608E-002
   6.890000E+002   4.403703E-002
   6.900000E+002   4.420113E-002
   6.910000E+002   4.436835E-002
   6.920000E+002   4.453867E-002
   6.930000E+002   4.471205E-002
   6.940000E+002   4.488847E-002
   6.950000E+002   4.506790E-002
   6.960000E+002   4.525032E-002
   6.970000E+002   4.543570E-002
   6.980000E+002   4.562402E-002
   6.990000E+002   4.581524E-002
   7.000000E+002   4.600934E-002
   7.010000E+002   4.620627E-002
   7.020000E+002   4.640588E-002
   7.030000E+002   4.660801E-002
   7.040000E+002   4.681248E-002
   7.050000E+002   4.701913E-002
   7.060000E+002   4.722777E-002
   7.070000E+002   4.743826E-002
   7.080000E+002   4.765041E-002
   7.090000E+002   4.786405E-002
   7.100000E+002   4.807902E-002
   7.110000E+002   4.829514E-002
   7.120000E+002   4.851225E-002
   7.130000E+002   4.873018E-002
   7.140000E+002   4.894875E-002
   7.150000E+002   4.916779E-002
   7.160000E+002   4.938715E-002
   7.170000E+002   4.960664E-002
   7.180000E+002   4.982609E-002
   7.190000E+002   5.004534E-002
   7.200000E+002   5.026422E-002
   7.210000E+002   5.048256E-002
   7.220000E+002   5.070018E-002
   7.230000E+002   5.091693E-002
   7.240000E+002   5.113261E-002
   7.250000E+002   5.134708E-002
   7.260000E+002   5.156016E-002
   7.270000E+002   5.177167E-002
   7.280000E+002   5.198145E-002
   7.290000E+002   5.218933E-002
   7.300000E+002   5.239514E-002
   7.310000E+002   5.259871E-002
   7.320000E+002   5.279987E-002
   7.330000E+002   5.299844E-002
   7.340000E+002   5.319427E-002
   7.350000E+002   5.338718E-002
   7.360000E+002   5.357699E-002
   7.370000E+002   5.376355E-002
   7.380000E+002   5.394667E-002
   7.390000E+002   5.412620E-002
   7.400000E+002   5.430196E-002
   7.410000E+002   5.447378E-002
   7.420000E+002   5.464149E-002
   7.430000E+002   5.480492E-002
   7.440000E+002   5.496390E-002
   7.450000E+002   5.511827E-002
   7.460000E+002   5.526784E-002
   7.470000E+002   5.541246E-002
   7.480000E+002   5.555195E-002
   7.490000E+002   5.568615E-002
   7.500000E+002   5.581487E-002
   7.510000E+002   5.593800E-002
   7.520000E+002   5.605556E-002
   7.530000E+002   5.616762E-002
   7.540000E+002   5.627425E-002
   7.550000E+002   5.637552E-002
   7.560000E+002   5.647150E-002
   7.570000E+002   5.656225E-002
   7.580000E+002   5.664785E-002
   7.590000E+002   5.672837E-002
   7.600000E+002   5.680387E-002
   7.610000E+002   5.687442E-002
   7.620000E+002   5.694009E-002
   7.630000E+002   5.700096E-002
   7.640000E+002   5.705708E-002
   7.650000E+002   5.710853E-002
   7.660000E+002   5.715538E-002
   7.670000E+002   5.719770E-002
   7.680000E+002   5.723555E-002
   7.690000E+002   5.726901E-002
   7.700000E+002   5.729814E-002
   7.710000E+002   5.732301E-002
   7.720000E+002   5.734370E-002
   7.730000E+002   5.736026E-002
   7.740000E+002   5.737278E-002
   7.750000E+002   5.738131E-002
   7.760000E+002   5.738594E-002
   7.770000E+002   5.738671E-002
   7.780000E+002   5.738372E-002
   7.790000E+002   5.737702E-002
   7.800000E+002   5.736668E-002
   7.810000E+002   5.735278E-002
   7.820000E+002   5.733537E-002
   7.830000E+002   5.731454E-002
   7.840000E+002   5.729035E-002
   7.850000E+002   5.726286E-002
   7.860000E+002   5.723216E-002
   7.870000E+002   5.719830E-002
   7.880000E+002   5.716135E-002
   7.890000E+002   5.712139E-002
   7.900000E+002   5.707848E-002
   7.910000E+002   5.703270E-002
   7.920000E+002   5.698411E-002
   7.930000E+002   5.693278E-002
   7.940000E+002   5.687877E-002
   7.950000E+002   5.682217E-002
   7.960000E+002   5.676303E-002
   7.970000E+002   5.670143E-002
   7.980000E+002   5.663744E-002
   7.990000E+002   5.657112E-002
   8.000000E+002   5.650254E-002
   8.010000E+002   5.643177E-002
   8.020000E+002   5.635879E-002
   8.030000E+002   5.628358E-002
   8.040000E+002   5.620615E-002
   8.050000E+002   5.612646E-002
   8.060000E+002   5.604450E-002
   8.070000E+002   5.596026E-002
   8.080000E+002   5.587371E-002
   8.090000E+002   5.578485E-002
   8.100000E+002   5.569366E-002
   8.110000E+002   5.560011E-002
   8.120000E+002   5.550421E-002
   8.130000E+002   5.540592E-002
   8.140000E+002   5.530523E-002
   8.150000E+002   5.520213E-002
   8.160000E+002   5.509659E-002
   8.170000E+002   5.498861E-002
   8.180000E+002   5.487817E-002
   8.190000E+002   5.476525E-002
   8.200000E+002   5.464984E-002
   8.210000E+002   5.453191E-002
   8.220000E+002   5.441145E-002
   8.230000E+002   5.428846E-002
   8.240000E+002   5.416290E-002
   8.250000E+002   5.403477E-002
   8.260000E+002   5.390404E-002
   8.270000E+002   5.377071E-002
   8.280000E+002   5.363475E-002
   8.290000E+002   5.349615E-002
   8.300000E+002   5.335489E-002
   8.310000E+002   5.321096E-002
   8.320000E+002   5.306434E-002
   8.330000E+002   5.291502E-002
   8.340000E+002   5.276298E-002
   8.350000E+002   5.260819E-002
   8.360000E+002   5.245066E-002
   8.370000E+002   5.229035E-002
   8.380000E+002   5.212725E-002
   8.390000E+002   5.196136E-002
   8.400000E+002   5.179264E-002
   8.410000E+002   5.162109E-002
   8.420000E+002   5.144669E-002
   8.430000E+002   5.126942E-002
   8.440000E+002   5.108927E-002
   8.450000E+002   5.090622E-002
   8.460000E+002   5.072025E-002
   8.470000E+002   5.053136E-002
   8.480000E+002   5.033951E-002
   8.490000E+002   5.014470E-002
   8.500000E+002   4.994690E-002
   8.510000E+002   4.974614E-002
   8.520000E+002   4.954250E-002
   8.530000E+002   4.933611E-002
   8.540000E+002   4.912709E-002
   8.550000E+002   4.891557E-002
   8.560000E+002   4.870167E-002
   8.570000E+002   4.848551E-002
   8.580000E+002   4.826722E-002
   8.590000E+002   4.804692E-002
   8.600000E+002   4.782473E-002
   8.610000E+002   4.760077E-002
   8.620000E+002   4.737518E-002
   8.630000E+002   4.714806E-002
   8.640000E+002   4.691956E-002
   8.650000E+002   4.668978E-002
   8.660000E+002   4.645885E-002
   8.670000E+002   4.622690E-002
   8.680000E+002   4.599404E-002
   8.690000E+002   4.576041E-002
   8.700000E+002   4.552613E-002
   8.710000E+002   4.529131E-002
   8.720000E+002   4.505608E-002
   8.730000E+002   4.482057E-002
   8.740000E+002   4.458489E-002
   8.750000E+002   4.434918E-002
   8.760000E+002   4.411355E-002
   8.770000E+002   4.387813E-002
   8.780000E+002   4.364304E-002
   8.790000E+002   4.340840E-002
   8.800000E+002   4.317435E-002
   8.810000E+002   4.294099E-002
   8.820000E+002   4.270846E-002
   8.830000E+002   4.247687E-002
   8.840000E+002   4.224635E-002
   8.850000E+002   4.201703E-002
   8.860000E+002   4.178903E-002
   8.870000E+002   4.156246E-002
   8.880000E+002   4.133746E-002
   8.890000E+002   4.111415E-002
   8.900000E+002   4.089264E-002
   8.910000E+002   4.067307E-002
   8.920000E+002   4.045556E-002
   8.930000E+002   4.024022E-002
   8.940000E+002   4.002719E-002
   8.950000E+002   3.981658E-002
   8.960000E+002   3.960853E-002
   8.970000E+002   3.940314E-002
   8.980000E+002   3.920055E-002
   8.990000E+002   3.900089E-002
   9.000000E+002   3.880426E-002
   9.010000E+002   3.861078E-002
   9.020000E+002   3.842048E-002
   9.030000E+002   3.823338E-002
   9.040000E+002   3.804949E-002
   9.050000E+002   3.786882E-002
   9.060000E+002   3.769139E-002
   9.070000E+002   3.751721E-002
   9.080000E+002   3.734630E-002
   9.090000E+002   3.717868E-002
   9.100000E+002   3.701435E-002
   9.110000E+002   3.685334E-002
   9.120000E+002   3.669565E-002
   9.130000E+002   3.654131E-002
   9.140000E+002   3.639032E-002
   9.150000E+002   3.624270E-002
   9.160000E+002   3.609847E-002
   9.170000E+002   3.595764E-002
   9.180000E+002   3.582022E-002
   9.190000E+002   3.568623E-002
   9.200000E+002   3.555569E-002
   9.210000E+002   3.542861E-002
   9.220000E+002   3.530500E-002
   9.230000E+002   3.518488E-002
   9.240000E+002   3.506826E-002
   9.250000E+002   3.495516E-002
   9.260000E+002   3.484560E-002
   9.270000E+002   3.473958E-002
   9.280000E+002   3.463712E-002
   9.290000E+002   3.453824E-002
   9.300000E+002   3.444295E-002
   9.310000E+002   3.435126E-002
   9.320000E+002   3.426320E-002
   9.330000E+002   3.417877E-002
   9.340000E+002   3.409799E-002
   9.350000E+002   3.402088E-002
   9.360000E+002   3.394744E-002
   9.370000E+002   3.387770E-002
   9.380000E+002   3.381167E-002
   9.390000E+002   3.374936E-002
   9.400000E+002   3.369079E-002
   9.410000E+002   3.363597E-002
   9.420000E+002   3.358492E-002
   9.430000E+002   3.353765E-002
   9.440000E+002   3.349417E-002
   9.450000E+002   3.345451E-002
   9.460000E+002   3.341868E-002
   9.470000E+002   3.338668E-002
   9.480000E+002   3.335854E-002
   9.490000E+002   3.333427E-002
   9.500000E+002   3.331388E-002
   9.510000E+002   3.329738E-002
   9.520000E+002   3.328471E-002
   9.530000E+002   3.327580E-002
   9.540000E+002   3.327057E-002
   9.550000E+002   3.326896E-002
   9.560000E+002   3.327090E-002
   9.570000E+002   3.327631E-002
   9.580000E+002   3.328513E-002
   9.590000E+002   3.329728E-002
   9.600000E+002   3.331270E-002
   9.610000E+002   3.333131E-002
   9.620000E+002   3.335304E-002
   9.630000E+002   3.337782E-002
   9.640000E+002   3.340558E-002
   9.650000E+002   3.343626E-002
   9.660000E+002   3.346977E-002
   9.670000E+002   3.350606E-002
   9.680000E+002   3.354504E-002
   9.690000E+002   3.358665E-002
   9.700000E+002   3.363082E-002
   9.710000E+002   3.367747E-002
   9.720000E+002   3.372654E-002
   9.730000E+002   3.377796E-002
   9.740000E+002   3.383165E-002
   9.750000E+002   3.388755E-002
   9.760000E+002   3.394558E-002
   9.770000E+002   3.400567E-002
   9.780000E+002   3.406776E-002
   9.790000E+002   3.413176E-002
   9.800000E+002   3.419762E-002
   9.810000E+002   3.426526E-002
   9.820000E+002   3.433461E-002
   9.830000E+002   3.440560E-002
   9.840000E+002   3.447816E-002
   9.850000E+002   3.455221E-002
   9.860000E+002   3.462770E-002
   9.870000E+002   3.470454E-002
   9.880000E+002   3.478267E-002
   9.890000E+002   3.486201E-002
   9.900000E+002   3.494249E-002
   9.910000E+002   3.502406E-002
   9.920000E+002   3.510662E-002
   9.930000E+002   3.519012E-002
   9.940000E+002   3.527448E-002
   9.950000E+002   3.535964E-002
   9.960000E+002   3.544551E-002
   9.970000E+002   3.553204E-002
   9.980000E+002   3.561914E-002
   9.990000E+002   3.570676E-002
   1.000000E+003   3.579481E-002
   1.001000E+003   3.588324E-002
   1.002000E+003   3.597201E-002
   1.003000E+003   3.606109E-002
   1.004000E+003   3.615045E-002
   1.005000E+003   3.624007E-002
   1.006000E+003   3.632991E-002
   1.007000E+003   3.641995E-002
   1.008000E+003   3.651016E-002
   1.009000E+003   3.660051E-002
   1.010000E+003   3.669097E-002
   1.011000E+003   3.678152E-002
   1.012000E+003   3.687212E-002
   1.013000E+003   3.696274E-002
   1.014000E+003   3.705337E-002
   1.015000E+003   3.714396E-002
   1.016000E+003   3.723450E-002
   1.017000E+003   3.732495E-002
   1.018000E+003   3.741528E-002
   1.019000E+003   3.750547E-002
   1.020000E+003   3.759549E-002
   1.021000E+003   3.768530E-002
   1.022000E+003   3.777489E-002
   1.023000E+003   3.786421E-002
   1.024000E+003   3.795325E-002
   1.025000E+003   3.804198E-002
   1.026000E+003   3.813036E-002
   1.027000E+003   3.821837E-002
   1.028000E+003   3.830598E-002
   1.029000E+003   3.839316E-002
   1.030000E+003   3.847989E-002
   1.031000E+003   3.856612E-002
   1.032000E+003   3.865185E-002
   1.033000E+003   3.873703E-002
   1.034000E+003   3.882164E-002
   1.035000E+003   3.890565E-002
   1.036000E+003   3.898903E-002
   1.037000E+003   3.907175E-002
   1.038000E+003   3.915379E-002
   1.039000E+003   3.923512E-002
   1.040000E+003   3.931570E-002
   1.041000E+003   3.939552E-002
   1.042000E+003   3.947453E-002
   1.043000E+003   3.955272E-002
   1.044000E+003   3.963005E-002
   1.045000E+003   3.970649E-002
   1.046000E+003   3.978203E-002
   1.047000E+003   3.985662E-002
   1.048000E+003   3.993024E-002
   1.049000E+003   4.000287E-002
   1.050000E+003   4.007446E-002
   1.051000E+003   4.014500E-002
   1.052000E+003   4.021444E-002
   1.053000E+003   4.028273E-002
   1.054000E+003   4.034983E-002
   1.055000E+003   4.041569E-002
   1.056000E+003   4.048027E-002
   1.057000E+003   4.054352E-002
   1.058000E+003   4.060539E-002
   1.059000E+003   4.066584E-002
   1.060000E+003   4.072482E-002
   1.061000E+003   4.078229E-002
   1.062000E+003   4.083820E-002
   1.063000E+003   4.089251E-002
   1.064000E+003   4.094516E-002
   1.065000E+003   4.099612E-002
   1.066000E+003   4.104534E-002
   1.067000E+003   4.109277E-002
   1.068000E+003   4.113837E-002
   1.069000E+003   4.118209E-002
   1.070000E+003   4.122388E-002
   1.071000E+003   4.126371E-002
   1.072000E+003   4.130151E-002
   1.073000E+003   4.133726E-002
   1.074000E+003   4.137089E-002
   1.075000E+003   4.140237E-002
   1.076000E+003   4.143166E-002
   1.077000E+003   4.145869E-002
   1.078000E+003   4.148344E-002
   1.079000E+003   4.150585E-002
   1.080000E+003   4.152588E-002
   1.081000E+003   4.154347E-002
   1.082000E+003   4.155860E-002
   1.083000E+003   4.157120E-002
   1.084000E+003   4.158124E-002
   1.085000E+003   4.158867E-002
   1.086000E+003   4.159344E-002
   1.087000E+003   4.159550E-002
   1.088000E+003   4.159482E-002
   1.089000E+003   4.159134E-002
   1.090000E+003   4.158502E-002
   1.091000E+003   4.157582E-002
   1.092000E+003   4.156369E-002
   1.093000E+003   4.154857E-002
   1.094000E+003   4.153043E-002
   1.095000E+003   4.150923E-002
   1.096000E+003   4.148491E-002
   1.097000E+003   4.145743E-002
   1.098000E+003   4.142674E-002
   1.099000E+003   4.139280E-002
   1.100000E+003   4.135556E-002
   1.101000E+003   4.131499E-002
   1.102000E+003   4.127116E-002
   1.103000E+003   4.122412E-002
   1.104000E+003   4.117395E-002
   1.105000E+003   4.112073E-002
   1.106000E+003   4.106452E-002
   1.107000E+003   4.100539E-002
   1.108000E+003   4.094342E-002
   1.109000E+003   4.087868E-002
   1.110000E+003   4.081123E-002
   1.111000E+003   4.074116E-002
   1.112000E+003   4.066853E-002
   1.113000E+003   4.059341E-002
   1.114000E+003   4.051588E-002
   1.115000E+003   4.043600E-002
   1.116000E+003   4.035385E-002
   1.117000E+003   4.026950E-002
   1.118000E+003   4.018302E-002
   1.119000E+003   4.009448E-002
   1.120000E+003   4.000395E-002
   1.121000E+003   3.991151E-002
   1.122000E+003   3.981723E-002
   1.123000E+003   3.972117E-002
   1.124000E+003   3.962341E-002
   1.125000E+003   3.952403E-002
   1.126000E+003   3.942308E-002
   1.127000E+003   3.932065E-002
   1.128000E+003   3.921680E-002
   1.129000E+003   3.911161E-002
   1.130000E+003   3.900515E-002
   1.131000E+003   3.889748E-002
   1.132000E+003   3.878869E-002
   1.133000E+003   3.867884E-002
   1.134000E+003   3.856800E-002
   1.135000E+003   3.845625E-002
   1.136000E+003   3.834365E-002
   1.137000E+003   3.823028E-002
   1.138000E+003   3.811621E-002
   1.139000E+003   3.800151E-002
   1.140000E+003   3.788625E-002
   1.141000E+003   3.777051E-002
   1.142000E+003   3.765435E-002
   1.143000E+003   3.753784E-002
   1.144000E+003   3.742107E-002
   1.145000E+003   3.730409E-002
   1.146000E+003   3.718698E-002
   1.147000E+003   3.706982E-002
   1.148000E+003   3.695267E-002
   1.149000E+003   3.683560E-002
   1.150000E+003   3.671870E-002
   1.151000E+003   3.660200E-002
   1.152000E+003   3.648553E-002
   1.153000E+003   3.636928E-002
   1.154000E+003   3.625324E-002
   1.155000E+003   3.613741E-002
   1.156000E+003   3.602179E-002
   1.157000E+003   3.590636E-002
   1.158000E+003   3.579114E-002
   1.159000E+003   3.567610E-002
   1.160000E+003   3.556125E-002
   1.161000E+003   3.544658E-002
   1.162000E+003   3.533209E-002
   1.163000E+003   3.521778E-002
   1.164000E+003   3.510363E-002
   1.165000E+003   3.498965E-002
   1.166000E+003   3.487582E-002
   1.167000E+003   3.476215E-002
   1.168000E+003   3.464863E-002
   1.169000E+003   3.453526E-002
   1.170000E+003   3.442203E-002
   1.171000E+003   3.430893E-002
   1.172000E+003   3.419597E-002
   1.173000E+003   3.408313E-002
   1.174000E+003   3.397042E-002
   1.175000E+003   3.385782E-002
   1.176000E+003   3.374534E-002
   1.177000E+003   3.363297E-002
   1.178000E+003   3.352071E-002
   1.179000E+003   3.340854E-002
   1.180000E+003   3.329647E-002
   1.181000E+003   3.318449E-002
   1.182000E+003   3.307260E-002
   1.183000E+003   3.296079E-002
   1.184000E+003   3.284905E-002
   1.185000E+003   3.273739E-002
   1.186000E+003   3.262580E-002
   1.187000E+003   3.251427E-002
   1.188000E+003   3.240280E-002
   1.189000E+003   3.229139E-002
   1.190000E+003   3.218002E-002
   1.191000E+003   3.206870E-002
   1.192000E+003   3.195742E-002
   1.193000E+003   3.184618E-002
   1.194000E+003   3.173497E-002
   1.195000E+003   3.162379E-002
   1.196000E+003   3.151263E-002
   1.197000E+003   3.140149E-002
   1.198000E+003   3.129036E-002
   1.199000E+003   3.117924E-002
   1.200000E+003   3.106813E-002
   1.201000E+003   3.095701E-002
