   2.000000E+000   3.269151E-002
   3.000000E+000   2.208403E-002
   4.000000E+000   2.024167E-002
   5.000000E+000   2.019811E-002
   6.000000E+000   1.998920E-002
   7.000000E+000   1.993931E-002
   8.000000E+000   1.999626E-002
   9.000000E+000   2.004235E-002
   1.000000E+001   2.007441E-002
   1.100000E+001   2.011669E-002
   1.200000E+001   2.018882E-002
   1.300000E+001   2.030095E-002
   1.400000E+001   2.043013E-002
   1.500000E+001   2.054515E-002
   1.600000E+001   2.062194E-002
   1.700000E+001   2.066512E-002
   1.800000E+001   2.068645E-002
   1.900000E+001   2.069770E-002
   2.000000E+001   2.071066E-002
   2.100000E+001   2.073481E-002
   2.200000E+001   2.077056E-002
   2.300000E+001   2.081601E-002
   2.400000E+001   2.086929E-002
   2.500000E+001   2.092852E-002
   2.600000E+001   2.099180E-002
   2.700000E+001   2.105726E-002
   2.800000E+001   2.112302E-002
   2.900000E+001   2.118720E-002
   3.000000E+001   2.124790E-002
   3.100000E+001   2.130367E-002
   3.200000E+001   2.135474E-002
   3.300000E+001   2.140174E-002
   3.400000E+001   2.144533E-002
   3.500000E+001   2.148615E-002
   3.600000E+001   2.152484E-002
   3.700000E+001   2.156205E-002
   3.800000E+001   2.159843E-002
   3.900000E+001   2.163461E-002
   4.000000E+001   2.167125E-002
   4.100000E+001   2.170892E-002
   4.200000E+001   2.174796E-002
   4.300000E+001   2.178861E-002
   4.400000E+001   2.183113E-002
   4.500000E+001   2.187579E-002
   4.600000E+001   2.192285E-002
   4.700000E+001   2.197256E-002
   4.800000E+001   2.202518E-002
   4.900000E+001   2.208096E-002
   5.000000E+001   2.214018E-002
   5.100000E+001   2.220309E-002
   5.200000E+001   2.226994E-002
   5.300000E+001   2.234101E-002
   5.400000E+001   2.241653E-002
   5.500000E+001   2.249679E-002
   5.600000E+001   2.258203E-002
   5.700000E+001   2.267252E-002
   5.800000E+001   2.276851E-002
   5.900000E+001   2.287027E-002
   6.000000E+001   2.297805E-002
   6.100000E+001   2.309216E-002
   6.200000E+001   2.321306E-002
   6.300000E+001   2.334126E-002
   6.400000E+001   2.347727E-002
   6.500000E+001   2.362159E-002
   6.600000E+001   2.377474E-002
   6.700000E+001   2.393721E-002
   6.800000E+001   2.410953E-002
   6.900000E+001   2.429219E-002
   7.000000E+001   2.448570E-002
   7.100000E+001   2.469056E-002
   7.200000E+001   2.490723E-002
   7.300000E+001   2.513616E-002
   7.400000E+001   2.537779E-002
   7.500000E+001   2.563257E-002
   7.600000E+001   2.590095E-002
   7.700000E+001   2.618339E-002
   7.800000E+001   2.648031E-002
   7.900000E+001   2.679218E-002
   8.000000E+001   2.711945E-002
   8.100000E+001   2.746238E-002
   8.200000E+001   2.782056E-002
   8.300000E+001   2.819341E-002
   8.400000E+001   2.858035E-002
   8.500000E+001   2.898079E-002
   8.600000E+001   2.939414E-002
   8.700000E+001   2.981982E-002
   8.800000E+001   3.025724E-002
   8.900000E+001   3.070581E-002
   9.000000E+001   3.116496E-002
   9.100000E+001   3.163437E-002
   9.200000E+001   3.211481E-002
   9.300000E+001   3.260732E-002
   9.400000E+001   3.311295E-002
   9.500000E+001   3.363274E-002
   9.600000E+001   3.416774E-002
   9.700000E+001   3.471898E-002
   9.800000E+001   3.528752E-002
   9.900000E+001   3.587439E-002
   1.000000E+002   3.648064E-002
   1.010000E+002   3.710656E-002
   1.020000E+002   3.774948E-002
   1.030000E+002   3.840596E-002
   1.040000E+002   3.907257E-002
   1.050000E+002   3.974588E-002
   1.060000E+002   4.042246E-002
   1.070000E+002   4.109889E-002
   1.080000E+002   4.177172E-002
   1.090000E+002   4.243754E-002
   1.100000E+002   4.309291E-002
   1.110000E+002   4.373440E-002
   1.120000E+002   4.435858E-002
   1.130000E+002   4.496202E-002
   1.140000E+002   4.554129E-002
   1.150000E+002   4.609296E-002
   1.160000E+002   4.661360E-002
   1.170000E+002   4.709978E-002
   1.180000E+002   4.754807E-002
   1.190000E+002   4.795505E-002
   1.200000E+002   4.831727E-002
   1.210000E+002   4.863233E-002
   1.220000E+002   4.890192E-002
   1.230000E+002   4.912874E-002
   1.240000E+002   4.931551E-002
   1.250000E+002   4.946492E-002
   1.260000E+002   4.957968E-002
   1.270000E+002   4.966250E-002
   1.280000E+002   4.971609E-002
   1.290000E+002   4.974316E-002
   1.300000E+002   4.974640E-002
   1.310000E+002   4.972853E-002
   1.320000E+002   4.969226E-002
   1.330000E+002   4.964029E-002
   1.340000E+002   4.957532E-002
   1.350000E+002   4.950007E-002
   1.360000E+002   4.941724E-002
   1.370000E+002   4.932953E-002
   1.380000E+002   4.923966E-002
   1.390000E+002   4.915034E-002
   1.400000E+002   4.906426E-002
   1.410000E+002   4.898464E-002
   1.420000E+002   4.891671E-002
   1.430000E+002   4.886620E-002
   1.440000E+002   4.883886E-002
   1.450000E+002   4.884042E-002
   1.460000E+002   4.887662E-002
   1.470000E+002   4.895318E-002
   1.480000E+002   4.907586E-002
   1.490000E+002   4.925038E-002
   1.500000E+002   4.948247E-002
   1.510000E+002   4.977789E-002
   1.520000E+002   5.014235E-002
   1.530000E+002   5.058161E-002
   1.540000E+002   5.110138E-002
   1.550000E+002   5.170742E-002
   1.560000E+002   5.240546E-002
   1.570000E+002   5.320123E-002
   1.580000E+002   5.410046E-002
   1.590000E+002   5.510890E-002
   1.600000E+002   5.623229E-002
   1.610000E+002   5.747307E-002
   1.620000E+002   5.882062E-002
   1.630000E+002   6.026102E-002
   1.640000E+002   6.178035E-002
   1.650000E+002   6.336471E-002
   1.660000E+002   6.500017E-002
   1.670000E+002   6.667283E-002
   1.680000E+002   6.836877E-002
   1.690000E+002   7.007408E-002
   1.700000E+002   7.177483E-002
   1.710000E+002   7.345713E-002
   1.720000E+002   7.510705E-002
   1.730000E+002   7.671069E-002
   1.740000E+002   7.825412E-002
   1.750000E+002   7.972343E-002
   1.760000E+002   8.110472E-002
   1.770000E+002   8.238406E-002
   1.780000E+002   8.354754E-002
   1.790000E+002   8.458125E-002
   1.800000E+002   8.547128E-002
   1.810000E+002   8.620797E-002
   1.820000E+002   8.679870E-002
   1.830000E+002   8.725514E-002
   1.840000E+002   8.758892E-002
   1.850000E+002   8.781169E-002
   1.860000E+002   8.793511E-002
   1.870000E+002   8.797082E-002
   1.880000E+002   8.793046E-002
   1.890000E+002   8.782570E-002
   1.900000E+002   8.766818E-002
   1.910000E+002   8.746953E-002
   1.920000E+002   8.724143E-002
   1.930000E+002   8.699550E-002
   1.940000E+002   8.674341E-002
   1.950000E+002   8.649679E-002
   1.960000E+002   8.626730E-002
   1.970000E+002   8.606659E-002
   1.980000E+002   8.590630E-002
   1.990000E+002   8.579809E-002
   2.000000E+002   8.575359E-002
   2.010000E+002   8.578172E-002
   2.020000E+002   8.588038E-002
   2.030000E+002   8.604475E-002
   2.040000E+002   8.626998E-002
   2.050000E+002   8.655125E-002
   2.060000E+002   8.688371E-002
   2.070000E+002   8.726254E-002
   2.080000E+002   8.768289E-002
   2.090000E+002   8.813995E-002
   2.100000E+002   8.862886E-002
   2.110000E+002   8.914480E-002
   2.120000E+002   8.968294E-002
   2.130000E+002   9.023843E-002
   2.140000E+002   9.080645E-002
   2.150000E+002   9.138216E-002
   2.160000E+002   9.196073E-002
   2.170000E+002   9.253731E-002
   2.180000E+002   9.310709E-002
   2.190000E+002   9.366521E-002
   2.200000E+002   9.420686E-002
   2.210000E+002   9.472719E-002
   2.220000E+002   9.522138E-002
   2.230000E+002   9.568457E-002
   2.240000E+002   9.611196E-002
   2.250000E+002   9.649868E-002
   2.260000E+002   9.684092E-002
   2.270000E+002   9.713882E-002
   2.280000E+002   9.739352E-002
   2.290000E+002   9.760617E-002
   2.300000E+002   9.777792E-002
   2.310000E+002   9.790990E-002
   2.320000E+002   9.800327E-002
   2.330000E+002   9.805917E-002
   2.340000E+002   9.807874E-002
   2.350000E+002   9.806313E-002
   2.360000E+002   9.801348E-002
   2.370000E+002   9.793094E-002
   2.380000E+002   9.781666E-002
   2.390000E+002   9.767178E-002
   2.400000E+002   9.749744E-002
   2.410000E+002   9.729479E-002
   2.420000E+002   9.706497E-002
   2.430000E+002   9.680913E-002
   2.440000E+002   9.652842E-002
   2.450000E+002   9.622398E-002
   2.460000E+002   9.589695E-002
   2.470000E+002   9.554848E-002
   2.480000E+002   9.517972E-002
   2.490000E+002   9.479181E-002
   2.500000E+002   9.438589E-002
   2.510000E+002   9.396286E-002
   2.520000E+002   9.352265E-002
   2.530000E+002   9.306493E-002
   2.540000E+002   9.258937E-002
   2.550000E+002   9.209564E-002
   2.560000E+002   9.158343E-002
   2.570000E+002   9.105240E-002
   2.580000E+002   9.050222E-002
   2.590000E+002   8.993258E-002
   2.600000E+002   8.934314E-002
   2.610000E+002   8.873359E-002
   2.620000E+002   8.810358E-002
   2.630000E+002   8.745281E-002
   2.640000E+002   8.678094E-002
   2.650000E+002   8.608764E-002
   2.660000E+002   8.537259E-002
   2.670000E+002   8.463547E-002
   2.680000E+002   8.387594E-002
   2.690000E+002   8.309369E-002
   2.700000E+002   8.228838E-002
   2.710000E+002   8.145969E-002
   2.720000E+002   8.060729E-002
   2.730000E+002   7.973086E-002
   2.740000E+002   7.883008E-002
   2.750000E+002   7.790461E-002
   2.760000E+002   7.695514E-002
   2.770000E+002   7.598640E-002
   2.780000E+002   7.500412E-002
   2.790000E+002   7.401406E-002
   2.800000E+002   7.302194E-002
   2.810000E+002   7.203351E-002
   2.820000E+002   7.105451E-002
   2.830000E+002   7.009067E-002
   2.840000E+002   6.914773E-002
   2.850000E+002   6.823144E-002
   2.860000E+002   6.734753E-002
   2.870000E+002   6.650174E-002
   2.880000E+002   6.569982E-002
   2.890000E+002   6.494749E-002
   2.900000E+002   6.425051E-002
   2.910000E+002   6.361460E-002
   2.920000E+002   6.304552E-002
   2.930000E+002   6.254899E-002
   2.940000E+002   6.213076E-002
   2.950000E+002   6.179657E-002
   2.960000E+002   6.155216E-002
   2.970000E+002   6.140326E-002
   2.980000E+002   6.135561E-002
   2.990000E+002   6.141496E-002
   3.000000E+002   6.158704E-002
   3.010000E+002   6.187591E-002
   3.020000E+002   6.227882E-002
   3.030000E+002   6.279135E-002
   3.040000E+002   6.340908E-002
   3.050000E+002   6.412757E-002
   3.060000E+002   6.494242E-002
   3.070000E+002   6.584918E-002
   3.080000E+002   6.684344E-002
   3.090000E+002   6.792077E-002
   3.100000E+002   6.907674E-002
   3.110000E+002   7.030693E-002
   3.120000E+002   7.160691E-002
   3.130000E+002   7.297226E-002
   3.140000E+002   7.439855E-002
   3.150000E+002   7.588136E-002
   3.160000E+002   7.741625E-002
   3.170000E+002   7.899881E-002
   3.180000E+002   8.062462E-002
   3.190000E+002   8.228923E-002
   3.200000E+002   8.398823E-002
   3.210000E+002   8.571720E-002
   3.220000E+002   8.747170E-002
   3.230000E+002   8.924732E-002
   3.240000E+002   9.103962E-002
   3.250000E+002   9.284418E-002
   3.260000E+002   9.465658E-002
   3.270000E+002   9.647239E-002
   3.280000E+002   9.828718E-002
   3.290000E+002   1.000965E-001
   3.300000E+002   1.018960E-001
   3.310000E+002   1.036812E-001
   3.320000E+002   1.054477E-001
   3.330000E+002   1.071910E-001
   3.340000E+002   1.089068E-001
   3.350000E+002   1.105905E-001
   3.360000E+002   1.122379E-001
   3.370000E+002   1.138444E-001
   3.380000E+002   1.154056E-001
   3.390000E+002   1.169172E-001
   3.400000E+002   1.183746E-001
   3.410000E+002   1.197734E-001
   3.420000E+002   1.211093E-001
   3.430000E+002   1.223778E-001
   3.440000E+002   1.235745E-001
   3.450000E+002   1.246949E-001
   3.460000E+002   1.257347E-001
   3.470000E+002   1.266893E-001
   3.480000E+002   1.275544E-001
   3.490000E+002   1.283256E-001
   3.500000E+002   1.289984E-001
   3.510000E+002   1.295696E-001
   3.520000E+002   1.300405E-001
   3.530000E+002   1.304138E-001
   3.540000E+002   1.306921E-001
   3.550000E+002   1.308779E-001
   3.560000E+002   1.309738E-001
   3.570000E+002   1.309824E-001
   3.580000E+002   1.309064E-001
   3.590000E+002   1.307482E-001
   3.600000E+002   1.305104E-001
   3.610000E+002   1.301958E-001
   3.620000E+002   1.298067E-001
   3.630000E+002   1.293459E-001
   3.640000E+002   1.288158E-001
   3.650000E+002   1.282192E-001
   3.660000E+002   1.275586E-001
   3.670000E+002   1.268364E-001
   3.680000E+002   1.260555E-001
   3.690000E+002   1.252183E-001
   3.700000E+002   1.243274E-001
   3.710000E+002   1.233853E-001
   3.720000E+002   1.223948E-001
   3.730000E+002   1.213584E-001
   3.740000E+002   1.202785E-001
   3.750000E+002   1.191580E-001
   3.760000E+002   1.179992E-001
   3.770000E+002   1.168049E-001
   3.780000E+002   1.155776E-001
   3.790000E+002   1.143198E-001
   3.800000E+002   1.130343E-001
   3.810000E+002   1.117234E-001
   3.820000E+002   1.103899E-001
   3.830000E+002   1.090364E-001
   3.840000E+002   1.076653E-001
   3.850000E+002   1.062793E-001
   3.860000E+002   1.048810E-001
   3.870000E+002   1.034730E-001
   3.880000E+002   1.020578E-001
   3.890000E+002   1.006380E-001
   3.900000E+002   9.921628E-002
   3.910000E+002   9.779514E-002
   3.920000E+002   9.637719E-002
   3.930000E+002   9.496501E-002
   3.940000E+002   9.356118E-002
   3.950000E+002   9.216830E-002
   3.960000E+002   9.078895E-002
   3.970000E+002   8.942571E-002
   3.980000E+002   8.808117E-002
   3.990000E+002   8.675791E-002
   4.000000E+002   8.545852E-002
   4.010000E+002   8.418538E-002
   4.020000E+002   8.294003E-002
   4.030000E+002   8.172381E-002
   4.040000E+002   8.053807E-002
   4.050000E+002   7.938415E-002
   4.060000E+002   7.826339E-002
   4.070000E+002   7.717712E-002
   4.080000E+002   7.612670E-002
   4.090000E+002   7.511345E-002
   4.100000E+002   7.413873E-002
   4.110000E+002   7.320386E-002
   4.120000E+002   7.231020E-002
   4.130000E+002   7.145909E-002
   4.140000E+002   7.065186E-002
   4.150000E+002   6.988985E-002
   4.160000E+002   6.917441E-002
   4.170000E+002   6.850688E-002
   4.180000E+002   6.788859E-002
   4.190000E+002   6.732090E-002
   4.200000E+002   6.680513E-002
   4.210000E+002   6.634264E-002
   4.220000E+002   6.593475E-002
   4.230000E+002   6.558282E-002
   4.240000E+002   6.528818E-002
   4.250000E+002   6.505218E-002
   4.260000E+002   6.487615E-002
   4.270000E+002   6.476144E-002
   4.280000E+002   6.470938E-002
   4.290000E+002   6.472132E-002
   4.300000E+002   6.479860E-002
   4.310000E+002   6.494256E-002
   4.320000E+002   6.515454E-002
   4.330000E+002   6.543588E-002
   4.340000E+002   6.578792E-002
   4.350000E+002   6.621200E-002
   4.360000E+002   6.670947E-002
   4.370000E+002   6.728166E-002
   4.380000E+002   6.792992E-002
   4.390000E+002   6.865558E-002
   4.400000E+002   6.945999E-002
   4.410000E+002   7.034449E-002
   4.420000E+002   7.131042E-002
   4.430000E+002   7.235911E-002
   4.440000E+002   7.349192E-002
   4.450000E+002   7.471018E-002
   4.460000E+002   7.601523E-002
   4.470000E+002   7.740842E-002
   4.480000E+002   7.889107E-002
   4.490000E+002   8.046455E-002
   4.500000E+002   8.213017E-002
   4.510000E+002   8.388832E-002
   4.520000E+002   8.573540E-002
   4.530000E+002   8.766688E-002
   4.540000E+002   8.967819E-002
   4.550000E+002   9.176479E-002
   4.560000E+002   9.392212E-002
   4.570000E+002   9.614562E-002
   4.580000E+002   9.843076E-002
   4.590000E+002   1.007730E-001
   4.600000E+002   1.031677E-001
   4.610000E+002   1.056104E-001
   4.620000E+002   1.080965E-001
   4.630000E+002   1.106214E-001
   4.640000E+002   1.131807E-001
   4.650000E+002   1.157697E-001
   4.660000E+002   1.183839E-001
   4.670000E+002   1.210188E-001
   4.680000E+002   1.236698E-001
   4.690000E+002   1.263323E-001
   4.700000E+002   1.290018E-001
   4.710000E+002   1.316737E-001
   4.720000E+002   1.343435E-001
   4.730000E+002   1.370067E-001
   4.740000E+002   1.396586E-001
   4.750000E+002   1.422947E-001
   4.760000E+002   1.449105E-001
   4.770000E+002   1.475014E-001
   4.780000E+002   1.500629E-001
   4.790000E+002   1.525904E-001
   4.800000E+002   1.550794E-001
   4.810000E+002   1.575252E-001
   4.820000E+002   1.599235E-001
   4.830000E+002   1.622695E-001
   4.840000E+002   1.645587E-001
   4.850000E+002   1.667867E-001
   4.860000E+002   1.689488E-001
   4.870000E+002   1.710404E-001
   4.880000E+002   1.730571E-001
   4.890000E+002   1.749943E-001
   4.900000E+002   1.768474E-001
   4.910000E+002   1.786119E-001
   4.920000E+002   1.802832E-001
   4.930000E+002   1.818568E-001
   4.940000E+002   1.833281E-001
   4.950000E+002   1.846926E-001
   4.960000E+002   1.859456E-001
   4.970000E+002   1.870827E-001
   4.980000E+002   1.880994E-001
   4.990000E+002   1.889909E-001
   5.000000E+002   1.897529E-001
   5.010000E+002   1.903824E-001
   5.020000E+002   1.908832E-001
   5.030000E+002   1.912609E-001
   5.040000E+002   1.915209E-001
   5.050000E+002   1.916687E-001
   5.060000E+002   1.917099E-001
   5.070000E+002   1.916499E-001
   5.080000E+002   1.914942E-001
   5.090000E+002   1.912483E-001
   5.100000E+002   1.909178E-001
   5.110000E+002   1.905081E-001
   5.120000E+002   1.900248E-001
   5.130000E+002   1.894732E-001
   5.140000E+002   1.888590E-001
   5.150000E+002   1.881875E-001
   5.160000E+002   1.874644E-001
   5.170000E+002   1.866951E-001
   5.180000E+002   1.858852E-001
   5.190000E+002   1.850400E-001
   5.200000E+002   1.841651E-001
   5.210000E+002   1.832660E-001
   5.220000E+002   1.823483E-001
   5.230000E+002   1.814173E-001
   5.240000E+002   1.804786E-001
   5.250000E+002   1.795378E-001
   5.260000E+002   1.786002E-001
   5.270000E+002   1.776714E-001
   5.280000E+002   1.767569E-001
   5.290000E+002   1.758622E-001
   5.300000E+002   1.749928E-001
   5.310000E+002   1.741541E-001
   5.320000E+002   1.733518E-001
   5.330000E+002   1.725912E-001
   5.340000E+002   1.718779E-001
   5.350000E+002   1.712173E-001
   5.360000E+002   1.706151E-001
   5.370000E+002   1.700766E-001
   5.380000E+002   1.696074E-001
   5.390000E+002   1.692130E-001
   5.400000E+002   1.688988E-001
   5.410000E+002   1.686704E-001
   5.420000E+002   1.685332E-001
   5.430000E+002   1.684929E-001
   5.440000E+002   1.685547E-001
   5.450000E+002   1.687244E-001
   5.460000E+002   1.690072E-001
   5.470000E+002   1.694089E-001
   5.480000E+002   1.699348E-001
   5.490000E+002   1.705904E-001
   5.500000E+002   1.713813E-001
   5.510000E+002   1.723109E-001
   5.520000E+002   1.733748E-001
   5.530000E+002   1.745665E-001
   5.540000E+002   1.758796E-001
   5.550000E+002   1.773075E-001
   5.560000E+002   1.788438E-001
   5.570000E+002   1.804821E-001
   5.580000E+002   1.822158E-001
   5.590000E+002   1.840385E-001
   5.600000E+002   1.859437E-001
   5.610000E+002   1.879250E-001
   5.620000E+002   1.899759E-001
   5.630000E+002   1.920900E-001
   5.640000E+002   1.942606E-001
   5.650000E+002   1.964815E-001
   5.660000E+002   1.987460E-001
   5.670000E+002   2.010478E-001
   5.680000E+002   2.033804E-001
   5.690000E+002   2.057373E-001
   5.700000E+002   2.081121E-001
   5.710000E+002   2.104982E-001
   5.720000E+002   2.128892E-001
   5.730000E+002   2.152786E-001
   5.740000E+002   2.176601E-001
   5.750000E+002   2.200270E-001
   5.760000E+002   2.223729E-001
   5.770000E+002   2.246914E-001
   5.780000E+002   2.269760E-001
   5.790000E+002   2.292202E-001
   5.800000E+002   2.314176E-001
   5.810000E+002   2.335617E-001
   5.820000E+002   2.356460E-001
   5.830000E+002   2.376640E-001
   5.840000E+002   2.396093E-001
   5.850000E+002   2.414754E-001
   5.860000E+002   2.432559E-001
   5.870000E+002   2.449442E-001
   5.880000E+002   2.465340E-001
   5.890000E+002   2.480186E-001
   5.900000E+002   2.493918E-001
   5.910000E+002   2.506469E-001
   5.920000E+002   2.517776E-001
   5.930000E+002   2.527774E-001
   5.940000E+002   2.536397E-001
   5.950000E+002   2.543582E-001
   5.960000E+002   2.549263E-001
   5.970000E+002   2.553376E-001
   5.980000E+002   2.555856E-001
   5.990000E+002   2.556639E-001
   6.000000E+002   2.555660E-001
   6.010000E+002   2.552876E-001
   6.020000E+002   2.548337E-001
   6.030000E+002   2.542115E-001
   6.040000E+002   2.534280E-001
   6.050000E+002   2.524905E-001
   6.060000E+002   2.514060E-001
   6.070000E+002   2.501818E-001
   6.080000E+002   2.488250E-001
   6.090000E+002   2.473428E-001
   6.100000E+002   2.457422E-001
   6.110000E+002   2.440305E-001
   6.120000E+002   2.422149E-001
   6.130000E+002   2.403024E-001
   6.140000E+002   2.383003E-001
   6.150000E+002   2.362156E-001
   6.160000E+002   2.340556E-001
   6.170000E+002   2.318274E-001
   6.180000E+002   2.295382E-001
   6.190000E+002   2.271950E-001
   6.200000E+002   2.248051E-001
   6.210000E+002   2.223757E-001
   6.220000E+002   2.199138E-001
   6.230000E+002   2.174266E-001
   6.240000E+002   2.149214E-001
   6.250000E+002   2.124051E-001
   6.260000E+002   2.098851E-001
   6.270000E+002   2.073684E-001
   6.280000E+002   2.048622E-001
   6.290000E+002   2.023737E-001
   6.300000E+002   1.999100E-001
   6.310000E+002   1.974783E-001
   6.320000E+002   1.950857E-001
   6.330000E+002   1.927394E-001
   6.340000E+002   1.904465E-001
   6.350000E+002   1.882142E-001
   6.360000E+002   1.860497E-001
   6.370000E+002   1.839601E-001
   6.380000E+002   1.819525E-001
   6.390000E+002   1.800341E-001
   6.400000E+002   1.782121E-001
   6.410000E+002   1.764937E-001
   6.420000E+002   1.748859E-001
   6.430000E+002   1.733960E-001
   6.440000E+002   1.720310E-001
   6.450000E+002   1.707982E-001
   6.460000E+002   1.697047E-001
   6.470000E+002   1.687576E-001
   6.480000E+002   1.679642E-001
   6.490000E+002   1.673315E-001
   6.500000E+002   1.668668E-001
   6.510000E+002   1.665753E-001
   6.520000E+002   1.664548E-001
   6.530000E+002   1.665015E-001
   6.540000E+002   1.667114E-001
   6.550000E+002   1.670803E-001
   6.560000E+002   1.676045E-001
   6.570000E+002   1.682799E-001
   6.580000E+002   1.691024E-001
   6.590000E+002   1.700683E-001
   6.600000E+002   1.711733E-001
   6.610000E+002   1.724137E-001
   6.620000E+002   1.737853E-001
   6.630000E+002   1.752843E-001
   6.640000E+002   1.769066E-001
   6.650000E+002   1.786482E-001
   6.660000E+002   1.805053E-001
   6.670000E+002   1.824737E-001
   6.680000E+002   1.845496E-001
   6.690000E+002   1.867288E-001
   6.700000E+002   1.890076E-001
   6.710000E+002   1.913818E-001
   6.720000E+002   1.938475E-001
   6.730000E+002   1.964007E-001
   6.740000E+002   1.990375E-001
   6.750000E+002   2.017538E-001
   6.760000E+002   2.045457E-001
   6.770000E+002   2.074092E-001
   6.780000E+002   2.103403E-001
   6.790000E+002   2.133350E-001
   6.800000E+002   2.163894E-001
   6.810000E+002   2.194995E-001
   6.820000E+002   2.226612E-001
   6.830000E+002   2.258707E-001
   6.840000E+002   2.291239E-001
   6.850000E+002   2.324169E-001
   6.860000E+002   2.357456E-001
   6.870000E+002   2.391062E-001
   6.880000E+002   2.424945E-001
   6.890000E+002   2.459067E-001
   6.900000E+002   2.493387E-001
   6.910000E+002   2.527867E-001
   6.920000E+002   2.562465E-001
   6.930000E+002   2.597142E-001
   6.940000E+002   2.631858E-001
   6.950000E+002   2.666574E-001
   6.960000E+002   2.701250E-001
   6.970000E+002   2.735846E-001
   6.980000E+002   2.770322E-001
   6.990000E+002   2.804638E-001
   7.000000E+002   2.838755E-001
   7.010000E+002   2.872634E-001
   7.020000E+002   2.906249E-001
   7.030000E+002   2.939572E-001
   7.040000E+002   2.972577E-001
   7.050000E+002   3.005239E-001
   7.060000E+002   3.037530E-001
   7.070000E+002   3.069426E-001
   7.080000E+002   3.100900E-001
   7.090000E+002   3.131926E-001
   7.100000E+002   3.162477E-001
   7.110000E+002   3.192529E-001
   7.120000E+002   3.222053E-001
   7.130000E+002   3.251026E-001
   7.140000E+002   3.279419E-001
   7.150000E+002   3.307208E-001
   7.160000E+002   3.334366E-001
   7.170000E+002   3.360867E-001
   7.180000E+002   3.386685E-001
   7.190000E+002   3.411794E-001
   7.200000E+002   3.436168E-001
   7.210000E+002   3.459780E-001
   7.220000E+002   3.482605E-001
   7.230000E+002   3.504616E-001
   7.240000E+002   3.525787E-001
   7.250000E+002   3.546093E-001
   7.260000E+002   3.565507E-001
   7.270000E+002   3.584002E-001
   7.280000E+002   3.601554E-001
   7.290000E+002   3.618135E-001
   7.300000E+002   3.633721E-001
   7.310000E+002   3.648283E-001
   7.320000E+002   3.661797E-001
   7.330000E+002   3.674237E-001
   7.340000E+002   3.685576E-001
   7.350000E+002   3.695787E-001
   7.360000E+002   3.704846E-001
   7.370000E+002   3.712726E-001
   7.380000E+002   3.719401E-001
   7.390000E+002   3.724844E-001
   7.400000E+002   3.729031E-001
   7.410000E+002   3.731933E-001
   7.420000E+002   3.733526E-001
   7.430000E+002   3.733783E-001
   7.440000E+002   3.732679E-001
   7.450000E+002   3.730187E-001
   7.460000E+002   3.726280E-001
   7.470000E+002   3.720934E-001
   7.480000E+002   3.714121E-001
   7.490000E+002   3.705816E-001
   7.500000E+002   3.695992E-001
   7.510000E+002   3.684636E-001
   7.520000E+002   3.671775E-001
   7.530000E+002   3.657450E-001
   7.540000E+002   3.641702E-001
   7.550000E+002   3.624570E-001
   7.560000E+002   3.606097E-001
   7.570000E+002   3.586321E-001
   7.580000E+002   3.565283E-001
   7.590000E+002   3.543024E-001
   7.600000E+002   3.519584E-001
   7.610000E+002   3.495003E-001
   7.620000E+002   3.469322E-001
   7.630000E+002   3.442581E-001
   7.640000E+002   3.414821E-001
   7.650000E+002   3.386081E-001
   7.660000E+002   3.356403E-001
   7.670000E+002   3.325827E-001
   7.680000E+002   3.294392E-001
   7.690000E+002   3.262140E-001
   7.700000E+002   3.229111E-001
   7.710000E+002   3.195346E-001
   7.720000E+002   3.160884E-001
   7.730000E+002   3.125765E-001
   7.740000E+002   3.090032E-001
   7.750000E+002   3.053723E-001
   7.760000E+002   3.016879E-001
   7.770000E+002   2.979542E-001
   7.780000E+002   2.941750E-001
   7.790000E+002   2.903544E-001
   7.800000E+002   2.864965E-001
   7.810000E+002   2.826053E-001
   7.820000E+002   2.786849E-001
   7.830000E+002   2.747393E-001
   7.840000E+002   2.707725E-001
   7.850000E+002   2.667886E-001
   7.860000E+002   2.627916E-001
   7.870000E+002   2.587855E-001
   7.880000E+002   2.547745E-001
   7.890000E+002   2.507624E-001
   7.900000E+002   2.467534E-001
   7.910000E+002   2.427516E-001
   7.920000E+002   2.387608E-001
   7.930000E+002   2.347853E-001
   7.940000E+002   2.308290E-001
   7.950000E+002   2.268959E-001
   7.960000E+002   2.229902E-001
   7.970000E+002   2.191157E-001
   7.980000E+002   2.152767E-001
   7.990000E+002   2.114771E-001
   8.000000E+002   2.077209E-001
   8.010000E+002   2.040114E-001
   8.020000E+002   2.003482E-001
   8.030000E+002   1.967304E-001
   8.040000E+002   1.931568E-001
   8.050000E+002   1.896263E-001
   8.060000E+002   1.861379E-001
   8.070000E+002   1.826904E-001
   8.080000E+002   1.792827E-001
   8.090000E+002   1.759137E-001
   8.100000E+002   1.725825E-001
   8.110000E+002   1.692877E-001
   8.120000E+002   1.660285E-001
   8.130000E+002   1.628036E-001
   8.140000E+002   1.596120E-001
   8.150000E+002   1.564526E-001
   8.160000E+002   1.533243E-001
   8.170000E+002   1.502259E-001
   8.180000E+002   1.471565E-001
   8.190000E+002   1.441149E-001
   8.200000E+002   1.411000E-001
   8.210000E+002   1.381108E-001
   8.220000E+002   1.351460E-001
   8.230000E+002   1.322047E-001
   8.240000E+002   1.292858E-001
   8.250000E+002   1.263881E-001
   8.260000E+002   1.235106E-001
   8.270000E+002   1.206521E-001
   8.280000E+002   1.178116E-001
   8.290000E+002   1.149880E-001
   8.300000E+002   1.121801E-001
   8.310000E+002   1.093870E-001
   8.320000E+002   1.066074E-001
   8.330000E+002   1.038404E-001
   8.340000E+002   1.010848E-001
   8.350000E+002   9.833943E-002
   8.360000E+002   9.560333E-002
   8.370000E+002   9.287537E-002
   8.380000E+002   9.015443E-002
   8.390000E+002   8.743945E-002
   8.400000E+002   8.472931E-002
   8.410000E+002   8.202292E-002
   8.420000E+002   7.931920E-002
   8.430000E+002   7.661705E-002
   8.440000E+002   7.391537E-002
   8.450000E+002   7.121308E-002
   8.460000E+002   6.850907E-002
   8.470000E+002   6.580226E-002
   8.480000E+002   6.309155E-002
   8.490000E+002   6.037585E-002
   8.500000E+002   5.765407E-002
   8.510000E+002   5.492633E-002
   8.520000E+002   5.219772E-002
   8.530000E+002   4.947454E-002
   8.540000E+002   4.676309E-002
   8.550000E+002   4.406967E-002
   8.560000E+002   4.140059E-002
   8.570000E+002   3.876215E-002
   8.580000E+002   3.616065E-002
   8.590000E+002   3.360240E-002
   8.600000E+002   3.109370E-002
   8.610000E+002   2.864085E-002
   8.620000E+002   2.625015E-002
   8.630000E+002   2.392791E-002
   8.640000E+002   2.168043E-002
   8.650000E+002   1.951402E-002
   8.660000E+002   1.743498E-002
   8.670000E+002   1.544960E-002
   8.680000E+002   1.356420E-002
   8.690000E+002   1.178508E-002
   8.700000E+002   1.011854E-002
   8.710000E+002   8.570878E-003
   8.720000E+002   7.148404E-003
   8.730000E+002   5.857420E-003
   8.740000E+002   4.704228E-003
   8.750000E+002   3.695131E-003
   8.760000E+002   2.836433E-003
   8.770000E+002   2.134436E-003
   8.780000E+002   1.595445E-003
   8.790000E+002   1.225761E-003
   8.800000E+002   1.031688E-003
   8.810000E+002   1.019530E-003
   8.820000E+002   1.195588E-003
   8.830000E+002   1.566167E-003
   8.840000E+002   2.137569E-003
   8.850000E+002   2.916098E-003
   8.860000E+002   3.908056E-003
   8.870000E+002   5.119747E-003
   8.880000E+002   6.557474E-003
   8.890000E+002   8.227540E-003
   8.900000E+002   1.013625E-002
   8.910000E+002   1.228990E-002
   8.920000E+002   1.469480E-002
   8.930000E+002   1.735725E-002
   8.940000E+002   2.028356E-002
   8.950000E+002   2.348002E-002
   8.960000E+002   2.695295E-002
   8.970000E+002   3.070864E-002
   8.980000E+002   3.475339E-002
   8.990000E+002   3.909352E-002
   9.000000E+002   4.373532E-002
   9.010000E+002   4.868163E-002
   9.020000E+002   5.392146E-002
   9.030000E+002   5.944035E-002
   9.040000E+002   6.522384E-002
   9.050000E+002   7.125747E-002
   9.060000E+002   7.752678E-002
   9.070000E+002   8.401731E-002
   9.080000E+002   9.071461E-002
   9.090000E+002   9.760421E-002
   9.100000E+002   1.046717E-001
   9.110000E+002   1.119025E-001
   9.120000E+002   1.192823E-001
   9.130000E+002   1.267965E-001
   9.140000E+002   1.344307E-001
   9.150000E+002   1.421705E-001
   9.160000E+002   1.500014E-001
   9.170000E+002   1.579089E-001
   9.180000E+002   1.658786E-001
   9.190000E+002   1.738960E-001
   9.200000E+002   1.819467E-001
   9.210000E+002   1.900162E-001
   9.220000E+002   1.980900E-001
   9.230000E+002   2.061536E-001
   9.240000E+002   2.141927E-001
   9.250000E+002   2.221928E-001
   9.260000E+002   2.301394E-001
   9.270000E+002   2.380180E-001
   9.280000E+002   2.458142E-001
   9.290000E+002   2.535135E-001
   9.300000E+002   2.611015E-001
   9.310000E+002   2.685637E-001
   9.320000E+002   2.758857E-001
   9.330000E+002   2.830529E-001
   9.340000E+002   2.900510E-001
   9.350000E+002   2.968654E-001
   9.360000E+002   3.034818E-001
   9.370000E+002   3.098856E-001
   9.380000E+002   3.160624E-001
   9.390000E+002   3.219978E-001
   9.400000E+002   3.276772E-001
   9.410000E+002   3.330863E-001
   9.420000E+002   3.382105E-001
   9.430000E+002   3.430354E-001
   9.440000E+002   3.475465E-001
   9.450000E+002   3.517295E-001
   9.460000E+002   3.555697E-001
   9.470000E+002   3.590529E-001
   9.480000E+002   3.621644E-001
   9.490000E+002   3.648899E-001
   9.500000E+002   3.672149E-001
   9.510000E+002   3.691302E-001
   9.520000E+002   3.706481E-001
   9.530000E+002   3.717861E-001
   9.540000E+002   3.725619E-001
   9.550000E+002   3.729928E-001
   9.560000E+002   3.730964E-001
   9.570000E+002   3.728904E-001
   9.580000E+002   3.723923E-001
   9.590000E+002   3.716195E-001
   9.600000E+002   3.705896E-001
   9.610000E+002   3.693203E-001
   9.620000E+002   3.678290E-001
   9.630000E+002   3.661333E-001
   9.640000E+002   3.642506E-001
   9.650000E+002   3.621987E-001
   9.660000E+002   3.599950E-001
   9.670000E+002   3.576570E-001
   9.680000E+002   3.552023E-001
   9.690000E+002   3.526485E-001
   9.700000E+002   3.500131E-001
   9.710000E+002   3.473137E-001
   9.720000E+002   3.445677E-001
   9.730000E+002   3.417927E-001
   9.740000E+002   3.390064E-001
   9.750000E+002   3.362261E-001
   9.760000E+002   3.334696E-001
   9.770000E+002   3.307542E-001
   9.780000E+002   3.280976E-001
   9.790000E+002   3.255174E-001
   9.800000E+002   3.230309E-001
   9.810000E+002   3.206559E-001
   9.820000E+002   3.184098E-001
   9.830000E+002   3.163102E-001
   9.840000E+002   3.143747E-001
   9.850000E+002   3.126207E-001
   9.860000E+002   3.110659E-001
   9.870000E+002   3.097277E-001
   9.880000E+002   3.086238E-001
   9.890000E+002   3.077716E-001
   9.900000E+002   3.071887E-001
   9.910000E+002   3.068927E-001
   9.920000E+002   3.069011E-001
   9.930000E+002   3.072314E-001
   9.940000E+002   3.079012E-001
   9.950000E+002   3.089281E-001
   9.960000E+002   3.103295E-001
   9.970000E+002   3.121231E-001
   9.980000E+002   3.143264E-001
   9.990000E+002   3.169569E-001
   1.000000E+003   3.200321E-001
   1.001000E+003   3.235641E-001
   1.002000E+003   3.275427E-001
   1.003000E+003   3.319520E-001
   1.004000E+003   3.367764E-001
   1.005000E+003   3.420001E-001
   1.006000E+003   3.476073E-001
   1.007000E+003   3.535823E-001
   1.008000E+003   3.599092E-001
   1.009000E+003   3.665725E-001
   1.010000E+003   3.735562E-001
   1.011000E+003   3.808446E-001
   1.012000E+003   3.884221E-001
   1.013000E+003   3.962727E-001
   1.014000E+003   4.043808E-001
   1.015000E+003   4.127306E-001
   1.016000E+003   4.213064E-001
   1.017000E+003   4.300923E-001
   1.018000E+003   4.390727E-001
   1.019000E+003   4.482317E-001
   1.020000E+003   4.575537E-001
   1.021000E+003   4.670228E-001
   1.022000E+003   4.766233E-001
   1.023000E+003   4.863395E-001
   1.024000E+003   4.961555E-001
   1.025000E+003   5.060556E-001
   1.026000E+003   5.160242E-001
   1.027000E+003   5.260453E-001
   1.028000E+003   5.361033E-001
   1.029000E+003   5.461824E-001
   1.030000E+003   5.562668E-001
   1.031000E+003   5.663408E-001
   1.032000E+003   5.763886E-001
   1.033000E+003   5.863945E-001
   1.034000E+003   5.963426E-001
   1.035000E+003   6.062174E-001
   1.036000E+003   6.160029E-001
   1.037000E+003   6.256834E-001
   1.038000E+003   6.352432E-001
   1.039000E+003   6.446666E-001
   1.040000E+003   6.539377E-001
   1.041000E+003   6.630408E-001
   1.042000E+003   6.719601E-001
   1.043000E+003   6.806799E-001
   1.044000E+003   6.891844E-001
   1.045000E+003   6.974580E-001
   1.046000E+003   7.054847E-001
   1.047000E+003   7.132488E-001
   1.048000E+003   7.207347E-001
   1.049000E+003   7.279265E-001
   1.050000E+003   7.348085E-001
   1.051000E+003   7.413685E-001
   1.052000E+003   7.476089E-001
   1.053000E+003   7.535356E-001
   1.054000E+003   7.591546E-001
   1.055000E+003   7.644719E-001
   1.056000E+003   7.694933E-001
   1.057000E+003   7.742249E-001
   1.058000E+003   7.786726E-001
   1.059000E+003   7.828423E-001
   1.060000E+003   7.867401E-001
   1.061000E+003   7.903718E-001
   1.062000E+003   7.937434E-001
   1.063000E+003   7.968609E-001
   1.064000E+003   7.997302E-001
   1.065000E+003   8.023572E-001
   1.066000E+003   8.047480E-001
   1.067000E+003   8.069085E-001
   1.068000E+003   8.088447E-001
   1.069000E+003   8.105624E-001
   1.070000E+003   8.120676E-001
   1.071000E+003   8.133664E-001
   1.072000E+003   8.144646E-001
   1.073000E+003   8.153683E-001
   1.074000E+003   8.160832E-001
   1.075000E+003   8.166155E-001
   1.076000E+003   8.169711E-001
   1.077000E+003   8.171559E-001
   1.078000E+003   8.171759E-001
   1.079000E+003   8.170370E-001
   1.080000E+003   8.167452E-001
   1.081000E+003   8.163064E-001
   1.082000E+003   8.157266E-001
   1.083000E+003   8.150118E-001
   1.084000E+003   8.141678E-001
   1.085000E+003   8.132007E-001
   1.086000E+003   8.121165E-001
   1.087000E+003   8.109209E-001
   1.088000E+003   8.096201E-001
   1.089000E+003   8.082200E-001
   1.090000E+003   8.067265E-001
   1.091000E+003   8.051456E-001
   1.092000E+003   8.034832E-001
   1.093000E+003   8.017453E-001
   1.094000E+003   7.999378E-001
   1.095000E+003   7.980667E-001
   1.096000E+003   7.961380E-001
   1.097000E+003   7.941576E-001
   1.098000E+003   7.921314E-001
   1.099000E+003   7.900654E-001
   1.100000E+003   7.879656E-001
   1.101000E+003   7.858366E-001
   1.102000E+003   7.836775E-001
   1.103000E+003   7.814864E-001
   1.104000E+003   7.792611E-001
   1.105000E+003   7.769995E-001
   1.106000E+003   7.746995E-001
   1.107000E+003   7.723590E-001
   1.108000E+003   7.699759E-001
   1.109000E+003   7.675481E-001
   1.110000E+003   7.650735E-001
   1.111000E+003   7.625499E-001
   1.112000E+003   7.599753E-001
   1.113000E+003   7.573476E-001
   1.114000E+003   7.546647E-001
   1.115000E+003   7.519245E-001
   1.116000E+003   7.491248E-001
   1.117000E+003   7.462636E-001
   1.118000E+003   7.433387E-001
   1.119000E+003   7.403481E-001
   1.120000E+003   7.372896E-001
   1.121000E+003   7.341612E-001
   1.122000E+003   7.309608E-001
   1.123000E+003   7.276862E-001
   1.124000E+003   7.243353E-001
   1.125000E+003   7.209061E-001
   1.126000E+003   7.173964E-001
   1.127000E+003   7.138041E-001
   1.128000E+003   7.101271E-001
   1.129000E+003   7.063634E-001
   1.130000E+003   7.025108E-001
   1.131000E+003   6.985672E-001
   1.132000E+003   6.945306E-001
   1.133000E+003   6.903987E-001
   1.134000E+003   6.861695E-001
   1.135000E+003   6.818410E-001
   1.136000E+003   6.774109E-001
   1.137000E+003   6.728773E-001
   1.138000E+003   6.682379E-001
   1.139000E+003   6.634908E-001
   1.140000E+003   6.586337E-001
   1.141000E+003   6.536646E-001
   1.142000E+003   6.485813E-001
   1.143000E+003   6.433819E-001
   1.144000E+003   6.380641E-001
   1.145000E+003   6.326259E-001
   1.146000E+003   6.270652E-001
   1.147000E+003   6.213798E-001
   1.148000E+003   6.155677E-001
   1.149000E+003   6.096268E-001
   1.150000E+003   6.035549E-001
   1.151000E+003   5.973507E-001
   1.152000E+003   5.910162E-001
   1.153000E+003   5.845539E-001
   1.154000E+003   5.779666E-001
   1.155000E+003   5.712568E-001
   1.156000E+003   5.644273E-001
   1.157000E+003   5.574808E-001
   1.158000E+003   5.504198E-001
   1.159000E+003   5.432470E-001
   1.160000E+003   5.359652E-001
   1.161000E+003   5.285769E-001
   1.162000E+003   5.210848E-001
   1.163000E+003   5.134916E-001
   1.164000E+003   5.057999E-001
   1.165000E+003   4.980125E-001
   1.166000E+003   4.901319E-001
   1.167000E+003   4.821609E-001
   1.168000E+003   4.741020E-001
   1.169000E+003   4.659580E-001
   1.170000E+003   4.577315E-001
   1.171000E+003   4.494251E-001
   1.172000E+003   4.410416E-001
   1.173000E+003   4.325836E-001
   1.174000E+003   4.240537E-001
   1.175000E+003   4.154547E-001
   1.176000E+003   4.067891E-001
   1.177000E+003   3.980597E-001
   1.178000E+003   3.892690E-001
   1.179000E+003   3.804199E-001
   1.180000E+003   3.715148E-001
   1.181000E+003   3.625565E-001
   1.182000E+003   3.535477E-001
   1.183000E+003   3.444909E-001
   1.184000E+003   3.353890E-001
   1.185000E+003   3.262444E-001
   1.186000E+003   3.170599E-001
   1.187000E+003   3.078382E-001
   1.188000E+003   2.985819E-001
   1.189000E+003   2.892936E-001
   1.190000E+003   2.799761E-001
   1.191000E+003   2.706320E-001
   1.192000E+003   2.612639E-001
   1.193000E+003   2.518746E-001
   1.194000E+003   2.424666E-001
   1.195000E+003   2.330426E-001
   1.196000E+003   2.236054E-001
   1.197000E+003   2.141574E-001
   1.198000E+003   2.047016E-001
   1.199000E+003   1.952403E-001
   1.200000E+003   1.857765E-001
   1.201000E+003   1.763126E-001
