   1.000000E+000   6.334774E-002
   2.000000E+000   6.801943E-002
   3.000000E+000   7.269112E-002
   4.000000E+000   6.338708E-002
   5.000000E+000   5.457884E-002
   6.000000E+000   4.899632E-002
   7.000000E+000   4.471992E-002
   8.000000E+000   4.134225E-002
   9.000000E+000   3.879521E-002
   1.000000E+001   3.685572E-002
   1.100000E+001   3.529798E-002
   1.200000E+001   3.404045E-002
   1.300000E+001   3.303803E-002
   1.400000E+001   3.224707E-002
   1.500000E+001   3.162430E-002
   1.600000E+001   3.113131E-002
   1.700000E+001   3.074927E-002
   1.800000E+001   3.046422E-002
   1.900000E+001   3.026221E-002
   2.000000E+001   3.012927E-002
   2.100000E+001   3.005313E-002
   2.200000E+001   3.002826E-002
   2.300000E+001   3.005079E-002
   2.400000E+001   3.011688E-002
   2.500000E+001   3.022266E-002
   2.600000E+001   3.036428E-002
   2.700000E+001   3.053788E-002
   2.800000E+001   3.073961E-002
   2.900000E+001   3.096561E-002
   3.000000E+001   3.121202E-002
   3.100000E+001   3.147549E-002
   3.200000E+001   3.175469E-002
   3.300000E+001   3.204879E-002
   3.400000E+001   3.235695E-002
   3.500000E+001   3.267835E-002
   3.600000E+001   3.301215E-002
   3.700000E+001   3.335753E-002
   3.800000E+001   3.371366E-002
   3.900000E+001   3.407970E-002
   4.000000E+001   3.445482E-002
   4.100000E+001   3.483827E-002
   4.200000E+001   3.522961E-002
   4.300000E+001   3.562844E-002
   4.400000E+001   3.603440E-002
   4.500000E+001   3.644710E-002
   4.600000E+001   3.686618E-002
   4.700000E+001   3.729125E-002
   4.800000E+001   3.772195E-002
   4.900000E+001   3.815789E-002
   5.000000E+001   3.859869E-002
   5.100000E+001   3.904402E-002
   5.200000E+001   3.949372E-002
   5.300000E+001   3.994763E-002
   5.400000E+001   4.040564E-002
   5.500000E+001   4.086760E-002
   5.600000E+001   4.133338E-002
   5.700000E+001   4.180285E-002
   5.800000E+001   4.227588E-002
   5.900000E+001   4.275233E-002
   6.000000E+001   4.323207E-002
   6.100000E+001   4.371498E-002
   6.200000E+001   4.420098E-002
   6.300000E+001   4.468999E-002
   6.400000E+001   4.518197E-002
   6.500000E+001   4.567683E-002
   6.600000E+001   4.617452E-002
   6.700000E+001   4.667496E-002
   6.800000E+001   4.717809E-002
   6.900000E+001   4.768384E-002
   7.000000E+001   4.819216E-002
   7.100000E+001   4.870296E-002
   7.200000E+001   4.921618E-002
   7.300000E+001   4.973175E-002
   7.400000E+001   5.024961E-002
   7.500000E+001   5.076969E-002
   7.600000E+001   5.129192E-002
   7.700000E+001   5.181622E-002
   7.800000E+001   5.234254E-002
   7.900000E+001   5.287080E-002
   8.000000E+001   5.340093E-002
   8.100000E+001   5.393286E-002
   8.200000E+001   5.446648E-002
   8.300000E+001   5.500166E-002
   8.400000E+001   5.553829E-002
   8.500000E+001   5.607625E-002
   8.600000E+001   5.661541E-002
   8.700000E+001   5.715566E-002
   8.800000E+001   5.769689E-002
   8.900000E+001   5.823895E-002
   9.000000E+001   5.878175E-002
   9.100000E+001   5.932520E-002
   9.200000E+001   5.986935E-002
   9.300000E+001   6.041431E-002
   9.400000E+001   6.096017E-002
   9.500000E+001   6.150705E-002
   9.600000E+001   6.205503E-002
   9.700000E+001   6.260421E-002
   9.800000E+001   6.315469E-002
   9.900000E+001   6.370658E-002
   1.000000E+002   6.425998E-002
   1.010000E+002   6.481490E-002
   1.020000E+002   6.537113E-002
   1.030000E+002   6.592836E-002
   1.040000E+002   6.648628E-002
   1.050000E+002   6.704460E-002
   1.060000E+002   6.760301E-002
   1.070000E+002   6.816122E-002
   1.080000E+002   6.871892E-002
   1.090000E+002   6.927582E-002
   1.100000E+002   6.983160E-002
   1.110000E+002   7.038597E-002
   1.120000E+002   7.093863E-002
   1.130000E+002   7.148927E-002
   1.140000E+002   7.203760E-002
   1.150000E+002   7.258331E-002
   1.160000E+002   7.312611E-002
   1.170000E+002   7.366568E-002
   1.180000E+002   7.420174E-002
   1.190000E+002   7.473397E-002
   1.200000E+002   7.526208E-002
   1.210000E+002   7.578580E-002
   1.220000E+002   7.630497E-002
   1.230000E+002   7.681947E-002
   1.240000E+002   7.732920E-002
   1.250000E+002   7.783402E-002
   1.260000E+002   7.833381E-002
   1.270000E+002   7.882847E-002
   1.280000E+002   7.931786E-002
   1.290000E+002   7.980187E-002
   1.300000E+002   8.028037E-002
   1.310000E+002   8.075326E-002
   1.320000E+002   8.122040E-002
   1.330000E+002   8.168168E-002
   1.340000E+002   8.213697E-002
   1.350000E+002   8.258617E-002
   1.360000E+002   8.302914E-002
   1.370000E+002   8.346578E-002
   1.380000E+002   8.389595E-002
   1.390000E+002   8.431954E-002
   1.400000E+002   8.473643E-002
   1.410000E+002   8.514652E-002
   1.420000E+002   8.554976E-002
   1.430000E+002   8.594612E-002
   1.440000E+002   8.633558E-002
   1.450000E+002   8.671810E-002
   1.460000E+002   8.709366E-002
   1.470000E+002   8.746223E-002
   1.480000E+002   8.782378E-002
   1.490000E+002   8.817829E-002
   1.500000E+002   8.852572E-002
   1.510000E+002   8.886604E-002
   1.520000E+002   8.919923E-002
   1.530000E+002   8.952526E-002
   1.540000E+002   8.984411E-002
   1.550000E+002   9.015573E-002
   1.560000E+002   9.046011E-002
   1.570000E+002   9.075722E-002
   1.580000E+002   9.104702E-002
   1.590000E+002   9.132949E-002
   1.600000E+002   9.160460E-002
   1.610000E+002   9.187230E-002
   1.620000E+002   9.213242E-002
   1.630000E+002   9.238479E-002
   1.640000E+002   9.262920E-002
   1.650000E+002   9.286549E-002
   1.660000E+002   9.309346E-002
   1.670000E+002   9.331293E-002
   1.680000E+002   9.352371E-002
   1.690000E+002   9.372562E-002
   1.700000E+002   9.391846E-002
   1.710000E+002   9.410206E-002
   1.720000E+002   9.427623E-002
   1.730000E+002   9.444078E-002
   1.740000E+002   9.459552E-002
   1.750000E+002   9.474028E-002
   1.760000E+002   9.487486E-002
   1.770000E+002   9.499908E-002
   1.780000E+002   9.511276E-002
   1.790000E+002   9.521570E-002
   1.800000E+002   9.530772E-002
   1.810000E+002   9.538868E-002
   1.820000E+002   9.545857E-002
   1.830000E+002   9.551744E-002
   1.840000E+002   9.556533E-002
   1.850000E+002   9.560228E-002
   1.860000E+002   9.562833E-002
   1.870000E+002   9.564352E-002
   1.880000E+002   9.564790E-002
   1.890000E+002   9.564150E-002
   1.900000E+002   9.562436E-002
   1.910000E+002   9.559653E-002
   1.920000E+002   9.555805E-002
   1.930000E+002   9.550896E-002
   1.940000E+002   9.544930E-002
   1.950000E+002   9.537910E-002
   1.960000E+002   9.529842E-002
   1.970000E+002   9.520729E-002
   1.980000E+002   9.510576E-002
   1.990000E+002   9.499386E-002
   2.000000E+002   9.487163E-002
   2.010000E+002   9.473914E-002
   2.020000E+002   9.459645E-002
   2.030000E+002   9.444366E-002
   2.040000E+002   9.428086E-002
   2.050000E+002   9.410816E-002
   2.060000E+002   9.392563E-002
   2.070000E+002   9.373337E-002
   2.080000E+002   9.353147E-002
   2.090000E+002   9.332004E-002
   2.100000E+002   9.309915E-002
   2.110000E+002   9.286890E-002
   2.120000E+002   9.262938E-002
   2.130000E+002   9.238069E-002
   2.140000E+002   9.212291E-002
   2.150000E+002   9.185615E-002
   2.160000E+002   9.158048E-002
   2.170000E+002   9.129602E-002
   2.180000E+002   9.100284E-002
   2.190000E+002   9.070104E-002
   2.200000E+002   9.039071E-002
   2.210000E+002   9.007194E-002
   2.220000E+002   8.974483E-002
   2.230000E+002   8.940947E-002
   2.240000E+002   8.906595E-002
   2.250000E+002   8.871437E-002
   2.260000E+002   8.835481E-002
   2.270000E+002   8.798739E-002
   2.280000E+002   8.761221E-002
   2.290000E+002   8.722938E-002
   2.300000E+002   8.683902E-002
   2.310000E+002   8.644122E-002
   2.320000E+002   8.603610E-002
   2.330000E+002   8.562376E-002
   2.340000E+002   8.520432E-002
   2.350000E+002   8.477788E-002
   2.360000E+002   8.434456E-002
   2.370000E+002   8.390445E-002
   2.380000E+002   8.345767E-002
   2.390000E+002   8.300433E-002
   2.400000E+002   8.254454E-002
   2.410000E+002   8.207840E-002
   2.420000E+002   8.160602E-002
   2.430000E+002   8.112752E-002
   2.440000E+002   8.064299E-002
   2.450000E+002   8.015255E-002
   2.460000E+002   7.965631E-002
   2.470000E+002   7.915438E-002
   2.480000E+002   7.864686E-002
   2.490000E+002   7.813387E-002
   2.500000E+002   7.761550E-002
   2.510000E+002   7.709189E-002
   2.520000E+002   7.656322E-002
   2.530000E+002   7.602970E-002
   2.540000E+002   7.549151E-002
   2.550000E+002   7.494886E-002
   2.560000E+002   7.440196E-002
   2.570000E+002   7.385100E-002
   2.580000E+002   7.329619E-002
   2.590000E+002   7.273771E-002
   2.600000E+002   7.217579E-002
   2.610000E+002   7.161060E-002
   2.620000E+002   7.104236E-002
   2.630000E+002   7.047127E-002
   2.640000E+002   6.989752E-002
   2.650000E+002   6.932132E-002
   2.660000E+002   6.874286E-002
   2.670000E+002   6.816236E-002
   2.680000E+002   6.757999E-002
   2.690000E+002   6.699598E-002
   2.700000E+002   6.641052E-002
   2.710000E+002   6.582380E-002
   2.720000E+002   6.523604E-002
   2.730000E+002   6.464742E-002
   2.740000E+002   6.405816E-002
   2.750000E+002   6.346844E-002
   2.760000E+002   6.287848E-002
   2.770000E+002   6.228848E-002
   2.780000E+002   6.169864E-002
   2.790000E+002   6.110917E-002
   2.800000E+002   6.052028E-002
   2.810000E+002   5.993218E-002
   2.820000E+002   5.934508E-002
   2.830000E+002   5.875917E-002
   2.840000E+002   5.817468E-002
   2.850000E+002   5.759179E-002
   2.860000E+002   5.701074E-002
   2.870000E+002   5.643171E-002
   2.880000E+002   5.585491E-002
   2.890000E+002   5.528057E-002
   2.900000E+002   5.470887E-002
   2.910000E+002   5.414003E-002
   2.920000E+002   5.357426E-002
   2.930000E+002   5.301175E-002
   2.940000E+002   5.245273E-002
   2.950000E+002   5.189740E-002
   2.960000E+002   5.134596E-002
   2.970000E+002   5.079862E-002
   2.980000E+002   5.025558E-002
   2.990000E+002   4.971707E-002
   3.000000E+002   4.918327E-002
   3.010000E+002   4.865439E-002
   3.020000E+002   4.813049E-002
   3.030000E+002   4.761164E-002
   3.040000E+002   4.709790E-002
   3.050000E+002   4.658932E-002
   3.060000E+002   4.608598E-002
   3.070000E+002   4.558793E-002
   3.080000E+002   4.509522E-002
   3.090000E+002   4.460793E-002
   3.100000E+002   4.412610E-002
   3.110000E+002   4.364980E-002
   3.120000E+002   4.317909E-002
   3.130000E+002   4.271403E-002
   3.140000E+002   4.225468E-002
   3.150000E+002   4.180109E-002
   3.160000E+002   4.135334E-002
   3.170000E+002   4.091147E-002
   3.180000E+002   4.047554E-002
   3.190000E+002   4.004563E-002
   3.200000E+002   3.962178E-002
   3.210000E+002   3.920407E-002
   3.220000E+002   3.879253E-002
   3.230000E+002   3.838725E-002
   3.240000E+002   3.798827E-002
   3.250000E+002   3.759566E-002
   3.260000E+002   3.720948E-002
   3.270000E+002   3.682978E-002
   3.280000E+002   3.645663E-002
   3.290000E+002   3.609009E-002
   3.300000E+002   3.573022E-002
   3.310000E+002   3.537707E-002
   3.320000E+002   3.503070E-002
   3.330000E+002   3.469119E-002
   3.340000E+002   3.435857E-002
   3.350000E+002   3.403293E-002
   3.360000E+002   3.371431E-002
   3.370000E+002   3.340278E-002
   3.380000E+002   3.309839E-002
   3.390000E+002   3.280121E-002
   3.400000E+002   3.251129E-002
   3.410000E+002   3.222870E-002
   3.420000E+002   3.195349E-002
   3.430000E+002   3.168573E-002
   3.440000E+002   3.142548E-002
   3.450000E+002   3.117279E-002
   3.460000E+002   3.092772E-002
   3.470000E+002   3.069034E-002
   3.480000E+002   3.046070E-002
   3.490000E+002   3.023887E-002
   3.500000E+002   3.002491E-002
   3.510000E+002   2.981884E-002
   3.520000E+002   2.962063E-002
   3.530000E+002   2.943019E-002
   3.540000E+002   2.924746E-002
   3.550000E+002   2.907235E-002
   3.560000E+002   2.890481E-002
   3.570000E+002   2.874475E-002
   3.580000E+002   2.859210E-002
   3.590000E+002   2.844679E-002
   3.600000E+002   2.830874E-002
   3.610000E+002   2.817788E-002
   3.620000E+002   2.805414E-002
   3.630000E+002   2.793744E-002
   3.640000E+002   2.782772E-002
   3.650000E+002   2.772489E-002
   3.660000E+002   2.762888E-002
   3.670000E+002   2.753962E-002
   3.680000E+002   2.745704E-002
   3.690000E+002   2.738107E-002
   3.700000E+002   2.731162E-002
   3.710000E+002   2.724863E-002
   3.720000E+002   2.719203E-002
   3.730000E+002   2.714173E-002
   3.740000E+002   2.709768E-002
   3.750000E+002   2.705978E-002
   3.760000E+002   2.702797E-002
   3.770000E+002   2.700218E-002
   3.780000E+002   2.698234E-002
   3.790000E+002   2.696836E-002
   3.800000E+002   2.696018E-002
   3.810000E+002   2.695772E-002
   3.820000E+002   2.696092E-002
   3.830000E+002   2.696968E-002
   3.840000E+002   2.698395E-002
   3.850000E+002   2.700365E-002
   3.860000E+002   2.702871E-002
   3.870000E+002   2.705905E-002
   3.880000E+002   2.709460E-002
   3.890000E+002   2.713528E-002
   3.900000E+002   2.718103E-002
   3.910000E+002   2.723177E-002
   3.920000E+002   2.728742E-002
   3.930000E+002   2.734791E-002
   3.940000E+002   2.741317E-002
   3.950000E+002   2.748313E-002
   3.960000E+002   2.755771E-002
   3.970000E+002   2.763684E-002
   3.980000E+002   2.772045E-002
   3.990000E+002   2.780845E-002
   4.000000E+002   2.790079E-002
   4.010000E+002   2.799737E-002
   4.020000E+002   2.809809E-002
   4.030000E+002   2.820281E-002
   4.040000E+002   2.831142E-002
   4.050000E+002   2.842379E-002
   4.060000E+002   2.853980E-002
   4.070000E+002   2.865932E-002
   4.080000E+002   2.878223E-002
   4.090000E+002   2.890841E-002
   4.100000E+002   2.903773E-002
   4.110000E+002   2.917008E-002
   4.120000E+002   2.930532E-002
   4.130000E+002   2.944333E-002
   4.140000E+002   2.958400E-002
   4.150000E+002   2.972719E-002
   4.160000E+002   2.987278E-002
   4.170000E+002   3.002066E-002
   4.180000E+002   3.017069E-002
   4.190000E+002   3.032275E-002
   4.200000E+002   3.047672E-002
   4.210000E+002   3.063248E-002
   4.220000E+002   3.078990E-002
   4.230000E+002   3.094886E-002
   4.240000E+002   3.110923E-002
   4.250000E+002   3.127089E-002
   4.260000E+002   3.143373E-002
   4.270000E+002   3.159761E-002
   4.280000E+002   3.176240E-002
   4.290000E+002   3.192800E-002
   4.300000E+002   3.209427E-002
   4.310000E+002   3.226109E-002
   4.320000E+002   3.242834E-002
   4.330000E+002   3.259590E-002
   4.340000E+002   3.276363E-002
   4.350000E+002   3.293142E-002
   4.360000E+002   3.309914E-002
   4.370000E+002   3.326668E-002
   4.380000E+002   3.343390E-002
   4.390000E+002   3.360068E-002
   4.400000E+002   3.376690E-002
   4.410000E+002   3.393244E-002
   4.420000E+002   3.409717E-002
   4.430000E+002   3.426097E-002
   4.440000E+002   3.442371E-002
   4.450000E+002   3.458528E-002
   4.460000E+002   3.474554E-002
   4.470000E+002   3.490438E-002
   4.480000E+002   3.506168E-002
   4.490000E+002   3.521730E-002
   4.500000E+002   3.537112E-002
   4.510000E+002   3.552304E-002
   4.520000E+002   3.567299E-002
   4.530000E+002   3.582091E-002
   4.540000E+002   3.596677E-002
   4.550000E+002   3.611051E-002
   4.560000E+002   3.625208E-002
   4.570000E+002   3.639142E-002
   4.580000E+002   3.652850E-002
   4.590000E+002   3.666325E-002
   4.600000E+002   3.679562E-002
   4.610000E+002   3.692558E-002
   4.620000E+002   3.705306E-002
   4.630000E+002   3.717802E-002
   4.640000E+002   3.730040E-002
   4.650000E+002   3.742016E-002
   4.660000E+002   3.753724E-002
   4.670000E+002   3.765159E-002
   4.680000E+002   3.776317E-002
   4.690000E+002   3.787193E-002
   4.700000E+002   3.797780E-002
   4.710000E+002   3.808075E-002
   4.720000E+002   3.818072E-002
   4.730000E+002   3.827766E-002
   4.740000E+002   3.837153E-002
   4.750000E+002   3.846226E-002
   4.760000E+002   3.854981E-002
   4.770000E+002   3.863414E-002
   4.780000E+002   3.871518E-002
   4.790000E+002   3.879289E-002
   4.800000E+002   3.886722E-002
   4.810000E+002   3.893812E-002
   4.820000E+002   3.900554E-002
   4.830000E+002   3.906942E-002
   4.840000E+002   3.912972E-002
   4.850000E+002   3.918639E-002
   4.860000E+002   3.923937E-002
   4.870000E+002   3.928862E-002
   4.880000E+002   3.933409E-002
   4.890000E+002   3.937571E-002
   4.900000E+002   3.941346E-002
   4.910000E+002   3.944726E-002
   4.920000E+002   3.947708E-002
   4.930000E+002   3.950287E-002
   4.940000E+002   3.952456E-002
   4.950000E+002   3.954212E-002
   4.960000E+002   3.955549E-002
   4.970000E+002   3.956462E-002
   4.980000E+002   3.956946E-002
   4.990000E+002   3.956996E-002
   5.000000E+002   3.956607E-002
   5.010000E+002   3.955776E-002
   5.020000E+002   3.954506E-002
   5.030000E+002   3.952804E-002
   5.040000E+002   3.950675E-002
   5.050000E+002   3.948125E-002
   5.060000E+002   3.945160E-002
   5.070000E+002   3.941784E-002
   5.080000E+002   3.938005E-002
   5.090000E+002   3.933828E-002
   5.100000E+002   3.929257E-002
   5.110000E+002   3.924301E-002
   5.120000E+002   3.918963E-002
   5.130000E+002   3.913249E-002
   5.140000E+002   3.907166E-002
   5.150000E+002   3.900719E-002
   5.160000E+002   3.893914E-002
   5.170000E+002   3.886757E-002
   5.180000E+002   3.879252E-002
   5.190000E+002   3.871407E-002
   5.200000E+002   3.863226E-002
   5.210000E+002   3.854716E-002
   5.220000E+002   3.845882E-002
   5.230000E+002   3.836730E-002
   5.240000E+002   3.827265E-002
   5.250000E+002   3.817494E-002
   5.260000E+002   3.807422E-002
   5.270000E+002   3.797054E-002
   5.280000E+002   3.786397E-002
   5.290000E+002   3.775456E-002
   5.300000E+002   3.764237E-002
   5.310000E+002   3.752746E-002
   5.320000E+002   3.740988E-002
   5.330000E+002   3.728970E-002
   5.340000E+002   3.716696E-002
   5.350000E+002   3.704172E-002
   5.360000E+002   3.691405E-002
   5.370000E+002   3.678400E-002
   5.380000E+002   3.665163E-002
   5.390000E+002   3.651699E-002
   5.400000E+002   3.638014E-002
   5.410000E+002   3.624114E-002
   5.420000E+002   3.610005E-002
   5.430000E+002   3.595692E-002
   5.440000E+002   3.581181E-002
   5.450000E+002   3.566478E-002
   5.460000E+002   3.551589E-002
   5.470000E+002   3.536518E-002
   5.480000E+002   3.521273E-002
   5.490000E+002   3.505858E-002
   5.500000E+002   3.490280E-002
   5.510000E+002   3.474544E-002
   5.520000E+002   3.458658E-002
   5.530000E+002   3.442629E-002
   5.540000E+002   3.426465E-002
   5.550000E+002   3.410174E-002
   5.560000E+002   3.393762E-002
   5.570000E+002   3.377238E-002
   5.580000E+002   3.360609E-002
   5.590000E+002   3.343882E-002
   5.600000E+002   3.327066E-002
   5.610000E+002   3.310167E-002
   5.620000E+002   3.293194E-002
   5.630000E+002   3.276154E-002
   5.640000E+002   3.259054E-002
   5.650000E+002   3.241903E-002
   5.660000E+002   3.224706E-002
   5.670000E+002   3.207473E-002
   5.680000E+002   3.190211E-002
   5.690000E+002   3.172927E-002
   5.700000E+002   3.155629E-002
   5.710000E+002   3.138324E-002
   5.720000E+002   3.121021E-002
   5.730000E+002   3.103726E-002
   5.740000E+002   3.086447E-002
   5.750000E+002   3.069191E-002
   5.760000E+002   3.051967E-002
   5.770000E+002   3.034782E-002
   5.780000E+002   3.017643E-002
   5.790000E+002   3.000558E-002
   5.800000E+002   2.983534E-002
   5.810000E+002   2.966580E-002
   5.820000E+002   2.949702E-002
   5.830000E+002   2.932908E-002
   5.840000E+002   2.916206E-002
   5.850000E+002   2.899604E-002
   5.860000E+002   2.883108E-002
   5.870000E+002   2.866727E-002
   5.880000E+002   2.850468E-002
   5.890000E+002   2.834338E-002
   5.900000E+002   2.818345E-002
   5.910000E+002   2.802498E-002
   5.920000E+002   2.786802E-002
   5.930000E+002   2.771266E-002
   5.940000E+002   2.755898E-002
   5.950000E+002   2.740705E-002
   5.960000E+002   2.725694E-002
   5.970000E+002   2.710873E-002
   5.980000E+002   2.696250E-002
   5.990000E+002   2.681832E-002
   6.000000E+002   2.667627E-002
   6.010000E+002   2.653642E-002
   6.020000E+002   2.639879E-002
   6.030000E+002   2.626341E-002
   6.040000E+002   2.613030E-002
   6.050000E+002   2.599949E-002
   6.060000E+002   2.587100E-002
   6.070000E+002   2.574485E-002
   6.080000E+002   2.562107E-002
   6.090000E+002   2.549967E-002
   6.100000E+002   2.538069E-002
   6.110000E+002   2.526414E-002
   6.120000E+002   2.515005E-002
   6.130000E+002   2.503844E-002
   6.140000E+002   2.492934E-002
   6.150000E+002   2.482276E-002
   6.160000E+002   2.471873E-002
   6.170000E+002   2.461728E-002
   6.180000E+002   2.451842E-002
   6.190000E+002   2.442218E-002
   6.200000E+002   2.432859E-002
   6.210000E+002   2.423766E-002
   6.220000E+002   2.414942E-002
   6.230000E+002   2.406389E-002
   6.240000E+002   2.398110E-002
   6.250000E+002   2.390107E-002
   6.260000E+002   2.382382E-002
   6.270000E+002   2.374937E-002
   6.280000E+002   2.367775E-002
   6.290000E+002   2.360899E-002
   6.300000E+002   2.354309E-002
   6.310000E+002   2.348010E-002
   6.320000E+002   2.342002E-002
   6.330000E+002   2.336289E-002
   6.340000E+002   2.330873E-002
   6.350000E+002   2.325755E-002
   6.360000E+002   2.320939E-002
   6.370000E+002   2.316427E-002
   6.380000E+002   2.312220E-002
   6.390000E+002   2.308322E-002
   6.400000E+002   2.304734E-002
   6.410000E+002   2.301459E-002
   6.420000E+002   2.298499E-002
   6.430000E+002   2.295857E-002
   6.440000E+002   2.293534E-002
   6.450000E+002   2.291534E-002
   6.460000E+002   2.289858E-002
   6.470000E+002   2.288509E-002
   6.480000E+002   2.287489E-002
   6.490000E+002   2.286800E-002
   6.500000E+002   2.286445E-002
   6.510000E+002   2.286425E-002
   6.520000E+002   2.286736E-002
   6.530000E+002   2.287373E-002
   6.540000E+002   2.288332E-002
   6.550000E+002   2.289608E-002
   6.560000E+002   2.291197E-002
   6.570000E+002   2.293092E-002
   6.580000E+002   2.295290E-002
   6.590000E+002   2.297786E-002
   6.600000E+002   2.300575E-002
   6.610000E+002   2.303652E-002
   6.620000E+002   2.307013E-002
   6.630000E+002   2.310652E-002
   6.640000E+002   2.314566E-002
   6.650000E+002   2.318748E-002
   6.660000E+002   2.323195E-002
   6.670000E+002   2.327902E-002
   6.680000E+002   2.332863E-002
   6.690000E+002   2.338074E-002
   6.700000E+002   2.343531E-002
   6.710000E+002   2.349228E-002
   6.720000E+002   2.355161E-002
   6.730000E+002   2.361325E-002
   6.740000E+002   2.367715E-002
   6.750000E+002   2.374327E-002
   6.760000E+002   2.381155E-002
   6.770000E+002   2.388195E-002
   6.780000E+002   2.395443E-002
   6.790000E+002   2.402892E-002
   6.800000E+002   2.410539E-002
   6.810000E+002   2.418379E-002
   6.820000E+002   2.426407E-002
   6.830000E+002   2.434618E-002
   6.840000E+002   2.443008E-002
   6.850000E+002   2.451571E-002
   6.860000E+002   2.460304E-002
   6.870000E+002   2.469200E-002
   6.880000E+002   2.478256E-002
   6.890000E+002   2.487466E-002
   6.900000E+002   2.496826E-002
   6.910000E+002   2.506331E-002
   6.920000E+002   2.515977E-002
   6.930000E+002   2.525758E-002
   6.940000E+002   2.535670E-002
   6.950000E+002   2.545707E-002
   6.960000E+002   2.555866E-002
   6.970000E+002   2.566141E-002
   6.980000E+002   2.576528E-002
   6.990000E+002   2.587022E-002
   7.000000E+002   2.597618E-002
   7.010000E+002   2.608311E-002
   7.020000E+002   2.619093E-002
   7.030000E+002   2.629956E-002
   7.040000E+002   2.640894E-002
   7.050000E+002   2.651897E-002
   7.060000E+002   2.662958E-002
   7.070000E+002   2.674070E-002
   7.080000E+002   2.685223E-002
   7.090000E+002   2.696411E-002
   7.100000E+002   2.707626E-002
   7.110000E+002   2.718859E-002
   7.120000E+002   2.730103E-002
   7.130000E+002   2.741350E-002
   7.140000E+002   2.752592E-002
   7.150000E+002   2.763822E-002
   7.160000E+002   2.775031E-002
   7.170000E+002   2.786211E-002
   7.180000E+002   2.797355E-002
   7.190000E+002   2.808454E-002
   7.200000E+002   2.819502E-002
   7.210000E+002   2.830489E-002
   7.220000E+002   2.841409E-002
   7.230000E+002   2.852253E-002
   7.240000E+002   2.863014E-002
   7.250000E+002   2.873683E-002
   7.260000E+002   2.884253E-002
   7.270000E+002   2.894716E-002
   7.280000E+002   2.905063E-002
   7.290000E+002   2.915288E-002
   7.300000E+002   2.925382E-002
   7.310000E+002   2.935338E-002
   7.320000E+002   2.945147E-002
   7.330000E+002   2.954802E-002
   7.340000E+002   2.964295E-002
   7.350000E+002   2.973617E-002
   7.360000E+002   2.982762E-002
   7.370000E+002   2.991721E-002
   7.380000E+002   3.000486E-002
   7.390000E+002   3.009050E-002
   7.400000E+002   3.017405E-002
   7.410000E+002   3.025542E-002
   7.420000E+002   3.033454E-002
   7.430000E+002   3.041133E-002
   7.440000E+002   3.048572E-002
   7.450000E+002   3.055762E-002
   7.460000E+002   3.062695E-002
   7.470000E+002   3.069364E-002
   7.480000E+002   3.075760E-002
   7.490000E+002   3.081877E-002
   7.500000E+002   3.087705E-002
   7.510000E+002   3.093240E-002
   7.520000E+002   3.098481E-002
   7.530000E+002   3.103432E-002
   7.540000E+002   3.108096E-002
   7.550000E+002   3.112475E-002
   7.560000E+002   3.116572E-002
   7.570000E+002   3.120391E-002
   7.580000E+002   3.123933E-002
   7.590000E+002   3.127202E-002
   7.600000E+002   3.130200E-002
   7.610000E+002   3.132930E-002
   7.620000E+002   3.135396E-002
   7.630000E+002   3.137599E-002
   7.640000E+002   3.139543E-002
   7.650000E+002   3.141231E-002
   7.660000E+002   3.142665E-002
   7.670000E+002   3.143848E-002
   7.680000E+002   3.144782E-002
   7.690000E+002   3.145472E-002
   7.700000E+002   3.145919E-002
   7.710000E+002   3.146127E-002
   7.720000E+002   3.146097E-002
   7.730000E+002   3.145834E-002
   7.740000E+002   3.145339E-002
   7.750000E+002   3.144616E-002
   7.760000E+002   3.143668E-002
   7.770000E+002   3.142496E-002
   7.780000E+002   3.141105E-002
   7.790000E+002   3.139496E-002
   7.800000E+002   3.137673E-002
   7.810000E+002   3.135639E-002
   7.820000E+002   3.133395E-002
   7.830000E+002   3.130946E-002
   7.840000E+002   3.128294E-002
   7.850000E+002   3.125441E-002
   7.860000E+002   3.122391E-002
   7.870000E+002   3.119146E-002
   7.880000E+002   3.115709E-002
   7.890000E+002   3.112084E-002
   7.900000E+002   3.108271E-002
   7.910000E+002   3.104276E-002
   7.920000E+002   3.100100E-002
   7.930000E+002   3.095746E-002
   7.940000E+002   3.091216E-002
   7.950000E+002   3.086515E-002
   7.960000E+002   3.081644E-002
   7.970000E+002   3.076607E-002
   7.980000E+002   3.071406E-002
   7.990000E+002   3.066044E-002
   8.000000E+002   3.060524E-002
   8.010000E+002   3.054847E-002
   8.020000E+002   3.049015E-002
   8.030000E+002   3.043024E-002
   8.040000E+002   3.036875E-002
   8.050000E+002   3.030565E-002
   8.060000E+002   3.024095E-002
   8.070000E+002   3.017462E-002
   8.080000E+002   3.010666E-002
   8.090000E+002   3.003705E-002
   8.100000E+002   2.996578E-002
   8.110000E+002   2.989284E-002
   8.120000E+002   2.981823E-002
   8.130000E+002   2.974191E-002
   8.140000E+002   2.966390E-002
   8.150000E+002   2.958417E-002
   8.160000E+002   2.950271E-002
   8.170000E+002   2.941951E-002
   8.180000E+002   2.933456E-002
   8.190000E+002   2.924785E-002
   8.200000E+002   2.915936E-002
   8.210000E+002   2.906909E-002
   8.220000E+002   2.897702E-002
   8.230000E+002   2.888314E-002
   8.240000E+002   2.878744E-002
   8.250000E+002   2.868991E-002
   8.260000E+002   2.859054E-002
   8.270000E+002   2.848931E-002
   8.280000E+002   2.838621E-002
   8.290000E+002   2.828124E-002
   8.300000E+002   2.817437E-002
   8.310000E+002   2.806560E-002
   8.320000E+002   2.795492E-002
   8.330000E+002   2.784232E-002
   8.340000E+002   2.772778E-002
   8.350000E+002   2.761129E-002
   8.360000E+002   2.749284E-002
   8.370000E+002   2.737242E-002
   8.380000E+002   2.725002E-002
   8.390000E+002   2.712562E-002
   8.400000E+002   2.699921E-002
   8.410000E+002   2.687079E-002
   8.420000E+002   2.674034E-002
   8.430000E+002   2.660785E-002
   8.440000E+002   2.647330E-002
   8.450000E+002   2.633670E-002
   8.460000E+002   2.619801E-002
   8.470000E+002   2.605724E-002
   8.480000E+002   2.591437E-002
   8.490000E+002   2.576939E-002
   8.500000E+002   2.562228E-002
   8.510000E+002   2.547307E-002
   8.520000E+002   2.532180E-002
   8.530000E+002   2.516859E-002
   8.540000E+002   2.501352E-002
   8.550000E+002   2.485669E-002
   8.560000E+002   2.469818E-002
   8.570000E+002   2.453809E-002
   8.580000E+002   2.437651E-002
   8.590000E+002   2.421353E-002
   8.600000E+002   2.404925E-002
   8.610000E+002   2.388375E-002
   8.620000E+002   2.371713E-002
   8.630000E+002   2.354948E-002
   8.640000E+002   2.338089E-002
   8.650000E+002   2.321145E-002
   8.660000E+002   2.304126E-002
   8.670000E+002   2.287041E-002
   8.680000E+002   2.269899E-002
   8.690000E+002   2.252709E-002
   8.700000E+002   2.235481E-002
   8.710000E+002   2.218223E-002
   8.720000E+002   2.200945E-002
   8.730000E+002   2.183655E-002
   8.740000E+002   2.166364E-002
   8.750000E+002   2.149081E-002
   8.760000E+002   2.131813E-002
   8.770000E+002   2.114572E-002
   8.780000E+002   2.097366E-002
   8.790000E+002   2.080203E-002
   8.800000E+002   2.063095E-002
   8.810000E+002   2.046048E-002
   8.820000E+002   2.029074E-002
   8.830000E+002   2.012180E-002
   8.840000E+002   1.995377E-002
   8.850000E+002   1.978672E-002
   8.860000E+002   1.962077E-002
   8.870000E+002   1.945599E-002
   8.880000E+002   1.929248E-002
   8.890000E+002   1.913033E-002
   8.900000E+002   1.896964E-002
   8.910000E+002   1.881049E-002
   8.920000E+002   1.865298E-002
   8.930000E+002   1.849719E-002
   8.940000E+002   1.834323E-002
   8.950000E+002   1.819118E-002
   8.960000E+002   1.804114E-002
   8.970000E+002   1.789319E-002
   8.980000E+002   1.774744E-002
   8.990000E+002   1.760396E-002
   9.000000E+002   1.746286E-002
   9.010000E+002   1.732420E-002
   9.020000E+002   1.718800E-002
   9.030000E+002   1.705424E-002
   9.040000E+002   1.692291E-002
   9.050000E+002   1.679399E-002
   9.060000E+002   1.666749E-002
   9.070000E+002   1.654337E-002
   9.080000E+002   1.642164E-002
   9.090000E+002   1.630228E-002
   9.100000E+002   1.618528E-002
   9.110000E+002   1.607063E-002
   9.120000E+002   1.595831E-002
   9.130000E+002   1.584831E-002
   9.140000E+002   1.574063E-002
   9.150000E+002   1.563525E-002
   9.160000E+002   1.553215E-002
   9.170000E+002   1.543133E-002
   9.180000E+002   1.533278E-002
   9.190000E+002   1.523647E-002
   9.200000E+002   1.514241E-002
   9.210000E+002   1.505058E-002
   9.220000E+002   1.496096E-002
   9.230000E+002   1.487355E-002
   9.240000E+002   1.478834E-002
   9.250000E+002   1.470530E-002
   9.260000E+002   1.462444E-002
   9.270000E+002   1.454573E-002
   9.280000E+002   1.446917E-002
   9.290000E+002   1.439474E-002
   9.300000E+002   1.432244E-002
   9.310000E+002   1.425225E-002
   9.320000E+002   1.418416E-002
   9.330000E+002   1.411815E-002
   9.340000E+002   1.405422E-002
   9.350000E+002   1.399236E-002
   9.360000E+002   1.393254E-002
   9.370000E+002   1.387477E-002
   9.380000E+002   1.381902E-002
   9.390000E+002   1.376530E-002
   9.400000E+002   1.371357E-002
   9.410000E+002   1.366384E-002
   9.420000E+002   1.361609E-002
   9.430000E+002   1.357031E-002
   9.440000E+002   1.352649E-002
   9.450000E+002   1.348461E-002
   9.460000E+002   1.344467E-002
   9.470000E+002   1.340665E-002
   9.480000E+002   1.337054E-002
   9.490000E+002   1.333633E-002
   9.500000E+002   1.330400E-002
   9.510000E+002   1.327355E-002
   9.520000E+002   1.324495E-002
   9.530000E+002   1.321819E-002
   9.540000E+002   1.319325E-002
   9.550000E+002   1.317009E-002
   9.560000E+002   1.314872E-002
   9.570000E+002   1.312910E-002
   9.580000E+002   1.311121E-002
   9.590000E+002   1.309505E-002
   9.600000E+002   1.308057E-002
   9.610000E+002   1.306777E-002
   9.620000E+002   1.305663E-002
   9.630000E+002   1.304712E-002
   9.640000E+002   1.303923E-002
   9.650000E+002   1.303294E-002
   9.660000E+002   1.302822E-002
   9.670000E+002   1.302506E-002
   9.680000E+002   1.302343E-002
   9.690000E+002   1.302332E-002
   9.700000E+002   1.302470E-002
   9.710000E+002   1.302756E-002
   9.720000E+002   1.303188E-002
   9.730000E+002   1.303763E-002
   9.740000E+002   1.304480E-002
   9.750000E+002   1.305337E-002
   9.760000E+002   1.306331E-002
   9.770000E+002   1.307461E-002
   9.780000E+002   1.308725E-002
   9.790000E+002   1.310120E-002
   9.800000E+002   1.311645E-002
   9.810000E+002   1.313298E-002
   9.820000E+002   1.315076E-002
   9.830000E+002   1.316978E-002
   9.840000E+002   1.319002E-002
   9.850000E+002   1.321145E-002
   9.860000E+002   1.323406E-002
   9.870000E+002   1.325783E-002
   9.880000E+002   1.328274E-002
   9.890000E+002   1.330876E-002
   9.900000E+002   1.333588E-002
   9.910000E+002   1.336408E-002
   9.920000E+002   1.339333E-002
   9.930000E+002   1.342362E-002
   9.940000E+002   1.345494E-002
   9.950000E+002   1.348724E-002
   9.960000E+002   1.352053E-002
   9.970000E+002   1.355477E-002
   9.980000E+002   1.358995E-002
   9.990000E+002   1.362605E-002
   1.000000E+003   1.366305E-002
   1.001000E+003   1.370092E-002
   1.002000E+003   1.373963E-002
   1.003000E+003   1.377914E-002
   1.004000E+003   1.381940E-002
   1.005000E+003   1.386039E-002
   1.006000E+003   1.390205E-002
   1.007000E+003   1.394435E-002
   1.008000E+003   1.398726E-002
   1.009000E+003   1.403071E-002
   1.010000E+003   1.407469E-002
   1.011000E+003   1.411915E-002
   1.012000E+003   1.416405E-002
   1.013000E+003   1.420934E-002
   1.014000E+003   1.425500E-002
   1.015000E+003   1.430097E-002
   1.016000E+003   1.434723E-002
   1.017000E+003   1.439372E-002
   1.018000E+003   1.444042E-002
   1.019000E+003   1.448727E-002
   1.020000E+003   1.453425E-002
   1.021000E+003   1.458130E-002
   1.022000E+003   1.462839E-002
   1.023000E+003   1.467549E-002
   1.024000E+003   1.472254E-002
   1.025000E+003   1.476952E-002
   1.026000E+003   1.481638E-002
   1.027000E+003   1.486307E-002
   1.028000E+003   1.490957E-002
   1.029000E+003   1.495583E-002
   1.030000E+003   1.500181E-002
   1.031000E+003   1.504747E-002
   1.032000E+003   1.509278E-002
   1.033000E+003   1.513768E-002
   1.034000E+003   1.518215E-002
   1.035000E+003   1.522613E-002
   1.036000E+003   1.526960E-002
   1.037000E+003   1.531251E-002
   1.038000E+003   1.535483E-002
   1.039000E+003   1.539650E-002
   1.040000E+003   1.543750E-002
   1.041000E+003   1.547778E-002
   1.042000E+003   1.551730E-002
   1.043000E+003   1.555603E-002
   1.044000E+003   1.559391E-002
   1.045000E+003   1.563092E-002
   1.046000E+003   1.566702E-002
   1.047000E+003   1.570215E-002
   1.048000E+003   1.573629E-002
   1.049000E+003   1.576939E-002
   1.050000E+003   1.580142E-002
   1.051000E+003   1.583233E-002
   1.052000E+003   1.586213E-002
   1.053000E+003   1.589080E-002
   1.054000E+003   1.591836E-002
   1.055000E+003   1.594479E-002
   1.056000E+003   1.597010E-002
   1.057000E+003   1.599428E-002
   1.058000E+003   1.601733E-002
   1.059000E+003   1.603926E-002
   1.060000E+003   1.606005E-002
   1.061000E+003   1.607971E-002
   1.062000E+003   1.609824E-002
   1.063000E+003   1.611563E-002
   1.064000E+003   1.613189E-002
   1.065000E+003   1.614700E-002
   1.066000E+003   1.616098E-002
   1.067000E+003   1.617381E-002
   1.068000E+003   1.618550E-002
   1.069000E+003   1.619604E-002
   1.070000E+003   1.620544E-002
   1.071000E+003   1.621369E-002
   1.072000E+003   1.622079E-002
   1.073000E+003   1.622674E-002
   1.074000E+003   1.623153E-002
   1.075000E+003   1.623517E-002
   1.076000E+003   1.623766E-002
   1.077000E+003   1.623898E-002
   1.078000E+003   1.623915E-002
   1.079000E+003   1.623816E-002
   1.080000E+003   1.623600E-002
   1.081000E+003   1.623268E-002
   1.082000E+003   1.622819E-002
   1.083000E+003   1.622254E-002
   1.084000E+003   1.621572E-002
   1.085000E+003   1.620772E-002
   1.086000E+003   1.619856E-002
   1.087000E+003   1.618822E-002
   1.088000E+003   1.617671E-002
   1.089000E+003   1.616402E-002
   1.090000E+003   1.615015E-002
   1.091000E+003   1.613510E-002
   1.092000E+003   1.611887E-002
   1.093000E+003   1.610145E-002
   1.094000E+003   1.608286E-002
   1.095000E+003   1.606307E-002
   1.096000E+003   1.604210E-002
   1.097000E+003   1.601994E-002
   1.098000E+003   1.599659E-002
   1.099000E+003   1.597204E-002
   1.100000E+003   1.594630E-002
   1.101000E+003   1.591937E-002
   1.102000E+003   1.589126E-002
   1.103000E+003   1.586200E-002
   1.104000E+003   1.583160E-002
   1.105000E+003   1.580009E-002
   1.106000E+003   1.576748E-002
   1.107000E+003   1.573379E-002
   1.108000E+003   1.569905E-002
   1.109000E+003   1.566327E-002
   1.110000E+003   1.562647E-002
   1.111000E+003   1.558868E-002
   1.112000E+003   1.554992E-002
   1.113000E+003   1.551020E-002
   1.114000E+003   1.546954E-002
   1.115000E+003   1.542796E-002
   1.116000E+003   1.538549E-002
   1.117000E+003   1.534215E-002
   1.118000E+003   1.529794E-002
   1.119000E+003   1.525290E-002
   1.120000E+003   1.520705E-002
   1.121000E+003   1.516040E-002
   1.122000E+003   1.511297E-002
   1.123000E+003   1.506479E-002
   1.124000E+003   1.501587E-002
   1.125000E+003   1.496623E-002
   1.126000E+003   1.491590E-002
   1.127000E+003   1.486489E-002
   1.128000E+003   1.481322E-002
   1.129000E+003   1.476092E-002
   1.130000E+003   1.470800E-002
   1.131000E+003   1.465449E-002
   1.132000E+003   1.460040E-002
   1.133000E+003   1.454575E-002
   1.134000E+003   1.449057E-002
   1.135000E+003   1.443487E-002
   1.136000E+003   1.437867E-002
   1.137000E+003   1.432200E-002
   1.138000E+003   1.426487E-002
   1.139000E+003   1.420730E-002
   1.140000E+003   1.414932E-002
   1.141000E+003   1.409094E-002
   1.142000E+003   1.403218E-002
   1.143000E+003   1.397307E-002
   1.144000E+003   1.391362E-002
   1.145000E+003   1.385386E-002
   1.146000E+003   1.379379E-002
   1.147000E+003   1.373345E-002
   1.148000E+003   1.367286E-002
   1.149000E+003   1.361202E-002
   1.150000E+003   1.355097E-002
   1.151000E+003   1.348972E-002
   1.152000E+003   1.342828E-002
   1.153000E+003   1.336665E-002
   1.154000E+003   1.330483E-002
   1.155000E+003   1.324283E-002
   1.156000E+003   1.318066E-002
   1.157000E+003   1.311831E-002
   1.158000E+003   1.305579E-002
   1.159000E+003   1.299311E-002
   1.160000E+003   1.293027E-002
   1.161000E+003   1.286727E-002
   1.162000E+003   1.280411E-002
   1.163000E+003   1.274081E-002
   1.164000E+003   1.267736E-002
   1.165000E+003   1.261376E-002
   1.166000E+003   1.255003E-002
   1.167000E+003   1.248617E-002
   1.168000E+003   1.242218E-002
   1.169000E+003   1.235806E-002
   1.170000E+003   1.229381E-002
   1.171000E+003   1.222945E-002
   1.172000E+003   1.216498E-002
   1.173000E+003   1.210040E-002
   1.174000E+003   1.203571E-002
   1.175000E+003   1.197091E-002
   1.176000E+003   1.190602E-002
   1.177000E+003   1.184104E-002
   1.178000E+003   1.177596E-002
   1.179000E+003   1.171080E-002
   1.180000E+003   1.164555E-002
   1.181000E+003   1.158023E-002
   1.182000E+003   1.151483E-002
   1.183000E+003   1.144936E-002
   1.184000E+003   1.138382E-002
   1.185000E+003   1.131822E-002
   1.186000E+003   1.125256E-002
   1.187000E+003   1.118685E-002
   1.188000E+003   1.112108E-002
   1.189000E+003   1.105527E-002
   1.190000E+003   1.098941E-002
   1.191000E+003   1.092352E-002
   1.192000E+003   1.085759E-002
   1.193000E+003   1.079163E-002
   1.194000E+003   1.072564E-002
   1.195000E+003   1.065962E-002
   1.196000E+003   1.059359E-002
   1.197000E+003   1.052754E-002
   1.198000E+003   1.046148E-002
   1.199000E+003   1.039541E-002
   1.200000E+003   1.032934E-002
