   2.000000E+000   3.827466E-001
   3.000000E+000   1.932101E-001
   4.000000E+000   1.482096E-001
   5.000000E+000   1.336950E-001
   6.000000E+000   1.182794E-001
   7.000000E+000   1.079736E-001
   8.000000E+000   1.012491E-001
   9.000000E+000   9.533587E-002
   1.000000E+001   9.003828E-002
   1.100000E+001   8.567532E-002
   1.200000E+001   8.205104E-002
   1.300000E+001   7.888678E-002
   1.400000E+001   7.608791E-002
   1.500000E+001   7.360580E-002
   1.600000E+001   7.139470E-002
   1.700000E+001   6.942039E-002
   1.800000E+001   6.765152E-002
   1.900000E+001   6.605675E-002
   2.000000E+001   6.460473E-002
   2.100000E+001   6.326819E-002
   2.200000E+001   6.203616E-002
   2.300000E+001   6.090174E-002
   2.400000E+001   5.985805E-002
   2.500000E+001   5.889818E-002
   2.600000E+001   5.801526E-002
   2.700000E+001   5.720237E-002
   2.800000E+001   5.645264E-002
   2.900000E+001   5.575916E-002
   3.000000E+001   5.511505E-002
   3.100000E+001   5.451426E-002
   3.200000E+001   5.395416E-002
   3.300000E+001   5.343299E-002
   3.400000E+001   5.294895E-002
   3.500000E+001   5.250029E-002
   3.600000E+001   5.208521E-002
   3.700000E+001   5.170195E-002
   3.800000E+001   5.134872E-002
   3.900000E+001   5.102376E-002
   4.000000E+001   5.072528E-002
   4.100000E+001   5.045172E-002
   4.200000E+001   5.020234E-002
   4.300000E+001   4.997662E-002
   4.400000E+001   4.977401E-002
   4.500000E+001   4.959401E-002
   4.600000E+001   4.943607E-002
   4.700000E+001   4.929967E-002
   4.800000E+001   4.918429E-002
   4.900000E+001   4.908938E-002
   5.000000E+001   4.901443E-002
   5.100000E+001   4.895895E-002
   5.200000E+001   4.892263E-002
   5.300000E+001   4.890518E-002
   5.400000E+001   4.890634E-002
   5.500000E+001   4.892584E-002
   5.600000E+001   4.896341E-002
   5.700000E+001   4.901877E-002
   5.800000E+001   4.909164E-002
   5.900000E+001   4.918176E-002
   6.000000E+001   4.928886E-002
   6.100000E+001   4.941268E-002
   6.200000E+001   4.955301E-002
   6.300000E+001   4.970967E-002
   6.400000E+001   4.988247E-002
   6.500000E+001   5.007123E-002
   6.600000E+001   5.027575E-002
   6.700000E+001   5.049586E-002
   6.800000E+001   5.073137E-002
   6.900000E+001   5.098208E-002
   7.000000E+001   5.124782E-002
   7.100000E+001   5.152840E-002
   7.200000E+001   5.182371E-002
   7.300000E+001   5.213361E-002
   7.400000E+001   5.245799E-002
   7.500000E+001   5.279673E-002
   7.600000E+001   5.314971E-002
   7.700000E+001   5.351682E-002
   7.800000E+001   5.389793E-002
   7.900000E+001   5.429293E-002
   8.000000E+001   5.470169E-002
   8.100000E+001   5.512407E-002
   8.200000E+001   5.555979E-002
   8.300000E+001   5.600857E-002
   8.400000E+001   5.647008E-002
   8.500000E+001   5.694403E-002
   8.600000E+001   5.743013E-002
   8.700000E+001   5.792806E-002
   8.800000E+001   5.843753E-002
   8.900000E+001   5.895824E-002
   9.000000E+001   5.948987E-002
   9.100000E+001   6.003215E-002
   9.200000E+001   6.058478E-002
   9.300000E+001   6.114751E-002
   9.400000E+001   6.172006E-002
   9.500000E+001   6.230216E-002
   9.600000E+001   6.289355E-002
   9.700000E+001   6.349394E-002
   9.800000E+001   6.410308E-002
   9.900000E+001   6.472069E-002
   1.000000E+002   6.534650E-002
   1.010000E+002   6.598024E-002
   1.020000E+002   6.662168E-002
   1.030000E+002   6.727057E-002
   1.040000E+002   6.792666E-002
   1.050000E+002   6.858971E-002
   1.060000E+002   6.925949E-002
   1.070000E+002   6.993574E-002
   1.080000E+002   7.061824E-002
   1.090000E+002   7.130673E-002
   1.100000E+002   7.200097E-002
   1.110000E+002   7.270072E-002
   1.120000E+002   7.340575E-002
   1.130000E+002   7.411580E-002
   1.140000E+002   7.483064E-002
   1.150000E+002   7.555002E-002
   1.160000E+002   7.627370E-002
   1.170000E+002   7.700144E-002
   1.180000E+002   7.773300E-002
   1.190000E+002   7.846813E-002
   1.200000E+002   7.920660E-002
   1.210000E+002   7.994814E-002
   1.220000E+002   8.069245E-002
   1.230000E+002   8.143919E-002
   1.240000E+002   8.218802E-002
   1.250000E+002   8.293863E-002
   1.260000E+002   8.369068E-002
   1.270000E+002   8.444384E-002
   1.280000E+002   8.519778E-002
   1.290000E+002   8.595218E-002
   1.300000E+002   8.670669E-002
   1.310000E+002   8.746099E-002
   1.320000E+002   8.821476E-002
   1.330000E+002   8.896765E-002
   1.340000E+002   8.971935E-002
   1.350000E+002   9.046951E-002
   1.360000E+002   9.121782E-002
   1.370000E+002   9.196394E-002
   1.380000E+002   9.270753E-002
   1.390000E+002   9.344828E-002
   1.400000E+002   9.418585E-002
   1.410000E+002   9.491990E-002
   1.420000E+002   9.565008E-002
   1.430000E+002   9.637602E-002
   1.440000E+002   9.709736E-002
   1.450000E+002   9.781374E-002
   1.460000E+002   9.852480E-002
   1.470000E+002   9.923017E-002
   1.480000E+002   9.992948E-002
   1.490000E+002   1.006224E-001
   1.500000E+002   1.013085E-001
   1.510000E+002   1.019875E-001
   1.520000E+002   1.026590E-001
   1.530000E+002   1.033226E-001
   1.540000E+002   1.039780E-001
   1.550000E+002   1.046247E-001
   1.560000E+002   1.052626E-001
   1.570000E+002   1.058911E-001
   1.580000E+002   1.065099E-001
   1.590000E+002   1.071187E-001
   1.600000E+002   1.077171E-001
   1.610000E+002   1.083047E-001
   1.620000E+002   1.088816E-001
   1.630000E+002   1.094475E-001
   1.640000E+002   1.100026E-001
   1.650000E+002   1.105468E-001
   1.660000E+002   1.110799E-001
   1.670000E+002   1.116020E-001
   1.680000E+002   1.121131E-001
   1.690000E+002   1.126130E-001
   1.700000E+002   1.131018E-001
   1.710000E+002   1.135793E-001
   1.720000E+002   1.140457E-001
   1.730000E+002   1.145007E-001
   1.740000E+002   1.149444E-001
   1.750000E+002   1.153768E-001
   1.760000E+002   1.157977E-001
   1.770000E+002   1.162071E-001
   1.780000E+002   1.166051E-001
   1.790000E+002   1.169915E-001
   1.800000E+002   1.173664E-001
   1.810000E+002   1.177295E-001
   1.820000E+002   1.180807E-001
   1.830000E+002   1.184195E-001
   1.840000E+002   1.187457E-001
   1.850000E+002   1.190589E-001
   1.860000E+002   1.193587E-001
   1.870000E+002   1.196448E-001
   1.880000E+002   1.199169E-001
   1.890000E+002   1.201745E-001
   1.900000E+002   1.204174E-001
   1.910000E+002   1.206453E-001
   1.920000E+002   1.208577E-001
   1.930000E+002   1.210543E-001
   1.940000E+002   1.212348E-001
   1.950000E+002   1.213989E-001
   1.960000E+002   1.215461E-001
   1.970000E+002   1.216762E-001
   1.980000E+002   1.217887E-001
   1.990000E+002   1.218834E-001
   2.000000E+002   1.219600E-001
   2.010000E+002   1.220180E-001
   2.020000E+002   1.220578E-001
   2.030000E+002   1.220796E-001
   2.040000E+002   1.220835E-001
   2.050000E+002   1.220699E-001
   2.060000E+002   1.220390E-001
   2.070000E+002   1.219911E-001
   2.080000E+002   1.219263E-001
   2.090000E+002   1.218450E-001
   2.100000E+002   1.217474E-001
   2.110000E+002   1.216338E-001
   2.120000E+002   1.215043E-001
   2.130000E+002   1.213593E-001
   2.140000E+002   1.211990E-001
   2.150000E+002   1.210236E-001
   2.160000E+002   1.208334E-001
   2.170000E+002   1.206287E-001
   2.180000E+002   1.204096E-001
   2.190000E+002   1.201765E-001
   2.200000E+002   1.199296E-001
   2.210000E+002   1.196691E-001
   2.220000E+002   1.193952E-001
   2.230000E+002   1.191084E-001
   2.240000E+002   1.188087E-001
   2.250000E+002   1.184964E-001
   2.260000E+002   1.181718E-001
   2.270000E+002   1.178349E-001
   2.280000E+002   1.174859E-001
   2.290000E+002   1.171248E-001
   2.300000E+002   1.167518E-001
   2.310000E+002   1.163669E-001
   2.320000E+002   1.159702E-001
   2.330000E+002   1.155618E-001
   2.340000E+002   1.151417E-001
   2.350000E+002   1.147102E-001
   2.360000E+002   1.142672E-001
   2.370000E+002   1.138128E-001
   2.380000E+002   1.133472E-001
   2.390000E+002   1.128703E-001
   2.400000E+002   1.123824E-001
   2.410000E+002   1.118835E-001
   2.420000E+002   1.113737E-001
   2.430000E+002   1.108530E-001
   2.440000E+002   1.103217E-001
   2.450000E+002   1.097796E-001
   2.460000E+002   1.092270E-001
   2.470000E+002   1.086639E-001
   2.480000E+002   1.080904E-001
   2.490000E+002   1.075066E-001
   2.500000E+002   1.069126E-001
   2.510000E+002   1.063085E-001
   2.520000E+002   1.056946E-001
   2.530000E+002   1.050712E-001
   2.540000E+002   1.044385E-001
   2.550000E+002   1.037969E-001
   2.560000E+002   1.031467E-001
   2.570000E+002   1.024882E-001
   2.580000E+002   1.018216E-001
   2.590000E+002   1.011473E-001
   2.600000E+002   1.004656E-001
   2.610000E+002   9.977684E-002
   2.620000E+002   9.908122E-002
   2.630000E+002   9.837908E-002
   2.640000E+002   9.767073E-002
   2.650000E+002   9.695647E-002
   2.660000E+002   9.623659E-002
   2.670000E+002   9.551141E-002
   2.680000E+002   9.478121E-002
   2.690000E+002   9.404630E-002
   2.700000E+002   9.330699E-002
   2.710000E+002   9.256357E-002
   2.720000E+002   9.181634E-002
   2.730000E+002   9.106561E-002
   2.740000E+002   9.031167E-002
   2.750000E+002   8.955483E-002
   2.760000E+002   8.879539E-002
   2.770000E+002   8.803364E-002
   2.780000E+002   8.726989E-002
   2.790000E+002   8.650443E-002
   2.800000E+002   8.573755E-002
   2.810000E+002   8.496956E-002
   2.820000E+002   8.420075E-002
   2.830000E+002   8.343143E-002
   2.840000E+002   8.266188E-002
   2.850000E+002   8.189241E-002
   2.860000E+002   8.112331E-002
   2.870000E+002   8.035488E-002
   2.880000E+002   7.958742E-002
   2.890000E+002   7.882123E-002
   2.900000E+002   7.805660E-002
   2.910000E+002   7.729383E-002
   2.920000E+002   7.653322E-002
   2.930000E+002   7.577507E-002
   2.940000E+002   7.501967E-002
   2.950000E+002   7.426732E-002
   2.960000E+002   7.351832E-002
   2.970000E+002   7.277296E-002
   2.980000E+002   7.203155E-002
   2.990000E+002   7.129439E-002
   3.000000E+002   7.056176E-002
   3.010000E+002   6.983394E-002
   3.020000E+002   6.911108E-002
   3.030000E+002   6.839331E-002
   3.040000E+002   6.768076E-002
   3.050000E+002   6.697356E-002
   3.060000E+002   6.627182E-002
   3.070000E+002   6.557569E-002
   3.080000E+002   6.488528E-002
   3.090000E+002   6.420073E-002
   3.100000E+002   6.352215E-002
   3.110000E+002   6.284968E-002
   3.120000E+002   6.218345E-002
   3.130000E+002   6.152357E-002
   3.140000E+002   6.087019E-002
   3.150000E+002   6.022342E-002
   3.160000E+002   5.958339E-002
   3.170000E+002   5.895023E-002
   3.180000E+002   5.832406E-002
   3.190000E+002   5.770502E-002
   3.200000E+002   5.709323E-002
   3.210000E+002   5.648882E-002
   3.220000E+002   5.589191E-002
   3.230000E+002   5.530263E-002
   3.240000E+002   5.472111E-002
   3.250000E+002   5.414748E-002
   3.260000E+002   5.358186E-002
   3.270000E+002   5.302437E-002
   3.280000E+002   5.247516E-002
   3.290000E+002   5.193434E-002
   3.300000E+002   5.140203E-002
   3.310000E+002   5.087838E-002
   3.320000E+002   5.036350E-002
   3.330000E+002   4.985752E-002
   3.340000E+002   4.936057E-002
   3.350000E+002   4.887278E-002
   3.360000E+002   4.839427E-002
   3.370000E+002   4.792516E-002
   3.380000E+002   4.746560E-002
   3.390000E+002   4.701570E-002
   3.400000E+002   4.657559E-002
   3.410000E+002   4.614540E-002
   3.420000E+002   4.572525E-002
   3.430000E+002   4.531527E-002
   3.440000E+002   4.491560E-002
   3.450000E+002   4.452635E-002
   3.460000E+002   4.414765E-002
   3.470000E+002   4.377963E-002
   3.480000E+002   4.342242E-002
   3.490000E+002   4.307614E-002
   3.500000E+002   4.274093E-002
   3.510000E+002   4.241687E-002
   3.520000E+002   4.210391E-002
   3.530000E+002   4.180199E-002
   3.540000E+002   4.151101E-002
   3.550000E+002   4.123090E-002
   3.560000E+002   4.096158E-002
   3.570000E+002   4.070297E-002
   3.580000E+002   4.045499E-002
   3.590000E+002   4.021755E-002
   3.600000E+002   3.999058E-002
   3.610000E+002   3.977400E-002
   3.620000E+002   3.956773E-002
   3.630000E+002   3.937169E-002
   3.640000E+002   3.918579E-002
   3.650000E+002   3.900997E-002
   3.660000E+002   3.884413E-002
   3.670000E+002   3.868820E-002
   3.680000E+002   3.854210E-002
   3.690000E+002   3.840575E-002
   3.700000E+002   3.827906E-002
   3.710000E+002   3.816196E-002
   3.720000E+002   3.805438E-002
   3.730000E+002   3.795622E-002
   3.740000E+002   3.786740E-002
   3.750000E+002   3.778786E-002
   3.760000E+002   3.771751E-002
   3.770000E+002   3.765626E-002
   3.780000E+002   3.760404E-002
   3.790000E+002   3.756077E-002
   3.800000E+002   3.752637E-002
   3.810000E+002   3.750076E-002
   3.820000E+002   3.748385E-002
   3.830000E+002   3.747558E-002
   3.840000E+002   3.747585E-002
   3.850000E+002   3.748459E-002
   3.860000E+002   3.750172E-002
   3.870000E+002   3.752716E-002
   3.880000E+002   3.756082E-002
   3.890000E+002   3.760264E-002
   3.900000E+002   3.765252E-002
   3.910000E+002   3.771039E-002
   3.920000E+002   3.777617E-002
   3.930000E+002   3.784978E-002
   3.940000E+002   3.793114E-002
   3.950000E+002   3.802016E-002
   3.960000E+002   3.811678E-002
   3.970000E+002   3.822090E-002
   3.980000E+002   3.833245E-002
   3.990000E+002   3.845135E-002
   4.000000E+002   3.857752E-002
   4.010000E+002   3.871085E-002
   4.020000E+002   3.885116E-002
   4.030000E+002   3.899823E-002
   4.040000E+002   3.915184E-002
   4.050000E+002   3.931178E-002
   4.060000E+002   3.947784E-002
   4.070000E+002   3.964980E-002
   4.080000E+002   3.982745E-002
   4.090000E+002   4.001057E-002
   4.100000E+002   4.019895E-002
   4.110000E+002   4.039238E-002
   4.120000E+002   4.059063E-002
   4.130000E+002   4.079350E-002
   4.140000E+002   4.100076E-002
   4.150000E+002   4.121222E-002
   4.160000E+002   4.142764E-002
   4.170000E+002   4.164682E-002
   4.180000E+002   4.186955E-002
   4.190000E+002   4.209560E-002
   4.200000E+002   4.232476E-002
   4.210000E+002   4.255683E-002
   4.220000E+002   4.279158E-002
   4.230000E+002   4.302879E-002
   4.240000E+002   4.326827E-002
   4.250000E+002   4.350978E-002
   4.260000E+002   4.375313E-002
   4.270000E+002   4.399808E-002
   4.280000E+002   4.424443E-002
   4.290000E+002   4.449197E-002
   4.300000E+002   4.474047E-002
   4.310000E+002   4.498973E-002
   4.320000E+002   4.523952E-002
   4.330000E+002   4.548965E-002
   4.340000E+002   4.573988E-002
   4.350000E+002   4.599001E-002
   4.360000E+002   4.623982E-002
   4.370000E+002   4.648910E-002
   4.380000E+002   4.673763E-002
   4.390000E+002   4.698520E-002
   4.400000E+002   4.723159E-002
   4.410000E+002   4.747660E-002
   4.420000E+002   4.771999E-002
   4.430000E+002   4.796157E-002
   4.440000E+002   4.820112E-002
   4.450000E+002   4.843841E-002
   4.460000E+002   4.867324E-002
   4.470000E+002   4.890540E-002
   4.480000E+002   4.913466E-002
   4.490000E+002   4.936082E-002
   4.500000E+002   4.958366E-002
   4.510000E+002   4.980299E-002
   4.520000E+002   5.001877E-002
   4.530000E+002   5.023097E-002
   4.540000E+002   5.043957E-002
   4.550000E+002   5.064457E-002
   4.560000E+002   5.084592E-002
   4.570000E+002   5.104362E-002
   4.580000E+002   5.123765E-002
   4.590000E+002   5.142798E-002
   4.600000E+002   5.161459E-002
   4.610000E+002   5.179747E-002
   4.620000E+002   5.197660E-002
   4.630000E+002   5.215195E-002
   4.640000E+002   5.232350E-002
   4.650000E+002   5.249124E-002
   4.660000E+002   5.265514E-002
   4.670000E+002   5.281519E-002
   4.680000E+002   5.297136E-002
   4.690000E+002   5.312364E-002
   4.700000E+002   5.327201E-002
   4.710000E+002   5.341643E-002
   4.720000E+002   5.355691E-002
   4.730000E+002   5.369340E-002
   4.740000E+002   5.382591E-002
   4.750000E+002   5.395439E-002
   4.760000E+002   5.407885E-002
   4.770000E+002   5.419924E-002
   4.780000E+002   5.431557E-002
   4.790000E+002   5.442779E-002
   4.800000E+002   5.453591E-002
   4.810000E+002   5.463988E-002
   4.820000E+002   5.473971E-002
   4.830000E+002   5.483536E-002
   4.840000E+002   5.492681E-002
   4.850000E+002   5.501405E-002
   4.860000E+002   5.509705E-002
   4.870000E+002   5.517580E-002
   4.880000E+002   5.525027E-002
   4.890000E+002   5.532045E-002
   4.900000E+002   5.538631E-002
   4.910000E+002   5.544784E-002
   4.920000E+002   5.550501E-002
   4.930000E+002   5.555781E-002
   4.940000E+002   5.560622E-002
   4.950000E+002   5.565021E-002
   4.960000E+002   5.568976E-002
   4.970000E+002   5.572486E-002
   4.980000E+002   5.575549E-002
   4.990000E+002   5.578162E-002
   5.000000E+002   5.580323E-002
   5.010000E+002   5.582032E-002
   5.020000E+002   5.583288E-002
   5.030000E+002   5.584092E-002
   5.040000E+002   5.584446E-002
   5.050000E+002   5.584349E-002
   5.060000E+002   5.583804E-002
   5.070000E+002   5.582810E-002
   5.080000E+002   5.581369E-002
   5.090000E+002   5.579481E-002
   5.100000E+002   5.577148E-002
   5.110000E+002   5.574371E-002
   5.120000E+002   5.571149E-002
   5.130000E+002   5.567485E-002
   5.140000E+002   5.563378E-002
   5.150000E+002   5.558831E-002
   5.160000E+002   5.553843E-002
   5.170000E+002   5.548415E-002
   5.180000E+002   5.542550E-002
   5.190000E+002   5.536246E-002
   5.200000E+002   5.529506E-002
   5.210000E+002   5.522330E-002
   5.220000E+002   5.514719E-002
   5.230000E+002   5.506674E-002
   5.240000E+002   5.498195E-002
   5.250000E+002   5.489284E-002
   5.260000E+002   5.479942E-002
   5.270000E+002   5.470169E-002
   5.280000E+002   5.459966E-002
   5.290000E+002   5.449335E-002
   5.300000E+002   5.438275E-002
   5.310000E+002   5.426789E-002
   5.320000E+002   5.414876E-002
   5.330000E+002   5.402538E-002
   5.340000E+002   5.389775E-002
   5.350000E+002   5.376589E-002
   5.360000E+002   5.362980E-002
   5.370000E+002   5.348950E-002
   5.380000E+002   5.334498E-002
   5.390000E+002   5.319626E-002
   5.400000E+002   5.304336E-002
   5.410000E+002   5.288627E-002
   5.420000E+002   5.272500E-002
   5.430000E+002   5.255957E-002
   5.440000E+002   5.238998E-002
   5.450000E+002   5.221625E-002
   5.460000E+002   5.203837E-002
   5.470000E+002   5.185637E-002
   5.480000E+002   5.167024E-002
   5.490000E+002   5.148001E-002
   5.500000E+002   5.128566E-002
   5.510000E+002   5.108725E-002
   5.520000E+002   5.088491E-002
   5.530000E+002   5.067881E-002
   5.540000E+002   5.046910E-002
   5.550000E+002   5.025596E-002
   5.560000E+002   5.003955E-002
   5.570000E+002   4.982003E-002
   5.580000E+002   4.959757E-002
   5.590000E+002   4.937234E-002
   5.600000E+002   4.914450E-002
   5.610000E+002   4.891421E-002
   5.620000E+002   4.868164E-002
   5.630000E+002   4.844696E-002
   5.640000E+002   4.821033E-002
   5.650000E+002   4.797191E-002
   5.660000E+002   4.773187E-002
   5.670000E+002   4.749037E-002
   5.680000E+002   4.724759E-002
   5.690000E+002   4.700368E-002
   5.700000E+002   4.675881E-002
   5.710000E+002   4.651314E-002
   5.720000E+002   4.626684E-002
   5.730000E+002   4.602008E-002
   5.740000E+002   4.577301E-002
   5.750000E+002   4.552582E-002
   5.760000E+002   4.527865E-002
   5.770000E+002   4.503167E-002
   5.780000E+002   4.478505E-002
   5.790000E+002   4.453896E-002
   5.800000E+002   4.429356E-002
   5.810000E+002   4.404901E-002
   5.820000E+002   4.380548E-002
   5.830000E+002   4.356313E-002
   5.840000E+002   4.332214E-002
   5.850000E+002   4.308266E-002
   5.860000E+002   4.284485E-002
   5.870000E+002   4.260889E-002
   5.880000E+002   4.237494E-002
   5.890000E+002   4.214317E-002
   5.900000E+002   4.191373E-002
   5.910000E+002   4.168680E-002
   5.920000E+002   4.146253E-002
   5.930000E+002   4.124110E-002
   5.940000E+002   4.102267E-002
   5.950000E+002   4.080741E-002
   5.960000E+002   4.059547E-002
   5.970000E+002   4.038702E-002
   5.980000E+002   4.018224E-002
   5.990000E+002   3.998127E-002
   6.000000E+002   3.978430E-002
   6.010000E+002   3.959145E-002
   6.020000E+002   3.940277E-002
   6.030000E+002   3.921826E-002
   6.040000E+002   3.903793E-002
   6.050000E+002   3.886179E-002
   6.060000E+002   3.868986E-002
   6.070000E+002   3.852213E-002
   6.080000E+002   3.835862E-002
   6.090000E+002   3.819934E-002
   6.100000E+002   3.804429E-002
   6.110000E+002   3.789350E-002
   6.120000E+002   3.774696E-002
   6.130000E+002   3.760468E-002
   6.140000E+002   3.746668E-002
   6.150000E+002   3.733296E-002
   6.160000E+002   3.720354E-002
   6.170000E+002   3.707842E-002
   6.180000E+002   3.695761E-002
   6.190000E+002   3.684112E-002
   6.200000E+002   3.672896E-002
   6.210000E+002   3.662114E-002
   6.220000E+002   3.651767E-002
   6.230000E+002   3.641856E-002
   6.240000E+002   3.632382E-002
   6.250000E+002   3.623345E-002
   6.260000E+002   3.614747E-002
   6.270000E+002   3.606589E-002
   6.280000E+002   3.598871E-002
   6.290000E+002   3.591594E-002
   6.300000E+002   3.584760E-002
   6.310000E+002   3.578369E-002
   6.320000E+002   3.572422E-002
   6.330000E+002   3.566921E-002
   6.340000E+002   3.561865E-002
   6.350000E+002   3.557257E-002
   6.360000E+002   3.553096E-002
   6.370000E+002   3.549384E-002
   6.380000E+002   3.546122E-002
   6.390000E+002   3.543311E-002
   6.400000E+002   3.540951E-002
   6.410000E+002   3.539044E-002
   6.420000E+002   3.537591E-002
   6.430000E+002   3.536592E-002
   6.440000E+002   3.536048E-002
   6.450000E+002   3.535961E-002
   6.460000E+002   3.536331E-002
   6.470000E+002   3.537159E-002
   6.480000E+002   3.538446E-002
   6.490000E+002   3.540193E-002
   6.500000E+002   3.542401E-002
   6.510000E+002   3.545069E-002
   6.520000E+002   3.548192E-002
   6.530000E+002   3.551760E-002
   6.540000E+002   3.555767E-002
   6.550000E+002   3.560205E-002
   6.560000E+002   3.565065E-002
   6.570000E+002   3.570340E-002
   6.580000E+002   3.576022E-002
   6.590000E+002   3.582103E-002
   6.600000E+002   3.588575E-002
   6.610000E+002   3.595431E-002
   6.620000E+002   3.602662E-002
   6.630000E+002   3.610261E-002
   6.640000E+002   3.618219E-002
   6.650000E+002   3.626530E-002
   6.660000E+002   3.635185E-002
   6.670000E+002   3.644176E-002
   6.680000E+002   3.653496E-002
   6.690000E+002   3.663136E-002
   6.700000E+002   3.673090E-002
   6.710000E+002   3.683348E-002
   6.720000E+002   3.693903E-002
   6.730000E+002   3.704747E-002
   6.740000E+002   3.715873E-002
   6.750000E+002   3.727272E-002
   6.760000E+002   3.738937E-002
   6.770000E+002   3.750860E-002
   6.780000E+002   3.763033E-002
   6.790000E+002   3.775448E-002
   6.800000E+002   3.788097E-002
   6.810000E+002   3.800973E-002
   6.820000E+002   3.814067E-002
   6.830000E+002   3.827372E-002
   6.840000E+002   3.840880E-002
   6.850000E+002   3.854583E-002
   6.860000E+002   3.868473E-002
   6.870000E+002   3.882543E-002
   6.880000E+002   3.896784E-002
   6.890000E+002   3.911189E-002
   6.900000E+002   3.925750E-002
   6.910000E+002   3.940458E-002
   6.920000E+002   3.955307E-002
   6.930000E+002   3.970288E-002
   6.940000E+002   3.985394E-002
   6.950000E+002   4.000616E-002
   6.960000E+002   4.015947E-002
   6.970000E+002   4.031378E-002
   6.980000E+002   4.046903E-002
   6.990000E+002   4.062513E-002
   7.000000E+002   4.078200E-002
   7.010000E+002   4.093957E-002
   7.020000E+002   4.109774E-002
   7.030000E+002   4.125642E-002
   7.040000E+002   4.141551E-002
   7.050000E+002   4.157493E-002
   7.060000E+002   4.173458E-002
   7.070000E+002   4.189437E-002
   7.080000E+002   4.205421E-002
   7.090000E+002   4.221400E-002
   7.100000E+002   4.237365E-002
   7.110000E+002   4.253307E-002
   7.120000E+002   4.269217E-002
   7.130000E+002   4.285085E-002
   7.140000E+002   4.300902E-002
   7.150000E+002   4.316659E-002
   7.160000E+002   4.332346E-002
   7.170000E+002   4.347955E-002
   7.180000E+002   4.363476E-002
   7.190000E+002   4.378899E-002
   7.200000E+002   4.394216E-002
   7.210000E+002   4.409417E-002
   7.220000E+002   4.424493E-002
   7.230000E+002   4.439435E-002
   7.240000E+002   4.454233E-002
   7.250000E+002   4.468878E-002
   7.260000E+002   4.483362E-002
   7.270000E+002   4.497673E-002
   7.280000E+002   4.511805E-002
   7.290000E+002   4.525746E-002
   7.300000E+002   4.539488E-002
   7.310000E+002   4.553022E-002
   7.320000E+002   4.566338E-002
   7.330000E+002   4.579427E-002
   7.340000E+002   4.592280E-002
   7.350000E+002   4.604887E-002
   7.360000E+002   4.617240E-002
   7.370000E+002   4.629329E-002
   7.380000E+002   4.641144E-002
   7.390000E+002   4.652677E-002
   7.400000E+002   4.663918E-002
   7.410000E+002   4.674858E-002
   7.420000E+002   4.685488E-002
   7.430000E+002   4.695798E-002
   7.440000E+002   4.705779E-002
   7.450000E+002   4.715422E-002
   7.460000E+002   4.724717E-002
   7.470000E+002   4.733656E-002
   7.480000E+002   4.742229E-002
   7.490000E+002   4.750427E-002
   7.500000E+002   4.758241E-002
   7.510000E+002   4.765662E-002
   7.520000E+002   4.772694E-002
   7.530000E+002   4.779337E-002
   7.540000E+002   4.785596E-002
   7.550000E+002   4.791474E-002
   7.560000E+002   4.796973E-002
   7.570000E+002   4.802097E-002
   7.580000E+002   4.806848E-002
   7.590000E+002   4.811231E-002
   7.600000E+002   4.815247E-002
   7.610000E+002   4.818900E-002
   7.620000E+002   4.822193E-002
   7.630000E+002   4.825129E-002
   7.640000E+002   4.827711E-002
   7.650000E+002   4.829943E-002
   7.660000E+002   4.831827E-002
   7.670000E+002   4.833366E-002
   7.680000E+002   4.834563E-002
   7.690000E+002   4.835422E-002
   7.700000E+002   4.835945E-002
   7.710000E+002   4.836136E-002
   7.720000E+002   4.835998E-002
   7.730000E+002   4.835533E-002
   7.740000E+002   4.834745E-002
   7.750000E+002   4.833636E-002
   7.760000E+002   4.832211E-002
   7.770000E+002   4.830472E-002
   7.780000E+002   4.828421E-002
   7.790000E+002   4.826063E-002
   7.800000E+002   4.823399E-002
   7.810000E+002   4.820434E-002
   7.820000E+002   4.817171E-002
   7.830000E+002   4.813611E-002
   7.840000E+002   4.809759E-002
   7.850000E+002   4.805617E-002
   7.860000E+002   4.801189E-002
   7.870000E+002   4.796478E-002
   7.880000E+002   4.791486E-002
   7.890000E+002   4.786217E-002
   7.900000E+002   4.780673E-002
   7.910000E+002   4.774859E-002
   7.920000E+002   4.768776E-002
   7.930000E+002   4.762428E-002
   7.940000E+002   4.755818E-002
   7.950000E+002   4.748950E-002
   7.960000E+002   4.741825E-002
   7.970000E+002   4.734448E-002
   7.980000E+002   4.726821E-002
   7.990000E+002   4.718947E-002
   8.000000E+002   4.710830E-002
   8.010000E+002   4.702472E-002
   8.020000E+002   4.693872E-002
   8.030000E+002   4.685032E-002
   8.040000E+002   4.675950E-002
   8.050000E+002   4.666627E-002
   8.060000E+002   4.657061E-002
   8.070000E+002   4.647253E-002
   8.080000E+002   4.637202E-002
   8.090000E+002   4.626908E-002
   8.100000E+002   4.616371E-002
   8.110000E+002   4.605590E-002
   8.120000E+002   4.594565E-002
   8.130000E+002   4.583295E-002
   8.140000E+002   4.571781E-002
   8.150000E+002   4.560023E-002
   8.160000E+002   4.548019E-002
   8.170000E+002   4.535769E-002
   8.180000E+002   4.523273E-002
   8.190000E+002   4.510532E-002
   8.200000E+002   4.497544E-002
   8.210000E+002   4.484309E-002
   8.220000E+002   4.470826E-002
   8.230000E+002   4.457097E-002
   8.240000E+002   4.443120E-002
   8.250000E+002   4.428894E-002
   8.260000E+002   4.414420E-002
   8.270000E+002   4.399698E-002
   8.280000E+002   4.384726E-002
   8.290000E+002   4.369506E-002
   8.300000E+002   4.354035E-002
   8.310000E+002   4.338315E-002
   8.320000E+002   4.322344E-002
   8.330000E+002   4.306123E-002
   8.340000E+002   4.289650E-002
   8.350000E+002   4.272927E-002
   8.360000E+002   4.255952E-002
   8.370000E+002   4.238725E-002
   8.380000E+002   4.221246E-002
   8.390000E+002   4.203515E-002
   8.400000E+002   4.185531E-002
   8.410000E+002   4.167294E-002
   8.420000E+002   4.148803E-002
   8.430000E+002   4.130058E-002
   8.440000E+002   4.111060E-002
   8.450000E+002   4.091807E-002
   8.460000E+002   4.072300E-002
   8.470000E+002   4.052537E-002
   8.480000E+002   4.032519E-002
   8.490000E+002   4.012246E-002
   8.500000E+002   3.991717E-002
   8.510000E+002   3.970934E-002
   8.520000E+002   3.949907E-002
   8.530000E+002   3.928652E-002
   8.540000E+002   3.907180E-002
   8.550000E+002   3.885505E-002
   8.560000E+002   3.863641E-002
   8.570000E+002   3.841600E-002
   8.580000E+002   3.819397E-002
   8.590000E+002   3.797044E-002
   8.600000E+002   3.774556E-002
   8.610000E+002   3.751944E-002
   8.620000E+002   3.729223E-002
   8.630000E+002   3.706406E-002
   8.640000E+002   3.683506E-002
   8.650000E+002   3.660537E-002
   8.660000E+002   3.637512E-002
   8.670000E+002   3.614444E-002
   8.680000E+002   3.591347E-002
   8.690000E+002   3.568233E-002
   8.700000E+002   3.545118E-002
   8.710000E+002   3.522012E-002
   8.720000E+002   3.498931E-002
   8.730000E+002   3.475887E-002
   8.740000E+002   3.452894E-002
   8.750000E+002   3.429966E-002
   8.760000E+002   3.407114E-002
   8.770000E+002   3.384353E-002
   8.780000E+002   3.361697E-002
   8.790000E+002   3.339158E-002
   8.800000E+002   3.316749E-002
   8.810000E+002   3.294485E-002
   8.820000E+002   3.272379E-002
   8.830000E+002   3.250443E-002
   8.840000E+002   3.228691E-002
   8.850000E+002   3.207137E-002
   8.860000E+002   3.185794E-002
   8.870000E+002   3.164676E-002
   8.880000E+002   3.143794E-002
   8.890000E+002   3.123164E-002
   8.900000E+002   3.102798E-002
   8.910000E+002   3.082710E-002
   8.920000E+002   3.062912E-002
   8.930000E+002   3.043419E-002
   8.940000E+002   3.024244E-002
   8.950000E+002   3.005400E-002
   8.960000E+002   2.986900E-002
   8.970000E+002   2.968757E-002
   8.980000E+002   2.950986E-002
   8.990000E+002   2.933600E-002
   9.000000E+002   2.916611E-002
   9.010000E+002   2.900030E-002
   9.020000E+002   2.883858E-002
   9.030000E+002   2.868091E-002
   9.040000E+002   2.852728E-002
   9.050000E+002   2.837765E-002
   9.060000E+002   2.823199E-002
   9.070000E+002   2.809028E-002
   9.080000E+002   2.795250E-002
   9.090000E+002   2.781860E-002
   9.100000E+002   2.768858E-002
   9.110000E+002   2.756239E-002
   9.120000E+002   2.744002E-002
   9.130000E+002   2.732144E-002
   9.140000E+002   2.720661E-002
   9.150000E+002   2.709551E-002
   9.160000E+002   2.698812E-002
   9.170000E+002   2.688441E-002
   9.180000E+002   2.678435E-002
   9.190000E+002   2.668791E-002
   9.200000E+002   2.659506E-002
   9.210000E+002   2.650579E-002
   9.220000E+002   2.642006E-002
   9.230000E+002   2.633784E-002
   9.240000E+002   2.625911E-002
   9.250000E+002   2.618384E-002
   9.260000E+002   2.611201E-002
   9.270000E+002   2.604358E-002
   9.280000E+002   2.597853E-002
   9.290000E+002   2.591683E-002
   9.300000E+002   2.585846E-002
   9.310000E+002   2.580339E-002
   9.320000E+002   2.575159E-002
   9.330000E+002   2.570303E-002
   9.340000E+002   2.565769E-002
   9.350000E+002   2.561554E-002
   9.360000E+002   2.557655E-002
   9.370000E+002   2.554070E-002
   9.380000E+002   2.550795E-002
   9.390000E+002   2.547829E-002
   9.400000E+002   2.545168E-002
   9.410000E+002   2.542810E-002
   9.420000E+002   2.540752E-002
   9.430000E+002   2.538991E-002
   9.440000E+002   2.537525E-002
   9.450000E+002   2.536351E-002
   9.460000E+002   2.535466E-002
   9.470000E+002   2.534867E-002
   9.480000E+002   2.534552E-002
   9.490000E+002   2.534518E-002
   9.500000E+002   2.534763E-002
   9.510000E+002   2.535282E-002
   9.520000E+002   2.536072E-002
   9.530000E+002   2.537126E-002
   9.540000E+002   2.538439E-002
   9.550000E+002   2.540006E-002
   9.560000E+002   2.541820E-002
   9.570000E+002   2.543877E-002
   9.580000E+002   2.546170E-002
   9.590000E+002   2.548694E-002
   9.600000E+002   2.551444E-002
   9.610000E+002   2.554414E-002
   9.620000E+002   2.557598E-002
   9.630000E+002   2.560991E-002
   9.640000E+002   2.564587E-002
   9.650000E+002   2.568381E-002
   9.660000E+002   2.572367E-002
   9.670000E+002   2.576539E-002
   9.680000E+002   2.580893E-002
   9.690000E+002   2.585422E-002
   9.700000E+002   2.590121E-002
   9.710000E+002   2.594984E-002
   9.720000E+002   2.600006E-002
   9.730000E+002   2.605181E-002
   9.740000E+002   2.610504E-002
   9.750000E+002   2.615969E-002
   9.760000E+002   2.621570E-002
   9.770000E+002   2.627302E-002
   9.780000E+002   2.633159E-002
   9.790000E+002   2.639136E-002
   9.800000E+002   2.645228E-002
   9.810000E+002   2.651428E-002
   9.820000E+002   2.657731E-002
   9.830000E+002   2.664131E-002
   9.840000E+002   2.670624E-002
   9.850000E+002   2.677203E-002
   9.860000E+002   2.683862E-002
   9.870000E+002   2.690597E-002
   9.880000E+002   2.697402E-002
   9.890000E+002   2.704270E-002
   9.900000E+002   2.711197E-002
   9.910000E+002   2.718177E-002
   9.920000E+002   2.725205E-002
   9.930000E+002   2.732274E-002
   9.940000E+002   2.739380E-002
   9.950000E+002   2.746516E-002
   9.960000E+002   2.753678E-002
   9.970000E+002   2.760858E-002
   9.980000E+002   2.768053E-002
   9.990000E+002   2.775257E-002
   1.000000E+003   2.782463E-002
   1.001000E+003   2.789667E-002
   1.002000E+003   2.796866E-002
   1.003000E+003   2.804058E-002
   1.004000E+003   2.811240E-002
   1.005000E+003   2.818411E-002
   1.006000E+003   2.825567E-002
   1.007000E+003   2.832707E-002
   1.008000E+003   2.839828E-002
   1.009000E+003   2.846928E-002
   1.010000E+003   2.854005E-002
   1.011000E+003   2.861057E-002
   1.012000E+003   2.868080E-002
   1.013000E+003   2.875074E-002
   1.014000E+003   2.882035E-002
   1.015000E+003   2.888961E-002
   1.016000E+003   2.895851E-002
   1.017000E+003   2.902701E-002
   1.018000E+003   2.909509E-002
   1.019000E+003   2.916274E-002
   1.020000E+003   2.922993E-002
   1.021000E+003   2.929663E-002
   1.022000E+003   2.936282E-002
   1.023000E+003   2.942849E-002
   1.024000E+003   2.949360E-002
   1.025000E+003   2.955814E-002
   1.026000E+003   2.962208E-002
   1.027000E+003   2.968540E-002
   1.028000E+003   2.974808E-002
   1.029000E+003   2.981008E-002
   1.030000E+003   2.987140E-002
   1.031000E+003   2.993201E-002
   1.032000E+003   2.999188E-002
   1.033000E+003   3.005099E-002
   1.034000E+003   3.010932E-002
   1.035000E+003   3.016685E-002
   1.036000E+003   3.022355E-002
   1.037000E+003   3.027941E-002
   1.038000E+003   3.033438E-002
   1.039000E+003   3.038847E-002
   1.040000E+003   3.044164E-002
   1.041000E+003   3.049386E-002
   1.042000E+003   3.054512E-002
   1.043000E+003   3.059540E-002
   1.044000E+003   3.064466E-002
   1.045000E+003   3.069290E-002
   1.046000E+003   3.074008E-002
   1.047000E+003   3.078618E-002
   1.048000E+003   3.083118E-002
   1.049000E+003   3.087505E-002
   1.050000E+003   3.091778E-002
   1.051000E+003   3.095934E-002
   1.052000E+003   3.099969E-002
   1.053000E+003   3.103879E-002
   1.054000E+003   3.107660E-002
   1.055000E+003   3.111308E-002
   1.056000E+003   3.114820E-002
   1.057000E+003   3.118191E-002
   1.058000E+003   3.121417E-002
   1.059000E+003   3.124494E-002
   1.060000E+003   3.127419E-002
   1.061000E+003   3.130188E-002
   1.062000E+003   3.132796E-002
   1.063000E+003   3.135239E-002
   1.064000E+003   3.137514E-002
   1.065000E+003   3.139616E-002
   1.066000E+003   3.141542E-002
   1.067000E+003   3.143288E-002
   1.068000E+003   3.144850E-002
   1.069000E+003   3.146223E-002
   1.070000E+003   3.147404E-002
   1.071000E+003   3.148388E-002
   1.072000E+003   3.149173E-002
   1.073000E+003   3.149753E-002
   1.074000E+003   3.150126E-002
   1.075000E+003   3.150286E-002
   1.076000E+003   3.150230E-002
   1.077000E+003   3.149955E-002
   1.078000E+003   3.149455E-002
   1.079000E+003   3.148727E-002
   1.080000E+003   3.147768E-002
   1.081000E+003   3.146573E-002
   1.082000E+003   3.145137E-002
   1.083000E+003   3.143459E-002
   1.084000E+003   3.141532E-002
   1.085000E+003   3.139354E-002
   1.086000E+003   3.136920E-002
   1.087000E+003   3.134226E-002
   1.088000E+003   3.131269E-002
   1.089000E+003   3.128044E-002
   1.090000E+003   3.124548E-002
   1.091000E+003   3.120776E-002
   1.092000E+003   3.116725E-002
   1.093000E+003   3.112391E-002
   1.094000E+003   3.107769E-002
   1.095000E+003   3.102856E-002
   1.096000E+003   3.097647E-002
   1.097000E+003   3.092140E-002
   1.098000E+003   3.086329E-002
   1.099000E+003   3.080210E-002
   1.100000E+003   3.073781E-002
   1.101000E+003   3.067039E-002
   1.102000E+003   3.059991E-002
   1.103000E+003   3.052646E-002
   1.104000E+003   3.045012E-002
   1.105000E+003   3.037100E-002
   1.106000E+003   3.028918E-002
   1.107000E+003   3.020476E-002
   1.108000E+003   3.011782E-002
   1.109000E+003   3.002845E-002
   1.110000E+003   2.993674E-002
   1.111000E+003   2.984279E-002
   1.112000E+003   2.974669E-002
   1.113000E+003   2.964852E-002
   1.114000E+003   2.954838E-002
   1.115000E+003   2.944636E-002
   1.116000E+003   2.934254E-002
   1.117000E+003   2.923702E-002
   1.118000E+003   2.912990E-002
   1.119000E+003   2.902125E-002
   1.120000E+003   2.891117E-002
   1.121000E+003   2.879975E-002
   1.122000E+003   2.868709E-002
   1.123000E+003   2.857327E-002
   1.124000E+003   2.845838E-002
   1.125000E+003   2.834251E-002
   1.126000E+003   2.822576E-002
   1.127000E+003   2.810821E-002
   1.128000E+003   2.798996E-002
   1.129000E+003   2.787109E-002
   1.130000E+003   2.775170E-002
   1.131000E+003   2.763188E-002
   1.132000E+003   2.751171E-002
   1.133000E+003   2.739130E-002
   1.134000E+003   2.727072E-002
   1.135000E+003   2.715007E-002
   1.136000E+003   2.702944E-002
   1.137000E+003   2.690892E-002
   1.138000E+003   2.678861E-002
   1.139000E+003   2.666858E-002
   1.140000E+003   2.654894E-002
   1.141000E+003   2.642977E-002
   1.142000E+003   2.631117E-002
   1.143000E+003   2.619322E-002
   1.144000E+003   2.607601E-002
   1.145000E+003   2.595964E-002
   1.146000E+003   2.584419E-002
   1.147000E+003   2.572977E-002
   1.148000E+003   2.561645E-002
   1.149000E+003   2.550432E-002
   1.150000E+003   2.539349E-002
   1.151000E+003   2.528402E-002
   1.152000E+003   2.517589E-002
   1.153000E+003   2.506910E-002
   1.154000E+003   2.496359E-002
   1.155000E+003   2.485936E-002
   1.156000E+003   2.475637E-002
   1.157000E+003   2.465459E-002
   1.158000E+003   2.455400E-002
   1.159000E+003   2.445456E-002
   1.160000E+003   2.435626E-002
   1.161000E+003   2.425906E-002
   1.162000E+003   2.416294E-002
   1.163000E+003   2.406786E-002
   1.164000E+003   2.397381E-002
   1.165000E+003   2.388074E-002
   1.166000E+003   2.378865E-002
   1.167000E+003   2.369749E-002
   1.168000E+003   2.360724E-002
   1.169000E+003   2.351787E-002
   1.170000E+003   2.342936E-002
   1.171000E+003   2.334168E-002
   1.172000E+003   2.325480E-002
   1.173000E+003   2.316868E-002
   1.174000E+003   2.308332E-002
   1.175000E+003   2.299867E-002
   1.176000E+003   2.291471E-002
   1.177000E+003   2.283141E-002
   1.178000E+003   2.274875E-002
   1.179000E+003   2.266669E-002
   1.180000E+003   2.258522E-002
   1.181000E+003   2.250429E-002
   1.182000E+003   2.242389E-002
   1.183000E+003   2.234398E-002
   1.184000E+003   2.226455E-002
   1.185000E+003   2.218555E-002
   1.186000E+003   2.210697E-002
   1.187000E+003   2.202878E-002
   1.188000E+003   2.195094E-002
   1.189000E+003   2.187344E-002
   1.190000E+003   2.179623E-002
   1.191000E+003   2.171931E-002
   1.192000E+003   2.164263E-002
   1.193000E+003   2.156617E-002
   1.194000E+003   2.148991E-002
   1.195000E+003   2.141381E-002
   1.196000E+003   2.133785E-002
   1.197000E+003   2.126200E-002
   1.198000E+003   2.118623E-002
   1.199000E+003   2.111052E-002
   1.200000E+003   2.103484E-002
   1.201000E+003   2.095915E-002
