   2.000000E+000   1.743675E-002
   3.000000E+000   1.117831E-002
   4.000000E+000   9.853910E-003
   5.000000E+000   9.643014E-003
   6.000000E+000   9.430319E-003
   7.000000E+000   9.358879E-003
   8.000000E+000   9.385089E-003
   9.000000E+000   9.435406E-003
   1.000000E+001   9.503224E-003
   1.100000E+001   9.595673E-003
   1.200000E+001   9.707905E-003
   1.300000E+001   9.833075E-003
   1.400000E+001   9.968312E-003
   1.500000E+001   1.011174E-002
   1.600000E+001   1.026166E-002
   1.700000E+001   1.041708E-002
   1.800000E+001   1.057716E-002
   1.900000E+001   1.074110E-002
   2.000000E+001   1.090806E-002
   2.100000E+001   1.107733E-002
   2.200000E+001   1.124868E-002
   2.300000E+001   1.142198E-002
   2.400000E+001   1.159711E-002
   2.500000E+001   1.177393E-002
   2.600000E+001   1.195232E-002
   2.700000E+001   1.213217E-002
   2.800000E+001   1.231333E-002
   2.900000E+001   1.249569E-002
   3.000000E+001   1.267912E-002
   3.100000E+001   1.286352E-002
   3.200000E+001   1.304895E-002
   3.300000E+001   1.323549E-002
   3.400000E+001   1.342320E-002
   3.500000E+001   1.361218E-002
   3.600000E+001   1.380250E-002
   3.700000E+001   1.399424E-002
   3.800000E+001   1.418748E-002
   3.900000E+001   1.438230E-002
   4.000000E+001   1.457878E-002
   4.100000E+001   1.477701E-002
   4.200000E+001   1.497705E-002
   4.300000E+001   1.517901E-002
   4.400000E+001   1.538296E-002
   4.500000E+001   1.558898E-002
   4.600000E+001   1.579717E-002
   4.700000E+001   1.600761E-002
   4.800000E+001   1.622037E-002
   4.900000E+001   1.643555E-002
   5.000000E+001   1.665323E-002
   5.100000E+001   1.687350E-002
   5.200000E+001   1.709646E-002
   5.300000E+001   1.732220E-002
   5.400000E+001   1.755084E-002
   5.500000E+001   1.778247E-002
   5.600000E+001   1.801720E-002
   5.700000E+001   1.825513E-002
   5.800000E+001   1.849637E-002
   5.900000E+001   1.874101E-002
   6.000000E+001   1.898916E-002
   6.100000E+001   1.924091E-002
   6.200000E+001   1.949629E-002
   6.300000E+001   1.975530E-002
   6.400000E+001   2.001796E-002
   6.500000E+001   2.028430E-002
   6.600000E+001   2.055431E-002
   6.700000E+001   2.082801E-002
   6.800000E+001   2.110543E-002
   6.900000E+001   2.138656E-002
   7.000000E+001   2.167142E-002
   7.100000E+001   2.196006E-002
   7.200000E+001   2.225257E-002
   7.300000E+001   2.254909E-002
   7.400000E+001   2.284975E-002
   7.500000E+001   2.315469E-002
   7.600000E+001   2.346403E-002
   7.700000E+001   2.377791E-002
   7.800000E+001   2.409645E-002
   7.900000E+001   2.441979E-002
   8.000000E+001   2.474806E-002
   8.100000E+001   2.508134E-002
   8.200000E+001   2.541951E-002
   8.300000E+001   2.576240E-002
   8.400000E+001   2.610985E-002
   8.500000E+001   2.646168E-002
   8.600000E+001   2.681773E-002
   8.700000E+001   2.717782E-002
   8.800000E+001   2.754180E-002
   8.900000E+001   2.790948E-002
   9.000000E+001   2.828070E-002
   9.100000E+001   2.865533E-002
   9.200000E+001   2.903338E-002
   9.300000E+001   2.941490E-002
   9.400000E+001   2.979995E-002
   9.500000E+001   3.018857E-002
   9.600000E+001   3.058082E-002
   9.700000E+001   3.097674E-002
   9.800000E+001   3.137639E-002
   9.900000E+001   3.177982E-002
   1.000000E+002   3.218708E-002
   1.010000E+002   3.259819E-002
   1.020000E+002   3.301306E-002
   1.030000E+002   3.343157E-002
   1.040000E+002   3.385360E-002
   1.050000E+002   3.427903E-002
   1.060000E+002   3.470773E-002
   1.070000E+002   3.513959E-002
   1.080000E+002   3.557448E-002
   1.090000E+002   3.601229E-002
   1.100000E+002   3.645289E-002
   1.110000E+002   3.689617E-002
   1.120000E+002   3.734200E-002
   1.130000E+002   3.779027E-002
   1.140000E+002   3.824084E-002
   1.150000E+002   3.869361E-002
   1.160000E+002   3.914844E-002
   1.170000E+002   3.960523E-002
   1.180000E+002   4.006384E-002
   1.190000E+002   4.052416E-002
   1.200000E+002   4.098608E-002
   1.210000E+002   4.144945E-002
   1.220000E+002   4.191415E-002
   1.230000E+002   4.238002E-002
   1.240000E+002   4.284694E-002
   1.250000E+002   4.331474E-002
   1.260000E+002   4.378329E-002
   1.270000E+002   4.425245E-002
   1.280000E+002   4.472206E-002
   1.290000E+002   4.519200E-002
   1.300000E+002   4.566210E-002
   1.310000E+002   4.613224E-002
   1.320000E+002   4.660226E-002
   1.330000E+002   4.707202E-002
   1.340000E+002   4.754138E-002
   1.350000E+002   4.801019E-002
   1.360000E+002   4.847832E-002
   1.370000E+002   4.894561E-002
   1.380000E+002   4.941192E-002
   1.390000E+002   4.987711E-002
   1.400000E+002   5.034103E-002
   1.410000E+002   5.080355E-002
   1.420000E+002   5.126450E-002
   1.430000E+002   5.172373E-002
   1.440000E+002   5.218110E-002
   1.450000E+002   5.263644E-002
   1.460000E+002   5.308961E-002
   1.470000E+002   5.354045E-002
   1.480000E+002   5.398880E-002
   1.490000E+002   5.443452E-002
   1.500000E+002   5.487744E-002
   1.510000E+002   5.531743E-002
   1.520000E+002   5.575431E-002
   1.530000E+002   5.618794E-002
   1.540000E+002   5.661817E-002
   1.550000E+002   5.704485E-002
   1.560000E+002   5.746781E-002
   1.570000E+002   5.788690E-002
   1.580000E+002   5.830198E-002
   1.590000E+002   5.871289E-002
   1.600000E+002   5.911947E-002
   1.610000E+002   5.952157E-002
   1.620000E+002   5.991903E-002
   1.630000E+002   6.031170E-002
   1.640000E+002   6.069941E-002
   1.650000E+002   6.108200E-002
   1.660000E+002   6.145932E-002
   1.670000E+002   6.183121E-002
   1.680000E+002   6.219751E-002
   1.690000E+002   6.255806E-002
   1.700000E+002   6.291270E-002
   1.710000E+002   6.326126E-002
   1.720000E+002   6.360360E-002
   1.730000E+002   6.393956E-002
   1.740000E+002   6.426897E-002
   1.750000E+002   6.459167E-002
   1.760000E+002   6.490751E-002
   1.770000E+002   6.521632E-002
   1.780000E+002   6.551796E-002
   1.790000E+002   6.581225E-002
   1.800000E+002   6.609905E-002
   1.810000E+002   6.637820E-002
   1.820000E+002   6.664962E-002
   1.830000E+002   6.691326E-002
   1.840000E+002   6.716904E-002
   1.850000E+002   6.741690E-002
   1.860000E+002   6.765678E-002
   1.870000E+002   6.788860E-002
   1.880000E+002   6.811231E-002
   1.890000E+002   6.832783E-002
   1.900000E+002   6.853511E-002
   1.910000E+002   6.873408E-002
   1.920000E+002   6.892466E-002
   1.930000E+002   6.910681E-002
   1.940000E+002   6.928044E-002
   1.950000E+002   6.944550E-002
   1.960000E+002   6.960192E-002
   1.970000E+002   6.974963E-002
   1.980000E+002   6.988857E-002
   1.990000E+002   7.001868E-002
   2.000000E+002   7.013989E-002
   2.010000E+002   7.025214E-002
   2.020000E+002   7.035543E-002
   2.030000E+002   7.044976E-002
   2.040000E+002   7.053515E-002
   2.050000E+002   7.061160E-002
   2.060000E+002   7.067911E-002
   2.070000E+002   7.073769E-002
   2.080000E+002   7.078735E-002
   2.090000E+002   7.082809E-002
   2.100000E+002   7.085992E-002
   2.110000E+002   7.088285E-002
   2.120000E+002   7.089689E-002
   2.130000E+002   7.090203E-002
   2.140000E+002   7.089828E-002
   2.150000E+002   7.088566E-002
   2.160000E+002   7.086417E-002
   2.170000E+002   7.083381E-002
   2.180000E+002   7.079459E-002
   2.190000E+002   7.074652E-002
   2.200000E+002   7.068960E-002
   2.210000E+002   7.062384E-002
   2.220000E+002   7.054924E-002
   2.230000E+002   7.046582E-002
   2.240000E+002   7.037358E-002
   2.250000E+002   7.027252E-002
   2.260000E+002   7.016268E-002
   2.270000E+002   7.004416E-002
   2.280000E+002   6.991710E-002
   2.290000E+002   6.978164E-002
   2.300000E+002   6.963791E-002
   2.310000E+002   6.948604E-002
   2.320000E+002   6.932617E-002
   2.330000E+002   6.915843E-002
   2.340000E+002   6.898296E-002
   2.350000E+002   6.879990E-002
   2.360000E+002   6.860937E-002
   2.370000E+002   6.841151E-002
   2.380000E+002   6.820646E-002
   2.390000E+002   6.799436E-002
   2.400000E+002   6.777532E-002
   2.410000E+002   6.754950E-002
   2.420000E+002   6.731703E-002
   2.430000E+002   6.707803E-002
   2.440000E+002   6.683265E-002
   2.450000E+002   6.658102E-002
   2.460000E+002   6.632327E-002
   2.470000E+002   6.605954E-002
   2.480000E+002   6.578996E-002
   2.490000E+002   6.551467E-002
   2.500000E+002   6.523380E-002
   2.510000E+002   6.494749E-002
   2.520000E+002   6.465585E-002
   2.530000E+002   6.435900E-002
   2.540000E+002   6.405708E-002
   2.550000E+002   6.375018E-002
   2.560000E+002   6.343844E-002
   2.570000E+002   6.312196E-002
   2.580000E+002   6.280088E-002
   2.590000E+002   6.247531E-002
   2.600000E+002   6.214537E-002
   2.610000E+002   6.181117E-002
   2.620000E+002   6.147284E-002
   2.630000E+002   6.113050E-002
   2.640000E+002   6.078426E-002
   2.650000E+002   6.043425E-002
   2.660000E+002   6.008058E-002
   2.670000E+002   5.972337E-002
   2.680000E+002   5.936275E-002
   2.690000E+002   5.899882E-002
   2.700000E+002   5.863172E-002
   2.710000E+002   5.826155E-002
   2.720000E+002   5.788844E-002
   2.730000E+002   5.751251E-002
   2.740000E+002   5.713388E-002
   2.750000E+002   5.675266E-002
   2.760000E+002   5.636899E-002
   2.770000E+002   5.598306E-002
   2.780000E+002   5.559507E-002
   2.790000E+002   5.520523E-002
   2.800000E+002   5.481374E-002
   2.810000E+002   5.442081E-002
   2.820000E+002   5.402663E-002
   2.830000E+002   5.363142E-002
   2.840000E+002   5.323537E-002
   2.850000E+002   5.283870E-002
   2.860000E+002   5.244160E-002
   2.870000E+002   5.204429E-002
   2.880000E+002   5.164695E-002
   2.890000E+002   5.124981E-002
   2.900000E+002   5.085306E-002
   2.910000E+002   5.045690E-002
   2.920000E+002   5.006155E-002
   2.930000E+002   4.966720E-002
   2.940000E+002   4.927406E-002
   2.950000E+002   4.888233E-002
   2.960000E+002   4.849222E-002
   2.970000E+002   4.810394E-002
   2.980000E+002   4.771767E-002
   2.990000E+002   4.733364E-002
   3.000000E+002   4.695204E-002
   3.010000E+002   4.657306E-002
   3.020000E+002   4.619681E-002
   3.030000E+002   4.582339E-002
   3.040000E+002   4.545289E-002
   3.050000E+002   4.508539E-002
   3.060000E+002   4.472100E-002
   3.070000E+002   4.435981E-002
   3.080000E+002   4.400191E-002
   3.090000E+002   4.364739E-002
   3.100000E+002   4.329635E-002
   3.110000E+002   4.294888E-002
   3.120000E+002   4.260508E-002
   3.130000E+002   4.226503E-002
   3.140000E+002   4.192883E-002
   3.150000E+002   4.159658E-002
   3.160000E+002   4.126836E-002
   3.170000E+002   4.094427E-002
   3.180000E+002   4.062441E-002
   3.190000E+002   4.030886E-002
   3.200000E+002   3.999773E-002
   3.210000E+002   3.969109E-002
   3.220000E+002   3.938906E-002
   3.230000E+002   3.909171E-002
   3.240000E+002   3.879915E-002
   3.250000E+002   3.851146E-002
   3.260000E+002   3.822875E-002
   3.270000E+002   3.795109E-002
   3.280000E+002   3.767859E-002
   3.290000E+002   3.741135E-002
   3.300000E+002   3.714944E-002
   3.310000E+002   3.689297E-002
   3.320000E+002   3.664203E-002
   3.330000E+002   3.639671E-002
   3.340000E+002   3.615711E-002
   3.350000E+002   3.592332E-002
   3.360000E+002   3.569543E-002
   3.370000E+002   3.547353E-002
   3.380000E+002   3.525773E-002
   3.390000E+002   3.504810E-002
   3.400000E+002   3.484476E-002
   3.410000E+002   3.464778E-002
   3.420000E+002   3.445726E-002
   3.430000E+002   3.427329E-002
   3.440000E+002   3.409598E-002
   3.450000E+002   3.392541E-002
   3.460000E+002   3.376167E-002
   3.470000E+002   3.360486E-002
   3.480000E+002   3.345507E-002
   3.490000E+002   3.331240E-002
   3.500000E+002   3.317694E-002
   3.510000E+002   3.304875E-002
   3.520000E+002   3.292780E-002
   3.530000E+002   3.281403E-002
   3.540000E+002   3.270738E-002
   3.550000E+002   3.260779E-002
   3.560000E+002   3.251519E-002
   3.570000E+002   3.242954E-002
   3.580000E+002   3.235076E-002
   3.590000E+002   3.227879E-002
   3.600000E+002   3.221358E-002
   3.610000E+002   3.215506E-002
   3.620000E+002   3.210317E-002
   3.630000E+002   3.205786E-002
   3.640000E+002   3.201905E-002
   3.650000E+002   3.198670E-002
   3.660000E+002   3.196074E-002
   3.670000E+002   3.194110E-002
   3.680000E+002   3.192774E-002
   3.690000E+002   3.192058E-002
   3.700000E+002   3.191957E-002
   3.710000E+002   3.192464E-002
   3.720000E+002   3.193574E-002
   3.730000E+002   3.195280E-002
   3.740000E+002   3.197577E-002
   3.750000E+002   3.200458E-002
   3.760000E+002   3.203917E-002
   3.770000E+002   3.207948E-002
   3.780000E+002   3.212545E-002
   3.790000E+002   3.217702E-002
   3.800000E+002   3.223413E-002
   3.810000E+002   3.229672E-002
   3.820000E+002   3.236472E-002
   3.830000E+002   3.243808E-002
   3.840000E+002   3.251674E-002
   3.850000E+002   3.260063E-002
   3.860000E+002   3.268970E-002
   3.870000E+002   3.278387E-002
   3.880000E+002   3.288310E-002
   3.890000E+002   3.298733E-002
   3.900000E+002   3.309648E-002
   3.910000E+002   3.321050E-002
   3.920000E+002   3.332934E-002
   3.930000E+002   3.345292E-002
   3.940000E+002   3.358119E-002
   3.950000E+002   3.371408E-002
   3.960000E+002   3.385155E-002
   3.970000E+002   3.399351E-002
   3.980000E+002   3.413993E-002
   3.990000E+002   3.429072E-002
   4.000000E+002   3.444584E-002
   4.010000E+002   3.460521E-002
   4.020000E+002   3.476870E-002
   4.030000E+002   3.493617E-002
   4.040000E+002   3.510749E-002
   4.050000E+002   3.528251E-002
   4.060000E+002   3.546109E-002
   4.070000E+002   3.564310E-002
   4.080000E+002   3.582839E-002
   4.090000E+002   3.601683E-002
   4.100000E+002   3.620827E-002
   4.110000E+002   3.640258E-002
   4.120000E+002   3.659961E-002
   4.130000E+002   3.679922E-002
   4.140000E+002   3.700129E-002
   4.150000E+002   3.720565E-002
   4.160000E+002   3.741219E-002
   4.170000E+002   3.762075E-002
   4.180000E+002   3.783120E-002
   4.190000E+002   3.804339E-002
   4.200000E+002   3.825720E-002
   4.210000E+002   3.847247E-002
   4.220000E+002   3.868907E-002
   4.230000E+002   3.890685E-002
   4.240000E+002   3.912569E-002
   4.250000E+002   3.934543E-002
   4.260000E+002   3.956595E-002
   4.270000E+002   3.978709E-002
   4.280000E+002   4.000872E-002
   4.290000E+002   4.023071E-002
   4.300000E+002   4.045290E-002
   4.310000E+002   4.067516E-002
   4.320000E+002   4.089735E-002
   4.330000E+002   4.111934E-002
   4.340000E+002   4.134097E-002
   4.350000E+002   4.156212E-002
   4.360000E+002   4.178264E-002
   4.370000E+002   4.200239E-002
   4.380000E+002   4.222124E-002
   4.390000E+002   4.243903E-002
   4.400000E+002   4.265564E-002
   4.410000E+002   4.287092E-002
   4.420000E+002   4.308474E-002
   4.430000E+002   4.329695E-002
   4.440000E+002   4.350741E-002
   4.450000E+002   4.371599E-002
   4.460000E+002   4.392254E-002
   4.470000E+002   4.412693E-002
   4.480000E+002   4.432901E-002
   4.490000E+002   4.452865E-002
   4.500000E+002   4.472570E-002
   4.510000E+002   4.492005E-002
   4.520000E+002   4.511163E-002
   4.530000E+002   4.530040E-002
   4.540000E+002   4.548633E-002
   4.550000E+002   4.566938E-002
   4.560000E+002   4.584949E-002
   4.570000E+002   4.602664E-002
   4.580000E+002   4.620078E-002
   4.590000E+002   4.637187E-002
   4.600000E+002   4.653987E-002
   4.610000E+002   4.670475E-002
   4.620000E+002   4.686645E-002
   4.630000E+002   4.702494E-002
   4.640000E+002   4.718018E-002
   4.650000E+002   4.733212E-002
   4.660000E+002   4.748074E-002
   4.670000E+002   4.762597E-002
   4.680000E+002   4.776780E-002
   4.690000E+002   4.790617E-002
   4.700000E+002   4.804105E-002
   4.710000E+002   4.817239E-002
   4.720000E+002   4.830015E-002
   4.730000E+002   4.842429E-002
   4.740000E+002   4.854478E-002
   4.750000E+002   4.866157E-002
   4.760000E+002   4.877462E-002
   4.770000E+002   4.888389E-002
   4.780000E+002   4.898935E-002
   4.790000E+002   4.909094E-002
   4.800000E+002   4.918863E-002
   4.810000E+002   4.928237E-002
   4.820000E+002   4.937214E-002
   4.830000E+002   4.945788E-002
   4.840000E+002   4.953956E-002
   4.850000E+002   4.961713E-002
   4.860000E+002   4.969056E-002
   4.870000E+002   4.975981E-002
   4.880000E+002   4.982483E-002
   4.890000E+002   4.988558E-002
   4.900000E+002   4.994202E-002
   4.910000E+002   4.999412E-002
   4.920000E+002   5.004183E-002
   4.930000E+002   5.008511E-002
   4.940000E+002   5.012392E-002
   4.950000E+002   5.015822E-002
   4.960000E+002   5.018797E-002
   4.970000E+002   5.021313E-002
   4.980000E+002   5.023365E-002
   4.990000E+002   5.024951E-002
   5.000000E+002   5.026065E-002
   5.010000E+002   5.026705E-002
   5.020000E+002   5.026876E-002
   5.030000E+002   5.026584E-002
   5.040000E+002   5.025834E-002
   5.050000E+002   5.024632E-002
   5.060000E+002   5.022985E-002
   5.070000E+002   5.020898E-002
   5.080000E+002   5.018378E-002
   5.090000E+002   5.015430E-002
   5.100000E+002   5.012060E-002
   5.110000E+002   5.008274E-002
   5.120000E+002   5.004079E-002
   5.130000E+002   4.999479E-002
   5.140000E+002   4.994482E-002
   5.150000E+002   4.989093E-002
   5.160000E+002   4.983317E-002
   5.170000E+002   4.977162E-002
   5.180000E+002   4.970632E-002
   5.190000E+002   4.963734E-002
   5.200000E+002   4.956474E-002
   5.210000E+002   4.948858E-002
   5.220000E+002   4.940892E-002
   5.230000E+002   4.932581E-002
   5.240000E+002   4.923931E-002
   5.250000E+002   4.914950E-002
   5.260000E+002   4.905642E-002
   5.270000E+002   4.896013E-002
   5.280000E+002   4.886070E-002
   5.290000E+002   4.875818E-002
   5.300000E+002   4.865263E-002
   5.310000E+002   4.854412E-002
   5.320000E+002   4.843270E-002
   5.330000E+002   4.831843E-002
   5.340000E+002   4.820137E-002
   5.350000E+002   4.808159E-002
   5.360000E+002   4.795914E-002
   5.370000E+002   4.783407E-002
   5.380000E+002   4.770646E-002
   5.390000E+002   4.757635E-002
   5.400000E+002   4.744382E-002
   5.410000E+002   4.730891E-002
   5.420000E+002   4.717169E-002
   5.430000E+002   4.703222E-002
   5.440000E+002   4.689055E-002
   5.450000E+002   4.674676E-002
   5.460000E+002   4.660088E-002
   5.470000E+002   4.645300E-002
   5.480000E+002   4.630316E-002
   5.490000E+002   4.615142E-002
   5.500000E+002   4.599785E-002
   5.510000E+002   4.584251E-002
   5.520000E+002   4.568550E-002
   5.530000E+002   4.552693E-002
   5.540000E+002   4.536690E-002
   5.550000E+002   4.520552E-002
   5.560000E+002   4.504289E-002
   5.570000E+002   4.487913E-002
   5.580000E+002   4.471433E-002
   5.590000E+002   4.454861E-002
   5.600000E+002   4.438206E-002
   5.610000E+002   4.421481E-002
   5.620000E+002   4.404694E-002
   5.630000E+002   4.387857E-002
   5.640000E+002   4.370981E-002
   5.650000E+002   4.354076E-002
   5.660000E+002   4.337152E-002
   5.670000E+002   4.320221E-002
   5.680000E+002   4.303293E-002
   5.690000E+002   4.286378E-002
   5.700000E+002   4.269487E-002
   5.710000E+002   4.252631E-002
   5.720000E+002   4.235821E-002
   5.730000E+002   4.219067E-002
   5.740000E+002   4.202379E-002
   5.750000E+002   4.185768E-002
   5.760000E+002   4.169246E-002
   5.770000E+002   4.152822E-002
   5.780000E+002   4.136507E-002
   5.790000E+002   4.120312E-002
   5.800000E+002   4.104247E-002
   5.810000E+002   4.088323E-002
   5.820000E+002   4.072551E-002
   5.830000E+002   4.056941E-002
   5.840000E+002   4.041504E-002
   5.850000E+002   4.026250E-002
   5.860000E+002   4.011190E-002
   5.870000E+002   3.996335E-002
   5.880000E+002   3.981696E-002
   5.890000E+002   3.967282E-002
   5.900000E+002   3.953105E-002
   5.910000E+002   3.939175E-002
   5.920000E+002   3.925503E-002
   5.930000E+002   3.912099E-002
   5.940000E+002   3.898974E-002
   5.950000E+002   3.886139E-002
   5.960000E+002   3.873604E-002
   5.970000E+002   3.861380E-002
   5.980000E+002   3.849478E-002
   5.990000E+002   3.837907E-002
   6.000000E+002   3.826680E-002
   6.010000E+002   3.815804E-002
   6.020000E+002   3.805282E-002
   6.030000E+002   3.795115E-002
   6.040000E+002   3.785302E-002
   6.050000E+002   3.775845E-002
   6.060000E+002   3.766744E-002
   6.070000E+002   3.758000E-002
   6.080000E+002   3.749612E-002
   6.090000E+002   3.741583E-002
   6.100000E+002   3.733911E-002
   6.110000E+002   3.726599E-002
   6.120000E+002   3.719645E-002
   6.130000E+002   3.713051E-002
   6.140000E+002   3.706818E-002
   6.150000E+002   3.700946E-002
   6.160000E+002   3.695435E-002
   6.170000E+002   3.690286E-002
   6.180000E+002   3.685499E-002
   6.190000E+002   3.681076E-002
   6.200000E+002   3.677016E-002
   6.210000E+002   3.673320E-002
   6.220000E+002   3.669988E-002
   6.230000E+002   3.667022E-002
   6.240000E+002   3.664422E-002
   6.250000E+002   3.662188E-002
   6.260000E+002   3.660320E-002
   6.270000E+002   3.658820E-002
   6.280000E+002   3.657688E-002
   6.290000E+002   3.656924E-002
   6.300000E+002   3.656529E-002
   6.310000E+002   3.656504E-002
   6.320000E+002   3.656848E-002
   6.330000E+002   3.657563E-002
   6.340000E+002   3.658650E-002
   6.350000E+002   3.660107E-002
   6.360000E+002   3.661937E-002
   6.370000E+002   3.664140E-002
   6.380000E+002   3.666715E-002
   6.390000E+002   3.669665E-002
   6.400000E+002   3.672989E-002
   6.410000E+002   3.676687E-002
   6.420000E+002   3.680761E-002
   6.430000E+002   3.685211E-002
   6.440000E+002   3.690037E-002
   6.450000E+002   3.695241E-002
   6.460000E+002   3.700821E-002
   6.470000E+002   3.706780E-002
   6.480000E+002   3.713118E-002
   6.490000E+002   3.719834E-002
   6.500000E+002   3.726930E-002
   6.510000E+002   3.734405E-002
   6.520000E+002   3.742254E-002
   6.530000E+002   3.750470E-002
   6.540000E+002   3.759047E-002
   6.550000E+002   3.767978E-002
   6.560000E+002   3.777256E-002
   6.570000E+002   3.786876E-002
   6.580000E+002   3.796830E-002
   6.590000E+002   3.807112E-002
   6.600000E+002   3.817716E-002
   6.610000E+002   3.828636E-002
   6.620000E+002   3.839863E-002
   6.630000E+002   3.851393E-002
   6.640000E+002   3.863219E-002
   6.650000E+002   3.875333E-002
   6.660000E+002   3.887731E-002
   6.670000E+002   3.900404E-002
   6.680000E+002   3.913347E-002
   6.690000E+002   3.926553E-002
   6.700000E+002   3.940015E-002
   6.710000E+002   3.953728E-002
   6.720000E+002   3.967684E-002
   6.730000E+002   3.981877E-002
   6.740000E+002   3.996301E-002
   6.750000E+002   4.010948E-002
   6.760000E+002   4.025814E-002
   6.770000E+002   4.040890E-002
   6.780000E+002   4.056171E-002
   6.790000E+002   4.071650E-002
   6.800000E+002   4.087320E-002
   6.810000E+002   4.103175E-002
   6.820000E+002   4.119209E-002
   6.830000E+002   4.135415E-002
   6.840000E+002   4.151786E-002
   6.850000E+002   4.168317E-002
   6.860000E+002   4.184999E-002
   6.870000E+002   4.201828E-002
   6.880000E+002   4.218796E-002
   6.890000E+002   4.235898E-002
   6.900000E+002   4.253125E-002
   6.910000E+002   4.270473E-002
   6.920000E+002   4.287934E-002
   6.930000E+002   4.305502E-002
   6.940000E+002   4.323170E-002
   6.950000E+002   4.340932E-002
   6.960000E+002   4.358782E-002
   6.970000E+002   4.376712E-002
   6.980000E+002   4.394717E-002
   6.990000E+002   4.412790E-002
   7.000000E+002   4.430924E-002
   7.010000E+002   4.449113E-002
   7.020000E+002   4.467344E-002
   7.030000E+002   4.485608E-002
   7.040000E+002   4.503892E-002
   7.050000E+002   4.522186E-002
   7.060000E+002   4.540477E-002
   7.070000E+002   4.558754E-002
   7.080000E+002   4.577006E-002
   7.090000E+002   4.595221E-002
   7.100000E+002   4.613389E-002
   7.110000E+002   4.631496E-002
   7.120000E+002   4.649533E-002
   7.130000E+002   4.667487E-002
   7.140000E+002   4.685347E-002
   7.150000E+002   4.703102E-002
   7.160000E+002   4.720741E-002
   7.170000E+002   4.738251E-002
   7.180000E+002   4.755621E-002
   7.190000E+002   4.772840E-002
   7.200000E+002   4.789897E-002
   7.210000E+002   4.806779E-002
   7.220000E+002   4.823476E-002
   7.230000E+002   4.839977E-002
   7.240000E+002   4.856269E-002
   7.250000E+002   4.872341E-002
   7.260000E+002   4.888182E-002
   7.270000E+002   4.903780E-002
   7.280000E+002   4.919124E-002
   7.290000E+002   4.934203E-002
   7.300000E+002   4.949004E-002
   7.310000E+002   4.963517E-002
   7.320000E+002   4.977731E-002
   7.330000E+002   4.991633E-002
   7.340000E+002   5.005212E-002
   7.350000E+002   5.018457E-002
   7.360000E+002   5.031356E-002
   7.370000E+002   5.043898E-002
   7.380000E+002   5.056072E-002
   7.390000E+002   5.067865E-002
   7.400000E+002   5.079267E-002
   7.410000E+002   5.090267E-002
   7.420000E+002   5.100851E-002
   7.430000E+002   5.111011E-002
   7.440000E+002   5.120733E-002
   7.450000E+002   5.130006E-002
   7.460000E+002   5.138819E-002
   7.470000E+002   5.147161E-002
   7.480000E+002   5.155019E-002
   7.490000E+002   5.162383E-002
   7.500000E+002   5.169242E-002
   7.510000E+002   5.175585E-002
   7.520000E+002   5.181417E-002
   7.530000E+002   5.186741E-002
   7.540000E+002   5.191564E-002
   7.550000E+002   5.195889E-002
   7.560000E+002   5.199723E-002
   7.570000E+002   5.203071E-002
   7.580000E+002   5.205937E-002
   7.590000E+002   5.208326E-002
   7.600000E+002   5.210245E-002
   7.610000E+002   5.211697E-002
   7.620000E+002   5.212689E-002
   7.630000E+002   5.213224E-002
   7.640000E+002   5.213309E-002
   7.650000E+002   5.212949E-002
   7.660000E+002   5.212148E-002
   7.670000E+002   5.210911E-002
   7.680000E+002   5.209245E-002
   7.690000E+002   5.207153E-002
   7.700000E+002   5.204642E-002
   7.710000E+002   5.201716E-002
   7.720000E+002   5.198380E-002
   7.730000E+002   5.194639E-002
   7.740000E+002   5.190499E-002
   7.750000E+002   5.185965E-002
   7.760000E+002   5.181042E-002
   7.770000E+002   5.175735E-002
   7.780000E+002   5.170049E-002
   7.790000E+002   5.163989E-002
   7.800000E+002   5.157560E-002
   7.810000E+002   5.150768E-002
   7.820000E+002   5.143617E-002
   7.830000E+002   5.136114E-002
   7.840000E+002   5.128262E-002
   7.850000E+002   5.120067E-002
   7.860000E+002   5.111534E-002
   7.870000E+002   5.102668E-002
   7.880000E+002   5.093475E-002
   7.890000E+002   5.083959E-002
   7.900000E+002   5.074126E-002
   7.910000E+002   5.063981E-002
   7.920000E+002   5.053529E-002
   7.930000E+002   5.042774E-002
   7.940000E+002   5.031723E-002
   7.950000E+002   5.020380E-002
   7.960000E+002   5.008750E-002
   7.970000E+002   4.996839E-002
   7.980000E+002   4.984651E-002
   7.990000E+002   4.972193E-002
   8.000000E+002   4.959468E-002
   8.010000E+002   4.946482E-002
   8.020000E+002   4.933241E-002
   8.030000E+002   4.919751E-002
   8.040000E+002   4.906017E-002
   8.050000E+002   4.892045E-002
   8.060000E+002   4.877841E-002
   8.070000E+002   4.863411E-002
   8.080000E+002   4.848761E-002
   8.090000E+002   4.833895E-002
   8.100000E+002   4.818821E-002
   8.110000E+002   4.803544E-002
   8.120000E+002   4.788069E-002
   8.130000E+002   4.772403E-002
   8.140000E+002   4.756551E-002
   8.150000E+002   4.740519E-002
   8.160000E+002   4.724313E-002
   8.170000E+002   4.707939E-002
   8.180000E+002   4.691402E-002
   8.190000E+002   4.674708E-002
   8.200000E+002   4.657863E-002
   8.210000E+002   4.640872E-002
   8.220000E+002   4.623743E-002
   8.230000E+002   4.606479E-002
   8.240000E+002   4.589088E-002
   8.250000E+002   4.571574E-002
   8.260000E+002   4.553945E-002
   8.270000E+002   4.536204E-002
   8.280000E+002   4.518359E-002
   8.290000E+002   4.500415E-002
   8.300000E+002   4.482378E-002
   8.310000E+002   4.464253E-002
   8.320000E+002   4.446047E-002
   8.330000E+002   4.427764E-002
   8.340000E+002   4.409412E-002
   8.350000E+002   4.390996E-002
   8.360000E+002   4.372521E-002
   8.370000E+002   4.353993E-002
   8.380000E+002   4.335419E-002
   8.390000E+002   4.316803E-002
   8.400000E+002   4.298152E-002
   8.410000E+002   4.279471E-002
   8.420000E+002   4.260767E-002
   8.430000E+002   4.242045E-002
   8.440000E+002   4.223310E-002
   8.450000E+002   4.204569E-002
   8.460000E+002   4.185828E-002
   8.470000E+002   4.167091E-002
   8.480000E+002   4.148366E-002
   8.490000E+002   4.129657E-002
   8.500000E+002   4.110971E-002
   8.510000E+002   4.092313E-002
   8.520000E+002   4.073689E-002
   8.530000E+002   4.055105E-002
   8.540000E+002   4.036566E-002
   8.550000E+002   4.018078E-002
   8.560000E+002   3.999647E-002
   8.570000E+002   3.981278E-002
   8.580000E+002   3.962977E-002
   8.590000E+002   3.944750E-002
   8.600000E+002   3.926602E-002
   8.610000E+002   3.908539E-002
   8.620000E+002   3.890567E-002
   8.630000E+002   3.872691E-002
   8.640000E+002   3.854917E-002
   8.650000E+002   3.837251E-002
   8.660000E+002   3.819698E-002
   8.670000E+002   3.802265E-002
   8.680000E+002   3.784956E-002
   8.690000E+002   3.767777E-002
   8.700000E+002   3.750735E-002
   8.710000E+002   3.733834E-002
   8.720000E+002   3.717081E-002
   8.730000E+002   3.700480E-002
   8.740000E+002   3.684039E-002
   8.750000E+002   3.667761E-002
   8.760000E+002   3.651654E-002
   8.770000E+002   3.635723E-002
   8.780000E+002   3.619973E-002
   8.790000E+002   3.604410E-002
   8.800000E+002   3.589040E-002
   8.810000E+002   3.573869E-002
   8.820000E+002   3.558901E-002
   8.830000E+002   3.544143E-002
   8.840000E+002   3.529601E-002
   8.850000E+002   3.515280E-002
   8.860000E+002   3.501186E-002
   8.870000E+002   3.487324E-002
   8.880000E+002   3.473700E-002
   8.890000E+002   3.460320E-002
   8.900000E+002   3.447190E-002
   8.910000E+002   3.434315E-002
   8.920000E+002   3.421700E-002
   8.930000E+002   3.409352E-002
   8.940000E+002   3.397276E-002
   8.950000E+002   3.385478E-002
   8.960000E+002   3.373964E-002
   8.970000E+002   3.362739E-002
   8.980000E+002   3.351808E-002
   8.990000E+002   3.341178E-002
   9.000000E+002   3.330854E-002
   9.010000E+002   3.320841E-002
   9.020000E+002   3.311139E-002
   9.030000E+002   3.301746E-002
   9.040000E+002   3.292661E-002
   9.050000E+002   3.283882E-002
   9.060000E+002   3.275410E-002
   9.070000E+002   3.267241E-002
   9.080000E+002   3.259375E-002
   9.090000E+002   3.251811E-002
   9.100000E+002   3.244548E-002
   9.110000E+002   3.237584E-002
   9.120000E+002   3.230917E-002
   9.130000E+002   3.224547E-002
   9.140000E+002   3.218473E-002
   9.150000E+002   3.212692E-002
   9.160000E+002   3.207204E-002
   9.170000E+002   3.202008E-002
   9.180000E+002   3.197102E-002
   9.190000E+002   3.192485E-002
   9.200000E+002   3.188156E-002
   9.210000E+002   3.184113E-002
   9.220000E+002   3.180355E-002
   9.230000E+002   3.176881E-002
   9.240000E+002   3.173690E-002
   9.250000E+002   3.170780E-002
   9.260000E+002   3.168150E-002
   9.270000E+002   3.165798E-002
   9.280000E+002   3.163725E-002
   9.290000E+002   3.161927E-002
   9.300000E+002   3.160405E-002
   9.310000E+002   3.159156E-002
   9.320000E+002   3.158180E-002
   9.330000E+002   3.157475E-002
   9.340000E+002   3.157040E-002
   9.350000E+002   3.156873E-002
   9.360000E+002   3.156974E-002
   9.370000E+002   3.157340E-002
   9.380000E+002   3.157972E-002
   9.390000E+002   3.158867E-002
   9.400000E+002   3.160024E-002
   9.410000E+002   3.161443E-002
   9.420000E+002   3.163121E-002
   9.430000E+002   3.165057E-002
   9.440000E+002   3.167251E-002
   9.450000E+002   3.169700E-002
   9.460000E+002   3.172404E-002
   9.470000E+002   3.175362E-002
   9.480000E+002   3.178571E-002
   9.490000E+002   3.182031E-002
   9.500000E+002   3.185741E-002
   9.510000E+002   3.189699E-002
   9.520000E+002   3.193900E-002
   9.530000E+002   3.198341E-002
   9.540000E+002   3.203016E-002
   9.550000E+002   3.207921E-002
   9.560000E+002   3.213051E-002
   9.570000E+002   3.218403E-002
   9.580000E+002   3.223970E-002
   9.590000E+002   3.229750E-002
   9.600000E+002   3.235737E-002
   9.610000E+002   3.241927E-002
   9.620000E+002   3.248315E-002
   9.630000E+002   3.254896E-002
   9.640000E+002   3.261667E-002
   9.650000E+002   3.268622E-002
   9.660000E+002   3.275757E-002
   9.670000E+002   3.283067E-002
   9.680000E+002   3.290548E-002
   9.690000E+002   3.298196E-002
   9.700000E+002   3.306005E-002
   9.710000E+002   3.313972E-002
   9.720000E+002   3.322091E-002
   9.730000E+002   3.330358E-002
   9.740000E+002   3.338769E-002
   9.750000E+002   3.347318E-002
   9.760000E+002   3.356003E-002
   9.770000E+002   3.364817E-002
   9.780000E+002   3.373756E-002
   9.790000E+002   3.382816E-002
   9.800000E+002   3.391992E-002
   9.810000E+002   3.401280E-002
   9.820000E+002   3.410675E-002
   9.830000E+002   3.420173E-002
   9.840000E+002   3.429769E-002
   9.850000E+002   3.439458E-002
   9.860000E+002   3.449236E-002
   9.870000E+002   3.459098E-002
   9.880000E+002   3.469040E-002
   9.890000E+002   3.479058E-002
   9.900000E+002   3.489146E-002
   9.910000E+002   3.499300E-002
   9.920000E+002   3.509516E-002
   9.930000E+002   3.519788E-002
   9.940000E+002   3.530114E-002
   9.950000E+002   3.540487E-002
   9.960000E+002   3.550903E-002
   9.970000E+002   3.561359E-002
   9.980000E+002   3.571848E-002
   9.990000E+002   3.582367E-002
   1.000000E+003   3.592912E-002
   1.001000E+003   3.603476E-002
   1.002000E+003   3.614054E-002
   1.003000E+003   3.624639E-002
   1.004000E+003   3.635222E-002
   1.005000E+003   3.645797E-002
   1.006000E+003   3.656357E-002
   1.007000E+003   3.666895E-002
   1.008000E+003   3.677403E-002
   1.009000E+003   3.687874E-002
   1.010000E+003   3.698301E-002
   1.011000E+003   3.708677E-002
   1.012000E+003   3.718995E-002
   1.013000E+003   3.729247E-002
   1.014000E+003   3.739427E-002
   1.015000E+003   3.749527E-002
   1.016000E+003   3.759540E-002
   1.017000E+003   3.769459E-002
   1.018000E+003   3.779276E-002
   1.019000E+003   3.788985E-002
   1.020000E+003   3.798578E-002
   1.021000E+003   3.808049E-002
   1.022000E+003   3.817389E-002
   1.023000E+003   3.826592E-002
   1.024000E+003   3.835651E-002
   1.025000E+003   3.844558E-002
   1.026000E+003   3.853307E-002
   1.027000E+003   3.861889E-002
   1.028000E+003   3.870299E-002
   1.029000E+003   3.878529E-002
   1.030000E+003   3.886571E-002
   1.031000E+003   3.894418E-002
   1.032000E+003   3.902064E-002
   1.033000E+003   3.909501E-002
   1.034000E+003   3.916721E-002
   1.035000E+003   3.923719E-002
   1.036000E+003   3.930486E-002
   1.037000E+003   3.937015E-002
   1.038000E+003   3.943300E-002
   1.039000E+003   3.949333E-002
   1.040000E+003   3.955106E-002
   1.041000E+003   3.960614E-002
   1.042000E+003   3.965848E-002
   1.043000E+003   3.970801E-002
   1.044000E+003   3.975466E-002
   1.045000E+003   3.979837E-002
   1.046000E+003   3.983905E-002
   1.047000E+003   3.987664E-002
   1.048000E+003   3.991107E-002
   1.049000E+003   3.994225E-002
   1.050000E+003   3.997013E-002
   1.051000E+003   3.999465E-002
   1.052000E+003   4.001583E-002
   1.053000E+003   4.003369E-002
   1.054000E+003   4.004828E-002
   1.055000E+003   4.005962E-002
   1.056000E+003   4.006777E-002
   1.057000E+003   4.007274E-002
   1.058000E+003   4.007458E-002
   1.059000E+003   4.007332E-002
   1.060000E+003   4.006899E-002
   1.061000E+003   4.006163E-002
   1.062000E+003   4.005128E-002
   1.063000E+003   4.003797E-002
   1.064000E+003   4.002173E-002
   1.065000E+003   4.000260E-002
   1.066000E+003   3.998062E-002
   1.067000E+003   3.995582E-002
   1.068000E+003   3.992824E-002
   1.069000E+003   3.989790E-002
   1.070000E+003   3.986485E-002
   1.071000E+003   3.982912E-002
   1.072000E+003   3.979075E-002
   1.073000E+003   3.974976E-002
   1.074000E+003   3.970620E-002
   1.075000E+003   3.966011E-002
   1.076000E+003   3.961150E-002
   1.077000E+003   3.956043E-002
   1.078000E+003   3.950692E-002
   1.079000E+003   3.945101E-002
   1.080000E+003   3.939274E-002
   1.081000E+003   3.933214E-002
   1.082000E+003   3.926925E-002
   1.083000E+003   3.920409E-002
   1.084000E+003   3.913671E-002
   1.085000E+003   3.906714E-002
   1.086000E+003   3.899542E-002
   1.087000E+003   3.892158E-002
   1.088000E+003   3.884565E-002
   1.089000E+003   3.876767E-002
   1.090000E+003   3.868768E-002
   1.091000E+003   3.860571E-002
   1.092000E+003   3.852180E-002
   1.093000E+003   3.843597E-002
   1.094000E+003   3.834828E-002
   1.095000E+003   3.825874E-002
   1.096000E+003   3.816740E-002
   1.097000E+003   3.807429E-002
   1.098000E+003   3.797944E-002
   1.099000E+003   3.788290E-002
   1.100000E+003   3.778469E-002
   1.101000E+003   3.768485E-002
   1.102000E+003   3.758345E-002
   1.103000E+003   3.748054E-002
   1.104000E+003   3.737618E-002
   1.105000E+003   3.727042E-002
   1.106000E+003   3.716334E-002
   1.107000E+003   3.705499E-002
   1.108000E+003   3.694543E-002
   1.109000E+003   3.683472E-002
   1.110000E+003   3.672291E-002
   1.111000E+003   3.661008E-002
   1.112000E+003   3.649628E-002
   1.113000E+003   3.638156E-002
   1.114000E+003   3.626600E-002
   1.115000E+003   3.614964E-002
   1.116000E+003   3.603255E-002
   1.117000E+003   3.591479E-002
   1.118000E+003   3.579642E-002
   1.119000E+003   3.567750E-002
   1.120000E+003   3.555808E-002
   1.121000E+003   3.543823E-002
   1.122000E+003   3.531801E-002
   1.123000E+003   3.519748E-002
   1.124000E+003   3.507670E-002
   1.125000E+003   3.495572E-002
   1.126000E+003   3.483461E-002
   1.127000E+003   3.471343E-002
   1.128000E+003   3.459223E-002
   1.129000E+003   3.447108E-002
   1.130000E+003   3.435004E-002
   1.131000E+003   3.422916E-002
   1.132000E+003   3.410851E-002
   1.133000E+003   3.398815E-002
   1.134000E+003   3.386813E-002
   1.135000E+003   3.374852E-002
   1.136000E+003   3.362938E-002
   1.137000E+003   3.351076E-002
   1.138000E+003   3.339272E-002
   1.139000E+003   3.327533E-002
   1.140000E+003   3.315865E-002
   1.141000E+003   3.304273E-002
   1.142000E+003   3.292763E-002
   1.143000E+003   3.281342E-002
   1.144000E+003   3.270016E-002
   1.145000E+003   3.258790E-002
   1.146000E+003   3.247670E-002
   1.147000E+003   3.236663E-002
   1.148000E+003   3.225774E-002
   1.149000E+003   3.215010E-002
   1.150000E+003   3.204376E-002
   1.151000E+003   3.193877E-002
   1.152000E+003   3.183511E-002
   1.153000E+003   3.173276E-002
   1.154000E+003   3.163170E-002
   1.155000E+003   3.153189E-002
   1.156000E+003   3.143331E-002
   1.157000E+003   3.133593E-002
   1.158000E+003   3.123972E-002
   1.159000E+003   3.114465E-002
   1.160000E+003   3.105070E-002
   1.161000E+003   3.095785E-002
   1.162000E+003   3.086606E-002
   1.163000E+003   3.077530E-002
   1.164000E+003   3.068555E-002
   1.165000E+003   3.059679E-002
   1.166000E+003   3.050898E-002
   1.167000E+003   3.042210E-002
   1.168000E+003   3.033611E-002
   1.169000E+003   3.025100E-002
   1.170000E+003   3.016674E-002
   1.171000E+003   3.008329E-002
   1.172000E+003   3.000064E-002
   1.173000E+003   2.991874E-002
   1.174000E+003   2.983759E-002
   1.175000E+003   2.975714E-002
   1.176000E+003   2.967737E-002
   1.177000E+003   2.959826E-002
   1.178000E+003   2.951978E-002
   1.179000E+003   2.944190E-002
   1.180000E+003   2.936459E-002
   1.181000E+003   2.928782E-002
   1.182000E+003   2.921157E-002
   1.183000E+003   2.913582E-002
   1.184000E+003   2.906052E-002
   1.185000E+003   2.898567E-002
   1.186000E+003   2.891122E-002
   1.187000E+003   2.883716E-002
   1.188000E+003   2.876344E-002
   1.189000E+003   2.869006E-002
   1.190000E+003   2.861698E-002
   1.191000E+003   2.854417E-002
   1.192000E+003   2.847160E-002
   1.193000E+003   2.839925E-002
   1.194000E+003   2.832710E-002
   1.195000E+003   2.825510E-002
   1.196000E+003   2.818325E-002
   1.197000E+003   2.811150E-002
   1.198000E+003   2.803984E-002
   1.199000E+003   2.796822E-002
   1.200000E+003   2.789664E-002
   1.201000E+003   2.782506E-002
