   2.000000E+000   2.286737E-002
   3.000000E+000   1.483485E-002
   4.000000E+000   1.318146E-002
   5.000000E+000   1.289795E-002
   6.000000E+000   1.255614E-002
   7.000000E+000   1.237530E-002
   8.000000E+000   1.230757E-002
   9.000000E+000   1.226035E-002
   1.000000E+001   1.222905E-002
   1.100000E+001   1.222651E-002
   1.200000E+001   1.224720E-002
   1.300000E+001   1.228240E-002
   1.400000E+001   1.232895E-002
   1.500000E+001   1.238506E-002
   1.600000E+001   1.244907E-002
   1.700000E+001   1.251983E-002
   1.800000E+001   1.259629E-002
   1.900000E+001   1.267742E-002
   2.000000E+001   1.276218E-002
   2.100000E+001   1.284969E-002
   2.200000E+001   1.293967E-002
   2.300000E+001   1.303202E-002
   2.400000E+001   1.312661E-002
   2.500000E+001   1.322333E-002
   2.600000E+001   1.332207E-002
   2.700000E+001   1.342271E-002
   2.800000E+001   1.352513E-002
   2.900000E+001   1.362923E-002
   3.000000E+001   1.373487E-002
   3.100000E+001   1.384198E-002
   3.200000E+001   1.395055E-002
   3.300000E+001   1.406060E-002
   3.400000E+001   1.417216E-002
   3.500000E+001   1.428526E-002
   3.600000E+001   1.439991E-002
   3.700000E+001   1.451614E-002
   3.800000E+001   1.463397E-002
   3.900000E+001   1.475343E-002
   4.000000E+001   1.487454E-002
   4.100000E+001   1.499733E-002
   4.200000E+001   1.512193E-002
   4.300000E+001   1.524843E-002
   4.400000E+001   1.537697E-002
   4.500000E+001   1.550766E-002
   4.600000E+001   1.564063E-002
   4.700000E+001   1.577599E-002
   4.800000E+001   1.591387E-002
   4.900000E+001   1.605438E-002
   5.000000E+001   1.619765E-002
   5.100000E+001   1.634379E-002
   5.200000E+001   1.649290E-002
   5.300000E+001   1.664509E-002
   5.400000E+001   1.680046E-002
   5.500000E+001   1.695909E-002
   5.600000E+001   1.712110E-002
   5.700000E+001   1.728657E-002
   5.800000E+001   1.745562E-002
   5.900000E+001   1.762833E-002
   6.000000E+001   1.780481E-002
   6.100000E+001   1.798516E-002
   6.200000E+001   1.816943E-002
   6.300000E+001   1.835769E-002
   6.400000E+001   1.855001E-002
   6.500000E+001   1.874645E-002
   6.600000E+001   1.894707E-002
   6.700000E+001   1.915194E-002
   6.800000E+001   1.936112E-002
   6.900000E+001   1.957466E-002
   7.000000E+001   1.979264E-002
   7.100000E+001   2.001512E-002
   7.200000E+001   2.024216E-002
   7.300000E+001   2.047381E-002
   7.400000E+001   2.071014E-002
   7.500000E+001   2.095120E-002
   7.600000E+001   2.119705E-002
   7.700000E+001   2.144776E-002
   7.800000E+001   2.170337E-002
   7.900000E+001   2.196396E-002
   8.000000E+001   2.222958E-002
   8.100000E+001   2.250027E-002
   8.200000E+001   2.277601E-002
   8.300000E+001   2.305677E-002
   8.400000E+001   2.334252E-002
   8.500000E+001   2.363321E-002
   8.600000E+001   2.392883E-002
   8.700000E+001   2.422932E-002
   8.800000E+001   2.453466E-002
   8.900000E+001   2.484482E-002
   9.000000E+001   2.515975E-002
   9.100000E+001   2.547943E-002
   9.200000E+001   2.580380E-002
   9.300000E+001   2.613283E-002
   9.400000E+001   2.646646E-002
   9.500000E+001   2.680465E-002
   9.600000E+001   2.714735E-002
   9.700000E+001   2.749451E-002
   9.800000E+001   2.784610E-002
   9.900000E+001   2.820205E-002
   1.000000E+002   2.856234E-002
   1.010000E+002   2.892689E-002
   1.020000E+002   2.929566E-002
   1.030000E+002   2.966856E-002
   1.040000E+002   3.004551E-002
   1.050000E+002   3.042646E-002
   1.060000E+002   3.081132E-002
   1.070000E+002   3.120001E-002
   1.080000E+002   3.159248E-002
   1.090000E+002   3.198864E-002
   1.100000E+002   3.238842E-002
   1.110000E+002   3.279175E-002
   1.120000E+002   3.319856E-002
   1.130000E+002   3.360876E-002
   1.140000E+002   3.402230E-002
   1.150000E+002   3.443908E-002
   1.160000E+002   3.485906E-002
   1.170000E+002   3.528214E-002
   1.180000E+002   3.570825E-002
   1.190000E+002   3.613733E-002
   1.200000E+002   3.656930E-002
   1.210000E+002   3.700407E-002
   1.220000E+002   3.744151E-002
   1.230000E+002   3.788149E-002
   1.240000E+002   3.832384E-002
   1.250000E+002   3.876844E-002
   1.260000E+002   3.921514E-002
   1.270000E+002   3.966379E-002
   1.280000E+002   4.011425E-002
   1.290000E+002   4.056637E-002
   1.300000E+002   4.102002E-002
   1.310000E+002   4.147505E-002
   1.320000E+002   4.193131E-002
   1.330000E+002   4.238866E-002
   1.340000E+002   4.284696E-002
   1.350000E+002   4.330606E-002
   1.360000E+002   4.376582E-002
   1.370000E+002   4.422610E-002
   1.380000E+002   4.468675E-002
   1.390000E+002   4.514763E-002
   1.400000E+002   4.560859E-002
   1.410000E+002   4.606949E-002
   1.420000E+002   4.653013E-002
   1.430000E+002   4.699032E-002
   1.440000E+002   4.744986E-002
   1.450000E+002   4.790856E-002
   1.460000E+002   4.836623E-002
   1.470000E+002   4.882266E-002
   1.480000E+002   4.927766E-002
   1.490000E+002   4.973104E-002
   1.500000E+002   5.018261E-002
   1.510000E+002   5.063215E-002
   1.520000E+002   5.107949E-002
   1.530000E+002   5.152442E-002
   1.540000E+002   5.196675E-002
   1.550000E+002   5.240628E-002
   1.560000E+002   5.284282E-002
   1.570000E+002   5.327618E-002
   1.580000E+002   5.370615E-002
   1.590000E+002   5.413254E-002
   1.600000E+002   5.455515E-002
   1.610000E+002   5.497382E-002
   1.620000E+002   5.538845E-002
   1.630000E+002   5.579898E-002
   1.640000E+002   5.620534E-002
   1.650000E+002   5.660746E-002
   1.660000E+002   5.700528E-002
   1.670000E+002   5.739873E-002
   1.680000E+002   5.778775E-002
   1.690000E+002   5.817226E-002
   1.700000E+002   5.855221E-002
   1.710000E+002   5.892752E-002
   1.720000E+002   5.929813E-002
   1.730000E+002   5.966398E-002
   1.740000E+002   6.002499E-002
   1.750000E+002   6.038110E-002
   1.760000E+002   6.073224E-002
   1.770000E+002   6.107835E-002
   1.780000E+002   6.141936E-002
   1.790000E+002   6.175521E-002
   1.800000E+002   6.208582E-002
   1.810000E+002   6.241111E-002
   1.820000E+002   6.273088E-002
   1.830000E+002   6.304491E-002
   1.840000E+002   6.335298E-002
   1.850000E+002   6.365486E-002
   1.860000E+002   6.395035E-002
   1.870000E+002   6.423922E-002
   1.880000E+002   6.452124E-002
   1.890000E+002   6.479620E-002
   1.900000E+002   6.506388E-002
   1.910000E+002   6.532406E-002
   1.920000E+002   6.557651E-002
   1.930000E+002   6.582102E-002
   1.940000E+002   6.605736E-002
   1.950000E+002   6.628532E-002
   1.960000E+002   6.650467E-002
   1.970000E+002   6.671520E-002
   1.980000E+002   6.691668E-002
   1.990000E+002   6.710889E-002
   2.000000E+002   6.729162E-002
   2.010000E+002   6.746469E-002
   2.020000E+002   6.762813E-002
   2.030000E+002   6.778202E-002
   2.040000E+002   6.792644E-002
   2.050000E+002   6.806146E-002
   2.060000E+002   6.818717E-002
   2.070000E+002   6.830365E-002
   2.080000E+002   6.841096E-002
   2.090000E+002   6.850920E-002
   2.100000E+002   6.859844E-002
   2.110000E+002   6.867876E-002
   2.120000E+002   6.875024E-002
   2.130000E+002   6.881296E-002
   2.140000E+002   6.886699E-002
   2.150000E+002   6.891241E-002
   2.160000E+002   6.894931E-002
   2.170000E+002   6.897775E-002
   2.180000E+002   6.899783E-002
   2.190000E+002   6.900962E-002
   2.200000E+002   6.901319E-002
   2.210000E+002   6.900863E-002
   2.220000E+002   6.899602E-002
   2.230000E+002   6.897543E-002
   2.240000E+002   6.894694E-002
   2.250000E+002   6.891063E-002
   2.260000E+002   6.886657E-002
   2.270000E+002   6.881480E-002
   2.280000E+002   6.875532E-002
   2.290000E+002   6.868817E-002
   2.300000E+002   6.861337E-002
   2.310000E+002   6.853094E-002
   2.320000E+002   6.844090E-002
   2.330000E+002   6.834326E-002
   2.340000E+002   6.823806E-002
   2.350000E+002   6.812532E-002
   2.360000E+002   6.800505E-002
   2.370000E+002   6.787729E-002
   2.380000E+002   6.774204E-002
   2.390000E+002   6.759933E-002
   2.400000E+002   6.744919E-002
   2.410000E+002   6.729164E-002
   2.420000E+002   6.712669E-002
   2.430000E+002   6.695437E-002
   2.440000E+002   6.677470E-002
   2.450000E+002   6.658770E-002
   2.460000E+002   6.639339E-002
   2.470000E+002   6.619181E-002
   2.480000E+002   6.598296E-002
   2.490000E+002   6.576687E-002
   2.500000E+002   6.554356E-002
   2.510000E+002   6.531307E-002
   2.520000E+002   6.507555E-002
   2.530000E+002   6.483115E-002
   2.540000E+002   6.458003E-002
   2.550000E+002   6.432236E-002
   2.560000E+002   6.405829E-002
   2.570000E+002   6.378798E-002
   2.580000E+002   6.351159E-002
   2.590000E+002   6.322929E-002
   2.600000E+002   6.294123E-002
   2.610000E+002   6.264757E-002
   2.620000E+002   6.234847E-002
   2.630000E+002   6.204409E-002
   2.640000E+002   6.173460E-002
   2.650000E+002   6.142015E-002
   2.660000E+002   6.110090E-002
   2.670000E+002   6.077702E-002
   2.680000E+002   6.044866E-002
   2.690000E+002   6.011598E-002
   2.700000E+002   5.977914E-002
   2.710000E+002   5.943830E-002
   2.720000E+002   5.909363E-002
   2.730000E+002   5.874528E-002
   2.740000E+002   5.839341E-002
   2.750000E+002   5.803818E-002
   2.760000E+002   5.767976E-002
   2.770000E+002   5.731833E-002
   2.780000E+002   5.695406E-002
   2.790000E+002   5.658716E-002
   2.800000E+002   5.621780E-002
   2.810000E+002   5.584617E-002
   2.820000E+002   5.547245E-002
   2.830000E+002   5.509684E-002
   2.840000E+002   5.471950E-002
   2.850000E+002   5.434064E-002
   2.860000E+002   5.396043E-002
   2.870000E+002   5.357906E-002
   2.880000E+002   5.319672E-002
   2.890000E+002   5.281359E-002
   2.900000E+002   5.242985E-002
   2.910000E+002   5.204570E-002
   2.920000E+002   5.166131E-002
   2.930000E+002   5.127687E-002
   2.940000E+002   5.089257E-002
   2.950000E+002   5.050860E-002
   2.960000E+002   5.012513E-002
   2.970000E+002   4.974235E-002
   2.980000E+002   4.936045E-002
   2.990000E+002   4.897962E-002
   3.000000E+002   4.860004E-002
   3.010000E+002   4.822187E-002
   3.020000E+002   4.784525E-002
   3.030000E+002   4.747027E-002
   3.040000E+002   4.709705E-002
   3.050000E+002   4.672569E-002
   3.060000E+002   4.635630E-002
   3.070000E+002   4.598898E-002
   3.080000E+002   4.562385E-002
   3.090000E+002   4.526100E-002
   3.100000E+002   4.490055E-002
   3.110000E+002   4.454260E-002
   3.120000E+002   4.418725E-002
   3.130000E+002   4.383462E-002
   3.140000E+002   4.348482E-002
   3.150000E+002   4.313794E-002
   3.160000E+002   4.279409E-002
   3.170000E+002   4.245339E-002
   3.180000E+002   4.211594E-002
   3.190000E+002   4.178184E-002
   3.200000E+002   4.145121E-002
   3.210000E+002   4.112414E-002
   3.220000E+002   4.080075E-002
   3.230000E+002   4.048114E-002
   3.240000E+002   4.016542E-002
   3.250000E+002   3.985369E-002
   3.260000E+002   3.954607E-002
   3.270000E+002   3.924266E-002
   3.280000E+002   3.894356E-002
   3.290000E+002   3.864888E-002
   3.300000E+002   3.835874E-002
   3.310000E+002   3.807323E-002
   3.320000E+002   3.779246E-002
   3.330000E+002   3.751655E-002
   3.340000E+002   3.724558E-002
   3.350000E+002   3.697969E-002
   3.360000E+002   3.671896E-002
   3.370000E+002   3.646351E-002
   3.380000E+002   3.621344E-002
   3.390000E+002   3.596886E-002
   3.400000E+002   3.572988E-002
   3.410000E+002   3.549660E-002
   3.420000E+002   3.526913E-002
   3.430000E+002   3.504758E-002
   3.440000E+002   3.483205E-002
   3.450000E+002   3.462265E-002
   3.460000E+002   3.441949E-002
   3.470000E+002   3.422267E-002
   3.480000E+002   3.403231E-002
   3.490000E+002   3.384850E-002
   3.500000E+002   3.367135E-002
   3.510000E+002   3.350095E-002
   3.520000E+002   3.333729E-002
   3.530000E+002   3.318035E-002
   3.540000E+002   3.303009E-002
   3.550000E+002   3.288647E-002
   3.560000E+002   3.274949E-002
   3.570000E+002   3.261909E-002
   3.580000E+002   3.249526E-002
   3.590000E+002   3.237797E-002
   3.600000E+002   3.226717E-002
   3.610000E+002   3.216286E-002
   3.620000E+002   3.206499E-002
   3.630000E+002   3.197353E-002
   3.640000E+002   3.188847E-002
   3.650000E+002   3.180976E-002
   3.660000E+002   3.173737E-002
   3.670000E+002   3.167129E-002
   3.680000E+002   3.161147E-002
   3.690000E+002   3.155789E-002
   3.700000E+002   3.151053E-002
   3.710000E+002   3.146934E-002
   3.720000E+002   3.143430E-002
   3.730000E+002   3.140539E-002
   3.740000E+002   3.138256E-002
   3.750000E+002   3.136580E-002
   3.760000E+002   3.135507E-002
   3.770000E+002   3.135034E-002
   3.780000E+002   3.135158E-002
   3.790000E+002   3.135877E-002
   3.800000E+002   3.137188E-002
   3.810000E+002   3.139086E-002
   3.820000E+002   3.141571E-002
   3.830000E+002   3.144637E-002
   3.840000E+002   3.148284E-002
   3.850000E+002   3.152507E-002
   3.860000E+002   3.157304E-002
   3.870000E+002   3.162671E-002
   3.880000E+002   3.168607E-002
   3.890000E+002   3.175107E-002
   3.900000E+002   3.182169E-002
   3.910000E+002   3.189790E-002
   3.920000E+002   3.197967E-002
   3.930000E+002   3.206697E-002
   3.940000E+002   3.215977E-002
   3.950000E+002   3.225804E-002
   3.960000E+002   3.236175E-002
   3.970000E+002   3.247088E-002
   3.980000E+002   3.258538E-002
   3.990000E+002   3.270524E-002
   4.000000E+002   3.283043E-002
   4.010000E+002   3.296088E-002
   4.020000E+002   3.309648E-002
   4.030000E+002   3.323707E-002
   4.040000E+002   3.338249E-002
   4.050000E+002   3.353260E-002
   4.060000E+002   3.368724E-002
   4.070000E+002   3.384625E-002
   4.080000E+002   3.400949E-002
   4.090000E+002   3.417680E-002
   4.100000E+002   3.434803E-002
   4.110000E+002   3.452303E-002
   4.120000E+002   3.470164E-002
   4.130000E+002   3.488371E-002
   4.140000E+002   3.506909E-002
   4.150000E+002   3.525763E-002
   4.160000E+002   3.544917E-002
   4.170000E+002   3.564356E-002
   4.180000E+002   3.584065E-002
   4.190000E+002   3.604028E-002
   4.200000E+002   3.624231E-002
   4.210000E+002   3.644657E-002
   4.220000E+002   3.665292E-002
   4.230000E+002   3.686121E-002
   4.240000E+002   3.707127E-002
   4.250000E+002   3.728297E-002
   4.260000E+002   3.749614E-002
   4.270000E+002   3.771063E-002
   4.280000E+002   3.792630E-002
   4.290000E+002   3.814298E-002
   4.300000E+002   3.836053E-002
   4.310000E+002   3.857879E-002
   4.320000E+002   3.879761E-002
   4.330000E+002   3.901683E-002
   4.340000E+002   3.923631E-002
   4.350000E+002   3.945590E-002
   4.360000E+002   3.967543E-002
   4.370000E+002   3.989475E-002
   4.380000E+002   4.011372E-002
   4.390000E+002   4.033218E-002
   4.400000E+002   4.054998E-002
   4.410000E+002   4.076696E-002
   4.420000E+002   4.098298E-002
   4.430000E+002   4.119787E-002
   4.440000E+002   4.141149E-002
   4.450000E+002   4.162369E-002
   4.460000E+002   4.183430E-002
   4.470000E+002   4.204319E-002
   4.480000E+002   4.225019E-002
   4.490000E+002   4.245515E-002
   4.500000E+002   4.265793E-002
   4.510000E+002   4.285838E-002
   4.520000E+002   4.305647E-002
   4.530000E+002   4.325216E-002
   4.540000E+002   4.344544E-002
   4.550000E+002   4.363627E-002
   4.560000E+002   4.382463E-002
   4.570000E+002   4.401049E-002
   4.580000E+002   4.419383E-002
   4.590000E+002   4.437463E-002
   4.600000E+002   4.455285E-002
   4.610000E+002   4.472848E-002
   4.620000E+002   4.490148E-002
   4.630000E+002   4.507183E-002
   4.640000E+002   4.523951E-002
   4.650000E+002   4.540449E-002
   4.660000E+002   4.556674E-002
   4.670000E+002   4.572624E-002
   4.680000E+002   4.588296E-002
   4.690000E+002   4.603688E-002
   4.700000E+002   4.618798E-002
   4.710000E+002   4.633621E-002
   4.720000E+002   4.648157E-002
   4.730000E+002   4.662403E-002
   4.740000E+002   4.676355E-002
   4.750000E+002   4.690012E-002
   4.760000E+002   4.703371E-002
   4.770000E+002   4.716428E-002
   4.780000E+002   4.729183E-002
   4.790000E+002   4.741632E-002
   4.800000E+002   4.753772E-002
   4.810000E+002   4.765601E-002
   4.820000E+002   4.777117E-002
   4.830000E+002   4.788317E-002
   4.840000E+002   4.799198E-002
   4.850000E+002   4.809758E-002
   4.860000E+002   4.819995E-002
   4.870000E+002   4.829905E-002
   4.880000E+002   4.839486E-002
   4.890000E+002   4.848735E-002
   4.900000E+002   4.857651E-002
   4.910000E+002   4.866230E-002
   4.920000E+002   4.874470E-002
   4.930000E+002   4.882369E-002
   4.940000E+002   4.889923E-002
   4.950000E+002   4.897130E-002
   4.960000E+002   4.903988E-002
   4.970000E+002   4.910495E-002
   4.980000E+002   4.916647E-002
   4.990000E+002   4.922441E-002
   5.000000E+002   4.927877E-002
   5.010000E+002   4.932950E-002
   5.020000E+002   4.937661E-002
   5.030000E+002   4.942010E-002
   5.040000E+002   4.945996E-002
   5.050000E+002   4.949620E-002
   5.060000E+002   4.952880E-002
   5.070000E+002   4.955778E-002
   5.080000E+002   4.958312E-002
   5.090000E+002   4.960483E-002
   5.100000E+002   4.962290E-002
   5.110000E+002   4.963734E-002
   5.120000E+002   4.964813E-002
   5.130000E+002   4.965529E-002
   5.140000E+002   4.965880E-002
   5.150000E+002   4.965867E-002
   5.160000E+002   4.965489E-002
   5.170000E+002   4.964747E-002
   5.180000E+002   4.963640E-002
   5.190000E+002   4.962167E-002
   5.200000E+002   4.960330E-002
   5.210000E+002   4.958127E-002
   5.220000E+002   4.955559E-002
   5.230000E+002   4.952625E-002
   5.240000E+002   4.949325E-002
   5.250000E+002   4.945659E-002
   5.260000E+002   4.941627E-002
   5.270000E+002   4.937229E-002
   5.280000E+002   4.932464E-002
   5.290000E+002   4.927333E-002
   5.300000E+002   4.921834E-002
   5.310000E+002   4.915969E-002
   5.320000E+002   4.909737E-002
   5.330000E+002   4.903137E-002
   5.340000E+002   4.896170E-002
   5.350000E+002   4.888835E-002
   5.360000E+002   4.881132E-002
   5.370000E+002   4.873062E-002
   5.380000E+002   4.864623E-002
   5.390000E+002   4.855816E-002
   5.400000E+002   4.846641E-002
   5.410000E+002   4.837097E-002
   5.420000E+002   4.827184E-002
   5.430000E+002   4.816902E-002
   5.440000E+002   4.806251E-002
   5.450000E+002   4.795231E-002
   5.460000E+002   4.783842E-002
   5.470000E+002   4.772083E-002
   5.480000E+002   4.759954E-002
   5.490000E+002   4.747456E-002
   5.500000E+002   4.734587E-002
   5.510000E+002   4.721350E-002
   5.520000E+002   4.707757E-002
   5.530000E+002   4.693822E-002
   5.540000E+002   4.679558E-002
   5.550000E+002   4.664980E-002
   5.560000E+002   4.650101E-002
   5.570000E+002   4.634935E-002
   5.580000E+002   4.619496E-002
   5.590000E+002   4.603799E-002
   5.600000E+002   4.587856E-002
   5.610000E+002   4.571682E-002
   5.620000E+002   4.555291E-002
   5.630000E+002   4.538696E-002
   5.640000E+002   4.521913E-002
   5.650000E+002   4.504953E-002
   5.660000E+002   4.487832E-002
   5.670000E+002   4.470564E-002
   5.680000E+002   4.453161E-002
   5.690000E+002   4.435639E-002
   5.700000E+002   4.418011E-002
   5.710000E+002   4.400290E-002
   5.720000E+002   4.382492E-002
   5.730000E+002   4.364629E-002
   5.740000E+002   4.346716E-002
   5.750000E+002   4.328766E-002
   5.760000E+002   4.310794E-002
   5.770000E+002   4.292814E-002
   5.780000E+002   4.274838E-002
   5.790000E+002   4.256882E-002
   5.800000E+002   4.238959E-002
   5.810000E+002   4.221083E-002
   5.820000E+002   4.203268E-002
   5.830000E+002   4.185528E-002
   5.840000E+002   4.167876E-002
   5.850000E+002   4.150327E-002
   5.860000E+002   4.132895E-002
   5.870000E+002   4.115593E-002
   5.880000E+002   4.098436E-002
   5.890000E+002   4.081436E-002
   5.900000E+002   4.064609E-002
   5.910000E+002   4.047968E-002
   5.920000E+002   4.031528E-002
   5.930000E+002   4.015301E-002
   5.940000E+002   3.999301E-002
   5.950000E+002   3.983544E-002
   5.960000E+002   3.968042E-002
   5.970000E+002   3.952810E-002
   5.980000E+002   3.937861E-002
   5.990000E+002   3.923210E-002
   6.000000E+002   3.908870E-002
   6.010000E+002   3.894853E-002
   6.020000E+002   3.881163E-002
   6.030000E+002   3.867802E-002
   6.040000E+002   3.854771E-002
   6.050000E+002   3.842073E-002
   6.060000E+002   3.829709E-002
   6.070000E+002   3.817682E-002
   6.080000E+002   3.805992E-002
   6.090000E+002   3.794642E-002
   6.100000E+002   3.783634E-002
   6.110000E+002   3.772969E-002
   6.120000E+002   3.762650E-002
   6.130000E+002   3.752677E-002
   6.140000E+002   3.743054E-002
   6.150000E+002   3.733781E-002
   6.160000E+002   3.724861E-002
   6.170000E+002   3.716295E-002
   6.180000E+002   3.708085E-002
   6.190000E+002   3.700233E-002
   6.200000E+002   3.692742E-002
   6.210000E+002   3.685611E-002
   6.220000E+002   3.678845E-002
   6.230000E+002   3.672443E-002
   6.240000E+002   3.666409E-002
   6.250000E+002   3.660744E-002
   6.260000E+002   3.655450E-002
   6.270000E+002   3.650528E-002
   6.280000E+002   3.645981E-002
   6.290000E+002   3.641810E-002
   6.300000E+002   3.638017E-002
   6.310000E+002   3.634604E-002
   6.320000E+002   3.631573E-002
   6.330000E+002   3.628925E-002
   6.340000E+002   3.626663E-002
   6.350000E+002   3.624788E-002
   6.360000E+002   3.623302E-002
   6.370000E+002   3.622207E-002
   6.380000E+002   3.621504E-002
   6.390000E+002   3.621196E-002
   6.400000E+002   3.621285E-002
   6.410000E+002   3.621772E-002
   6.420000E+002   3.622658E-002
   6.430000E+002   3.623947E-002
   6.440000E+002   3.625639E-002
   6.450000E+002   3.627737E-002
   6.460000E+002   3.630242E-002
   6.470000E+002   3.633156E-002
   6.480000E+002   3.636481E-002
   6.490000E+002   3.640218E-002
   6.500000E+002   3.644371E-002
   6.510000E+002   3.648938E-002
   6.520000E+002   3.653915E-002
   6.530000E+002   3.659296E-002
   6.540000E+002   3.665072E-002
   6.550000E+002   3.671239E-002
   6.560000E+002   3.677788E-002
   6.570000E+002   3.684714E-002
   6.580000E+002   3.692010E-002
   6.590000E+002   3.699668E-002
   6.600000E+002   3.707683E-002
   6.610000E+002   3.716048E-002
   6.620000E+002   3.724756E-002
   6.630000E+002   3.733800E-002
   6.640000E+002   3.743174E-002
   6.650000E+002   3.752871E-002
   6.660000E+002   3.762884E-002
   6.670000E+002   3.773207E-002
   6.680000E+002   3.783833E-002
   6.690000E+002   3.794755E-002
   6.700000E+002   3.805967E-002
   6.710000E+002   3.817462E-002
   6.720000E+002   3.829233E-002
   6.730000E+002   3.841274E-002
   6.740000E+002   3.853578E-002
   6.750000E+002   3.866139E-002
   6.760000E+002   3.878949E-002
   6.770000E+002   3.892002E-002
   6.780000E+002   3.905291E-002
   6.790000E+002   3.918810E-002
   6.800000E+002   3.932551E-002
   6.810000E+002   3.946509E-002
   6.820000E+002   3.960677E-002
   6.830000E+002   3.975048E-002
   6.840000E+002   3.989615E-002
   6.850000E+002   4.004371E-002
   6.860000E+002   4.019311E-002
   6.870000E+002   4.034427E-002
   6.880000E+002   4.049712E-002
   6.890000E+002   4.065160E-002
   6.900000E+002   4.080765E-002
   6.910000E+002   4.096519E-002
   6.920000E+002   4.112416E-002
   6.930000E+002   4.128449E-002
   6.940000E+002   4.144612E-002
   6.950000E+002   4.160897E-002
   6.960000E+002   4.177299E-002
   6.970000E+002   4.193811E-002
   6.980000E+002   4.210425E-002
   6.990000E+002   4.227136E-002
   7.000000E+002   4.243936E-002
   7.010000E+002   4.260818E-002
   7.020000E+002   4.277775E-002
   7.030000E+002   4.294796E-002
   7.040000E+002   4.311872E-002
   7.050000E+002   4.328996E-002
   7.060000E+002   4.346157E-002
   7.070000E+002   4.363346E-002
   7.080000E+002   4.380555E-002
   7.090000E+002   4.397774E-002
   7.100000E+002   4.414994E-002
   7.110000E+002   4.432207E-002
   7.120000E+002   4.449402E-002
   7.130000E+002   4.466572E-002
   7.140000E+002   4.483707E-002
   7.150000E+002   4.500797E-002
   7.160000E+002   4.517835E-002
   7.170000E+002   4.534810E-002
   7.180000E+002   4.551714E-002
   7.190000E+002   4.568538E-002
   7.200000E+002   4.585273E-002
   7.210000E+002   4.601908E-002
   7.220000E+002   4.618437E-002
   7.230000E+002   4.634848E-002
   7.240000E+002   4.651135E-002
   7.250000E+002   4.667286E-002
   7.260000E+002   4.683293E-002
   7.270000E+002   4.699148E-002
   7.280000E+002   4.714841E-002
   7.290000E+002   4.730362E-002
   7.300000E+002   4.745704E-002
   7.310000E+002   4.760857E-002
   7.320000E+002   4.775811E-002
   7.330000E+002   4.790558E-002
   7.340000E+002   4.805089E-002
   7.350000E+002   4.819394E-002
   7.360000E+002   4.833465E-002
   7.370000E+002   4.847292E-002
   7.380000E+002   4.860867E-002
   7.390000E+002   4.874180E-002
   7.400000E+002   4.887222E-002
   7.410000E+002   4.899985E-002
   7.420000E+002   4.912458E-002
   7.430000E+002   4.924634E-002
   7.440000E+002   4.936503E-002
   7.450000E+002   4.948055E-002
   7.460000E+002   4.959283E-002
   7.470000E+002   4.970176E-002
   7.480000E+002   4.980726E-002
   7.490000E+002   4.990924E-002
   7.500000E+002   5.000760E-002
   7.510000E+002   5.010228E-002
   7.520000E+002   5.019327E-002
   7.530000E+002   5.028061E-002
   7.540000E+002   5.036432E-002
   7.550000E+002   5.044442E-002
   7.560000E+002   5.052093E-002
   7.570000E+002   5.059389E-002
   7.580000E+002   5.066330E-002
   7.590000E+002   5.072921E-002
   7.600000E+002   5.079162E-002
   7.610000E+002   5.085057E-002
   7.620000E+002   5.090608E-002
   7.630000E+002   5.095818E-002
   7.640000E+002   5.100688E-002
   7.650000E+002   5.105221E-002
   7.660000E+002   5.109420E-002
   7.670000E+002   5.113286E-002
   7.680000E+002   5.116823E-002
   7.690000E+002   5.120033E-002
   7.700000E+002   5.122918E-002
   7.710000E+002   5.125480E-002
   7.720000E+002   5.127723E-002
   7.730000E+002   5.129647E-002
   7.740000E+002   5.131257E-002
   7.750000E+002   5.132554E-002
   7.760000E+002   5.133540E-002
   7.770000E+002   5.134218E-002
   7.780000E+002   5.134590E-002
   7.790000E+002   5.134659E-002
   7.800000E+002   5.134428E-002
   7.810000E+002   5.133898E-002
   7.820000E+002   5.133071E-002
   7.830000E+002   5.131952E-002
   7.840000E+002   5.130541E-002
   7.850000E+002   5.128841E-002
   7.860000E+002   5.126854E-002
   7.870000E+002   5.124584E-002
   7.880000E+002   5.122032E-002
   7.890000E+002   5.119200E-002
   7.900000E+002   5.116092E-002
   7.910000E+002   5.112710E-002
   7.920000E+002   5.109055E-002
   7.930000E+002   5.105130E-002
   7.940000E+002   5.100939E-002
   7.950000E+002   5.096482E-002
   7.960000E+002   5.091764E-002
   7.970000E+002   5.086785E-002
   7.980000E+002   5.081548E-002
   7.990000E+002   5.076056E-002
   8.000000E+002   5.070312E-002
   8.010000E+002   5.064316E-002
   8.020000E+002   5.058069E-002
   8.030000E+002   5.051571E-002
   8.040000E+002   5.044820E-002
   8.050000E+002   5.037816E-002
   8.060000E+002   5.030558E-002
   8.070000E+002   5.023046E-002
   8.080000E+002   5.015278E-002
   8.090000E+002   5.007255E-002
   8.100000E+002   4.998975E-002
   8.110000E+002   4.990438E-002
   8.120000E+002   4.981643E-002
   8.130000E+002   4.972590E-002
   8.140000E+002   4.963277E-002
   8.150000E+002   4.953705E-002
   8.160000E+002   4.943872E-002
   8.170000E+002   4.933778E-002
   8.180000E+002   4.923422E-002
   8.190000E+002   4.912804E-002
   8.200000E+002   4.901922E-002
   8.210000E+002   4.890777E-002
   8.220000E+002   4.879367E-002
   8.230000E+002   4.867692E-002
   8.240000E+002   4.855751E-002
   8.250000E+002   4.843543E-002
   8.260000E+002   4.831068E-002
   8.270000E+002   4.818325E-002
   8.280000E+002   4.805314E-002
   8.290000E+002   4.792033E-002
   8.300000E+002   4.778483E-002
   8.310000E+002   4.764662E-002
   8.320000E+002   4.750569E-002
   8.330000E+002   4.736205E-002
   8.340000E+002   4.721568E-002
   8.350000E+002   4.706658E-002
   8.360000E+002   4.691474E-002
   8.370000E+002   4.676015E-002
   8.380000E+002   4.660281E-002
   8.390000E+002   4.644271E-002
   8.400000E+002   4.627985E-002
   8.410000E+002   4.611421E-002
   8.420000E+002   4.594579E-002
   8.430000E+002   4.577459E-002
   8.440000E+002   4.560059E-002
   8.450000E+002   4.542379E-002
   8.460000E+002   4.524419E-002
   8.470000E+002   4.506177E-002
   8.480000E+002   4.487653E-002
   8.490000E+002   4.468847E-002
   8.500000E+002   4.449757E-002
   8.510000E+002   4.430386E-002
   8.520000E+002   4.410744E-002
   8.530000E+002   4.390847E-002
   8.540000E+002   4.370707E-002
   8.550000E+002   4.350338E-002
   8.560000E+002   4.329755E-002
   8.570000E+002   4.308971E-002
   8.580000E+002   4.288000E-002
   8.590000E+002   4.266856E-002
   8.600000E+002   4.245553E-002
   8.610000E+002   4.224105E-002
   8.620000E+002   4.202526E-002
   8.630000E+002   4.180829E-002
   8.640000E+002   4.159028E-002
   8.650000E+002   4.137138E-002
   8.660000E+002   4.115172E-002
   8.670000E+002   4.093144E-002
   8.680000E+002   4.071067E-002
   8.690000E+002   4.048957E-002
   8.700000E+002   4.026826E-002
   8.710000E+002   4.004689E-002
   8.720000E+002   3.982559E-002
   8.730000E+002   3.960451E-002
   8.740000E+002   3.938378E-002
   8.750000E+002   3.916353E-002
   8.760000E+002   3.894392E-002
   8.770000E+002   3.872508E-002
   8.780000E+002   3.850714E-002
   8.790000E+002   3.829025E-002
   8.800000E+002   3.807454E-002
   8.810000E+002   3.786016E-002
   8.820000E+002   3.764723E-002
   8.830000E+002   3.743591E-002
   8.840000E+002   3.722633E-002
   8.850000E+002   3.701863E-002
   8.860000E+002   3.681294E-002
   8.870000E+002   3.660941E-002
   8.880000E+002   3.640817E-002
   8.890000E+002   3.620937E-002
   8.900000E+002   3.601314E-002
   8.910000E+002   3.581962E-002
   8.920000E+002   3.562895E-002
   8.930000E+002   3.544127E-002
   8.940000E+002   3.525672E-002
   8.950000E+002   3.507543E-002
   8.960000E+002   3.489755E-002
   8.970000E+002   3.472321E-002
   8.980000E+002   3.455255E-002
   8.990000E+002   3.438572E-002
   9.000000E+002   3.422285E-002
   9.010000E+002   3.406404E-002
   9.020000E+002   3.390932E-002
   9.030000E+002   3.375865E-002
   9.040000E+002   3.361201E-002
   9.050000E+002   3.346938E-002
   9.060000E+002   3.333074E-002
   9.070000E+002   3.319606E-002
   9.080000E+002   3.306533E-002
   9.090000E+002   3.293852E-002
   9.100000E+002   3.281561E-002
   9.110000E+002   3.269657E-002
   9.120000E+002   3.258139E-002
   9.130000E+002   3.247004E-002
   9.140000E+002   3.236251E-002
   9.150000E+002   3.225876E-002
   9.160000E+002   3.215878E-002
   9.170000E+002   3.206254E-002
   9.180000E+002   3.197002E-002
   9.190000E+002   3.188120E-002
   9.200000E+002   3.179606E-002
   9.210000E+002   3.171458E-002
   9.220000E+002   3.163673E-002
   9.230000E+002   3.156248E-002
   9.240000E+002   3.149183E-002
   9.250000E+002   3.142474E-002
   9.260000E+002   3.136120E-002
   9.270000E+002   3.130118E-002
   9.280000E+002   3.124466E-002
   9.290000E+002   3.119162E-002
   9.300000E+002   3.114203E-002
   9.310000E+002   3.109588E-002
   9.320000E+002   3.105313E-002
   9.330000E+002   3.101378E-002
   9.340000E+002   3.097779E-002
   9.350000E+002   3.094515E-002
   9.360000E+002   3.091583E-002
   9.370000E+002   3.088981E-002
   9.380000E+002   3.086707E-002
   9.390000E+002   3.084758E-002
   9.400000E+002   3.083133E-002
   9.410000E+002   3.081829E-002
   9.420000E+002   3.080843E-002
   9.430000E+002   3.080175E-002
   9.440000E+002   3.079821E-002
   9.450000E+002   3.079779E-002
   9.460000E+002   3.080047E-002
   9.470000E+002   3.080624E-002
   9.480000E+002   3.081505E-002
   9.490000E+002   3.082690E-002
   9.500000E+002   3.084177E-002
   9.510000E+002   3.085961E-002
   9.520000E+002   3.088039E-002
   9.530000E+002   3.090404E-002
   9.540000E+002   3.093050E-002
   9.550000E+002   3.095971E-002
   9.560000E+002   3.099162E-002
   9.570000E+002   3.102616E-002
   9.580000E+002   3.106327E-002
   9.590000E+002   3.110290E-002
   9.600000E+002   3.114499E-002
   9.610000E+002   3.118947E-002
   9.620000E+002   3.123629E-002
   9.630000E+002   3.128539E-002
   9.640000E+002   3.133671E-002
   9.650000E+002   3.139019E-002
   9.660000E+002   3.144578E-002
   9.670000E+002   3.150340E-002
   9.680000E+002   3.156300E-002
   9.690000E+002   3.162453E-002
   9.700000E+002   3.168792E-002
   9.710000E+002   3.175312E-002
   9.720000E+002   3.182007E-002
   9.730000E+002   3.188869E-002
   9.740000E+002   3.195895E-002
   9.750000E+002   3.203078E-002
   9.760000E+002   3.210411E-002
   9.770000E+002   3.217889E-002
   9.780000E+002   3.225506E-002
   9.790000E+002   3.233257E-002
   9.800000E+002   3.241134E-002
   9.810000E+002   3.249133E-002
   9.820000E+002   3.257247E-002
   9.830000E+002   3.265470E-002
   9.840000E+002   3.273797E-002
   9.850000E+002   3.282221E-002
   9.860000E+002   3.290738E-002
   9.870000E+002   3.299339E-002
   9.880000E+002   3.308021E-002
   9.890000E+002   3.316776E-002
   9.900000E+002   3.325599E-002
   9.910000E+002   3.334485E-002
   9.920000E+002   3.343426E-002
   9.930000E+002   3.352417E-002
   9.940000E+002   3.361453E-002
   9.950000E+002   3.370527E-002
   9.960000E+002   3.379634E-002
   9.970000E+002   3.388766E-002
   9.980000E+002   3.397920E-002
   9.990000E+002   3.407088E-002
   1.000000E+003   3.416265E-002
   1.001000E+003   3.425445E-002
   1.002000E+003   3.434625E-002
   1.003000E+003   3.443802E-002
   1.004000E+003   3.452975E-002
   1.005000E+003   3.462140E-002
   1.006000E+003   3.471294E-002
   1.007000E+003   3.480435E-002
   1.008000E+003   3.489561E-002
   1.009000E+003   3.498669E-002
   1.010000E+003   3.507756E-002
   1.011000E+003   3.516819E-002
   1.012000E+003   3.525856E-002
   1.013000E+003   3.534864E-002
   1.014000E+003   3.543842E-002
   1.015000E+003   3.552785E-002
   1.016000E+003   3.561691E-002
   1.017000E+003   3.570558E-002
   1.018000E+003   3.579384E-002
   1.019000E+003   3.588165E-002
   1.020000E+003   3.596899E-002
   1.021000E+003   3.605583E-002
   1.022000E+003   3.614214E-002
   1.023000E+003   3.622791E-002
   1.024000E+003   3.631310E-002
   1.025000E+003   3.639769E-002
   1.026000E+003   3.648166E-002
   1.027000E+003   3.656496E-002
   1.028000E+003   3.664759E-002
   1.029000E+003   3.672951E-002
   1.030000E+003   3.681069E-002
   1.031000E+003   3.689112E-002
   1.032000E+003   3.697076E-002
   1.033000E+003   3.704959E-002
   1.034000E+003   3.712758E-002
   1.035000E+003   3.720470E-002
   1.036000E+003   3.728094E-002
   1.037000E+003   3.735625E-002
   1.038000E+003   3.743063E-002
   1.039000E+003   3.750403E-002
   1.040000E+003   3.757644E-002
   1.041000E+003   3.764783E-002
   1.042000E+003   3.771816E-002
   1.043000E+003   3.778743E-002
   1.044000E+003   3.785559E-002
   1.045000E+003   3.792263E-002
   1.046000E+003   3.798851E-002
   1.047000E+003   3.805321E-002
   1.048000E+003   3.811671E-002
   1.049000E+003   3.817898E-002
   1.050000E+003   3.823998E-002
   1.051000E+003   3.829970E-002
   1.052000E+003   3.835809E-002
   1.053000E+003   3.841509E-002
   1.054000E+003   3.847067E-002
   1.055000E+003   3.852476E-002
   1.056000E+003   3.857733E-002
   1.057000E+003   3.862832E-002
   1.058000E+003   3.867769E-002
   1.059000E+003   3.872538E-002
   1.060000E+003   3.877135E-002
   1.061000E+003   3.881555E-002
   1.062000E+003   3.885793E-002
   1.063000E+003   3.889845E-002
   1.064000E+003   3.893704E-002
   1.065000E+003   3.897367E-002
   1.066000E+003   3.900829E-002
   1.067000E+003   3.904084E-002
   1.068000E+003   3.907129E-002
   1.069000E+003   3.909957E-002
   1.070000E+003   3.912565E-002
   1.071000E+003   3.914946E-002
   1.072000E+003   3.917097E-002
   1.073000E+003   3.919013E-002
   1.074000E+003   3.920689E-002
   1.075000E+003   3.922119E-002
   1.076000E+003   3.923299E-002
   1.077000E+003   3.924225E-002
   1.078000E+003   3.924890E-002
   1.079000E+003   3.925291E-002
   1.080000E+003   3.925423E-002
   1.081000E+003   3.925280E-002
   1.082000E+003   3.924858E-002
   1.083000E+003   3.924151E-002
   1.084000E+003   3.923156E-002
   1.085000E+003   3.921867E-002
   1.086000E+003   3.920280E-002
   1.087000E+003   3.918389E-002
   1.088000E+003   3.916189E-002
   1.089000E+003   3.913677E-002
   1.090000E+003   3.910846E-002
   1.091000E+003   3.907692E-002
   1.092000E+003   3.904210E-002
   1.093000E+003   3.900396E-002
   1.094000E+003   3.896244E-002
   1.095000E+003   3.891750E-002
   1.096000E+003   3.886908E-002
   1.097000E+003   3.881714E-002
   1.098000E+003   3.876163E-002
   1.099000E+003   3.870250E-002
   1.100000E+003   3.863971E-002
   1.101000E+003   3.857322E-002
   1.102000E+003   3.850312E-002
   1.103000E+003   3.842952E-002
   1.104000E+003   3.835251E-002
   1.105000E+003   3.827220E-002
   1.106000E+003   3.818870E-002
   1.107000E+003   3.810211E-002
   1.108000E+003   3.801253E-002
   1.109000E+003   3.792008E-002
   1.110000E+003   3.782484E-002
   1.111000E+003   3.772693E-002
   1.112000E+003   3.762646E-002
   1.113000E+003   3.752352E-002
   1.114000E+003   3.741822E-002
   1.115000E+003   3.731067E-002
   1.116000E+003   3.720097E-002
   1.117000E+003   3.708922E-002
   1.118000E+003   3.697553E-002
   1.119000E+003   3.686000E-002
   1.120000E+003   3.674274E-002
   1.121000E+003   3.662385E-002
   1.122000E+003   3.650344E-002
   1.123000E+003   3.638160E-002
   1.124000E+003   3.625845E-002
   1.125000E+003   3.613409E-002
   1.126000E+003   3.600863E-002
   1.127000E+003   3.588216E-002
   1.128000E+003   3.575479E-002
   1.129000E+003   3.562663E-002
   1.130000E+003   3.549778E-002
   1.131000E+003   3.536835E-002
   1.132000E+003   3.523843E-002
   1.133000E+003   3.510814E-002
   1.134000E+003   3.497758E-002
   1.135000E+003   3.484685E-002
   1.136000E+003   3.471606E-002
   1.137000E+003   3.458531E-002
   1.138000E+003   3.445471E-002
   1.139000E+003   3.432435E-002
   1.140000E+003   3.419435E-002
   1.141000E+003   3.406481E-002
   1.142000E+003   3.393584E-002
   1.143000E+003   3.380753E-002
   1.144000E+003   3.367999E-002
   1.145000E+003   3.355333E-002
   1.146000E+003   3.342765E-002
   1.147000E+003   3.330306E-002
   1.148000E+003   3.317965E-002
   1.149000E+003   3.305754E-002
   1.150000E+003   3.293683E-002
   1.151000E+003   3.281760E-002
   1.152000E+003   3.269985E-002
   1.153000E+003   3.258353E-002
   1.154000E+003   3.246863E-002
   1.155000E+003   3.235511E-002
   1.156000E+003   3.224294E-002
   1.157000E+003   3.213210E-002
   1.158000E+003   3.202255E-002
   1.159000E+003   3.191426E-002
   1.160000E+003   3.180720E-002
   1.161000E+003   3.170135E-002
   1.162000E+003   3.159666E-002
   1.163000E+003   3.149312E-002
   1.164000E+003   3.139069E-002
   1.165000E+003   3.128935E-002
   1.166000E+003   3.118906E-002
   1.167000E+003   3.108978E-002
   1.168000E+003   3.099150E-002
   1.169000E+003   3.089419E-002
   1.170000E+003   3.079780E-002
   1.171000E+003   3.070231E-002
   1.172000E+003   3.060770E-002
   1.173000E+003   3.051393E-002
   1.174000E+003   3.042097E-002
   1.175000E+003   3.032879E-002
   1.176000E+003   3.023737E-002
   1.177000E+003   3.014666E-002
   1.178000E+003   3.005665E-002
   1.179000E+003   2.996730E-002
   1.180000E+003   2.987857E-002
   1.181000E+003   2.979045E-002
   1.182000E+003   2.970290E-002
   1.183000E+003   2.961590E-002
   1.184000E+003   2.952940E-002
   1.185000E+003   2.944338E-002
   1.186000E+003   2.935782E-002
   1.187000E+003   2.927267E-002
   1.188000E+003   2.918792E-002
   1.189000E+003   2.910353E-002
   1.190000E+003   2.901947E-002
   1.191000E+003   2.893570E-002
   1.192000E+003   2.885221E-002
   1.193000E+003   2.876896E-002
   1.194000E+003   2.868592E-002
   1.195000E+003   2.860306E-002
   1.196000E+003   2.852035E-002
   1.197000E+003   2.843776E-002
   1.198000E+003   2.835526E-002
   1.199000E+003   2.827282E-002
   1.200000E+003   2.819042E-002
   1.201000E+003   2.810801E-002
