    1.500000E+00    1.500000E+00    1.500000E+00    1.500000E+00    1.500000E+00    1.500000E+00
    1.500000E+00    1.500000E+00    1.500000E+00    1.500000E+00    1.500000E+00    1.500000E+00
    1.500000E+00    1.500000E+00    1.500000E+00    1.500000E+00    1.500000E+00    1.500000E+00
    1.500000E+00    1.500000E+00    1.500000E+00    1.500000E+00    1.500000E+00    1.500000E+00
    1.500000E+00    1.500000E+00    1.500000E+00    1.500000E+00    1.500000E+00    1.500000E+00
    1.500000E+00    1.500000E+00    1.500000E+00    1.500000E+00    1.500000E+00    1.500000E+00
    1.500000E+00    1.500000E+00    1.500000E+00    1.500000E+00    1.500000E+00    1.500000E+00
    1.500000E+00    1.500000E+00    1.500000E+00    1.500000E+00    1.500000E+00    1.500000E+00
    1.500000E+00    1.500000E+00    1.500000E+00    1.500000E+00    1.500000E+00    1.500000E+00
    1.500000E+00    1.500000E+00    1.500000E+00    1.500000E+00    1.500000E+00    1.500000E+00
    1.500000E+00    1.500000E+00    1.500000E+00    1.500000E+00    1.500000E+00    1.500000E+00
    1.500000E+00    1.500000E+00    1.500000E+00    1.500000E+00    1.500000E+00    1.500000E+00
    1.500000E+00    1.500000E+00    1.500000E+00    1.500000E+00    1.500000E+00    1.500000E+00
    1.500000E+00    1.500000E+00    1.500000E+00    1.500000E+00    1.500000E+00    1.500000E+00
    1.500000E+00    1.500000E+00    1.500000E+00    1.500000E+00    1.500000E+00    1.500000E+00
    1.500000E+00    1.500000E+00    1.500000E+00    1.500000E+00    1.500000E+00    1.500000E+00
    1.500000E+00    1.500000E+00    1.500000E+00    1.500000E+00    1.500000E+00    1.500000E+00
    1.500000E+00    1.500000E+00    1.500000E+00    1.500000E+00    1.500000E+00    1.500000E+00
    1.500000E+00    1.500000E+00    1.500000E+00    1.500000E+00    1.500000E+00    1.500000E+00
    1.500000E+00    1.500000E+00    1.500000E+00    1.500000E+00    1.500000E+00    1.500000E+00
    1.500000E+00    1.500000E+00    1.500000E+00    1.500000E+00    1.500000E+00    1.500000E+00
    1.500000E+00    1.500000E+00    1.500000E+00    1.500000E+00    1.500000E+00    1.500000E+00
    1.500000E+00    1.500000E+00    1.500000E+00    1.500000E+00    1.500000E+00    1.500000E+00
    1.500000E+00    1.500000E+00    1.500000E+00    1.500000E+00    1.500000E+00    1.500000E+00
    1.500000E+00    1.500000E+00    1.500000E+00    1.500000E+00    1.500000E+00    1.500000E+00
    1.500000E+00    1.500000E+00    1.500000E+00    1.500000E+00    1.500000E+00    1.500000E+00
    1.500000E+00    1.500000E+00    1.500000E+00    1.500000E+00    1.500000E+00    1.500000E+00
    1.500001E+00    1.500001E+00    1.500001E+00    1.500001E+00    1.500001E+00    1.500001E+00
    1.500001E+00    1.500001E+00    1.500001E+00    1.500001E+00    1.500001E+00    1.500001E+00
    1.500001E+00    1.500001E+00    1.500001E+00    1.500001E+00    1.500001E+00    1.500001E+00
    1.500001E+00    1.500001E+00    1.500001E+00    1.500001E+00    1.500001E+00    1.500001E+00
    1.500001E+00    1.500001E+00    1.500001E+00    1.500001E+00    1.500001E+00    1.500001E+00
    1.500001E+00    1.500001E+00    1.500001E+00    1.500001E+00    1.500001E+00    1.500001E+00
    1.500001E+00    1.500001E+00    1.500001E+00    1.500001E+00    1.500001E+00    1.500001E+00
    1.500001E+00    1.500001E+00    1.500001E+00    1.500001E+00    1.500001E+00    1.500001E+00
    1.500001E+00    1.500001E+00    1.500001E+00    1.500001E+00    1.500001E+00    1.500001E+00
    1.500001E+00    1.500001E+00    1.500001E+00    1.500001E+00    1.500001E+00    1.500001E+00
    1.500001E+00    1.500001E+00    1.500001E+00    1.500001E+00    1.500001E+00    1.500001E+00
    1.500001E+00    1.500001E+00    1.500001E+00    1.500001E+00    1.500001E+00    1.500001E+00
    1.500001E+00    1.500001E+00    1.500001E+00    1.500001E+00    1.500001E+00    1.500001E+00
    1.500001E+00    1.500001E+00    1.500001E+00    1.500001E+00    1.500001E+00    1.500001E+00
    1.500002E+00    1.500002E+00    1.500002E+00    1.500002E+00    1.500002E+00    1.500002E+00
    1.500002E+00    1.500002E+00    1.500002E+00    1.500002E+00    1.500002E+00    1.500002E+00
    1.500002E+00    1.500002E+00    1.500002E+00    1.500002E+00    1.500002E+00    1.500002E+00
    1.500002E+00    1.500002E+00    1.500002E+00    1.500002E+00    1.500002E+00    1.500002E+00
    1.500002E+00    1.500002E+00    1.500002E+00    1.500002E+00    1.500002E+00    1.500002E+00
    1.500002E+00    1.500002E+00    1.500002E+00    1.500002E+00    1.500002E+00    1.500002E+00
    1.500002E+00    1.500002E+00    1.500002E+00    1.500002E+00    1.500002E+00    1.500003E+00
    1.500003E+00    1.500003E+00    1.500003E+00    1.500003E+00    1.500003E+00    1.500003E+00
    1.500003E+00    1.500003E+00    1.500003E+00    1.500003E+00    1.500003E+00    1.500003E+00
    1.500003E+00    1.500003E+00    1.500003E+00    1.500003E+00    1.500003E+00    1.500003E+00
    1.500003E+00    1.500003E+00    1.500003E+00    1.500003E+00    1.500003E+00    1.500003E+00
    1.500004E+00    1.500004E+00    1.500004E+00    1.500004E+00    1.500004E+00    1.500004E+00
    1.500004E+00    1.500004E+00    1.500004E+00    1.500004E+00    1.500004E+00    1.500004E+00
    1.500004E+00    1.500004E+00    1.500004E+00    1.500004E+00    1.500004E+00    1.500004E+00
    1.500005E+00    1.500005E+00    1.500005E+00    1.500005E+00    1.500005E+00    1.500005E+00
    1.500005E+00    1.500005E+00    1.500005E+00    1.500005E+00    1.500005E+00    1.500005E+00
    1.500005E+00    1.500005E+00    1.500005E+00    1.500005E+00    1.500005E+00    1.500006E+00
    1.500006E+00    1.500006E+00    1.500006E+00    1.500006E+00    1.500006E+00    1.500006E+00
    1.500006E+00    1.500006E+00    1.500006E+00    1.500006E+00    1.500006E+00    1.500007E+00
    1.500007E+00    1.500007E+00    1.500007E+00    1.500007E+00    1.500007E+00    1.500007E+00
    1.500007E+00    1.500007E+00    1.500007E+00    1.500007E+00    1.500007E+00    1.500008E+00
    1.500008E+00    1.500008E+00    1.500008E+00    1.500008E+00    1.500008E+00    1.500009E+00
    1.500009E+00    1.500009E+00    1.500009E+00    1.500009E+00    1.500009E+00    1.500009E+00
    1.500009E+00    1.500009E+00    1.500009E+00    1.500009E+00    1.500009E+00    1.500010E+00
    1.500010E+00    1.500010E+00    1.500010E+00    1.500010E+00    1.500010E+00    1.500011E+00
    1.500011E+00    1.500011E+00    1.500011E+00    1.500011E+00    1.500011E+00    1.500012E+00
    1.500012E+00    1.500012E+00    1.500012E+00    1.500012E+00    1.500012E+00    1.500013E+00
    1.500013E+00    1.500013E+00    1.500013E+00    1.500013E+00    1.500013E+00    1.500015E+00
    1.500014E+00    1.500014E+00    1.500014E+00    1.500014E+00    1.500014E+00    1.500016E+00
    1.500015E+00    1.500015E+00    1.500015E+00    1.500015E+00    1.500015E+00    1.500017E+00
    1.500016E+00    1.500016E+00    1.500016E+00    1.500016E+00    1.500016E+00    1.500019E+00
    1.500017E+00    1.500017E+00    1.500017E+00    1.500017E+00    1.500018E+00    1.500021E+00
    1.500019E+00    1.500019E+00    1.500019E+00    1.500019E+00    1.500019E+00    1.500023E+00
    1.500020E+00    1.500020E+00    1.500020E+00    1.500020E+00    1.500021E+00    1.500025E+00
    1.500022E+00    1.500022E+00    1.500022E+00    1.500022E+00    1.500023E+00    1.500027E+00
    1.500024E+00    1.500024E+00    1.500024E+00    1.500024E+00    1.500025E+00    1.500030E+00
    1.500026E+00    1.500026E+00    1.500026E+00    1.500026E+00    1.500027E+00    1.500033E+00
    1.500028E+00    1.500028E+00    1.500028E+00    1.500028E+00    1.500029E+00    1.500037E+00
    1.500030E+00    1.500030E+00    1.500030E+00    1.500030E+00    1.500031E+00    1.500040E+00
    1.500033E+00    1.500033E+00    1.500033E+00    1.500033E+00    1.500034E+00    1.500045E+00
    1.500035E+00    1.500035E+00    1.500035E+00    1.500035E+00    1.500037E+00    1.500049E+00
    1.500038E+00    1.500038E+00    1.500038E+00    1.500038E+00    1.500040E+00    1.500055E+00
    1.500041E+00    1.500041E+00    1.500041E+00    1.500042E+00    1.500044E+00    1.500060E+00
    1.500044E+00    1.500044E+00    1.500044E+00    1.500045E+00    1.500047E+00    1.500067E+00
    1.500048E+00    1.500048E+00    1.500048E+00    1.500049E+00    1.500051E+00    1.500075E+00
    1.500052E+00    1.500052E+00    1.500052E+00    1.500053E+00    1.500056E+00    1.500083E+00
    1.500056E+00    1.500056E+00    1.500056E+00    1.500057E+00    1.500061E+00    1.500093E+00
    1.500061E+00    1.500061E+00    1.500061E+00    1.500062E+00    1.500066E+00    1.500103E+00
    1.500066E+00    1.500066E+00    1.500066E+00    1.500067E+00    1.500072E+00    1.500116E+00
    1.500071E+00    1.500071E+00    1.500071E+00    1.500073E+00    1.500079E+00    1.500129E+00
    1.500077E+00    1.500077E+00    1.500077E+00    1.500079E+00    1.500086E+00    1.500145E+00
    1.500083E+00    1.500083E+00    1.500083E+00    1.500085E+00    1.500093E+00    1.500163E+00
    1.500090E+00    1.500090E+00    1.500090E+00    1.500092E+00    1.500102E+00    1.500183E+00
    1.500098E+00    1.500098E+00    1.500098E+00    1.500100E+00    1.500111E+00    1.500206E+00
    1.500106E+00    1.500106E+00    1.500106E+00    1.500109E+00    1.500122E+00    1.500233E+00
    1.500114E+00    1.500114E+00    1.500114E+00    1.500118E+00    1.500133E+00    1.500263E+00
    1.500123E+00    1.500123E+00    1.500123E+00    1.500128E+00    1.500145E+00    1.500298E+00
    1.500134E+00    1.500134E+00    1.500134E+00    1.500138E+00    1.500159E+00    1.500338E+00
    1.500144E+00    1.500144E+00    1.500144E+00    1.500150E+00    1.500175E+00    1.500383E+00
    1.500156E+00    1.500156E+00    1.500156E+00    1.500163E+00    1.500192E+00    1.500436E+00
    1.500169E+00    1.500169E+00    1.500169E+00    1.500177E+00    1.500210E+00    1.500496E+00
    1.500183E+00    1.500183E+00    1.500183E+00    1.500192E+00    1.500231E+00    1.500565E+00
    1.500198E+00    1.500198E+00    1.500198E+00    1.500209E+00    1.500254E+00    1.500645E+00
    1.500214E+00    1.500214E+00    1.500214E+00    1.500227E+00    1.500280E+00    1.500738E+00
    1.500231E+00    1.500231E+00    1.500231E+00    1.500246E+00    1.500309E+00    1.500844E+00
    1.500250E+00    1.500250E+00    1.500250E+00    1.500268E+00    1.500341E+00    1.500967E+00
    1.500271E+00    1.500271E+00    1.500271E+00    1.500291E+00    1.500376E+00    1.501109E+00
    1.500293E+00    1.500293E+00    1.500293E+00    1.500316E+00    1.500417E+00    1.501274E+00
    1.500317E+00    1.500317E+00    1.500317E+00    1.500344E+00    1.500462E+00    1.501465E+00
    1.500342E+00    1.500342E+00    1.500343E+00    1.500375E+00    1.500512E+00    1.501686E+00
    1.500370E+00    1.500370E+00    1.500371E+00    1.500408E+00    1.500569E+00    1.501942E+00
    1.500401E+00    1.500401E+00    1.500401E+00    1.500445E+00    1.500633E+00    1.502239E+00
    1.500433E+00    1.500433E+00    1.500433E+00    1.500485E+00    1.500705E+00    1.502584E+00
    1.500469E+00    1.500469E+00    1.500469E+00    1.500529E+00    1.500786E+00    1.502985E+00
    1.500507E+00    1.500507E+00    1.500507E+00    1.500578E+00    1.500878E+00    1.503451E+00
    1.500548E+00    1.500548E+00    1.500548E+00    1.500631E+00    1.500983E+00    1.503992E+00
    1.500593E+00    1.500593E+00    1.500593E+00    1.500690E+00    1.501101E+00    1.504622E+00
    1.500641E+00    1.500641E+00    1.500642E+00    1.500755E+00    1.501236E+00    1.505354E+00
    1.500693E+00    1.500693E+00    1.500694E+00    1.500826E+00    1.501389E+00    1.506207E+00
    1.500750E+00    1.500750E+00    1.500750E+00    1.500905E+00    1.501564E+00    1.507200E+00
    1.500811E+00    1.500811E+00    1.500812E+00    1.500993E+00    1.501763E+00    1.508356E+00
    1.500877E+00    1.500877E+00    1.500878E+00    1.501090E+00    1.501991E+00    1.509703E+00
    1.500949E+00    1.500949E+00    1.500949E+00    1.501197E+00    1.502252E+00    1.511272E+00
    1.501026E+00    1.501026E+00    1.501027E+00    1.501317E+00    1.502550E+00    1.513101E+00
    1.501109E+00    1.501109E+00    1.501110E+00    1.501450E+00    1.502892E+00    1.515233E+00
    1.501199E+00    1.501199E+00    1.501201E+00    1.501598E+00    1.503285E+00    1.517719E+00
    1.501297E+00    1.501297E+00    1.501298E+00    1.501763E+00    1.503736E+00    1.520617E+00
    1.501402E+00    1.501402E+00    1.501404E+00    1.501947E+00    1.504255E+00    1.523998E+00
    1.501516E+00    1.501516E+00    1.501518E+00    1.502154E+00    1.504853E+00    1.527940E+00
    1.501639E+00    1.501639E+00    1.501641E+00    1.502385E+00    1.505541E+00    1.532540E+00
    1.501772E+00    1.501772E+00    1.501775E+00    1.502644E+00    1.506336E+00    1.537905E+00
    1.501916E+00    1.501916E+00    1.501919E+00    1.502936E+00    1.507253E+00    1.544165E+00
    1.502071E+00    1.502072E+00    1.502075E+00    1.503264E+00    1.508312E+00    1.551467E+00
    1.502239E+00    1.502239E+00    1.502243E+00    1.503634E+00    1.509536E+00    1.559986E+00
    1.502421E+00    1.502421E+00    1.502425E+00    1.504051E+00    1.510952E+00    1.569925E+00
    1.502616E+00    1.502617E+00    1.502622E+00    1.504523E+00    1.512592E+00    1.581520E+00
    1.502828E+00    1.502828E+00    1.502834E+00    1.505057E+00    1.514490E+00    1.595045E+00
    1.503056E+00    1.503057E+00    1.503064E+00    1.505662E+00    1.516689E+00    1.610819E+00
    1.503303E+00    1.503303E+00    1.503312E+00    1.506349E+00    1.519239E+00    1.629215E+00
    1.503569E+00    1.503570E+00    1.503579E+00    1.507129E+00    1.522195E+00    1.650664E+00
    1.503856E+00    1.503857E+00    1.503869E+00    1.508017E+00    1.525625E+00    1.675667E+00
    1.504167E+00    1.504167E+00    1.504181E+00    1.509029E+00    1.529605E+00    1.704806E+00
    1.504501E+00    1.504502E+00    1.504518E+00    1.510184E+00    1.534225E+00    1.738754E+00
    1.504862E+00    1.504863E+00    1.504882E+00    1.511502E+00    1.539588E+00    1.778291E+00
    1.505252E+00    1.505253E+00    1.505274E+00    1.513009E+00    1.545818E+00    1.824317E+00
    1.505672E+00    1.505673E+00    1.505698E+00    1.514733E+00    1.553052E+00    1.877869E+00
    1.506124E+00    1.506126E+00    1.506155E+00    1.516709E+00    1.561456E+00    1.940142E+00
    1.506612E+00    1.506614E+00    1.506648E+00    1.518973E+00    1.571218E+00    2.012507E+00
    1.507138E+00    1.507140E+00    1.507180E+00    1.521571E+00    1.582557E+00    2.096535E+00
    1.507705E+00    1.507707E+00    1.507754E+00    1.524555E+00    1.595730E+00    2.194017E+00
    1.508314E+00    1.508317E+00    1.508372E+00    1.527983E+00    1.611029E+00    2.306990E+00
    1.508971E+00    1.508974E+00    1.509038E+00    1.531924E+00    1.628796E+00    2.437761E+00
    1.509677E+00    1.509681E+00    1.509755E+00    1.536458E+00    1.649426E+00    2.588924E+00
    1.510437E+00    1.510441E+00    1.510528E+00    1.541677E+00    1.673372E+00    2.763383E+00
    1.511254E+00    1.511259E+00    1.511360E+00    1.547686E+00    1.701159E+00    2.964363E+00
    1.512132E+00    1.512137E+00    1.512255E+00    1.554608E+00    1.733391E+00    3.195412E+00
    1.513075E+00    1.513081E+00    1.513218E+00    1.562583E+00    1.770761E+00    3.460390E+00
    1.514087E+00    1.514094E+00    1.514254E+00    1.571774E+00    1.814065E+00    3.763439E+00
    1.515172E+00    1.515181E+00    1.515367E+00    1.582366E+00    1.864214E+00    4.108927E+00
    1.516336E+00    1.516346E+00    1.516564E+00    1.594575E+00    1.922246E+00    4.501359E+00
    1.517583E+00    1.517595E+00    1.517848E+00    1.608647E+00    1.989347E+00    4.945239E+00
    1.518919E+00    1.518932E+00    1.519227E+00    1.624863E+00    2.066858E+00    5.444890E+00
    1.520347E+00    1.520363E+00    1.520706E+00    1.643548E+00    2.156301E+00    6.004197E+00
    1.521874E+00    1.521892E+00    1.522291E+00    1.665070E+00    2.259388E+00    6.626296E+00
    1.523505E+00    1.523526E+00    1.523990E+00    1.689852E+00    2.378036E+00    7.313181E+00
    1.525246E+00    1.525270E+00    1.525809E+00    1.718375E+00    2.514386E+00    8.065251E+00
    1.527101E+00    1.527129E+00    1.527755E+00    1.751184E+00    2.670807E+00    8.880810E+00
    1.529076E+00    1.529109E+00    1.529835E+00    1.788900E+00    2.849908E+00    9.755570E+00
    1.531177E+00    1.531215E+00    1.532058E+00    1.832223E+00    3.054531E+00    1.068222E+01
    1.533410E+00    1.533453E+00    1.534430E+00    1.881945E+00    3.287743E+00    1.165013E+01
    1.535778E+00    1.535829E+00    1.536960E+00    1.938954E+00    3.552815E+00    1.264545E+01
    1.538288E+00    1.538347E+00    1.539657E+00    2.004247E+00    3.853181E+00    1.365151E+01
    1.540944E+00    1.541012E+00    1.542527E+00    2.078937E+00    4.192385E+00    1.465003E+01
    1.543750E+00    1.543828E+00    1.545580E+00    2.164261E+00    4.573994E+00    1.562296E+01
    1.546711E+00    1.546801E+00    1.548824E+00    2.261589E+00    5.001497E+00    1.655515E+01
    1.549829E+00    1.549933E+00    1.552268E+00    2.372429E+00    5.478164E+00    1.743755E+01
    1.553107E+00    1.553227E+00    1.555919E+00    2.498430E+00    6.006880E+00    1.827057E+01
    1.556547E+00    1.556686E+00    1.559787E+00    2.641389E+00    6.589950E+00    1.906661E+01
    1.560152E+00    1.560311E+00    1.563880E+00    2.803244E+00    7.228874E+00    1.985073E+01
    1.563920E+00    1.564103E+00    1.568206E+00    2.986074E+00    7.924114E+00    2.065810E+01
    1.567852E+00    1.568062E+00    1.572774E+00    3.192085E+00    8.674870E+00    2.152769E+01
    1.571945E+00    1.572187E+00    1.577592E+00    3.423595E+00    9.478877E+00    2.249259E+01
    1.576198E+00    1.576475E+00    1.582668E+00    3.683011E+00    1.033228E+01    2.356945E+01
    1.580606E+00    1.580923E+00    1.588011E+00    3.972802E+00    1.122961E+01    2.475145E+01
    1.585165E+00    1.585527E+00    1.593630E+00    4.295453E+00    1.216394E+01    2.600998E+01
    1.589868E+00    1.590281E+00    1.599532E+00    4.653427E+00    1.312724E+01    2.730777E+01
    1.594707E+00    1.595179E+00    1.605727E+00    5.049102E+00    1.411100E+01    2.862043E+01
    1.599675E+00    1.600212E+00    1.612223E+00    5.484714E+00    1.510708E+01    2.995534E+01
    1.604761E+00    1.605371E+00    1.619031E+00    5.962291E+00    1.610891E+01    3.135335E+01
    1.609954E+00    1.610647E+00    1.626162E+00    6.483578E+00    1.711271E+01    3.286610E+01
    1.615243E+00    1.616030E+00    1.633625E+00    7.049976E+00    1.811884E+01    3.452061E+01
    1.620615E+00    1.621506E+00    1.641434E+00    7.662480E+00    1.913283E+01    3.630112E+01
    1.626055E+00    1.627063E+00    1.649601E+00    8.321635E+00    2.016595E+01    3.817141E+01
    1.631551E+00    1.632689E+00    1.658144E+00    9.027515E+00    2.123493E+01    4.012249E+01
    1.637086E+00    1.638370E+00    1.667077E+00    9.779733E+00    2.236066E+01    4.219317E+01
    1.642646E+00    1.644092E+00    1.676421E+00    1.057749E+01    2.356584E+01    4.443154E+01
    1.648214E+00    1.649841E+00    1.686197E+00    1.141967E+01    2.487184E+01    4.684276E+01
    1.653776E+00    1.655604E+00    1.696431E+00    1.230502E+01    2.629539E+01    4.940169E+01
    1.659335E+00    1.661384E+00    1.707170E+00    1.323232E+01    2.784605E+01    5.211489E+01
    1.659563E+00    1.661622E+00    1.707625E+00    1.327159E+01    2.791303E+01    5.223118E+01
    1.659792E+00    1.661860E+00    1.708080E+00    1.331094E+01    2.798022E+01    5.234782E+01
    1.660020E+00    1.662099E+00    1.708537E+00    1.335035E+01    2.804764E+01    5.246481E+01
    1.660249E+00    1.662337E+00    1.708994E+00    1.338984E+01    2.811528E+01    5.258215E+01
    1.660477E+00    1.662575E+00    1.709453E+00    1.342939E+01    2.818314E+01    5.269986E+01
    1.660705E+00    1.662813E+00    1.709912E+00    1.346902E+01    2.825122E+01    5.281793E+01
    1.660933E+00    1.663051E+00    1.710372E+00    1.350871E+01    2.831952E+01    5.293637E+01
    1.661162E+00    1.663289E+00    1.710833E+00    1.354848E+01    2.838804E+01    5.305517E+01
    1.661390E+00    1.663527E+00    1.711294E+00    1.358831E+01    2.845678E+01    5.317435E+01
    1.661618E+00    1.663765E+00    1.711757E+00    1.362822E+01    2.852573E+01    5.329390E+01
    1.661845E+00    1.664003E+00    1.712221E+00    1.366820E+01    2.859491E+01    5.341383E+01
    1.662073E+00    1.664241E+00    1.712685E+00    1.370824E+01    2.866431E+01    5.353413E+01
    1.662301E+00    1.664479E+00    1.713151E+00    1.374836E+01    2.873392E+01    5.365481E+01
    1.662528E+00    1.664717E+00    1.713617E+00    1.378854E+01    2.880375E+01    5.377588E+01
    1.662756E+00    1.664955E+00    1.714084E+00    1.382880E+01    2.887380E+01    5.389732E+01
    1.662983E+00    1.665192E+00    1.714552E+00    1.386913E+01    2.894406E+01    5.401916E+01
    1.663210E+00    1.665430E+00    1.715021E+00    1.390952E+01    2.901455E+01    5.414137E+01
    1.663438E+00    1.665667E+00    1.715491E+00    1.394999E+01    2.908524E+01    5.426398E+01
    1.663665E+00    1.665905E+00    1.715962E+00    1.399053E+01    2.915616E+01    5.438696E+01
    1.663891E+00    1.666142E+00    1.716433E+00    1.403113E+01    2.922729E+01    5.451034E+01
    1.664118E+00    1.666380E+00    1.716906E+00    1.407181E+01    2.929863E+01    5.463410E+01
    1.664345E+00    1.666617E+00    1.717379E+00    1.411256E+01    2.937019E+01    5.475826E+01
    1.664571E+00    1.666854E+00    1.717854E+00    1.415337E+01    2.944196E+01    5.488280E+01
    1.664798E+00    1.667091E+00    1.718329E+00    1.419426E+01    2.951394E+01    5.500772E+01
    1.665024E+00    1.667328E+00    1.718805E+00    1.423522E+01    2.958614E+01    5.513304E+01
    1.665250E+00    1.667565E+00    1.719282E+00    1.427624E+01    2.965855E+01    5.525874E+01
    1.665476E+00    1.667801E+00    1.719760E+00    1.431734E+01    2.973117E+01    5.538483E+01
    1.665702E+00    1.668038E+00    1.720239E+00    1.435851E+01    2.980400E+01    5.551130E+01
    1.665927E+00    1.668274E+00    1.720719E+00    1.439974E+01    2.987704E+01    5.563815E+01
    1.666153E+00    1.668511E+00    1.721199E+00    1.444105E+01    2.995029E+01    5.576539E+01
    1.666378E+00    1.668747E+00    1.721681E+00    1.448243E+01    3.002375E+01    5.589302E+01
    1.666603E+00    1.668983E+00    1.722163E+00    1.452387E+01    3.009742E+01    5.602102E+01
    1.666828E+00    1.669219E+00    1.722646E+00    1.456539E+01    3.017130E+01    5.614940E+01
    1.667053E+00    1.669455E+00    1.723130E+00    1.460698E+01    3.024538E+01    5.627817E+01
    1.667277E+00    1.669690E+00    1.723615E+00    1.464864E+01    3.031967E+01    5.640731E+01
    1.667502E+00    1.669926E+00    1.724101E+00    1.469037E+01    3.039417E+01    5.653682E+01
    1.667726E+00    1.670161E+00    1.724588E+00    1.473217E+01    3.046887E+01    5.666671E+01
    1.667949E+00    1.670396E+00    1.725075E+00    1.477404E+01    3.054378E+01    5.679697E+01
    1.668173E+00    1.670631E+00    1.725564E+00    1.481598E+01    3.061890E+01    5.692760E+01
    1.668396E+00    1.670866E+00    1.726053E+00    1.485799E+01    3.069422E+01    5.705860E+01
    1.668619E+00    1.671100E+00    1.726543E+00    1.490007E+01    3.076974E+01    5.718997E+01
    1.668842E+00    1.671335E+00    1.727034E+00    1.494222E+01    3.084546E+01    5.732171E+01
    1.669065E+00    1.671569E+00    1.727525E+00    1.498444E+01    3.092139E+01    5.745381E+01
    1.669287E+00    1.671803E+00    1.728018E+00    1.502674E+01    3.099752E+01    5.758627E+01
    1.669509E+00    1.672036E+00    1.728511E+00    1.506910E+01    3.107385E+01    5.771910E+01
    1.669731E+00    1.672270E+00    1.729006E+00    1.511154E+01    3.115038E+01    5.785229E+01
    1.669952E+00    1.672503E+00    1.729501E+00    1.515405E+01    3.122712E+01    5.798584E+01
    1.670173E+00    1.672736E+00    1.729997E+00    1.519663E+01    3.130405E+01    5.811975E+01
    1.670394E+00    1.672968E+00    1.730493E+00    1.523928E+01    3.138118E+01    5.825402E+01
    1.670614E+00    1.673200E+00    1.730991E+00    1.528200E+01    3.145851E+01    5.838864E+01
    1.670834E+00    1.673432E+00    1.731489E+00    1.532479E+01    3.153604E+01    5.852362E+01
    1.671054E+00    1.673664E+00    1.731988E+00    1.536765E+01    3.161376E+01    5.865896E+01
    1.671273E+00    1.673895E+00    1.732488E+00    1.541059E+01    3.169169E+01    5.879466E+01
    1.671492E+00    1.674127E+00    1.732988E+00    1.545360E+01    3.176980E+01    5.893071E+01
    1.671711E+00    1.674357E+00    1.733490E+00    1.549668E+01    3.184812E+01    5.906712E+01
    1.671929E+00    1.674588E+00    1.733992E+00    1.553983E+01    3.192663E+01    5.920388E+01
    1.672147E+00    1.674818E+00    1.734495E+00    1.558306E+01    3.200534E+01    5.934100E+01
    1.672364E+00    1.675047E+00    1.734999E+00    1.562635E+01    3.208424E+01    5.947848E+01
    1.672581E+00    1.675277E+00    1.735503E+00    1.566972E+01    3.216334E+01    5.961632E+01
    1.672798E+00    1.675505E+00    1.736008E+00    1.571316E+01    3.224263E+01    5.975452E+01
    1.673014E+00    1.675734E+00    1.736514E+00    1.575668E+01    3.232212E+01    5.989307E+01
    1.673230E+00    1.675962E+00    1.737021E+00    1.580027E+01    3.240179E+01    6.003199E+01
    1.673445E+00    1.676190E+00    1.737528E+00    1.584393E+01    3.248167E+01    6.017127E+01
    1.673660E+00    1.676417E+00    1.738036E+00    1.588766E+01    3.256173E+01    6.031091E+01
    1.673874E+00    1.676644E+00    1.738545E+00    1.593147E+01    3.264199E+01    6.045092E+01
    1.674087E+00    1.676870E+00    1.739054E+00    1.597535E+01    3.272244E+01    6.059130E+01
    1.674300E+00    1.677096E+00    1.739564E+00    1.601930E+01    3.280308E+01    6.073205E+01
    1.674513E+00    1.677321E+00    1.740075E+00    1.606333E+01    3.288391E+01    6.087317E+01
    1.674725E+00    1.677546E+00    1.740586E+00    1.610744E+01    3.296494E+01    6.101467E+01
    1.674937E+00    1.677770E+00    1.741098E+00    1.615161E+01    3.304616E+01    6.115654E+01
    1.675147E+00    1.677994E+00    1.741611E+00    1.619586E+01    3.312756E+01    6.129880E+01
    1.675358E+00    1.678218E+00    1.742124E+00    1.624019E+01    3.320916E+01    6.144144E+01
    1.675567E+00    1.678440E+00    1.742638E+00    1.628459E+01    3.329095E+01    6.158446E+01
    1.675776E+00    1.678662E+00    1.743153E+00    1.632906E+01    3.337294E+01    6.172787E+01
    1.675985E+00    1.678884E+00    1.743668E+00    1.637362E+01    3.345511E+01    6.187167E+01
    1.676192E+00    1.679105E+00    1.744184E+00    1.641824E+01    3.353747E+01    6.201587E+01
    1.676399E+00    1.679325E+00    1.744700E+00    1.646294E+01    3.362003E+01    6.216047E+01
    1.676606E+00    1.679545E+00    1.745217E+00    1.650772E+01    3.370277E+01    6.230547E+01
    1.676811E+00    1.679764E+00    1.745735E+00    1.655258E+01    3.378571E+01    6.245087E+01
    1.677016E+00    1.679982E+00    1.746253E+00    1.659751E+01    3.386883E+01    6.259668E+01
    1.677220E+00    1.680200E+00    1.746771E+00    1.664251E+01    3.395215E+01    6.274290E+01
    1.677424E+00    1.680417E+00    1.747290E+00    1.668760E+01    3.403566E+01    6.288953E+01
    1.677626E+00    1.680633E+00    1.747810E+00    1.673276E+01    3.411936E+01    6.303659E+01
    1.677828E+00    1.680848E+00    1.748329E+00    1.677799E+01    3.420326E+01    6.318406E+01
    1.678029E+00    1.681063E+00    1.748850E+00    1.682331E+01    3.428734E+01    6.333196E+01
    1.678229E+00    1.681277E+00    1.749371E+00    1.686870E+01    3.437162E+01    6.348029E+01
    1.678428E+00    1.681490E+00    1.749892E+00    1.691417E+01    3.445609E+01    6.362904E+01
    1.678627E+00    1.681702E+00    1.750414E+00    1.695972E+01    3.454075E+01    6.377823E+01
    1.678824E+00    1.681913E+00    1.750936E+00    1.700535E+01    3.462561E+01    6.392786E+01
    1.679021E+00    1.682123E+00    1.751458E+00    1.705106E+01    3.471066E+01    6.407792E+01
    1.679216E+00    1.682333E+00    1.751981E+00    1.709684E+01    3.479590E+01    6.422843E+01
    1.679411E+00    1.682542E+00    1.752504E+00    1.714271E+01    3.488134E+01    6.437938E+01
    1.679604E+00    1.682749E+00    1.753028E+00    1.718865E+01    3.496697E+01    6.453078E+01
    1.679797E+00    1.682956E+00    1.753552E+00    1.723468E+01    3.505280E+01    6.468262E+01
    1.679988E+00    1.683162E+00    1.754076E+00    1.728078E+01    3.513883E+01    6.483492E+01
    1.680178E+00    1.683366E+00    1.754600E+00    1.732697E+01    3.522505E+01    6.498767E+01
    1.680368E+00    1.683570E+00    1.755125E+00    1.737324E+01    3.531147E+01    6.514088E+01
    1.680556E+00    1.683772E+00    1.755650E+00    1.741958E+01    3.539808E+01    6.529455E+01
    1.680743E+00    1.683974E+00    1.756175E+00    1.746601E+01    3.548490E+01    6.544867E+01
    1.680928E+00    1.684174E+00    1.756700E+00    1.751253E+01    3.557191E+01    6.560325E+01
    1.681113E+00    1.684373E+00    1.757225E+00    1.755912E+01    3.565913E+01    6.575830E+01
    1.681296E+00    1.684571E+00    1.757751E+00    1.760580E+01    3.574655E+01    6.591381E+01
    1.681478E+00    1.684768E+00    1.758276E+00    1.765255E+01    3.583416E+01    6.606978E+01
    1.681659E+00    1.684964E+00    1.758802E+00    1.769940E+01    3.592198E+01    6.622622E+01
    1.681839E+00    1.685158E+00    1.759328E+00    1.774632E+01    3.601001E+01    6.638313E+01
    1.682017E+00    1.685351E+00    1.759854E+00    1.779333E+01    3.609824E+01    6.654051E+01
    1.682193E+00    1.685543E+00    1.760380E+00    1.784043E+01    3.618667E+01    6.669835E+01
    1.682369E+00    1.685733E+00    1.760906E+00    1.788761E+01    3.627531E+01    6.685666E+01
    1.682543E+00    1.685922E+00    1.761431E+00    1.793487E+01    3.636416E+01    6.701544E+01
    1.682715E+00    1.686110E+00    1.761957E+00    1.798222E+01    3.645321E+01    6.717469E+01
    1.682886E+00    1.686296E+00    1.762483E+00    1.802966E+01    3.654248E+01    6.733441E+01
    1.683055E+00    1.686480E+00    1.763009E+00    1.807718E+01    3.663195E+01    6.749460E+01
    1.683223E+00    1.686664E+00    1.763534E+00    1.812479E+01    3.672164E+01    6.765526E+01
    1.683389E+00    1.686845E+00    1.764060E+00    1.817249E+01    3.681154E+01    6.781640E+01
    1.683554E+00    1.687025E+00    1.764585E+00    1.822027E+01    3.690166E+01    6.797801E+01
    1.683717E+00    1.687204E+00    1.765110E+00    1.826814E+01    3.699199E+01    6.814008E+01
    1.683878E+00    1.687381E+00    1.765635E+00    1.831610E+01    3.708254E+01    6.830263E+01
    1.684038E+00    1.687556E+00    1.766160E+00    1.836415E+01    3.717330E+01    6.846566E+01
    1.684196E+00    1.687730E+00    1.766684E+00    1.841229E+01    3.726429E+01    6.862915E+01
    1.684352E+00    1.687902E+00    1.767208E+00    1.846052E+01    3.735549E+01    6.879312E+01
    1.684507E+00    1.688072E+00    1.767732E+00    1.850883E+01    3.744692E+01    6.895757E+01
    1.684659E+00    1.688240E+00    1.768255E+00    1.855724E+01    3.753857E+01    6.912249E+01
    1.684810E+00    1.688407E+00    1.768778E+00    1.860574E+01    3.763045E+01    6.928788E+01
    1.684959E+00    1.688572E+00    1.769301E+00    1.865433E+01    3.772255E+01    6.945375E+01
    1.685105E+00    1.688735E+00    1.769823E+00    1.870302E+01    3.781488E+01    6.962009E+01
    1.685250E+00    1.688896E+00    1.770345E+00    1.875179E+01    3.790744E+01    6.978692E+01
    1.685394E+00    1.689055E+00    1.770867E+00    1.880066E+01    3.800023E+01    6.995421E+01
    1.685535E+00    1.689213E+00    1.771388E+00    1.884962E+01    3.809326E+01    7.012199E+01
    1.685674E+00    1.689368E+00    1.771908E+00    1.889868E+01    3.818651E+01    7.029025E+01
    1.685811E+00    1.689521E+00    1.772428E+00    1.894783E+01    3.828001E+01    7.045898E+01
    1.685946E+00    1.689673E+00    1.772948E+00    1.899707E+01    3.837374E+01    7.062820E+01
    1.686078E+00    1.689822E+00    1.773467E+00    1.904641E+01    3.846770E+01    7.079790E+01
    1.686209E+00    1.689970E+00    1.773985E+00    1.909585E+01    3.856191E+01    7.096809E+01
    1.686338E+00    1.690115E+00    1.774503E+00    1.914538E+01    3.865636E+01    7.113876E+01
    1.686464E+00    1.690258E+00    1.775020E+00    1.919501E+01    3.875106E+01    7.130992E+01
    1.686588E+00    1.690399E+00    1.775537E+00    1.924474E+01    3.884600E+01    7.148156E+01
    1.686710E+00    1.690538E+00    1.776053E+00    1.929456E+01    3.894119E+01    7.165370E+01
    1.686830E+00    1.690675E+00    1.776568E+00    1.934448E+01    3.903663E+01    7.182632E+01
    1.686948E+00    1.690809E+00    1.777083E+00    1.939451E+01    3.913231E+01    7.199944E+01
    1.687063E+00    1.690942E+00    1.777597E+00    1.944463E+01    3.922825E+01    7.217306E+01
    1.687176E+00    1.691072E+00    1.778110E+00    1.949485E+01    3.932445E+01    7.234717E+01
    1.687287E+00    1.691200E+00    1.778623E+00    1.954517E+01    3.942090E+01    7.252177E+01
    1.687395E+00    1.691326E+00    1.779135E+00    1.959560E+01    3.951760E+01    7.269688E+01
    1.687501E+00    1.691449E+00    1.779646E+00    1.964612E+01    3.961457E+01    7.287249E+01
    1.687605E+00    1.691570E+00    1.780156E+00    1.969675E+01    3.971180E+01    7.304861E+01
    1.687706E+00    1.691689E+00    1.780666E+00    1.974748E+01    3.980929E+01    7.322522E+01
    1.687805E+00    1.691806E+00    1.781175E+00    1.979832E+01    3.990704E+01    7.340235E+01
    1.687902E+00    1.691920E+00    1.781683E+00    1.984926E+01    4.000506E+01    7.357999E+01
    1.687996E+00    1.692032E+00    1.782191E+00    1.990030E+01    4.010335E+01    7.375813E+01
    1.688088E+00    1.692141E+00    1.782698E+00    1.995145E+01    4.020191E+01    7.393679E+01
    1.688177E+00    1.692249E+00    1.783204E+00    2.000271E+01    4.030074E+01    7.411597E+01
    1.688264E+00    1.692353E+00    1.783709E+00    2.005407E+01    4.039985E+01    7.429566E+01
    1.688349E+00    1.692456E+00    1.784214E+00    2.010554E+01    4.049922E+01    7.447587E+01
    1.688431E+00    1.692556E+00    1.784717E+00    2.015712E+01    4.059888E+01    7.465659E+01
    1.688510E+00    1.692654E+00    1.785220E+00    2.020881E+01    4.069882E+01    7.483784E+01
    1.688587E+00    1.692749E+00    1.785723E+00    2.026061E+01    4.079903E+01    7.501962E+01
    1.688662E+00    1.692843E+00    1.786224E+00    2.031251E+01    4.089953E+01    7.520192E+01
    1.688735E+00    1.692933E+00    1.786725E+00    2.036453E+01    4.100031E+01    7.538474E+01
    1.688804E+00    1.693022E+00    1.787225E+00    2.041666E+01    4.110137E+01    7.556809E+01
    1.688872E+00    1.693108E+00    1.787724E+00    2.046890E+01    4.120273E+01    7.575198E+01
    1.688937E+00    1.693191E+00    1.788223E+00    2.052125E+01    4.130437E+01    7.593639E+01
    1.689000E+00    1.693273E+00    1.788721E+00    2.057372E+01    4.140630E+01    7.612134E+01
    1.689060E+00    1.693351E+00    1.789218E+00    2.062630E+01    4.150852E+01    7.630683E+01
    1.689117E+00    1.693428E+00    1.789715E+00    2.067899E+01    4.161104E+01    7.649285E+01
    1.689173E+00    1.693502E+00    1.790211E+00    2.073180E+01    4.171385E+01    7.667940E+01
    1.689226E+00    1.693574E+00    1.790706E+00    2.078473E+01    4.181696E+01    7.686650E+01
    1.689276E+00    1.693644E+00    1.791201E+00    2.083777E+01    4.192037E+01    7.705414E+01
    1.689325E+00    1.693711E+00    1.791695E+00    2.089093E+01    4.202408E+01    7.724232E+01
    1.689370E+00    1.693776E+00    1.792188E+00    2.094421E+01    4.212809E+01    7.743105E+01
    1.689414E+00    1.693839E+00    1.792681E+00    2.099760E+01    4.223240E+01    7.762032E+01
    1.689455E+00    1.693899E+00    1.793173E+00    2.105112E+01    4.233701E+01    7.781015E+01
    1.689494E+00    1.693958E+00    1.793665E+00    2.110476E+01    4.244193E+01    7.800052E+01
    1.689530E+00    1.694014E+00    1.794156E+00    2.115852E+01    4.254716E+01    7.819144E+01
    1.689564E+00    1.694067E+00    1.794647E+00    2.121240E+01    4.265270E+01    7.838292E+01
    1.689596E+00    1.694119E+00    1.795137E+00    2.126640E+01    4.275855E+01    7.857495E+01
    1.689626E+00    1.694168E+00    1.795627E+00    2.132052E+01    4.286471E+01    7.876753E+01
    1.689653E+00    1.694216E+00    1.796116E+00    2.137477E+01    4.297118E+01    7.896068E+01
    1.689679E+00    1.694261E+00    1.796605E+00    2.142915E+01    4.307796E+01    7.915439E+01
    1.689702E+00    1.694304E+00    1.797094E+00    2.148365E+01    4.318506E+01    7.934866E+01
    1.689723E+00    1.694345E+00    1.797582E+00    2.153828E+01    4.329248E+01    7.954349E+01
    1.689741E+00    1.694384E+00    1.798070E+00    2.159303E+01    4.340021E+01    7.973889E+01
    1.689758E+00    1.694420E+00    1.798558E+00    2.164791E+01    4.350827E+01    7.993486E+01
    1.689772E+00    1.694455E+00    1.799045E+00    2.170292E+01    4.361664E+01    8.013140E+01
    1.689785E+00    1.694488E+00    1.799533E+00    2.175806E+01    4.372534E+01    8.032850E+01
    1.689795E+00    1.694519E+00    1.800020E+00    2.181333E+01    4.383435E+01    8.052619E+01
    1.689803E+00    1.694548E+00    1.800506E+00    2.186873E+01    4.394369E+01    8.072445E+01
    1.689810E+00    1.694575E+00    1.800993E+00    2.192427E+01    4.405336E+01    8.092328E+01
    1.689814E+00    1.694600E+00    1.801480E+00    2.197993E+01    4.416335E+01    8.112270E+01
    1.689816E+00    1.694623E+00    1.801967E+00    2.203573E+01    4.427367E+01    8.132269E+01
    1.689817E+00    1.694644E+00    1.802453E+00    2.209167E+01    4.438431E+01    8.152327E+01
    1.689816E+00    1.694664E+00    1.802940E+00    2.214773E+01    4.449529E+01    8.172443E+01
    1.689812E+00    1.694682E+00    1.803426E+00    2.220394E+01    4.460659E+01    8.192618E+01
    1.689807E+00    1.694698E+00    1.803913E+00    2.226028E+01    4.471823E+01    8.212852E+01
    1.689800E+00    1.694712E+00    1.804400E+00    2.231676E+01    4.483019E+01    8.233145E+01
    1.689792E+00    1.694725E+00    1.804887E+00    2.237338E+01    4.494249E+01    8.253497E+01
    1.689781E+00    1.694736E+00    1.805374E+00    2.243013E+01    4.505513E+01    8.273908E+01
    1.689769E+00    1.694745E+00    1.805862E+00    2.248703E+01    4.516810E+01    8.294379E+01
    1.689755E+00    1.694753E+00    1.806349E+00    2.254407E+01    4.528140E+01    8.314909E+01
    1.689740E+00    1.694759E+00    1.806837E+00    2.260125E+01    4.539504E+01    8.335499E+01
    1.689723E+00    1.694764E+00    1.807326E+00    2.265857E+01    4.550902E+01    8.356149E+01
    1.689704E+00    1.694767E+00    1.807815E+00    2.271603E+01    4.562333E+01    8.376860E+01
    1.689684E+00    1.694769E+00    1.808304E+00    2.277364E+01    4.573799E+01    8.397630E+01
    1.689663E+00    1.694769E+00    1.808793E+00    2.283140E+01    4.585298E+01    8.418462E+01
    1.689640E+00    1.694768E+00    1.809283E+00    2.288930E+01    4.596831E+01    8.439353E+01
    1.689615E+00    1.694765E+00    1.809774E+00    2.294734E+01    4.608399E+01    8.460306E+01
    1.689589E+00    1.694761E+00    1.810265E+00    2.300554E+01    4.620001E+01    8.481319E+01
    1.689562E+00    1.694756E+00    1.810757E+00    2.306388E+01    4.631637E+01    8.502394E+01
    1.689533E+00    1.694750E+00    1.811249E+00    2.312237E+01    4.643308E+01    8.523530E+01
    1.689503E+00    1.694742E+00    1.811743E+00    2.318102E+01    4.655013E+01    8.544727E+01
    1.689471E+00    1.694734E+00    1.812236E+00    2.323981E+01    4.666752E+01    8.565986E+01
    1.689439E+00    1.694724E+00    1.812731E+00    2.329876E+01    4.678527E+01    8.587307E+01
    1.689405E+00    1.694712E+00    1.813226E+00    2.335786E+01    4.690336E+01    8.608690E+01
    1.689370E+00    1.694700E+00    1.813723E+00    2.341711E+01    4.702180E+01    8.630135E+01
    1.689333E+00    1.694687E+00    1.814220E+00    2.347652E+01    4.714059E+01    8.651642E+01
    1.689296E+00    1.694672E+00    1.814718E+00    2.353608E+01    4.725972E+01    8.673212E+01
    1.689258E+00    1.694657E+00    1.815217E+00    2.359580E+01    4.737921E+01    8.694844E+01
    1.689218E+00    1.694641E+00    1.815717E+00    2.365567E+01    4.749905E+01    8.716540E+01
    1.689178E+00    1.694623E+00    1.816218E+00    2.371571E+01    4.761925E+01    8.738299E+01
    1.689136E+00    1.694605E+00    1.816720E+00    2.377590E+01    4.773979E+01    8.760121E+01
    1.689093E+00    1.694586E+00    1.817223E+00    2.383625E+01    4.786069E+01    8.782006E+01
    1.689050E+00    1.694566E+00    1.817727E+00    2.389677E+01    4.798195E+01    8.803955E+01
    1.689006E+00    1.694545E+00    1.818233E+00    2.395744E+01    4.810356E+01    8.825969E+01
    1.688960E+00    1.694524E+00    1.818739E+00    2.401828E+01    4.822553E+01    8.848046E+01
    1.688914E+00    1.694502E+00    1.819247E+00    2.407928E+01    4.834786E+01    8.870188E+01
    1.688867E+00    1.694478E+00    1.819756E+00    2.414044E+01    4.847055E+01    8.892395E+01
    1.688819E+00    1.694455E+00    1.820267E+00    2.420177E+01    4.859360E+01    8.914666E+01
    1.688771E+00    1.694430E+00    1.820779E+00    2.426327E+01    4.871700E+01    8.937003E+01
    1.688722E+00    1.694405E+00    1.821292E+00    2.432493E+01    4.884078E+01    8.959404E+01
    1.688672E+00    1.694379E+00    1.821807E+00    2.438676E+01    4.896491E+01    8.981872E+01
    1.688621E+00    1.694353E+00    1.822323E+00    2.444875E+01    4.908941E+01    9.004405E+01
    1.688570E+00    1.694326E+00    1.822840E+00    2.451092E+01    4.921427E+01    9.027004E+01
    1.688518E+00    1.694299E+00    1.823360E+00    2.457326E+01    4.933950E+01    9.049670E+01
    1.688465E+00    1.694271E+00    1.823880E+00    2.463577E+01    4.946510E+01    9.072401E+01
    1.688412E+00    1.694243E+00    1.824403E+00    2.469845E+01    4.959107E+01    9.095200E+01
    1.688359E+00    1.694214E+00    1.824927E+00    2.476130E+01    4.971741E+01    9.118065E+01
    1.688305E+00    1.694185E+00    1.825452E+00    2.482433E+01    4.984411E+01    9.140998E+01
    1.688250E+00    1.694155E+00    1.825980E+00    2.488753E+01    4.997119E+01    9.163998E+01
    1.688195E+00    1.694125E+00    1.826509E+00    2.495090E+01    5.009865E+01    9.187065E+01
    1.688140E+00    1.694095E+00    1.827040E+00    2.501445E+01    5.022648E+01    9.210201E+01
    1.688084E+00    1.694065E+00    1.827572E+00    2.507818E+01    5.035468E+01    9.233404E+01
    1.688028E+00    1.694034E+00    1.828107E+00    2.514209E+01    5.048327E+01    9.256675E+01
    1.687971E+00    1.694003E+00    1.828643E+00    2.520617E+01    5.061223E+01    9.280015E+01
    1.687914E+00    1.693971E+00    1.829181E+00    2.527044E+01    5.074157E+01    9.303424E+01
    1.687857E+00    1.693940E+00    1.829722E+00    2.533488E+01    5.087129E+01    9.326901E+01
    1.687799E+00    1.693908E+00    1.830264E+00    2.539951E+01    5.100139E+01    9.350448E+01
    1.687742E+00    1.693876E+00    1.830808E+00    2.546432E+01    5.113188E+01    9.374064E+01
    1.687684E+00    1.693844E+00    1.831354E+00    2.552931E+01    5.126276E+01    9.397749E+01
    1.687626E+00    1.693812E+00    1.831902E+00    2.559448E+01    5.139402E+01    9.421504E+01
    1.687567E+00    1.693780E+00    1.832452E+00    2.565984E+01    5.152567E+01    9.445329E+01
    1.687509E+00    1.693748E+00    1.833005E+00    2.572539E+01    5.165770E+01    9.469224E+01
    1.687450E+00    1.693715E+00    1.833559E+00    2.579112E+01    5.179013E+01    9.493189E+01
    1.687391E+00    1.693683E+00    1.834116E+00    2.585704E+01    5.192296E+01    9.517225E+01
    1.687332E+00    1.693651E+00    1.834675E+00    2.592314E+01    5.205617E+01    9.541332E+01
    1.687273E+00    1.693618E+00    1.835236E+00    2.598943E+01    5.218978E+01    9.565510E+01
    1.687214E+00    1.693586E+00    1.835800E+00    2.605592E+01    5.232379E+01    9.589759E+01
    1.687155E+00    1.693554E+00    1.836365E+00    2.612259E+01    5.245819E+01    9.614080E+01
    1.687096E+00    1.693522E+00    1.836933E+00    2.618945E+01    5.259299E+01    9.638472E+01
    1.687037E+00    1.693490E+00    1.837504E+00    2.625651E+01    5.272820E+01    9.662936E+01
    1.686978E+00    1.693458E+00    1.838076E+00    2.632376E+01    5.286381E+01    9.687472E+01
    1.686920E+00    1.693426E+00    1.838651E+00    2.639120E+01    5.299982E+01    9.712081E+01
    1.686861E+00    1.693395E+00    1.839229E+00    2.645884E+01    5.313623E+01    9.736762E+01
    1.686802E+00    1.693364E+00    1.839809E+00    2.652667E+01    5.327306E+01    9.761516E+01
    1.686743E+00    1.693333E+00    1.840391E+00    2.659469E+01    5.341029E+01    9.786343E+01
    1.686685E+00    1.693302E+00    1.840976E+00    2.666292E+01    5.354793E+01    9.811244E+01
    1.686626E+00    1.693271E+00    1.841564E+00    2.673133E+01    5.368598E+01    9.836217E+01
    1.686568E+00    1.693241E+00    1.842154E+00    2.679995E+01    5.382444E+01    9.861265E+01
    1.686510E+00    1.693211E+00    1.842746E+00    2.686877E+01    5.396332E+01    9.886387E+01
    1.686452E+00    1.693181E+00    1.843342E+00    2.693778E+01    5.410261E+01    9.911582E+01
    1.686395E+00    1.693152E+00    1.843939E+00    2.700700E+01    5.424232E+01    9.936853E+01
    1.686338E+00    1.693123E+00    1.844540E+00    2.707642E+01    5.438245E+01    9.962198E+01
    1.686280E+00    1.693094E+00    1.845143E+00    2.714604E+01    5.452300E+01    9.987617E+01
    1.686224E+00    1.693066E+00    1.845749E+00    2.721586E+01    5.466397E+01    1.001311E+02
    1.686167E+00    1.693038E+00    1.846358E+00    2.728588E+01    5.480536E+01    1.003868E+02
    1.686111E+00    1.693010E+00    1.846969E+00    2.735611E+01    5.494718E+01    1.006433E+02
    1.686055E+00    1.692983E+00    1.847583E+00    2.742654E+01    5.508942E+01    1.009005E+02
    1.685999E+00    1.692957E+00    1.848200E+00    2.749718E+01    5.523208E+01    1.011585E+02
    1.685944E+00    1.692930E+00    1.848820E+00    2.756803E+01    5.537518E+01    1.014172E+02
    1.685889E+00    1.692905E+00    1.849442E+00    2.763908E+01    5.551870E+01    1.016767E+02
    1.685835E+00    1.692879E+00    1.850068E+00    2.771034E+01    5.566266E+01    1.019370E+02
    1.685781E+00    1.692855E+00    1.850696E+00    2.778180E+01    5.580705E+01    1.021980E+02
    1.685727E+00    1.692830E+00    1.851327E+00    2.785348E+01    5.595187E+01    1.024599E+02
    1.685674E+00    1.692807E+00    1.851961E+00    2.792537E+01    5.609712E+01    1.027225E+02
    1.685621E+00    1.692784E+00    1.852598E+00    2.799746E+01    5.624281E+01    1.029858E+02
    1.685569E+00    1.692761E+00    1.853238E+00    2.806977E+01    5.638894E+01    1.032500E+02
    1.685517E+00    1.692739E+00    1.853881E+00    2.814229E+01    5.653551E+01    1.035149E+02
    1.685465E+00    1.692718E+00    1.854527E+00    2.821502E+01    5.668252E+01    1.037806E+02
    1.685414E+00    1.692697E+00    1.855176E+00    2.828797E+01    5.682997E+01    1.040471E+02
    1.685364E+00    1.692676E+00    1.855828E+00    2.836113E+01    5.697786E+01    1.043144E+02
    1.685314E+00    1.692657E+00    1.856484E+00    2.843450E+01    5.712619E+01    1.045825E+02
    1.685265E+00    1.692638E+00    1.857142E+00    2.850809E+01    5.727497E+01    1.048513E+02
    1.685216E+00    1.692620E+00    1.857803E+00    2.858190E+01    5.742420E+01    1.051210E+02
    1.685167E+00    1.692602E+00    1.858468E+00    2.865592E+01    5.757388E+01    1.053915E+02
    1.685120E+00    1.692585E+00    1.859135E+00    2.873016E+01    5.772400E+01    1.056628E+02
    1.685072E+00    1.692569E+00    1.859806E+00    2.880462E+01    5.787458E+01    1.059348E+02
    1.685026E+00    1.692553E+00    1.860480E+00    2.887929E+01    5.802560E+01    1.062077E+02
    1.684980E+00    1.692538E+00    1.861158E+00    2.895419E+01    5.817708E+01    1.064814E+02
    1.684934E+00    1.692524E+00    1.861838E+00    2.902931E+01    5.832902E+01    1.067559E+02
    1.684890E+00    1.692510E+00    1.862522E+00    2.910464E+01    5.848141E+01    1.070313E+02
    1.684845E+00    1.692498E+00    1.863209E+00    2.918020E+01    5.863425E+01    1.073074E+02
    1.684802E+00    1.692486E+00    1.863899E+00    2.925598E+01    5.878756E+01    1.075844E+02
    1.684408E+00    1.692410E+00    1.870896E+00    3.001657E+01    6.032674E+01    1.103649E+02
    1.684084E+00    1.692416E+00    1.878232E+00    3.079954E+01    6.191213E+01    1.132286E+02
    1.683837E+00    1.692511E+00    1.885919E+00    3.160554E+01    6.354529E+01    1.161780E+02
    1.683673E+00    1.692700E+00    1.893973E+00    3.243522E+01    6.522793E+01    1.192159E+02
    1.683594E+00    1.692987E+00    1.902405E+00    3.328928E+01    6.696197E+01    1.223451E+02
    1.683602E+00    1.693376E+00    1.911227E+00    3.416846E+01    6.874940E+01    1.255685E+02
    1.683700E+00    1.693867E+00    1.920449E+00    3.507353E+01    7.059222E+01    1.288895E+02
    1.683888E+00    1.694462E+00    1.930082E+00    3.600536E+01    7.249236E+01    1.323111E+02
    1.684164E+00    1.695160E+00    1.940136E+00    3.696483E+01    7.445167E+01    1.358366E+02
    1.684529E+00    1.695961E+00    1.950619E+00    3.795291E+01    7.647197E+01    1.394692E+02
    1.684979E+00    1.696863E+00    1.961541E+00    3.897060E+01    7.855511E+01    1.432127E+02
    1.685514E+00    1.697866E+00    1.972910E+00    4.001895E+01    8.070304E+01    1.470706E+02
    1.686131E+00    1.698966E+00    1.984736E+00    4.109904E+01    8.291785E+01    1.510467E+02
    1.686826E+00    1.700162E+00    1.997028E+00    4.221196E+01    8.520176E+01    1.551448E+02
    1.687597E+00    1.701451E+00    2.009794E+00    4.335881E+01    8.755709E+01    1.593689E+02
    1.688439E+00    1.702830E+00    2.023044E+00    4.454071E+01    8.998624E+01    1.637232E+02
    1.689351E+00    1.704296E+00    2.036787E+00    4.575879E+01    9.249169E+01    1.682120E+02
    1.690327E+00    1.705846E+00    2.051034E+00    4.701421E+01    9.507594E+01    1.728397E+02
    1.691365E+00    1.707478E+00    2.065794E+00    4.830814E+01    9.774162E+01    1.776108E+02
    1.692460E+00    1.709187E+00    2.081078E+00    4.964182E+01    1.004915E+02    1.825301E+02
    1.693609E+00    1.710971E+00    2.096896E+00    5.101653E+01    1.033285E+02    1.876025E+02
    1.694808E+00    1.712826E+00    2.113261E+00    5.243361E+01    1.062555E+02    1.928329E+02
    1.696053E+00    1.714751E+00    2.130185E+00    5.389451E+01    1.092755E+02    1.982266E+02
    1.697340E+00    1.716741E+00    2.147679E+00    5.540073E+01    1.123915E+02    2.037890E+02
    1.698666E+00    1.718793E+00    2.165758E+00    5.695384E+01    1.156064E+02    2.095256E+02
    1.700028E+00    1.720906E+00    2.184435E+00    5.855547E+01    1.189234E+02    2.154421E+02
    1.701422E+00    1.723076E+00    2.203725E+00    6.020734E+01    1.223460E+02    2.215446E+02
    1.702844E+00    1.725301E+00    2.223642E+00    6.191115E+01    1.258777E+02    2.278390E+02
    1.704292E+00    1.727579E+00    2.244203E+00    6.366870E+01    1.295222E+02    2.343317E+02
    1.705762E+00    1.729907E+00    2.265425E+00    6.548177E+01    1.332831E+02    2.410293E+02
    1.707251E+00    1.732284E+00    2.287324E+00    6.735221E+01    1.371644E+02    2.479384E+02
    1.708757E+00    1.734706E+00    2.309919E+00    6.928189E+01    1.411699E+02    2.550661E+02
    1.710276E+00    1.737173E+00    2.333229E+00    7.127275E+01    1.453039E+02    2.624196E+02
    1.711806E+00    1.739684E+00    2.357273E+00    7.332676E+01    1.495704E+02    2.700062E+02
    1.713345E+00    1.742235E+00    2.382073E+00    7.544599E+01    1.539739E+02    2.778337E+02
    1.714890E+00    1.744827E+00    2.407650E+00    7.763256E+01    1.585186E+02    2.859099E+02
    1.716439E+00    1.747458E+00    2.434025E+00    7.988867E+01    1.632094E+02    2.942431E+02
    1.717989E+00    1.750127E+00    2.461224E+00    8.221660E+01    1.680509E+02    3.028416E+02
    1.719540E+00    1.752833E+00    2.489269E+00    8.461872E+01    1.730482E+02    3.117143E+02
    1.721088E+00    1.755576E+00    2.518186E+00    8.709747E+01    1.782065E+02    3.208701E+02
    1.722633E+00    1.758354E+00    2.548002E+00    8.965538E+01    1.835310E+02    3.303183E+02
    1.724171E+00    1.761169E+00    2.578744E+00    9.229505E+01    1.890272E+02    3.400686E+02
    1.725703E+00    1.764019E+00    2.610439E+00    9.501918E+01    1.947006E+02    3.501309E+02
    1.727226E+00    1.766904E+00    2.643118E+00    9.783056E+01    2.005571E+02    3.605153E+02
    1.728740E+00    1.769825E+00    2.676811E+00    1.007321E+02    2.066026E+02    3.712326E+02
    1.730242E+00    1.772782E+00    2.711550E+00    1.037266E+02    2.128433E+02    3.822935E+02
    1.731731E+00    1.775775E+00    2.747366E+00    1.068174E+02    2.192857E+02    3.937095E+02
    1.733208E+00    1.778804E+00    2.784296E+00    1.100074E+02    2.259364E+02    4.054921E+02
    1.734670E+00    1.781871E+00    2.822372E+00    1.133001E+02    2.328023E+02    4.176534E+02
    1.736116E+00    1.784976E+00    2.861633E+00    1.166987E+02    2.398903E+02    4.302058E+02
    1.737547E+00    1.788119E+00    2.902116E+00    1.202069E+02    2.472077E+02    4.431622E+02
    1.738960E+00    1.791303E+00    2.943859E+00    1.238281E+02    2.547620E+02    4.565357E+02
    1.740356E+00    1.794528E+00    2.986904E+00    1.275661E+02    2.625609E+02    4.703401E+02
    1.741734E+00    1.797796E+00    3.031293E+00    1.314247E+02    2.706126E+02    4.845896E+02
    1.743094E+00    1.801108E+00    3.077067E+00    1.354079E+02    2.789252E+02    4.992986E+02
    1.744434E+00    1.804465E+00    3.124274E+00    1.395196E+02    2.875074E+02    5.144822E+02
    1.745754E+00    1.807869E+00    3.172957E+00    1.437641E+02    2.963679E+02    5.301561E+02
    1.747055E+00    1.811323E+00    3.223167E+00    1.481457E+02    3.055158E+02    5.463362E+02
    1.748335E+00    1.814828E+00    3.274952E+00    1.526691E+02    3.149605E+02    5.630392E+02
    1.749595E+00    1.818385E+00    3.328363E+00    1.573387E+02    3.247117E+02    5.802821E+02
    1.750834E+00    1.821998E+00    3.383453E+00    1.621594E+02    3.347796E+02    5.980827E+02
    1.752052E+00    1.825669E+00    3.440277E+00    1.671363E+02    3.451743E+02    6.164592E+02
    1.753249E+00    1.829400E+00    3.498892E+00    1.722742E+02    3.559067E+02    6.354305E+02
    1.754425E+00    1.833193E+00    3.559356E+00    1.775787E+02    3.669876E+02    6.550161E+02
    1.755580E+00    1.837052E+00    3.621730E+00    1.830550E+02    3.784287E+02    6.752360E+02
    1.756714E+00    1.840979E+00    3.686075E+00    1.887089E+02    3.902415E+02    6.961111E+02
    1.757826E+00    1.844977E+00    3.752456E+00    1.945462E+02    4.024383E+02    7.176627E+02
    1.758918E+00    1.849049E+00    3.820940E+00    2.005728E+02    4.150316E+02    7.399129E+02
    1.759988E+00    1.853198E+00    3.891596E+00    2.067949E+02    4.280344E+02    7.628848E+02
    1.761037E+00    1.857428E+00    3.964495E+00    2.132189E+02    4.414601E+02    7.866018E+02
    1.762066E+00    1.861742E+00    4.039709E+00    2.198514E+02    4.553224E+02    8.110883E+02
    1.763073E+00    1.866144E+00    4.117316E+00    2.266993E+02    4.696357E+02    8.363696E+02
    1.764061E+00    1.870637E+00    4.197393E+00    2.337695E+02    4.844146E+02    8.624715E+02
    1.765027E+00    1.875225E+00    4.280021E+00    2.410695E+02    4.996745E+02    8.894209E+02
    1.765974E+00    1.879912E+00    4.365284E+00    2.486066E+02    5.154309E+02    9.172456E+02
    1.766901E+00    1.884703E+00    4.453268E+00    2.563886E+02    5.317001E+02    9.459742E+02
    1.767808E+00    1.889601E+00    4.544062E+00    2.644236E+02    5.484989E+02    9.756361E+02
    1.768695E+00    1.894611E+00    4.637759E+00    2.727197E+02    5.658446E+02    1.006262E+03
    1.769564E+00    1.899738E+00    4.734454E+00    2.812857E+02    5.837550E+02    1.037883E+03
    1.770413E+00    1.904985E+00    4.834244E+00    2.901301E+02    6.022486E+02    1.070532E+03
    1.771244E+00    1.910359E+00    4.937232E+00    2.992622E+02    6.213444E+02    1.104243E+03
    1.772056E+00    1.915864E+00    5.043522E+00    3.086914E+02    6.410621E+02    1.139050E+03
    1.772851E+00    1.921505E+00    5.153223E+00    3.184273E+02    6.614219E+02    1.174989E+03
    1.773627E+00    1.927288E+00    5.266446E+00    3.284800E+02    6.824449E+02    1.212097E+03
    1.774387E+00    1.933218E+00    5.383307E+00    3.388598E+02    7.041527E+02    1.250412E+03
    1.775129E+00    1.939300E+00    5.503925E+00    3.495774E+02    7.265677E+02    1.289974E+03
    1.775854E+00    1.945542E+00    5.628424E+00    3.606438E+02    7.497128E+02    1.330823E+03
    1.776563E+00    1.951948E+00    5.756931E+00    3.720705E+02    7.736121E+02    1.373002E+03
    1.777256E+00    1.958525E+00    5.889577E+00    3.838692E+02    7.982900E+02    1.416553E+03
    1.777933E+00    1.965279E+00    6.026498E+00    3.960520E+02    8.237720E+02    1.461522E+03
    1.778595E+00    1.972218E+00    6.167834E+00    4.086314E+02    8.500844E+02    1.507955E+03
    1.779242E+00    1.979348E+00    6.313730E+00    4.216205E+02    8.772542E+02    1.555899E+03
    1.779874E+00    1.986676E+00    6.464337E+00    4.350326E+02    9.053093E+02    1.605405E+03
    1.780492E+00    1.994209E+00    6.619808E+00    4.488815E+02    9.342788E+02    1.656522E+03
    1.781095E+00    2.001955E+00    6.780302E+00    4.631814E+02    9.641924E+02    1.709304E+03
    1.781686E+00    2.009922E+00    6.945986E+00    4.779471E+02    9.950808E+02    1.763805E+03
    1.782263E+00    2.018117E+00    7.117028E+00    4.931938E+02    1.026976E+03    1.820081E+03
    1.782827E+00    2.026550E+00    7.293605E+00    5.089371E+02    1.059911E+03    1.878190E+03
    1.783379E+00    2.035228E+00    7.475899E+00    5.251932E+02    1.093919E+03    1.938191E+03
    1.783919E+00    2.044160E+00    7.664096E+00    5.419789E+02    1.129035E+03    2.000147E+03
    1.784448E+00    2.053356E+00    7.858391E+00    5.593115E+02    1.165296E+03    2.064121E+03
    1.784965E+00    2.062825E+00    8.058983E+00    5.772087E+02    1.202739E+03    2.130178E+03
    1.785471E+00    2.072575E+00    8.266079E+00    5.956889E+02    1.241402E+03    2.198388E+03
    1.785967E+00    2.082619E+00    8.479892E+00    6.147712E+02    1.281326E+03    2.268819E+03
    1.786453E+00    2.092964E+00    8.700641E+00    6.344752E+02    1.322550E+03    2.341544E+03
    1.786930E+00    2.103624E+00    8.928556E+00    6.548211E+02    1.365118E+03    2.416639E+03
    1.787397E+00    2.114607E+00    9.163869E+00    6.758298E+02    1.409073E+03    2.494180E+03
    1.787856E+00    2.125926E+00    9.406823E+00    6.975229E+02    1.454461E+03    2.574246E+03
    1.788306E+00    2.137592E+00    9.657668E+00    7.199227E+02    1.501328E+03    2.656920E+03
    1.788749E+00    2.149617E+00    9.916663E+00    7.430521E+02    1.549721E+03    2.742288E+03
    1.789185E+00    2.162013E+00    1.018407E+01    7.669349E+02    1.599692E+03    2.830435E+03
    1.789614E+00    2.174794E+00    1.046017E+01    7.915955E+02    1.651290E+03    2.921453E+03
    1.790037E+00    2.187973E+00    1.074525E+01    8.170593E+02    1.704569E+03    3.015435E+03
    1.790454E+00    2.201563E+00    1.103959E+01    8.433523E+02    1.759584E+03    3.112478E+03
    1.790866E+00    2.215578E+00    1.134351E+01    8.705014E+02    1.816391E+03    3.212680E+03
    1.791274E+00    2.230034E+00    1.165730E+01    8.985344E+02    1.875047E+03    3.316144E+03
    1.791678E+00    2.244944E+00    1.198130E+01    9.274799E+02    1.935613E+03    3.422975E+03
    1.792079E+00    2.260324E+00    1.231583E+01    9.573675E+02    1.998151E+03    3.533284E+03
    1.792477E+00    2.276191E+00    1.266124E+01    9.882277E+02    2.062724E+03    3.647182E+03
    1.792874E+00    2.292561E+00    1.301789E+01    1.020092E+03    2.129399E+03    3.764785E+03
    1.793269E+00    2.309452E+00    1.338612E+01    1.052993E+03    2.198242E+03    3.886213E+03
    1.793665E+00    2.326879E+00    1.376633E+01    1.086963E+03    2.269325E+03    4.011590E+03
    1.794061E+00    2.344863E+00    1.415890E+01    1.122038E+03    2.342719E+03    4.141043E+03
    1.794459E+00    2.363421E+00    1.456422E+01    1.158253E+03    2.418499E+03    4.274703E+03
    1.794860E+00    2.382574E+00    1.498271E+01    1.195645E+03    2.496741E+03    4.412705E+03
    1.795264E+00    2.402340E+00    1.541479E+01    1.234250E+03    2.577525E+03    4.555189E+03
    1.795674E+00    2.422741E+00    1.586091E+01    1.274109E+03    2.660931E+03    4.702298E+03
    1.796089E+00    2.443799E+00    1.632150E+01    1.315262E+03    2.747044E+03    4.854180E+03
    1.796512E+00    2.465534E+00    1.679703E+01    1.357749E+03    2.835950E+03    5.010987E+03
    1.796944E+00    2.487971E+00    1.728798E+01    1.401613E+03    2.927738E+03    5.172877E+03
    1.797387E+00    2.511132E+00    1.779485E+01    1.446898E+03    3.022500E+03    5.340011E+03
    1.797842E+00    2.535042E+00    1.831812E+01    1.493649E+03    3.120329E+03    5.512554E+03
    1.798311E+00    2.559726E+00    1.885833E+01    1.541912E+03    3.221323E+03    5.690678E+03
    1.798795E+00    2.585210E+00    1.941601E+01    1.591734E+03    3.325581E+03    5.874558E+03
    1.799298E+00    2.611520E+00    1.999171E+01    1.643165E+03    3.433205E+03    6.064374E+03
    1.799822E+00    2.638684E+00    2.058599E+01    1.696255E+03    3.544300E+03    6.260312E+03
    1.800369E+00    2.666731E+00    2.119943E+01    1.751056E+03    3.658975E+03    6.462563E+03
    1.800942E+00    2.695689E+00    2.183262E+01    1.807619E+03    3.777340E+03    6.671320E+03
    1.801543E+00    2.725590E+00    2.248618E+01    1.866000E+03    3.899508E+03    6.886785E+03
    1.802177E+00    2.756464E+00    2.316072E+01    1.926253E+03    4.025595E+03    7.109161E+03
    1.802847E+00    2.788343E+00    2.385688E+01    1.988437E+03    4.155721E+03    7.338659E+03
    1.803557E+00    2.821260E+00    2.457533E+01    2.052608E+03    4.290007E+03    7.575493E+03
    1.804311E+00    2.855251E+00    2.531672E+01    2.118826E+03    4.428577E+03    7.819882E+03
    1.805114E+00    2.890348E+00    2.608174E+01    2.187152E+03    4.571557E+03    8.072050E+03
    1.805970E+00    2.926590E+00    2.687108E+01    2.257647E+03    4.719077E+03    8.332223E+03
    1.806887E+00    2.964012E+00    2.768544E+01    2.330374E+03    4.871268E+03    8.600633E+03
    1.807869E+00    3.002653E+00    2.852556E+01    2.405396E+03    5.028263E+03    8.877516E+03
    1.808924E+00    3.042552E+00    2.939214E+01    2.482779E+03    5.190198E+03    9.163109E+03
    1.810058E+00    3.083749E+00    3.028594E+01    2.562587E+03    5.357208E+03    9.457653E+03
    1.811280E+00    3.126285E+00    3.120770E+01    2.644887E+03    5.529432E+03    9.761392E+03
    1.812599E+00    3.170201E+00    3.215816E+01    2.729744E+03    5.707008E+03    1.007457E+04
    1.814023E+00    3.215542E+00    3.313807E+01    2.817225E+03    5.890076E+03    1.039743E+04
    1.815564E+00    3.262349E+00    3.414820E+01    2.907397E+03    6.078775E+03    1.073022E+04
    1.817232E+00    3.310669E+00    3.518930E+01    3.000326E+03    6.273242E+03    1.107319E+04
    1.819039E+00    3.360544E+00    3.626210E+01    3.096077E+03    6.473616E+03    1.142657E+04
    1.820999E+00    3.412023E+00    3.736734E+01    3.194714E+03    6.680032E+03    1.179061E+04
    1.823127E+00    3.465149E+00    3.850574E+01    3.296302E+03    6.892620E+03    1.216553E+04
    1.825437E+00    3.519971E+00    3.967801E+01    3.400901E+03    7.111511E+03    1.255157E+04
    1.827947E+00    3.576533E+00    4.088482E+01    3.508571E+03    7.336828E+03    1.294894E+04
    1.830675E+00    3.634883E+00    4.212682E+01    3.619367E+03    7.568688E+03    1.335785E+04
    1.833641E+00    3.695067E+00    4.340461E+01    3.733343E+03    7.807201E+03    1.377849E+04
    1.836866E+00    3.757129E+00    4.471876E+01    3.850547E+03    8.052469E+03    1.421104E+04
    1.840372E+00    3.821116E+00    4.606978E+01    3.971022E+03    8.304584E+03    1.465567E+04
    1.844185E+00    3.887069E+00    4.745810E+01    4.094806E+03    8.563623E+03    1.511251E+04
    1.848330E+00    3.955031E+00    4.888411E+01    4.221930E+03    8.829652E+03    1.558168E+04
    1.852836E+00    4.025041E+00    5.034810E+01    4.352418E+03    9.102720E+03    1.606326E+04
    1.857733E+00    4.097137E+00    5.185025E+01    4.486284E+03    9.382857E+03    1.655730E+04
    1.863052E+00    4.171353E+00    5.339065E+01    4.623534E+03    9.670076E+03    1.706384E+04
    1.868826E+00    4.247718E+00    5.496926E+01    4.764161E+03    9.964362E+03    1.758284E+04
    1.875092E+00    4.326259E+00    5.658593E+01    4.908147E+03    1.026568E+04    1.811423E+04
    1.881885E+00    4.406998E+00    5.824034E+01    5.055463E+03    1.057396E+04    1.865792E+04
    1.889245E+00    4.489949E+00    5.993201E+01    5.206061E+03    1.088911E+04    1.921371E+04
    1.897212E+00    4.575122E+00    6.166030E+01    5.359881E+03    1.121101E+04    1.978140E+04
    1.905827E+00    4.662518E+00    6.342437E+01    5.516844E+03    1.153948E+04    2.036069E+04
    1.915132E+00    4.752132E+00    6.522318E+01    5.676856E+03    1.187433E+04    2.095122E+04
    1.925170E+00    4.843949E+00    6.705550E+01    5.839800E+03    1.221532E+04    2.155258E+04
    1.935986E+00    4.937944E+00    6.891987E+01    6.005542E+03    1.256216E+04    2.216427E+04
    1.947622E+00    5.034084E+00    7.081458E+01    6.173927E+03    1.291454E+04    2.278571E+04
    1.960121E+00    5.132321E+00    7.273771E+01    6.344781E+03    1.327208E+04    2.341625E+04
    1.973526E+00    5.232600E+00    7.468711E+01    6.517905E+03    1.363437E+04    2.405518E+04
    1.987878E+00    5.334852E+00    7.666037E+01    6.693082E+03    1.400096E+04    2.470168E+04
    2.003214E+00    5.438995E+00    7.865488E+01    6.870076E+03    1.437134E+04    2.535489E+04
    2.019569E+00    5.544936E+00    8.066778E+01    7.048627E+03    1.474499E+04    2.601384E+04
    2.036978E+00    5.652567E+00    8.269602E+01    7.228460E+03    1.512132E+04    2.667752E+04
    2.055466E+00    5.761770E+00    8.473636E+01    7.409283E+03    1.549972E+04    2.734486E+04
    2.075059E+00    5.872414E+00    8.678537E+01    7.590788E+03    1.587955E+04    2.801471E+04
    2.095774E+00    5.984356E+00    8.883949E+01    7.772655E+03    1.626013E+04    2.868589E+04
    2.117623E+00    6.097442E+00    9.089504E+01    7.954553E+03    1.664078E+04    2.935720E+04
    2.140613E+00    6.211510E+00    9.294825E+01    8.136146E+03    1.702079E+04    3.002737E+04
    2.164743E+00    6.326387E+00    9.499530E+01    8.317093E+03    1.739945E+04    3.069516E+04
    2.190005E+00    6.441894E+00    9.703238E+01    8.497052E+03    1.777604E+04    3.135930E+04
    2.216385E+00    6.557847E+00    9.905567E+01    8.675684E+03    1.814985E+04    3.201854E+04
    2.243861E+00    6.674056E+00    1.010614E+02    8.852656E+03    1.852019E+04    3.267165E+04
    2.272404E+00    6.790329E+00    1.030460E+02    9.027644E+03    1.888638E+04    3.331744E+04
    2.301978E+00    6.906476E+00    1.050059E+02    9.200336E+03    1.924776E+04    3.395476E+04
    2.332540E+00    7.022304E+00    1.069377E+02    9.370438E+03    1.960372E+04    3.458252E+04
    2.364042E+00    7.137626E+00    1.088383E+02    9.537669E+03    1.995367E+04    3.519968E+04
    2.396430E+00    7.252257E+00    1.107047E+02    9.701772E+03    2.029708E+04    3.580529E+04
    2.429644E+00    7.366019E+00    1.125343E+02    9.862509E+03    2.063344E+04    3.639848E+04
    2.463620E+00    7.478743E+00    1.143245E+02    1.001967E+04    2.096231E+04    3.697846E+04
