    0.000000E+00    0.000000E+00    0.000000E+00    0.000000E+00    0.000000E+00    0.000000E+00
    5.936611E-10    1.028413E-08    4.965166E-08    9.217938E-07    2.108876E-06    5.936611E-06
    6.421646E-10    1.112437E-08    5.370831E-08    9.971064E-07    2.281176E-06    6.421646E-06
    6.946308E-10    1.203325E-08    5.809640E-08    1.078572E-06    2.467553E-06    6.946308E-06
    7.513837E-10    1.301639E-08    6.284300E-08    1.166694E-06    2.669158E-06    7.513837E-06
    8.127734E-10    1.407986E-08    6.797741E-08    1.262015E-06    2.887234E-06    8.127734E-06
    8.791788E-10    1.523022E-08    7.353132E-08    1.365125E-06    3.123127E-06    8.791788E-06
    9.510097E-10    1.647456E-08    7.953899E-08    1.476659E-06    3.378294E-06    9.510097E-06
    1.028709E-09    1.782057E-08    8.603750E-08    1.597305E-06    3.654308E-06    1.028709E-05
    1.112757E-09    1.927655E-08    9.306696E-08    1.727808E-06    3.952873E-06    1.112757E-05
    1.203672E-09    2.085149E-08    1.006707E-07    1.868974E-06    4.275831E-06    1.203672E-05
    1.302014E-09    2.255510E-08    1.088958E-07    2.021673E-06    4.625176E-06    1.302014E-05
    1.408392E-09    2.439790E-08    1.177928E-07    2.186849E-06    5.003063E-06    1.408392E-05
    1.523461E-09    2.639126E-08    1.274167E-07    2.365519E-06    5.411825E-06    1.523461E-05
    1.647931E-09    2.854749E-08    1.378269E-07    2.558787E-06    5.853983E-06    1.647931E-05
    1.782570E-09    3.087988E-08    1.490877E-07    2.767845E-06    6.332266E-06    1.782570E-05
    1.928210E-09    3.340283E-08    1.612685E-07    2.993985E-06    6.849626E-06    1.928210E-05
    2.085749E-09    3.613192E-08    1.744445E-07    3.238600E-06    7.409255E-06    2.085749E-05
    2.256159E-09    3.908397E-08    1.886970E-07    3.503200E-06    8.014607E-06    2.256159E-05
    2.440493E-09    4.227722E-08    2.041139E-07    3.789419E-06    8.669418E-06    2.440493E-05
    2.639886E-09    4.573136E-08    2.207905E-07    4.099023E-06    9.377728E-06    2.639886E-05
    2.855570E-09    4.946771E-08    2.388295E-07    4.433922E-06    1.014391E-05    2.855570E-05
    3.088877E-09    5.350933E-08    2.583424E-07    4.796183E-06    1.097269E-05    3.088877E-05
    3.341244E-09    5.788115E-08    2.794495E-07    5.188041E-06    1.186918E-05    3.341244E-05
    3.614231E-09    6.261017E-08    3.022812E-07    5.611915E-06    1.283892E-05    3.614231E-05
    3.909522E-09    6.772555E-08    3.269782E-07    6.070421E-06    1.388788E-05    3.909522E-05
    4.228938E-09    7.325887E-08    3.536930E-07    6.566387E-06    1.502255E-05    4.228938E-05
    4.574451E-09    7.924427E-08    3.825904E-07    7.102874E-06    1.624993E-05    4.574451E-05
    4.948193E-09    8.571869E-08    4.138489E-07    7.683194E-06    1.757758E-05    4.948193E-05
    5.352470E-09    9.272209E-08    4.476612E-07    8.310927E-06    1.901371E-05    5.352470E-05
    5.789778E-09    1.002977E-07    4.842360E-07    8.989947E-06    2.056716E-05    5.789778E-05
    6.262815E-09    1.084922E-07    5.237991E-07    9.724443E-06    2.224754E-05    6.262815E-05
    6.774499E-09    1.173562E-07    5.665945E-07    1.051895E-05    2.406521E-05    6.774499E-05
    7.327990E-09    1.269445E-07    6.128864E-07    1.137837E-05    2.603139E-05    7.327990E-05
    7.926701E-09    1.373161E-07    6.629604E-07    1.230800E-05    2.815820E-05    7.926701E-05
    8.574328E-09    1.485351E-07    7.171256E-07    1.331359E-05    3.045878E-05    8.574328E-05
    9.274867E-09    1.606707E-07    7.757161E-07    1.440134E-05    3.294732E-05    9.274867E-05
    1.003264E-08    1.737978E-07    8.390936E-07    1.557796E-05    3.563918E-05    1.003264E-04
    1.085233E-08    1.879974E-07    9.076491E-07    1.685070E-05    3.855097E-05    1.085233E-04
    1.173898E-08    2.033571E-07    9.818057E-07    1.822744E-05    4.170066E-05    1.173898E-04
    1.269808E-08    2.199717E-07    1.062021E-06    1.971665E-05    4.510767E-05    1.269808E-04
    1.373553E-08    2.379438E-07    1.148790E-06    2.132754E-05    4.879305E-05    1.373553E-04
    1.485775E-08    2.573842E-07    1.242648E-06    2.307003E-05    5.277953E-05    1.485775E-04
    1.607165E-08    2.784130E-07    1.344175E-06    2.495489E-05    5.709170E-05    1.607165E-04
    1.738473E-08    3.011597E-07    1.453996E-06    2.699375E-05    6.175619E-05    1.738473E-04
    1.880509E-08    3.257650E-07    1.572790E-06    2.919918E-05    6.680176E-05    1.880509E-04
    2.034150E-08    3.523805E-07    1.701289E-06    3.158480E-05    7.225957E-05    2.034150E-04
    2.200343E-08    3.811705E-07    1.840287E-06    3.416532E-05    7.816328E-05    2.200343E-04
    2.380114E-08    4.123126E-07    1.990641E-06    3.695667E-05    8.454933E-05    2.380114E-04
    2.574572E-08    4.459991E-07    2.153279E-06    3.997608E-05    9.145712E-05    2.574572E-04
    2.784918E-08    4.824378E-07    2.329204E-06    4.324218E-05    9.892928E-05    2.784918E-04
    3.012449E-08    5.218535E-07    2.519503E-06    4.677512E-05    1.070119E-04    3.012449E-04
    3.258569E-08    5.644895E-07    2.725349E-06    5.059669E-05    1.157549E-04    3.258569E-04
    3.524797E-08    6.106089E-07    2.948012E-06    5.473049E-05    1.252122E-04    3.524797E-04
    3.812777E-08    6.604961E-07    3.188868E-06    5.920202E-05    1.354421E-04    3.812776E-04
    4.124283E-08    7.144592E-07    3.449401E-06    6.403887E-05    1.465079E-04    4.124282E-04
    4.461240E-08    7.728309E-07    3.731219E-06    6.927089E-05    1.584777E-04    4.461239E-04
    4.825725E-08    8.359716E-07    4.036061E-06    7.493035E-05    1.714254E-04    4.825724E-04
    5.219989E-08    9.042708E-07    4.365809E-06    8.105219E-05    1.854309E-04    5.219987E-04
    5.646463E-08    9.781499E-07    4.722496E-06    8.767417E-05    2.005806E-04    5.646461E-04
    6.107779E-08    1.058065E-06    5.108324E-06    9.483715E-05    2.169680E-04    6.107777E-04
    6.606784E-08    1.144509E-06    5.525674E-06    1.025853E-04    2.346943E-04    6.606780E-04
    7.146556E-08    1.238014E-06    5.977119E-06    1.109665E-04    2.538687E-04    7.146552E-04
    7.730426E-08    1.339160E-06    6.465447E-06    1.200324E-04    2.746097E-04    7.730420E-04
    8.361995E-08    1.448568E-06    6.993669E-06    1.298390E-04    2.970451E-04    8.361988E-04
    9.045162E-08    1.566914E-06    7.565044E-06    1.404467E-04    3.213133E-04    9.045153E-04
    9.784140E-08    1.694929E-06    8.183099E-06    1.519210E-04    3.475642E-04    9.784128E-04
    1.058349E-07    1.833402E-06    8.851645E-06    1.643327E-04    3.759596E-04    1.058347E-03
    1.144814E-07    1.983188E-06    9.574807E-06    1.777584E-04    4.066748E-04    1.144812E-03
    1.238343E-07    2.145210E-06    1.035705E-05    1.922808E-04    4.398992E-04    1.238340E-03
    1.339512E-07    2.320468E-06    1.120319E-05    2.079897E-04    4.758378E-04    1.339509E-03
    1.448946E-07    2.510043E-06    1.211846E-05    2.249818E-04    5.147123E-04    1.448942E-03
    1.567320E-07    2.715105E-06    1.310849E-05    2.433620E-04    5.567625E-04    1.567315E-03
    1.695364E-07    2.936918E-06    1.417941E-05    2.632438E-04    6.022478E-04    1.695358E-03
    1.833868E-07    3.176852E-06    1.533780E-05    2.847496E-04    6.514487E-04    1.833860E-03
    1.983686E-07    3.436385E-06    1.659082E-05    3.080122E-04    7.046688E-04    1.983676E-03
    2.145742E-07    3.717118E-06    1.794620E-05    3.331751E-04    7.622363E-04    2.145730E-03
    2.321035E-07    4.020784E-06    1.941230E-05    3.603935E-04    8.245062E-04    2.321020E-03
    2.510648E-07    4.349254E-06    2.099815E-05    3.898351E-04    8.918625E-04    2.510629E-03
    2.715749E-07    4.704555E-06    2.271354E-05    4.216817E-04    9.647207E-04    2.715725E-03
    2.937603E-07    5.088878E-06    2.456904E-05    4.561295E-04    1.043530E-03    2.937572E-03
    3.177578E-07    5.504591E-06    2.657610E-05    4.933910E-04    1.128777E-03    3.177539E-03
    3.437153E-07    5.954260E-06    2.874710E-05    5.336960E-04    1.220986E-03    3.437104E-03
    3.717930E-07    6.440656E-06    3.109541E-05    5.772929E-04    1.320726E-03    3.717868E-03
    4.021639E-07    6.966778E-06    3.363552E-05    6.244505E-04    1.428613E-03    4.021561E-03
    4.350152E-07    7.535869E-06    3.638309E-05    6.754596E-04    1.545310E-03    4.350053E-03
    4.705495E-07    8.151438E-06    3.935505E-05    7.306345E-04    1.671538E-03    4.705370E-03
    5.089857E-07    8.817278E-06    4.256972E-05    7.903154E-04    1.808075E-03    5.089699E-03
    5.505608E-07    9.537493E-06    4.604690E-05    8.548701E-04    1.955761E-03    5.505408E-03
    5.955310E-07    1.031652E-05    4.980804E-05    9.246962E-04    2.115507E-03    5.955056E-03
    6.441732E-07    1.115916E-05    5.387631E-05    1.000224E-03    2.288297E-03    6.441411E-03
    6.967873E-07    1.207061E-05    5.827676E-05    1.081919E-03    2.475196E-03    6.967467E-03
    7.536973E-07    1.305647E-05    6.303650E-05    1.170284E-03    2.677353E-03    7.536459E-03
    8.152537E-07    1.412283E-05    6.818486E-05    1.265864E-03    2.896016E-03    8.151887E-03
    8.818357E-07    1.527624E-05    7.375353E-05    1.369247E-03    3.132528E-03    8.817533E-03
    9.538530E-07    1.652382E-05    7.977680E-05    1.481070E-03    3.388348E-03    9.537488E-03
    1.031749E-06    1.787323E-05    8.629175E-05    1.602020E-03    3.665047E-03    1.031617E-02
    1.116004E-06    1.933279E-05    9.333848E-05    1.732843E-03    3.964331E-03    1.115837E-02
    1.207135E-06    2.091147E-05    1.009603E-04    1.874343E-03    4.288038E-03    1.206923E-02
    1.305703E-06    2.261899E-05    1.092042E-04    2.027390E-03    4.638159E-03    1.305436E-02
    1.412315E-06    2.446586E-05    1.181209E-04    2.192927E-03    5.016847E-03    1.411976E-02
    1.527625E-06    2.646341E-05    1.277650E-04    2.371970E-03    5.426428E-03    1.527197E-02
    1.652344E-06    2.862394E-05    1.381961E-04    2.565620E-03    5.869418E-03    1.651802E-02
    1.787237E-06    3.096072E-05    1.494780E-04    2.775066E-03    6.348536E-03    1.786551E-02
    1.933133E-06    3.348811E-05    1.616802E-04    3.001596E-03    6.866723E-03    1.932265E-02
    2.090927E-06    3.622161E-05    1.748775E-04    3.246599E-03    7.427157E-03    2.089829E-02
    2.261589E-06    3.917802E-05    1.891510E-04    3.511579E-03    8.033271E-03    2.260199E-02
    2.446164E-06    4.237547E-05    2.045883E-04    3.798161E-03    8.688778E-03    2.444406E-02
    2.645786E-06    4.583357E-05    2.212839E-04    4.108101E-03    9.397690E-03    2.643561E-02
    2.861677E-06    4.957350E-05    2.393403E-04    4.443300E-03    1.016434E-02    2.858862E-02
    3.095161E-06    5.361819E-05    2.588680E-04    4.805808E-03    1.099342E-02    3.091598E-02
    3.347666E-06    5.799240E-05    2.799865E-04    5.197844E-03    1.188997E-02    3.343157E-02
    3.620737E-06    6.272287E-05    3.028252E-04    5.621805E-03    1.285947E-02    3.615032E-02
    3.916044E-06    6.783854E-05    3.275236E-04    6.080280E-03    1.390782E-02    3.908825E-02
    4.235391E-06    7.337066E-05    3.542326E-04    6.576067E-03    1.504138E-02    4.226256E-02
    4.580726E-06    7.935299E-05    3.831152E-04    7.112189E-03    1.626704E-02    4.569169E-02
    4.954157E-06    8.582202E-05    4.143475E-04    7.691911E-03    1.759222E-02    4.939534E-02
    5.357958E-06    9.281717E-05    4.481199E-04    8.318760E-03    1.902491E-02    5.339458E-02
    5.794587E-06    1.003810E-04    4.846379E-04    8.996543E-03    2.057376E-02    5.771181E-02
    6.266698E-06    1.085595E-04    5.241235E-04    9.729372E-03    2.224807E-02    6.237088E-02
    6.777159E-06    1.174023E-04    5.668165E-04    1.052169E-02    2.405787E-02    6.739701E-02
    7.329063E-06    1.269631E-04    6.129756E-04    1.137827E-02    2.601396E-02    7.281680E-02
    7.925753E-06    1.372997E-04    6.628805E-04    1.230430E-02    2.812797E-02    7.865819E-02
    8.570838E-06    1.484746E-04    7.168328E-04    1.330535E-02    3.041240E-02    8.495032E-02
    9.268209E-06    1.605554E-04    7.751582E-04    1.438743E-02    3.288068E-02    9.172335E-02
    1.002207E-05    1.736147E-04    8.382080E-04    1.555703E-02    3.554725E-02    9.900824E-02
    1.083695E-05    1.877311E-04    9.063613E-04    1.682112E-02    3.842757E-02    1.068363E-01
    1.171774E-05    2.029893E-04    9.800271E-04    1.818724E-02    4.153823E-02    1.152389E-01
    1.266972E-05    2.194806E-04    1.059646E-03    1.966349E-02    4.489694E-02    1.242463E-01
    1.369856E-05    2.373035E-04    1.145694E-03    2.125859E-02    4.852262E-02    1.338874E-01
    1.481040E-05    2.565642E-04    1.238684E-03    2.298192E-02    5.243546E-02    1.441880E-01
    1.601184E-05    2.773771E-04    1.339166E-03    2.484356E-02    5.665686E-02    1.551694E-01
    1.730999E-05    2.998652E-04    1.447737E-03    2.685436E-02    6.120955E-02    1.668465E-01
    1.871250E-05    3.241614E-04    1.565036E-03    2.902591E-02    6.611750E-02    1.792250E-01
    2.022763E-05    3.504084E-04    1.691753E-03    3.137070E-02    7.140593E-02    1.922980E-01
    2.186424E-05    3.787598E-04    1.828630E-03    3.390207E-02    7.710121E-02    2.060422E-01
    2.363186E-05    4.093810E-04    1.976464E-03    3.663428E-02    8.323076E-02    2.204119E-01
    2.554077E-05    4.424496E-04    2.136113E-03    3.958259E-02    8.982284E-02    2.353327E-01
    2.760197E-05    4.781565E-04    2.308498E-03    4.276325E-02    9.690633E-02    2.506930E-01
    2.982729E-05    5.167067E-04    2.494608E-03    4.619355E-02    1.045103E-01    2.663332E-01
    3.222945E-05    5.583202E-04    2.695505E-03    4.989185E-02    1.126636E-01    2.820329E-01
    3.482205E-05    6.032330E-04    2.912328E-03    5.387759E-02    1.213940E-01    2.974946E-01
    3.761971E-05    6.516980E-04    3.146298E-03    5.817128E-02    1.307277E-01    3.123240E-01
    4.063804E-05    7.039862E-04    3.398720E-03    6.279449E-02    1.406877E-01    3.260059E-01
    4.389380E-05    7.603874E-04    3.670993E-03    6.776978E-02    1.512927E-01    3.378751E-01
    4.740485E-05    8.212116E-04    3.964613E-03    7.312064E-02    1.625551E-01    3.470822E-01
    5.119033E-05    8.867900E-04    4.281175E-03    7.887136E-02    1.744788E-01    3.525521E-01
    5.527061E-05    9.574758E-04    4.622382E-03    8.504683E-02    1.870558E-01    3.529374E-01
    5.966743E-05    1.033646E-03    4.990050E-03    9.167229E-02    2.002629E-01    3.465640E-01
    6.440393E-05    1.115701E-03    5.386110E-03    9.877303E-02    2.140565E-01    3.313727E-01
    6.950471E-05    1.204067E-03    5.812615E-03    1.063739E-01    2.283673E-01    3.048559E-01
    7.499587E-05    1.299197E-03    6.271743E-03    1.144987E-01    2.430927E-01    2.639960E-01
    8.090510E-05    1.401571E-03    6.765802E-03    1.231696E-01    2.580878E-01    2.052106E-01
    8.726169E-05    1.511696E-03    7.297234E-03    1.324060E-01    2.731550E-01    1.243163E-01
    9.409659E-05    1.630110E-03    7.868613E-03    1.422234E-01    2.880301E-01    1.652684E-02
    1.014424E-04    1.757377E-03    8.482655E-03    1.526318E-01    3.023671E-01   -1.234893E-01
    1.093335E-04    1.894094E-03    9.142212E-03    1.636340E-01    3.157185E-01   -3.014585E-01
    1.178058E-04    2.040884E-03    9.850271E-03    1.752233E-01    3.275131E-01   -5.232112E-01
    1.268970E-04    2.198403E-03    1.060996E-02    1.873804E-01    3.370297E-01   -7.941888E-01
    1.366466E-04    2.367332E-03    1.142453E-02    2.000700E-01    3.433666E-01   -1.118672E+00
    1.470954E-04    2.548385E-03    1.229736E-02    2.132367E-01    3.454073E-01   -1.498636E+00
    1.582859E-04    2.742298E-03    1.323196E-02    2.267996E-01    3.417831E-01   -1.932141E+00
    1.702620E-04    2.949837E-03    1.423192E-02    2.406465E-01    3.308325E-01   -2.411163E+00
    1.830689E-04    3.171787E-03    1.530093E-02    2.546262E-01    3.105614E-01   -2.918834E+00
    1.967530E-04    3.408957E-03    1.644276E-02    2.685398E-01    2.786050E-01   -3.426144E+00
    2.113614E-04    3.662170E-03    1.766122E-02    2.821307E-01    2.321988E-01   -3.888358E+00
    2.269420E-04    3.932266E-03    1.896015E-02    2.950730E-01    1.681649E-01   -4.241715E+00
    2.435432E-04    4.220090E-03    2.034338E-02    3.069575E-01    8.292527E-02   -4.401444E+00
    2.612133E-04    4.526495E-03    2.181468E-02    3.172766E-01   -2.744243E-02   -4.262790E+00
    2.800004E-04    4.852327E-03    2.337775E-02    3.254081E-01   -1.670876E-01   -3.707470E+00
    2.999516E-04    5.198429E-03    2.503612E-02    3.305961E-01   -3.401800E-01   -2.618696E+00
    3.211132E-04    5.565624E-03    2.679316E-02    3.319332E-01   -5.505826E-01   -9.080560E-01
    3.435294E-04    5.954713E-03    2.865193E-02    3.283408E-01   -8.013651E-01    1.443422E+00
    3.672423E-04    6.366468E-03    3.061519E-02    3.185523E-01   -1.094118E+00    4.331007E+00
    3.922910E-04    6.801617E-03    3.268524E-02    3.010996E-01   -1.428025E+00    7.466589E+00
    4.187111E-04    7.260843E-03    3.486388E-02    2.743047E-01   -1.798671E+00    1.033249E+01
    4.465338E-04    7.744768E-03    3.715227E-02    2.362832E-01   -2.196575E+00    1.218215E+01
    4.757853E-04    8.253948E-03    3.955081E-02    1.849605E-01   -2.605505E+00    1.213419E+01
    5.064860E-04    8.788866E-03    4.205901E-02    1.181111E-01   -3.000679E+00    9.406254E+00
    5.386494E-04    9.349916E-03    4.467534E-02    3.342519E-02   -3.347132E+00    3.704428E+00
    5.722818E-04    9.937401E-03    4.739705E-02   -7.138639E-02   -3.598612E+00   -4.298947E+00
    6.073807E-04    1.055153E-02    5.021995E-02   -1.984395E-01   -3.697658E+00   -1.260464E+01
    6.439341E-04    1.119238E-02    5.313823E-02   -3.494654E-01   -3.577658E+00   -1.800019E+01
    6.819197E-04    1.185996E-02    5.614417E-02   -5.255306E-01   -3.167920E+00   -1.704184E+01
    7.213034E-04    1.255412E-02    5.922789E-02   -7.266794E-01   -2.402812E+00   -8.016334E+00
    7.620380E-04    1.327460E-02    6.237701E-02   -9.514964E-01   -1.235813E+00    6.768107E+00
    8.040627E-04    1.402102E-02    6.557631E-02   -1.196592E+00    3.413959E-01    2.006910E+01
    8.473006E-04    1.479287E-02    6.880736E-02   -1.456029E+00    2.276067E+00    2.235953E+01
    8.916583E-04    1.558951E-02    7.204806E-02   -1.720723E+00    4.431245E+00    8.663974E+00
    9.370237E-04    1.641016E-02    7.527225E-02   -1.977878E+00    6.568845E+00   -1.410063E+01
    9.832647E-04    1.725394E-02    7.844921E-02   -2.210540E+00    8.348680E+00   -2.748764E+01
    1.030228E-03    1.811981E-02    8.154318E-02   -2.397391E+00    9.355439E+00   -1.575308E+01
    1.077736E-03    1.900663E-02    8.451299E-02   -2.512932E+00    9.164909E+00    1.384659E+01
    1.125588E-03    1.991312E-02    8.731161E-02   -2.528243E+00    7.454371E+00    2.933482E+01
    1.173560E-03    2.083791E-02    8.988590E-02   -2.412495E+00    4.147677E+00    7.601311E+00
    1.221400E-03    2.177952E-02    9.217644E-02   -2.135391E+00   -4.372312E-01   -2.699615E+01
    1.268833E-03    2.273638E-02    9.411737E-02   -1.670627E+00   -5.497318E+00   -4.730861E-02
    1.315541E-03    2.370676E-02    9.563285E-02   -1.000273E+00   -9.787884E+00   -4.473058E-02
    1.360861E-03    2.468695E-02    9.657146E-02   -1.186067E-01   -1.186981E+01    1.086051E-02
   -2.344484E-02   -2.360059E-02   -2.711605E-02   -2.989567E-01   -9.749719E-02    1.965844E-02
   -2.343781E-02   -2.359403E-02   -2.711940E-02   -2.971979E-01   -9.918935E-02    1.837751E-02
   -2.343060E-02   -2.358727E-02   -2.712256E-02   -2.954311E-01   -1.008355E-01    1.699562E-02
   -2.342317E-02   -2.358030E-02   -2.712553E-02   -2.936565E-01   -1.024351E-01    1.551960E-02
   -2.341552E-02   -2.357312E-02   -2.712829E-02   -2.918741E-01   -1.039872E-01    1.395667E-02
   -2.340765E-02   -2.356571E-02   -2.713085E-02   -2.900840E-01   -1.054913E-01    1.231439E-02
   -2.339955E-02   -2.355807E-02   -2.713318E-02   -2.882864E-01   -1.069466E-01    1.060065E-02
   -2.339122E-02   -2.355020E-02   -2.713530E-02   -2.864814E-01   -1.083526E-01    8.823620E-03
   -2.338266E-02   -2.354210E-02   -2.713719E-02   -2.846691E-01   -1.097086E-01    6.991710E-03
   -2.337384E-02   -2.353374E-02   -2.713884E-02   -2.828495E-01   -1.110141E-01    5.113546E-03
   -2.336476E-02   -2.352512E-02   -2.714025E-02   -2.810229E-01   -1.122684E-01    3.197923E-03
   -2.335542E-02   -2.351625E-02   -2.714141E-02   -2.791893E-01   -1.134712E-01    1.253767E-03
   -2.334580E-02   -2.350710E-02   -2.714231E-02   -2.773489E-01   -1.146217E-01   -7.099034E-04
   -2.333592E-02   -2.349768E-02   -2.714295E-02   -2.755017E-01   -1.157196E-01   -2.684020E-03
   -2.332576E-02   -2.348799E-02   -2.714333E-02   -2.736479E-01   -1.167645E-01   -4.659505E-03
   -2.331530E-02   -2.347799E-02   -2.714343E-02   -2.717876E-01   -1.177558E-01   -6.627312E-03
   -2.330449E-02   -2.346765E-02   -2.714319E-02   -2.699210E-01   -1.186932E-01   -8.578468E-03
   -2.329330E-02   -2.345693E-02   -2.714258E-02   -2.680482E-01   -1.195764E-01   -1.050412E-02
   -2.328172E-02   -2.344581E-02   -2.714159E-02   -2.661692E-01   -1.204049E-01   -1.239556E-02
   -2.326972E-02   -2.343428E-02   -2.714020E-02   -2.642843E-01   -1.211785E-01   -1.424428E-02
   -2.325729E-02   -2.342232E-02   -2.713841E-02   -2.623936E-01   -1.218969E-01   -1.604201E-02
   -2.324443E-02   -2.340993E-02   -2.713619E-02   -2.604971E-01   -1.225599E-01   -1.778075E-02
   -2.323111E-02   -2.339708E-02   -2.713353E-02   -2.585951E-01   -1.231671E-01   -1.945281E-02
   -2.321728E-02   -2.338372E-02   -2.713038E-02   -2.566876E-01   -1.237185E-01   -2.105084E-02
   -2.320289E-02   -2.336980E-02   -2.712669E-02   -2.547749E-01   -1.242138E-01   -2.256787E-02
   -2.318792E-02   -2.335531E-02   -2.712243E-02   -2.528570E-01   -1.246530E-01   -2.399735E-02
   -2.317235E-02   -2.334021E-02   -2.711759E-02   -2.509340E-01   -1.250358E-01   -2.533317E-02
   -2.315615E-02   -2.332448E-02   -2.711214E-02   -2.490062E-01   -1.253623E-01   -2.656968E-02
   -2.313930E-02   -2.330811E-02   -2.710606E-02   -2.470736E-01   -1.256323E-01   -2.770176E-02
   -2.312179E-02   -2.329108E-02   -2.709934E-02   -2.451363E-01   -1.258459E-01   -2.872478E-02
   -2.310364E-02   -2.327339E-02   -2.709199E-02   -2.431946E-01   -1.260031E-01   -2.963467E-02
   -2.308482E-02   -2.325506E-02   -2.708401E-02   -2.412485E-01   -1.261039E-01   -3.042795E-02
   -2.306534E-02   -2.323606E-02   -2.707538E-02   -2.392981E-01   -1.261483E-01   -3.110170E-02
   -2.304518E-02   -2.321638E-02   -2.706609E-02   -2.373436E-01   -1.261366E-01   -3.165361E-02
   -2.302432E-02   -2.319599E-02   -2.705611E-02   -2.353852E-01   -1.260687E-01   -3.208200E-02
   -2.300272E-02   -2.317487E-02   -2.704543E-02   -2.334229E-01   -1.259450E-01   -3.238578E-02
   -2.298037E-02   -2.315301E-02   -2.703401E-02   -2.314569E-01   -1.257655E-01   -3.256452E-02
   -2.295727E-02   -2.313039E-02   -2.702187E-02   -2.294873E-01   -1.255306E-01   -3.261840E-02
   -2.293342E-02   -2.310702E-02   -2.700900E-02   -2.275143E-01   -1.252404E-01   -3.254823E-02
   -2.290879E-02   -2.308287E-02   -2.699537E-02   -2.255380E-01   -1.248954E-01   -3.235548E-02
   -2.288335E-02   -2.305792E-02   -2.698096E-02   -2.235586E-01   -1.244957E-01   -3.204220E-02
   -2.285709E-02   -2.303215E-02   -2.696574E-02   -2.215761E-01   -1.240418E-01   -3.161107E-02
   -2.282996E-02   -2.300550E-02   -2.694968E-02   -2.195908E-01   -1.235341E-01   -3.106538E-02
   -2.280193E-02   -2.297796E-02   -2.693275E-02   -2.176028E-01   -1.229730E-01   -3.040896E-02
   -2.277301E-02   -2.294953E-02   -2.691497E-02   -2.156123E-01   -1.223589E-01   -2.964624E-02
   -2.274323E-02   -2.292024E-02   -2.689633E-02   -2.136192E-01   -1.216924E-01   -2.878217E-02
   -2.271256E-02   -2.289006E-02   -2.687684E-02   -2.116239E-01   -1.209739E-01   -2.782222E-02
   -2.268098E-02   -2.285897E-02   -2.685646E-02   -2.096264E-01   -1.202040E-01   -2.677236E-02
   -2.264845E-02   -2.282694E-02   -2.683517E-02   -2.076269E-01   -1.193832E-01   -2.563899E-02
   -2.261495E-02   -2.279393E-02   -2.681292E-02   -2.056255E-01   -1.185123E-01   -2.442895E-02
   -2.258042E-02   -2.275990E-02   -2.678968E-02   -2.036224E-01   -1.175918E-01   -2.314944E-02
   -2.254488E-02   -2.272486E-02   -2.676546E-02   -2.016178E-01   -1.166225E-01   -2.180801E-02
   -2.250834E-02   -2.268881E-02   -2.674026E-02   -1.996117E-01   -1.156050E-01   -2.041252E-02
   -2.247078E-02   -2.265175E-02   -2.671408E-02   -1.976044E-01   -1.145400E-01   -1.897109E-02
   -2.243217E-02   -2.261365E-02   -2.668688E-02   -1.955959E-01   -1.134284E-01   -1.749204E-02
   -2.239248E-02   -2.257446E-02   -2.665863E-02   -1.935865E-01   -1.122710E-01   -1.598388E-02
   -2.235167E-02   -2.253415E-02   -2.662928E-02   -1.915762E-01   -1.110685E-01   -1.445522E-02
   -2.230968E-02   -2.249267E-02   -2.659880E-02   -1.895652E-01   -1.098219E-01   -1.291474E-02
   -2.226652E-02   -2.245001E-02   -2.656718E-02   -1.875538E-01   -1.085321E-01   -1.137114E-02
   -2.222219E-02   -2.240619E-02   -2.653442E-02   -1.855420E-01   -1.071999E-01   -9.833102E-03
   -2.217667E-02   -2.236118E-02   -2.650052E-02   -1.835299E-01   -1.058263E-01   -8.309206E-03
   -2.212994E-02   -2.231497E-02   -2.646543E-02   -1.815178E-01   -1.044123E-01   -6.807919E-03
   -2.208196E-02   -2.226750E-02   -2.642913E-02   -1.795058E-01   -1.029589E-01   -5.337517E-03
   -2.203269E-02   -2.221874E-02   -2.639158E-02   -1.774940E-01   -1.014672E-01   -3.906046E-03
   -2.198207E-02   -2.216863E-02   -2.635271E-02   -1.754826E-01   -9.993825E-02   -2.521271E-03
   -2.193008E-02   -2.211716E-02   -2.631253E-02   -1.734718E-01   -9.837309E-02   -1.190632E-03
   -2.187672E-02   -2.206433E-02   -2.627101E-02   -1.714617E-01   -9.677286E-02    7.881137E-05
   -2.182198E-02   -2.201010E-02   -2.622815E-02   -1.694525E-01   -9.513872E-02    1.280408E-03
   -2.176581E-02   -2.195446E-02   -2.618390E-02   -1.674443E-01   -9.347184E-02    2.407973E-03
   -2.170818E-02   -2.189736E-02   -2.613824E-02   -1.654373E-01   -9.177343E-02    3.455812E-03
   -2.164905E-02   -2.183875E-02   -2.609112E-02   -1.634316E-01   -9.004472E-02    4.418765E-03
   -2.158835E-02   -2.177858E-02   -2.604248E-02   -1.614275E-01   -8.828695E-02    5.292252E-03
   -2.152607E-02   -2.171683E-02   -2.599230E-02   -1.594250E-01   -8.650141E-02    6.072318E-03
   -2.146217E-02   -2.165347E-02   -2.594057E-02   -1.574243E-01   -8.468940E-02    6.755455E-03
   -2.139664E-02   -2.158847E-02   -2.588724E-02   -1.554257E-01   -8.285222E-02    7.339064E-03
   -2.132944E-02   -2.152181E-02   -2.583229E-02   -1.534291E-01   -8.099123E-02    7.821111E-03
   -2.126053E-02   -2.145343E-02   -2.577569E-02   -1.514349E-01   -7.910780E-02    8.200093E-03
   -2.118985E-02   -2.138330E-02   -2.571737E-02   -1.494431E-01   -7.720332E-02    8.475356E-03
   -2.111737E-02   -2.131136E-02   -2.565730E-02   -1.474540E-01   -7.527920E-02    8.646896E-03
   -2.104304E-02   -2.123757E-02   -2.559544E-02   -1.454677E-01   -7.333685E-02    8.715393E-03
   -2.096682E-02   -2.116191E-02   -2.553175E-02   -1.434844E-01   -7.137775E-02    8.682217E-03
   -2.088869E-02   -2.108432E-02   -2.546621E-02   -1.415041E-01   -6.940333E-02    8.549412E-03
   -2.080859E-02   -2.100479E-02   -2.539876E-02   -1.395272E-01   -6.741510E-02    8.319688E-03
   -2.072650E-02   -2.092325E-02   -2.532938E-02   -1.375537E-01   -6.541455E-02    7.996422E-03
   -2.064236E-02   -2.083967E-02   -2.525801E-02   -1.355838E-01   -6.340320E-02    7.583438E-03
   -2.055613E-02   -2.075400E-02   -2.518462E-02   -1.336177E-01   -6.138259E-02    7.085584E-03
   -2.046776E-02   -2.066620E-02   -2.510916E-02   -1.316556E-01   -5.935424E-02    6.507756E-03
   -2.037721E-02   -2.057622E-02   -2.503158E-02   -1.296975E-01   -5.731974E-02    5.855646E-03
   -2.028444E-02   -2.048402E-02   -2.495186E-02   -1.277438E-01   -5.528064E-02    5.135373E-03
   -2.018940E-02   -2.038955E-02   -2.486993E-02   -1.257945E-01   -5.323854E-02    4.353484E-03
   -2.009205E-02   -2.029278E-02   -2.478577E-02   -1.238498E-01   -5.119502E-02    3.516905E-03
   -1.999236E-02   -2.019366E-02   -2.469934E-02   -1.219099E-01   -4.915169E-02    2.632889E-03
   -1.989027E-02   -2.009216E-02   -2.461060E-02   -1.199749E-01   -4.711017E-02    1.708963E-03
   -1.978576E-02   -1.998824E-02   -2.451951E-02   -1.180451E-01   -4.507206E-02    7.528624E-04
   -1.967876E-02   -1.988183E-02   -2.442601E-02   -1.161206E-01   -4.303901E-02   -2.275249E-04
   -1.956924E-02   -1.977290E-02   -2.433007E-02   -1.142015E-01   -4.101263E-02   -1.224225E-03
   -1.945714E-02   -1.966140E-02   -2.423164E-02   -1.122880E-01   -3.899457E-02   -2.229242E-03
   -1.934244E-02   -1.954730E-02   -2.413069E-02   -1.103803E-01   -3.698646E-02   -3.234622E-03
   -1.922509E-02   -1.943056E-02   -2.402718E-02   -1.084786E-01   -3.498995E-02   -4.232518E-03
   -1.910507E-02   -1.931115E-02   -2.392110E-02   -1.065831E-01   -3.300666E-02   -5.215258E-03
   -1.898236E-02   -1.918905E-02   -2.381241E-02   -1.046938E-01   -3.103825E-02   -6.175404E-03
   -1.885689E-02   -1.906420E-02   -2.370106E-02   -1.028111E-01   -2.908634E-02   -7.105783E-03
   -1.872862E-02   -1.893655E-02   -2.358701E-02   -1.009350E-01   -2.715258E-02   -7.999719E-03
   -1.859752E-02   -1.880607E-02   -2.347021E-02   -9.906572E-02   -2.523858E-02   -8.850788E-03
   -1.846355E-02   -1.867274E-02   -2.335066E-02   -9.720348E-02   -2.334597E-02   -9.653097E-03
   -1.832670E-02   -1.853652E-02   -2.322831E-02   -9.534843E-02   -2.147636E-02   -1.040130E-02
   -1.818695E-02   -1.839741E-02   -2.310318E-02   -9.350074E-02   -1.963135E-02   -1.109060E-02
   -1.804430E-02   -1.825540E-02   -2.297525E-02   -9.166059E-02   -1.781253E-02   -1.171683E-02
   -1.789870E-02   -1.811045E-02   -2.284448E-02   -8.982816E-02   -1.602147E-02   -1.227644E-02
   -1.775011E-02   -1.796251E-02   -2.271082E-02   -8.800364E-02   -1.425974E-02   -1.276655E-02
   -1.759849E-02   -1.781155E-02   -2.257425E-02   -8.618721E-02   -1.252889E-02   -1.318502E-02
   -1.744385E-02   -1.765757E-02   -2.243477E-02   -8.437906E-02   -1.083042E-02   -1.353041E-02
   -1.728618E-02   -1.750057E-02   -2.229237E-02   -8.257936E-02   -9.165860E-03   -1.380193E-02
   -1.712549E-02   -1.734055E-02   -2.214706E-02   -8.078830E-02   -7.536674E-03   -1.399966E-02
   -1.696179E-02   -1.717753E-02   -2.199888E-02   -7.900606E-02   -5.944321E-03   -1.412418E-02
   -1.679507E-02   -1.701149E-02   -2.184777E-02   -7.723284E-02   -4.390229E-03   -1.417700E-02
   -1.662528E-02   -1.684239E-02   -2.169373E-02   -7.546884E-02   -2.875797E-03   -1.416019E-02
   -1.645243E-02   -1.667023E-02   -2.153675E-02   -7.371423E-02   -1.402390E-03   -1.407650E-02
   -1.627651E-02   -1.649502E-02   -2.137683E-02   -7.196923E-02    2.865896E-05   -1.392923E-02
   -1.609756E-02   -1.631677E-02   -2.121399E-02   -7.023402E-02    1.416054E-03   -1.372237E-02
   -1.591561E-02   -1.613553E-02   -2.104828E-02   -6.850880E-02    2.758535E-03   -1.346034E-02
   -1.573072E-02   -1.595135E-02   -2.087976E-02   -6.679376E-02    4.054887E-03   -1.314807E-02
   -1.554287E-02   -1.576422E-02   -2.070841E-02   -6.508911E-02    5.303937E-03   -1.279079E-02
   -1.535206E-02   -1.557413E-02   -2.053422E-02   -6.339506E-02    6.504559E-03   -1.239425E-02
   -1.515830E-02   -1.538110E-02   -2.035722E-02   -6.171182E-02    7.655675E-03   -1.196437E-02
   -1.496162E-02   -1.518516E-02   -2.017744E-02   -6.003959E-02    8.756257E-03   -1.150717E-02
   -1.476207E-02   -1.498636E-02   -1.999492E-02   -5.837858E-02    9.805332E-03   -1.102893E-02
   -1.455973E-02   -1.478477E-02   -1.980974E-02   -5.672900E-02    1.080198E-02   -1.053591E-02
   -1.435468E-02   -1.458047E-02   -1.962198E-02   -5.509107E-02    1.174534E-02   -1.003427E-02
   -1.414693E-02   -1.437349E-02   -1.943167E-02   -5.346500E-02    1.263462E-02   -9.530135E-03
   -1.393652E-02   -1.416384E-02   -1.923882E-02   -5.185102E-02    1.346908E-02   -9.029402E-03
   -1.372346E-02   -1.395156E-02   -1.904347E-02   -5.024935E-02    1.424806E-02   -8.537689E-03
   -1.350783E-02   -1.373670E-02   -1.884568E-02   -4.866021E-02    1.497096E-02   -8.060282E-03
   -1.328969E-02   -1.351935E-02   -1.864552E-02   -4.708384E-02    1.563724E-02   -7.602068E-03
   -1.306915E-02   -1.329960E-02   -1.844310E-02   -4.552046E-02    1.624647E-02   -7.167448E-03
   -1.284633E-02   -1.307757E-02   -1.823852E-02   -4.397029E-02    1.679824E-02   -6.760411E-03
   -1.262126E-02   -1.285331E-02   -1.803186E-02   -4.243358E-02    1.729228E-02   -6.384252E-03
   -1.239401E-02   -1.262686E-02   -1.782313E-02   -4.091057E-02    1.772835E-02   -6.041766E-03
   -1.216462E-02   -1.239829E-02   -1.761241E-02   -3.940149E-02    1.810633E-02   -5.735116E-03
   -1.193318E-02   -1.216767E-02   -1.739978E-02   -3.790658E-02    1.842616E-02   -5.465835E-03
   -1.169978E-02   -1.193510E-02   -1.718533E-02   -3.642609E-02    1.868788E-02   -5.234806E-03
   -1.146456E-02   -1.170071E-02   -1.696919E-02   -3.496027E-02    1.889160E-02   -5.042229E-03
   -1.122764E-02   -1.146463E-02   -1.675149E-02   -3.350935E-02    1.903753E-02   -4.888098E-03
   -1.098911E-02   -1.122695E-02   -1.653233E-02   -3.207359E-02    1.912599E-02   -4.770970E-03
   -1.074904E-02   -1.098773E-02   -1.631175E-02   -3.065324E-02    1.915736E-02   -4.689692E-03
   -1.050751E-02   -1.074705E-02   -1.608985E-02   -2.924856E-02    1.913213E-02   -4.642110E-03
   -1.026460E-02   -1.050500E-02   -1.586670E-02   -2.785979E-02    1.905089E-02   -4.625765E-03
   -1.002044E-02   -1.026171E-02   -1.564244E-02   -2.648721E-02    1.891432E-02   -4.637615E-03
   -9.775159E-03   -1.001731E-02   -1.541720E-02   -2.513106E-02    1.872319E-02   -4.674854E-03
   -9.528919E-03   -9.771946E-03   -1.519112E-02   -2.379159E-02    1.847835E-02   -4.733422E-03
   -9.281827E-03   -9.525740E-03   -1.496433E-02   -2.246908E-02    1.818078E-02   -4.810017E-03
   -9.033956E-03   -9.278760E-03   -1.473688E-02   -2.116378E-02    1.783153E-02   -4.900781E-03
   -8.785395E-03   -9.031096E-03   -1.450887E-02   -1.987595E-02    1.743177E-02   -5.001560E-03
   -8.536251E-03   -8.782856E-03   -1.428041E-02   -1.860586E-02    1.698274E-02   -5.108618E-03
   -8.286649E-03   -8.534162E-03   -1.405162E-02   -1.735377E-02    1.648578E-02   -5.218104E-03
   -8.036732E-03   -8.285158E-03   -1.382264E-02   -1.611993E-02    1.594231E-02   -5.326712E-03
   -7.786656E-03   -8.036002E-03   -1.359362E-02   -1.490462E-02    1.535386E-02   -5.430740E-03
   -7.536544E-03   -7.786815E-03   -1.336469E-02   -1.370808E-02    1.472203E-02   -5.527451E-03
   -7.286477E-03   -7.537677E-03   -1.313592E-02   -1.253059E-02    1.404853E-02   -5.613927E-03
   -7.036547E-03   -7.288682E-03   -1.290741E-02   -1.137239E-02    1.333514E-02   -5.687915E-03
   -6.786861E-03   -7.039937E-03   -1.267926E-02   -1.023375E-02    1.258370E-02   -5.747535E-03
   -6.537542E-03   -6.791563E-03   -1.245159E-02   -9.114928E-03    1.179616E-02   -5.791630E-03
   -6.288726E-03   -6.543698E-03   -1.222454E-02   -8.016171E-03    1.097452E-02   -5.818904E-03
   -6.040566E-03   -6.296493E-03   -1.199826E-02   -6.937733E-03    1.012085E-02   -5.829237E-03
   -5.793184E-03   -6.050072E-03   -1.177287E-02   -5.879866E-03    9.237302E-03   -5.822533E-03
   -5.546660E-03   -5.804513E-03   -1.154844E-02   -4.842814E-03    8.326084E-03   -5.799242E-03
   -5.301081E-03   -5.559904E-03   -1.132507E-02   -3.826822E-03    7.389459E-03   -5.760333E-03
   -5.056547E-03   -5.316344E-03   -1.110285E-02   -2.832130E-03    6.429740E-03   -5.707181E-03
   -4.813170E-03   -5.073946E-03   -1.088188E-02   -1.858973E-03    5.449288E-03   -5.641454E-03
   -4.571072E-03   -4.832832E-03   -1.066230E-02   -9.075835E-04    4.450504E-03   -5.565233E-03
   -4.330389E-03   -4.593137E-03   -1.044424E-02    2.180885E-05    3.435823E-03   -5.480698E-03
   -4.091237E-03   -4.354977E-03   -1.022779E-02    9.289809E-04    2.407716E-03   -5.390397E-03
   -3.853685E-03   -4.118423E-03   -1.001305E-02    1.813715E-03    1.368677E-03   -5.296855E-03
   -3.617811E-03   -3.883550E-03   -9.800080E-03    2.675800E-03    3.212192E-04   -5.202568E-03
   -3.383699E-03   -3.650443E-03   -9.588963E-03    3.515029E-03   -7.321361E-04   -5.110479E-03
   -3.151444E-03   -3.419197E-03   -9.379793E-03    4.331202E-03   -1.788862E-03   -5.022956E-03
   -2.921149E-03   -3.189915E-03   -9.172672E-03    5.124123E-03   -2.846435E-03   -4.942438E-03
   -2.692926E-03   -2.962709E-03   -8.967710E-03    5.893603E-03   -3.902339E-03   -4.871140E-03
   -2.466875E-03   -2.737679E-03   -8.765003E-03    6.639463E-03   -4.954071E-03   -4.810999E-03
   -2.243054E-03   -2.514882E-03   -8.564609E-03    7.361529E-03   -5.999151E-03   -4.763758E-03
   -2.021522E-03   -2.294379E-03   -8.366585E-03    8.059637E-03   -7.035127E-03   -4.730755E-03
   -1.802347E-03   -2.076235E-03   -8.170997E-03    8.733631E-03   -8.059584E-03   -4.712807E-03
   -1.585600E-03   -1.860524E-03   -7.977916E-03    9.383361E-03   -9.070151E-03   -4.710325E-03
   -1.371363E-03   -1.647325E-03   -7.787419E-03    1.000869E-02   -1.006451E-02   -4.723990E-03
   -1.159721E-03   -1.436726E-03   -7.599592E-03    1.060947E-02   -1.104039E-02   -4.753178E-03
   -9.507539E-04   -1.228804E-03   -7.414510E-03    1.118560E-02   -1.199559E-02   -4.797334E-03
   -7.445035E-04   -1.023602E-03   -7.232215E-03    1.173696E-02   -1.292799E-02   -4.855442E-03
   -5.410109E-04   -8.211611E-04   -7.052746E-03    1.226344E-02   -1.383551E-02   -4.926132E-03
   -3.403219E-04   -6.215269E-04   -6.876148E-03    1.276496E-02   -1.471620E-02   -5.007711E-03
   -1.424875E-04   -4.247503E-04   -6.702471E-03    1.324143E-02   -1.556817E-02   -5.098387E-03
    5.243674E-05   -2.308869E-04   -6.531767E-03    1.369278E-02   -1.638962E-02   -5.195596E-03
    2.443901E-04   -3.999708E-05   -6.364096E-03    1.411895E-02   -1.717888E-02   -5.297089E-03
    4.333167E-04    1.478631E-04   -6.199511E-03    1.451988E-02   -1.793434E-02   -5.400729E-03
    6.191902E-04    3.326675E-04   -6.038039E-03    1.489554E-02   -1.865455E-02   -5.503525E-03
    8.019883E-04    5.143937E-04   -5.879699E-03    1.524591E-02   -1.933813E-02   -5.602969E-03
    9.816851E-04    6.930161E-04   -5.724516E-03    1.557097E-02   -1.998386E-02   -5.696851E-03
    1.158251E-03    8.685050E-04   -5.572519E-03    1.587071E-02   -2.059061E-02   -5.782622E-03
    1.331653E-03    1.040828E-03   -5.423739E-03    1.614514E-02   -2.115740E-02   -5.858077E-03
    1.501855E-03    1.209948E-03   -5.278211E-03    1.639429E-02   -2.168335E-02   -5.921215E-03
    1.668823E-03    1.375831E-03   -5.135967E-03    1.661818E-02   -2.216776E-02   -5.970283E-03
    1.832546E-03    1.538468E-03   -4.997017E-03    1.681686E-02   -2.261002E-02   -6.004005E-03
    1.993018E-03    1.697851E-03   -4.861365E-03    1.699039E-02   -2.300967E-02   -6.020934E-03
    2.150231E-03    1.853972E-03   -4.729019E-03    1.713885E-02   -2.336641E-02   -6.020499E-03
    2.304174E-03    2.006822E-03   -4.599988E-03    1.726231E-02   -2.368004E-02   -6.002204E-03
    2.454834E-03    2.156387E-03   -4.474284E-03    1.736088E-02   -2.395053E-02   -5.965960E-03
    2.602196E-03    2.302651E-03   -4.351922E-03    1.743465E-02   -2.417797E-02   -5.912252E-03
    2.746244E-03    2.445600E-03   -4.232915E-03    1.748376E-02   -2.436261E-02   -5.841573E-03
    2.886981E-03    2.585235E-03   -4.117259E-03    1.750834E-02   -2.450482E-02   -5.754825E-03
    3.024415E-03    2.721566E-03   -4.004946E-03    1.750855E-02   -2.460509E-02   -5.653496E-03
    3.158553E-03    2.854598E-03   -3.895969E-03    1.748453E-02   -2.466409E-02   -5.539275E-03
    3.289397E-03    2.984335E-03   -3.790322E-03    1.743648E-02   -2.468257E-02   -5.413717E-03
    3.416952E-03    3.110781E-03   -3.688001E-03    1.736458E-02   -2.466144E-02   -5.278919E-03
    3.541218E-03    3.233936E-03   -3.589005E-03    1.726902E-02   -2.460173E-02   -5.137049E-03
    3.662196E-03    3.353801E-03   -3.493332E-03    1.715003E-02   -2.450457E-02   -4.990598E-03
    3.779899E-03    3.470390E-03   -3.400967E-03    1.700784E-02   -2.437123E-02   -4.841447E-03
    3.894344E-03    3.583719E-03   -3.311893E-03    1.684268E-02   -2.420307E-02   -4.692121E-03
    4.005550E-03    3.693807E-03   -3.226091E-03    1.665481E-02   -2.400158E-02   -4.545191E-03
    4.113532E-03    3.800670E-03   -3.143544E-03    1.644450E-02   -2.376831E-02   -4.402463E-03
    4.218303E-03    3.904321E-03   -3.064238E-03    1.621202E-02   -2.350494E-02   -4.266435E-03
    4.319878E-03    4.004773E-03   -2.988159E-03    1.595769E-02   -2.321322E-02   -4.138690E-03
    4.418269E-03    4.102040E-03   -2.915292E-03    1.568178E-02   -2.289498E-02   -4.021327E-03
    4.513496E-03    4.196141E-03   -2.845617E-03    1.538464E-02   -2.255212E-02   -3.915196E-03
    4.605585E-03    4.287103E-03   -2.779108E-03    1.506658E-02   -2.218660E-02   -3.822770E-03
    4.694560E-03    4.374950E-03   -2.715740E-03    1.472795E-02   -2.180046E-02   -3.743959E-03
    4.780444E-03    4.459705E-03   -2.655489E-03    1.436910E-02   -2.139576E-02   -3.679403E-03
    4.863261E-03    4.541390E-03   -2.598331E-03    1.399041E-02   -2.097462E-02   -3.629454E-03
    4.943031E-03    4.620028E-03   -2.544245E-03    1.359224E-02   -2.053918E-02   -3.595806E-03
    5.019775E-03    4.695638E-03   -2.493208E-03    1.317500E-02   -2.009159E-02   -3.575920E-03
    5.093518E-03    4.768247E-03   -2.445195E-03    1.273907E-02   -1.963406E-02   -3.570380E-03
    5.164292E-03    4.837884E-03   -2.400176E-03    1.228488E-02   -1.916876E-02   -3.578844E-03
    5.232124E-03    4.904578E-03   -2.358121E-03    1.181285E-02   -1.869788E-02   -3.599952E-03
    5.297043E-03    4.968359E-03   -2.319000E-03    1.132340E-02   -1.822358E-02   -3.631601E-03
    5.359076E-03    5.029252E-03   -2.282787E-03    1.081699E-02   -1.774803E-02   -3.673259E-03
    5.418250E-03    5.087284E-03   -2.249454E-03    1.029407E-02   -1.727334E-02   -3.722667E-03
    5.474590E-03    5.142482E-03   -2.218974E-03    9.755095E-03   -1.680160E-02   -3.778625E-03
    5.528126E-03    5.194875E-03   -2.191318E-03    9.200547E-03   -1.633485E-02   -3.838411E-03
    5.578890E-03    5.244494E-03   -2.166454E-03    8.630907E-03   -1.587508E-02   -3.901401E-03
    5.626912E-03    5.291370E-03   -2.144350E-03    8.046665E-03   -1.542420E-02   -3.964998E-03
    5.672225E-03    5.335536E-03   -2.124974E-03    7.448322E-03   -1.498408E-02   -4.027469E-03
    5.714856E-03    5.377020E-03   -2.108296E-03    6.836385E-03   -1.455649E-02   -4.087501E-03
    5.754837E-03    5.415852E-03   -2.094287E-03    6.211371E-03   -1.414312E-02   -4.142695E-03
    5.792196E-03    5.452060E-03   -2.082916E-03    5.573802E-03   -1.374558E-02   -4.191841E-03
    5.826963E-03    5.485676E-03   -2.074152E-03    4.924209E-03   -1.336538E-02   -4.233443E-03
    5.859171E-03    5.516732E-03   -2.067964E-03    4.263131E-03   -1.300390E-02   -4.267719E-03
    5.888853E-03    5.545261E-03   -2.064317E-03    3.591111E-03   -1.266246E-02   -4.292196E-03
    5.916039E-03    5.571293E-03   -2.063181E-03    2.908699E-03   -1.234223E-02   -4.307663E-03
    5.940762E-03    5.594861E-03   -2.064523E-03    2.216451E-03   -1.204428E-02   -4.313509E-03
    5.963051E-03    5.615994E-03   -2.068312E-03    1.514929E-03   -1.176954E-02   -4.309813E-03
    5.982936E-03    5.634723E-03   -2.074518E-03    8.046981E-04   -1.151884E-02   -4.296944E-03
    6.000450E-03    5.651078E-03   -2.083109E-03    8.632873E-05   -1.129287E-02   -4.275547E-03
    6.015622E-03    5.665093E-03   -2.094054E-03   -6.396041E-04   -1.109218E-02   -4.246991E-03
    6.028487E-03    5.676798E-03   -2.107318E-03   -1.372522E-03   -1.091722E-02   -4.211330E-03
    6.039076E-03    5.686226E-03   -2.122872E-03   -2.111843E-03   -1.076826E-02   -4.170787E-03
    6.047418E-03    5.693408E-03   -2.140681E-03   -2.856984E-03   -1.064548E-02   -4.125983E-03
    6.053546E-03    5.698374E-03   -2.160717E-03   -3.607356E-03   -1.054890E-02   -4.079602E-03
    6.057489E-03    5.701154E-03   -2.182948E-03   -4.362372E-03   -1.047842E-02   -4.032430E-03
    6.059278E-03    5.701779E-03   -2.207344E-03   -5.121442E-03   -1.043382E-02   -3.986276E-03
    6.058944E-03    5.700281E-03   -2.233872E-03   -5.883973E-03   -1.041472E-02   -3.942703E-03
    6.056517E-03    5.696689E-03   -2.262502E-03   -6.649375E-03   -1.042064E-02   -3.903165E-03
    6.052030E-03    5.691036E-03   -2.293201E-03   -7.417054E-03   -1.045096E-02   -3.869559E-03
    6.045512E-03    5.683352E-03   -2.325940E-03   -8.186420E-03   -1.050496E-02   -3.841916E-03
    6.036994E-03    5.673666E-03   -2.360688E-03   -8.956881E-03   -1.058179E-02   -3.821665E-03
    6.026503E-03    5.662008E-03   -2.397414E-03   -9.727847E-03   -1.068049E-02   -3.809335E-03
    6.014071E-03    5.648406E-03   -2.436091E-03   -1.049873E-02   -1.079999E-02   -3.804108E-03
    5.999726E-03    5.632893E-03   -2.476686E-03   -1.126895E-02   -1.093913E-02   -3.808236E-03
    5.983500E-03    5.615496E-03   -2.519170E-03   -1.203791E-02   -1.109666E-02   -3.819048E-03
    5.965421E-03    5.596246E-03   -2.563512E-03   -1.280505E-02   -1.127124E-02   -3.837255E-03
    5.945518E-03    5.575173E-03   -2.609684E-03   -1.356977E-02   -1.146143E-02   -3.860001E-03
    5.923821E-03    5.552303E-03   -2.657656E-03   -1.433151E-02   -1.166575E-02   -3.888062E-03
    5.900357E-03    5.527667E-03   -2.707399E-03   -1.508971E-02   -1.188264E-02   -3.918404E-03
    5.875154E-03    5.501291E-03   -2.758886E-03   -1.584380E-02   -1.211048E-02   -3.948594E-03
    5.848242E-03    5.473205E-03   -2.812086E-03   -1.659321E-02   -1.234760E-02   -3.979211E-03
    5.819648E-03    5.443437E-03   -2.866972E-03   -1.733741E-02   -1.259231E-02   -4.005773E-03
    5.789400E-03    5.412015E-03   -2.923515E-03   -1.807584E-02   -1.284286E-02   -4.026910E-03
    5.757526E-03    5.378966E-03   -2.981687E-03   -1.880796E-02   -1.309751E-02   -4.041246E-03
    5.724054E-03    5.344318E-03   -3.041460E-03   -1.953325E-02   -1.335449E-02   -4.046680E-03
    5.689010E-03    5.308097E-03   -3.102808E-03   -2.025118E-02   -1.361201E-02   -4.042922E-03
    5.652420E-03    5.270331E-03   -3.165703E-03   -2.096124E-02   -1.386832E-02   -4.026243E-03
    5.614312E-03    5.231045E-03   -3.230118E-03   -2.166292E-02   -1.412166E-02   -3.998021E-03
    5.574712E-03    5.190268E-03   -3.296025E-03   -2.235572E-02   -1.437029E-02   -3.956812E-03
    5.533646E-03    5.148024E-03   -3.363399E-03   -2.303915E-02   -1.461253E-02   -3.902096E-03
    5.491141E-03    5.104340E-03   -3.432213E-03   -2.371274E-02   -1.484670E-02   -3.834681E-03
    5.447222E-03    5.059242E-03   -3.502440E-03   -2.437602E-02   -1.507121E-02   -3.757243E-03
    5.401915E-03    5.012755E-03   -3.574056E-03   -2.502853E-02   -1.528449E-02   -3.668109E-03
    5.355243E-03    4.964904E-03   -3.647035E-03   -2.566982E-02   -1.548506E-02   -3.571381E-03
    5.307234E-03    4.915714E-03   -3.721350E-03   -2.629947E-02   -1.567150E-02   -3.467727E-03
    5.257910E-03    4.865211E-03   -3.796978E-03   -2.691704E-02   -1.584246E-02   -3.360674E-03
    5.207298E-03    4.813417E-03   -3.873893E-03   -2.752213E-02   -1.599671E-02   -3.250695E-03
    5.155421E-03    4.760359E-03   -3.952070E-03   -2.811434E-02   -1.613307E-02   -3.143827E-03
    5.102303E-03    4.706060E-03   -4.031485E-03   -2.869328E-02   -1.625048E-02   -3.040497E-03
    5.047968E-03    4.650543E-03   -4.112114E-03   -2.925859E-02   -1.634798E-02   -2.943977E-03
    4.992440E-03    4.593832E-03   -4.193934E-03   -2.980991E-02   -1.642472E-02   -2.857024E-03
    4.935741E-03    4.535951E-03   -4.276920E-03   -3.034688E-02   -1.647996E-02   -2.782276E-03
    4.877895E-03    4.476922E-03   -4.361048E-03   -3.086919E-02   -1.651306E-02   -2.719934E-03
    4.818925E-03    4.416769E-03   -4.446296E-03   -3.137652E-02   -1.652352E-02   -2.675202E-03
    4.758853E-03    4.355514E-03   -4.532641E-03   -3.186857E-02   -1.651094E-02   -2.644804E-03
    4.697701E-03    4.293179E-03   -4.620060E-03   -3.234505E-02   -1.647507E-02   -2.632776E-03
    4.635493E-03    4.229787E-03   -4.708530E-03   -3.280570E-02   -1.641575E-02   -2.637167E-03
    4.572249E-03    4.165359E-03   -4.798030E-03   -3.325025E-02   -1.633295E-02   -2.659161E-03
    4.507990E-03    4.099916E-03   -4.888537E-03   -3.367848E-02   -1.622679E-02   -2.696462E-03
    4.442740E-03    4.033482E-03   -4.980030E-03   -3.409016E-02   -1.609749E-02   -2.745755E-03
    3.749310E-03    3.328348E-03   -5.932208E-03   -3.723173E-02   -1.370237E-02   -3.433469E-03
    2.980131E-03    2.547462E-03   -6.959053E-03   -3.864305E-02   -1.002151E-02   -3.208042E-03
    2.152302E-03    1.707936E-03   -8.043101E-03   -3.837873E-02   -6.491513E-03   -2.819619E-03
    1.280969E-03    8.249267E-04   -9.168843E-03   -3.664892E-02   -4.424861E-03   -2.873236E-03
    3.794704E-04   -8.821255E-05   -1.032258E-02   -3.379481E-02   -4.411012E-03   -2.433293E-03
   -5.405034E-04   -1.019781E-03   -1.149227E-02   -3.024891E-02   -6.113293E-03   -2.272647E-03
   -1.468769E-03   -1.959584E-03   -1.266738E-02   -2.648400E-02   -8.536509E-03   -2.706938E-03
   -2.396506E-03   -2.898790E-03   -1.383875E-02   -2.295597E-02   -1.056700E-02   -2.512417E-03
   -3.316126E-03   -3.829799E-03   -1.499845E-02   -2.004796E-02   -1.147089E-02   -2.136761E-03
   -4.221151E-03   -4.746123E-03   -1.613969E-02   -1.802309E-02   -1.111549E-02   -2.147613E-03
   -5.106095E-03   -5.642268E-03   -1.725667E-02   -1.699314E-02   -9.881565E-03   -1.972860E-03
   -5.966367E-03   -6.513631E-03   -1.834448E-02   -1.690860E-02   -8.390681E-03   -2.034016E-03
   -6.798167E-03   -7.356405E-03   -1.939904E-02   -1.757211E-02   -7.222475E-03   -2.167181E-03
   -7.598405E-03   -8.167491E-03   -2.041696E-02   -1.867522E-02   -6.695418E-03   -1.692068E-03
   -8.364616E-03   -8.944417E-03   -2.139551E-02   -1.985300E-02   -6.736011E-03   -1.754056E-03
   -9.094892E-03   -9.685268E-03   -2.233252E-02   -2.074784E-02   -6.921157E-03   -1.703913E-03
   -9.787815E-03   -1.038862E-02   -2.322630E-02   -2.107237E-02   -6.731078E-03   -1.698989E-03
   -1.044239E-02   -1.105347E-02   -2.407564E-02   -2.065986E-02   -5.961909E-03   -1.678029E-03
   -1.105802E-02   -1.167921E-02   -2.487968E-02   -1.949154E-02   -4.998551E-03   -6.569652E-04
   -1.163440E-02   -1.226554E-02   -2.563791E-02   -1.769690E-02   -4.601399E-03   -1.511479E-03
   -1.217154E-02   -1.281247E-02   -2.635012E-02   -1.552400E-02   -5.231445E-03   -1.456609E-03
   -1.266969E-02   -1.332023E-02   -2.701635E-02   -1.328675E-02   -6.472990E-03   -1.412195E-03
   -1.312929E-02   -1.378926E-02   -2.763686E-02   -1.129945E-02   -7.231125E-03   -1.273824E-03
   -1.355099E-02   -1.422021E-02   -2.821210E-02   -9.812850E-03   -6.708985E-03   -1.241845E-03
   -1.393556E-02   -1.461386E-02   -2.874267E-02   -8.965867E-03   -5.241200E-03   -1.318006E-03
   -1.428392E-02   -1.497111E-02   -2.922932E-02   -8.763949E-03   -4.037295E-03   -1.156497E-03
   -1.459708E-02   -1.529297E-02   -2.967289E-02   -9.088730E-03   -3.931261E-03   -1.130404E-03
   -1.487613E-02   -1.558053E-02   -3.007435E-02   -9.735627E-03   -4.528268E-03   -1.091651E-03
   -1.512225E-02   -1.583498E-02   -3.043469E-02   -1.046878E-02   -4.766588E-03   -1.123275E-03
   -1.533664E-02   -1.605750E-02   -3.075500E-02   -1.107814E-02   -4.254846E-03   -9.867716E-04
   -1.552056E-02   -1.624936E-02   -3.103640E-02   -1.142314E-02   -3.688019E-03   -9.885709E-04
   -1.567528E-02   -1.641183E-02   -3.128003E-02   -1.145337E-02   -3.832866E-03   -9.753421E-04
   -1.580210E-02   -1.654620E-02   -3.148708E-02   -1.119874E-02   -4.438926E-03   -9.303859E-04
   -1.590231E-02   -1.665378E-02   -3.165873E-02   -1.074509E-02   -4.604964E-03   -8.672433E-04
   -1.597720E-02   -1.673584E-02   -3.179617E-02   -1.019146E-02   -3.994651E-03   -7.010941E-04
   -1.602806E-02   -1.679369E-02   -3.190057E-02   -9.623044E-03   -3.217862E-03   -8.667900E-04
   -1.605617E-02   -1.682859E-02   -3.197313E-02   -9.092064E-03   -2.941376E-03   -7.520589E-04
   -1.606277E-02   -1.684180E-02   -3.201500E-02   -8.619531E-03   -2.726689E-03   -7.888647E-04
   -1.604909E-02   -1.683454E-02   -3.202732E-02   -8.208031E-03   -3.312355E-03   -7.270724E-04
   -1.601633E-02   -1.680801E-02   -3.201123E-02   -7.855390E-03   -3.251254E-03   -5.597717E-04
   -1.596567E-02   -1.676339E-02   -3.196780E-02   -7.560601E-03   -3.058839E-03   -7.251901E-04
   -1.589822E-02   -1.670181E-02   -3.189813E-02   -7.316151E-03   -2.983978E-03   -6.520227E-04
   -1.581511E-02   -1.662438E-02   -3.180324E-02   -7.101809E-03   -3.040818E-03   -6.528176E-04
   -1.571740E-02   -1.653217E-02   -3.168415E-02   -6.880609E-03   -2.925006E-03   -6.515516E-04
   -1.560611E-02   -1.642620E-02   -3.154184E-02   -6.612242E-03   -2.496005E-03   -5.894589E-04
   -1.548223E-02   -1.630748E-02   -3.137725E-02   -6.278648E-03   -2.212331E-03   -5.949825E-04
   -1.534673E-02   -1.617695E-02   -3.119131E-02   -5.908797E-03   -2.435616E-03   -5.852385E-04
   -1.520051E-02   -1.603554E-02   -3.098489E-02   -5.578477E-03   -2.677565E-03   -5.300319E-04
   -1.504446E-02   -1.588412E-02   -3.075885E-02   -5.381605E-03   -2.444145E-03   -5.330168E-04
   -1.487941E-02   -1.572354E-02   -3.051400E-02   -5.371743E-03   -2.181042E-03   -5.181614E-04
   -1.470616E-02   -1.555460E-02   -3.025114E-02   -5.519386E-03   -2.246527E-03   -4.869188E-04
   -1.452548E-02   -1.537807E-02   -2.997104E-02   -5.704598E-03   -2.182163E-03   -4.616045E-04
   -1.433810E-02   -1.519468E-02   -2.967441E-02   -5.762109E-03   -1.867488E-03   -4.347365E-04
   -1.414472E-02   -1.500512E-02   -2.936198E-02   -5.580092E-03   -7.382492E-04   -4.452165E-04
   -1.394597E-02   -1.481005E-02   -2.903441E-02   -5.167319E-03   -2.065872E-03   -3.793133E-04
   -1.374251E-02   -1.461010E-02   -2.869236E-02   -4.662155E-03   -1.976877E-03   -3.384633E-04
   -1.353490E-02   -1.440586E-02   -2.833647E-02   -4.254273E-03   -1.762572E-03   -4.061747E-04
   -1.332371E-02   -1.419790E-02   -2.796735E-02   -4.066382E-03   -1.704473E-03   -3.855793E-04
   -1.310948E-02   -1.398674E-02   -2.758558E-02   -4.074779E-03   -1.633673E-03   -3.662232E-04
   -1.289269E-02   -1.377288E-02   -2.719173E-02   -4.132910E-03   -1.576226E-03   -3.674232E-04
   -1.267383E-02   -1.355680E-02   -2.678638E-02   -4.081412E-03   -1.537803E-03   -3.106398E-04
   -1.245332E-02   -1.333894E-02   -2.637005E-02   -3.870144E-03   -1.618270E-03   -3.339838E-04
   -1.223158E-02   -1.311972E-02   -2.594328E-02   -3.599087E-03   -1.517439E-03   -3.113165E-04
   -1.200901E-02   -1.289953E-02   -2.550659E-02   -3.413960E-03   -1.331025E-03   -3.166961E-04
   -1.178596E-02   -1.267873E-02   -2.506049E-02   -3.394491E-03   -1.393976E-03   -3.130380E-04
   -1.156279E-02   -1.245767E-02   -2.460547E-02   -3.476086E-03   -1.348287E-03   -3.043712E-04
   -1.133980E-02   -1.223666E-02   -2.414204E-02   -3.506487E-03   -1.283107E-03   -2.919632E-04
   -1.111730E-02   -1.201602E-02   -2.367069E-02   -3.384652E-03   -4.065166E-04   -2.887891E-04
   -1.089556E-02   -1.179601E-02   -2.319192E-02   -3.142717E-03   -1.196563E-03   -2.760882E-04
   -1.067484E-02   -1.157690E-02   -2.270621E-02   -2.898035E-03   -1.076889E-03   -2.616495E-04
   -1.045538E-02   -1.135892E-02   -2.221406E-02   -2.746190E-03   -1.170048E-03   -2.485330E-04
   -1.023740E-02   -1.114231E-02   -2.171596E-02   -2.691385E-03   -1.093038E-03   -2.699666E-04
   -1.002111E-02   -1.092726E-02   -2.121243E-02   -2.662556E-03   -1.075473E-03    6.347999E-04
   -9.806693E-03   -1.071397E-02   -2.070397E-02   -2.611681E-03   -1.042812E-03   -2.337885E-04
   -9.594326E-03   -1.050261E-02   -2.019109E-02   -2.533423E-03   -9.566185E-04    1.098253E-04
   -9.384170E-03   -1.029334E-02   -1.967432E-02   -2.452680E-03   -9.755180E-04   -2.194885E-04
   -9.176372E-03   -1.008632E-02   -1.915421E-02   -2.382015E-03   -9.702458E-04   -1.890235E-04
   -8.971067E-03   -9.881683E-03   -1.863130E-02   -2.320040E-03   -8.856327E-04    1.277010E-04
   -8.768379E-03   -9.679547E-03   -1.810615E-02   -2.263335E-03   -8.561129E-04   -1.845711E-04
   -8.568421E-03   -9.480028E-03   -1.757935E-02   -2.198667E-03   -8.091984E-04   -6.733494E-04
   -8.371295E-03   -9.283231E-03   -1.705148E-02   -2.099990E-03   -8.575076E-04   -2.777686E-04
   -8.177095E-03   -9.089249E-03   -1.652314E-02   -1.972139E-03   -7.051752E-04   -1.441604E-04
   -7.985906E-03   -8.898169E-03   -1.599498E-02   -1.873809E-03   -4.179905E-04   -1.744706E-04
   -7.797805E-03   -8.710067E-03   -1.546761E-02   -1.851314E-03   -5.419634E-04   -1.723080E-04
   -7.612863E-03   -8.525014E-03   -1.494170E-02   -1.862448E-03   -7.306382E-04    1.830041E-03
   -7.431141E-03   -8.343074E-03   -1.441792E-02   -1.824138E-03   -7.195860E-04   -1.233613E-04
   -7.252698E-03   -8.164305E-03   -1.389696E-02   -1.724234E-03   -6.262970E-04   -1.519817E-04
   -7.077587E-03   -7.988758E-03   -1.337952E-02   -6.814762E-04   -6.256947E-04   -3.804521E-05
   -6.905854E-03   -7.816482E-03   -1.286631E-02   -1.625102E-03   -6.362292E-04   -1.129628E-05
   -6.737544E-03   -7.647521E-03   -1.235807E-02   -1.591476E-03   -6.246704E-04   -2.816297E-07
   -6.572698E-03   -7.481915E-03   -1.185553E-02   -1.493814E-03   -5.799073E-04   -1.151134E-04
   -6.411354E-03   -7.319702E-03   -1.135945E-02   -1.257675E-03   -5.905336E-04   -9.354772E-05
   -6.253548E-03   -7.160917E-03   -1.087058E-02   -1.406916E-03   -5.527300E-04   -7.707402E-05
   -6.099315E-03   -7.005597E-03   -1.038970E-02   -1.402209E-03   -5.361994E-04   -1.457126E-04
   -5.948690E-03   -6.853773E-03   -9.917567E-03   -1.358018E-03   -3.634128E-04   -1.187497E-04
   -5.801706E-03   -6.705481E-03   -9.454950E-03   -1.289801E-03   -5.225241E-04   -1.160797E-04
   -5.658401E-03   -6.560755E-03   -9.002615E-03   -1.251761E-03   -4.926157E-04    3.052131E-06
   -5.518811E-03   -6.419631E-03   -8.561323E-03   -1.219239E-03   -4.749045E-04   -1.008572E-04
   -5.382975E-03   -6.282148E-03   -8.131823E-03   -1.176034E-03   -3.748768E-04    1.113061E-02
   -5.250938E-03   -6.148348E-03   -7.714849E-03   -1.134048E-03    1.345009E-03   -2.099256E-05
   -5.122745E-03   -6.018277E-03   -7.311120E-03   -1.104120E-03    7.707061E-05   -2.173438E-04
   -4.998449E-03   -5.891985E-03   -6.921331E-03   -1.090150E-03   -4.092559E-04    2.477332E-04
   -4.878108E-03   -5.769529E-03   -6.546151E-03   -1.062581E-03   -4.056729E-04   -8.295555E-05
   -4.761788E-03   -5.650972E-03   -6.186217E-03   -1.017731E-03   -3.994391E-04   -1.298053E-04
   -4.649561E-03   -5.536387E-03   -5.842131E-03   -9.653703E-04   -2.637424E-04   -8.660312E-05
   -4.541510E-03   -5.425853E-03   -5.514454E-03   -9.480272E-04   -3.769027E-04   -2.891916E-03
   -4.437730E-03   -5.319463E-03   -5.203705E-03   -9.000016E-04   -3.368753E-04   -1.285986E-03
   -4.338324E-03   -5.217319E-03   -4.910349E-03   -8.890272E-04   -3.550748E-04   -7.936271E-05
   -4.243412E-03   -5.119538E-03   -4.634804E-03   -8.999571E-04   -3.520907E-04   -1.695168E-04
   -4.153128E-03   -5.026252E-03   -4.377427E-03   -8.795768E-04   -2.724282E-04   -1.961610E-04
   -4.067623E-03   -4.937608E-03   -4.138518E-03   -8.335613E-04   -2.271192E-04   -7.533578E-05
   -3.987065E-03   -4.853773E-03   -3.918315E-03   -7.953225E-04   -2.673843E-04   -1.137679E-04
   -3.911647E-03   -4.774934E-03   -3.716993E-03   -7.267385E-04   -3.226796E-04    6.452571E-04
   -3.841580E-03   -4.701302E-03   -3.534660E-03   -7.955774E-04   -3.130308E-04   -7.086877E-05
   -3.777104E-03   -4.633113E-03   -3.371363E-03   -7.277295E-04   -3.126869E-04   -6.624931E-05
   -3.718486E-03   -4.570630E-03   -3.227082E-03   -7.708033E-04   -2.729334E-04   -6.987578E-05
   -3.666025E-03   -4.514147E-03   -3.101741E-03   -7.020870E-04    2.456093E-03   -4.758329E-03
   -3.620053E-03   -4.463994E-03   -2.995203E-03   -7.388710E-04   -2.811433E-04   -2.582648E-04
   -3.580942E-03   -4.420537E-03   -2.907282E-03   -6.680384E-04   -1.509607E-04    7.296809E-04
   -3.549103E-03   -4.384184E-03   -2.837746E-03   -6.834541E-04   -2.896924E-04    1.804137E-04
   -3.524996E-03   -4.355389E-03   -2.786327E-03   -7.045779E-04   -2.911859E-04   -2.748080E-04
   -3.509129E-03   -4.334656E-03   -2.752733E-03   -7.153461E-04   -2.911992E-04    2.862895E-04
   -3.502068E-03   -4.322544E-03   -2.736656E-03   -7.061702E-04   -2.747921E-04   -4.650571E-05
   -3.504439E-03   -4.319674E-03   -2.737791E-03   -7.086459E-04   -2.787508E-04    1.616072E-04
   -3.516935E-03   -4.326733E-03   -2.755848E-03   -6.847077E-04   -2.829653E-04    1.914797E-03
   -3.540323E-03   -4.344481E-03   -2.790571E-03   -7.045160E-04   -2.377662E-04   -5.551337E-05
   -3.575453E-03   -4.373762E-03   -2.841761E-03   -7.431044E-04   -6.248684E-05    5.727994E-05
   -3.623261E-03   -4.415504E-03   -2.909289E-03   -7.138067E-04   -2.651418E-04    2.050175E-06
   -3.684784E-03   -4.470736E-03   -2.993130E-03   -6.129184E-04   -1.968268E-04   -7.761636E-05
   -3.761164E-03   -4.540591E-03   -3.093376E-03   -7.444933E-04   -3.180400E-04   -6.629551E-05
   -3.853662E-03   -4.626322E-03   -3.210269E-03   -7.941226E-04   -3.269293E-04    2.177790E-04
   -3.963667E-03   -4.729307E-03   -3.344223E-03   -8.264715E-04   -3.476913E-04   -7.712661E-05
   -4.092711E-03   -4.851068E-03   -3.495854E-03   -8.866451E-04   -1.083272E-04   -1.688392E-04
   -4.242477E-03   -4.993278E-03   -3.666004E-03   -9.128966E-04   -3.734808E-04   -9.129725E-04
   -4.414822E-03   -5.157781E-03   -3.855769E-03   -9.748214E-04   -1.203829E-04    8.756143E-03
   -4.611785E-03   -5.346603E-03   -4.066526E-03   -1.014137E-03   -3.456032E-04   -9.163473E-05
   -4.835608E-03   -5.561972E-03   -4.299955E-03   -1.041293E-03   -4.341767E-04    8.137546E-04
   -5.088754E-03   -5.806337E-03   -4.558071E-03   -1.119235E-03   -4.549922E-04    7.060425E-05
   -5.373927E-03   -6.082385E-03   -4.843239E-03   -9.120319E-04   -1.372931E-03   -1.185762E-04
   -5.694093E-03   -6.393065E-03   -5.158200E-03   -1.291487E-03   -5.472697E-04   -2.697803E-03
   -6.052505E-03   -6.741612E-03   -5.506089E-03   -1.353148E-03   -5.729227E-04   -1.024865E-04
   -6.452728E-03   -7.131570E-03   -5.890453E-03    7.890925E-03   -6.547064E-04   -2.154931E-04
   -6.898662E-03   -7.566819E-03   -6.315267E-03   -8.537948E-04   -2.820201E-04   -1.216071E-04
   -7.394577E-03   -8.051603E-03   -6.784947E-03   -1.708023E-03    6.333199E-03   -2.496481E-04
   -7.945137E-03   -8.590563E-03   -7.304361E-03   -1.858741E-03   -5.911708E-04    7.482134E-05
   -8.555438E-03   -9.188767E-03   -7.878845E-03   -1.994935E-03    5.000815E-03   -3.933436E-04
   -9.231037E-03   -9.851741E-03   -8.514207E-03   -2.101028E-03   -7.884179E-04   -3.358626E-04
   -9.977989E-03   -1.058551E-02   -9.216743E-03   -2.371752E-03   -9.452411E-04    4.569918E-03
   -1.080288E-02   -1.139663E-02   -9.993245E-03    2.309490E-03   -8.296798E-04   -4.465428E-04
   -1.171289E-02   -1.229224E-02   -1.085101E-02   -2.791405E-03   -3.637657E-03   -5.246419E-04
   -1.271578E-02   -1.328005E-02   -1.179787E-02   -3.041512E-03   -1.230746E-03   -1.829971E-02
   -1.381997E-02   -1.436847E-02   -1.284218E-02   -3.299342E-03   -1.186102E-03   -4.419945E-04
   -1.503458E-02   -1.556654E-02   -1.399286E-02   -3.621896E-03   -1.018040E-03   -1.003449E-03
   -1.636946E-02   -1.688407E-02   -1.525943E-02   -3.953422E-03   -1.448861E-03   -6.112058E-03
   -1.783518E-02   -1.833160E-02   -1.665199E-02   -3.961581E-03    6.651572E-03   -3.266416E-04
   -1.944315E-02   -1.992045E-02   -1.818129E-02   -3.373680E-03   -1.911043E-03   -2.855833E-03
   -2.120556E-02   -2.166277E-02   -1.985876E-02   -5.111163E-03   -2.142182E-03    6.630472E-01
   -2.313546E-02   -2.357155E-02   -2.169651E-02   -5.596831E-03   -3.805164E-03   -5.318445E-04
   -2.524674E-02   -2.566060E-02   -2.370739E-02   -6.124393E-03   -2.678116E-03   -3.676150E-03
   -2.755412E-02   -2.794459E-02   -2.590497E-02   -6.716423E-03   -3.574947E-03   -1.616245E-03
   -3.007319E-02   -3.043901E-02   -2.830361E-02   -7.329812E-03   -2.206108E-03   -1.086446E-03
   -3.282030E-02   -3.316015E-02   -3.091840E-02   -8.014917E-03   -2.878390E-03   -5.716356E-04
   -3.581259E-02   -3.612505E-02   -3.376518E-02   -8.748630E-03   -3.497996E-03   -8.103734E-04
   -3.906784E-02   -3.935144E-02   -3.686048E-02   -9.533019E-03   -3.143586E-03   -1.136082E-04
   -4.260444E-02   -4.285759E-02   -4.022142E-02   -1.041319E-02   -4.177454E-03   -8.228600E-03
   -4.644118E-02   -4.666223E-02   -4.386565E-02   -1.136816E-02   -3.806170E-03   -9.846603E-04
   -5.059714E-02   -5.078434E-02   -4.781115E-02   -1.237428E-02   -4.939183E-03   -2.164206E-02
   -5.509146E-02   -5.524296E-02   -5.207605E-02   -1.321969E-02   -5.410787E-03   -1.194269E-03
   -5.994305E-02   -6.005695E-02   -5.667839E-02   -1.468287E-02   -6.390324E-03   -7.444881E-04
   -6.517034E-02   -6.524463E-02   -6.163581E-02   -1.595434E-02   -6.390312E-03   -1.546854E-03
   -7.079089E-02   -7.082350E-02   -6.696518E-02   -1.730468E-02   -8.781216E-03   -1.481492E-03
   -7.682102E-02   -7.680979E-02   -7.268222E-02   -1.883398E-02   -7.203275E-03   -1.616968E-03
   -8.327530E-02   -8.321804E-02   -7.880104E-02   -2.038797E-02   -8.170239E-03   -1.826305E-03
   -9.016615E-02   -9.006060E-02   -8.533364E-02   -2.207785E-02   -9.044945E-03   -2.757998E-02
   -9.750318E-02   -9.734706E-02   -9.228938E-02   -2.389184E-02   -2.059503E-02   -2.105810E-03
   -1.052928E-01   -1.050838E-01   -9.967443E-02   -2.583175E-02   -1.017211E-02   -1.659276E-03
   -1.135373E-01   -1.132732E-01   -1.074912E-01   -2.783210E-02   -1.160200E-02   -2.814235E-03
   -1.222348E-01   -1.219132E-01   -1.157378E-01   -2.997159E-02   -1.082156E-02   -3.352696E-03
   -1.313782E-01   -1.309970E-01   -1.244074E-01   -3.224074E-02   -1.267421E-02    4.399748E-03
   -1.409548E-01   -1.405118E-01   -1.334880E-01   -3.455412E-02   -1.382684E-02   -2.288893E-03
   -1.509460E-01   -1.504392E-01   -1.429618E-01   -3.369792E-02   -1.529036E-02   -3.328677E-03
   -1.613267E-01   -1.607543E-01   -1.528047E-01   -3.959021E-02   -1.626074E-02    7.642599E-03
   -1.720652E-01   -1.714255E-01   -1.629868E-01   -4.207374E-02   -1.690713E-02   -3.785756E-03
   -1.831232E-01   -1.824146E-01   -1.734713E-01   -4.494761E-02   -1.799210E-02   -5.265199E-03
   -1.944554E-01   -1.936768E-01   -1.842153E-01   -4.769227E-02   -3.068850E-02   -4.240315E-03
   -2.060103E-01   -2.051607E-01   -1.951701E-01   -5.056645E-02   -1.995989E-02   -9.578455E-03
   -2.177305E-01   -2.168093E-01   -2.062809E-01   -5.341796E-02   -2.113795E-02   -4.787712E-03
   -2.295530E-01   -2.285599E-01   -2.174883E-01   -5.635318E-02   -3.161528E-02   -3.982474E-03
   -2.414105E-01   -2.403455E-01   -2.287284E-01   -5.817699E-02   -2.440006E-02   -5.529012E-03
   -2.532320E-01   -2.520955E-01   -2.399339E-01   -6.220517E-02   -2.496892E-02   -5.859096E-03
   -2.649441E-01   -2.637370E-01   -2.510353E-01   -6.454300E-02   -2.588728E-02   -5.107543E-03
   -2.764721E-01   -2.751956E-01   -2.619621E-01   -6.773631E-02   -2.705712E-02   -5.222514E-03
   -2.877417E-01   -2.863973E-01   -2.726437E-01   -7.069005E-02   -3.958106E-02   -7.841854E-03
   -2.986796E-01   -2.972693E-01   -2.830108E-01   -7.307633E-02   -2.793640E-02   -1.868186E-02
   -3.092155E-01   -3.077416E-01   -2.929967E-01   -7.594881E-02   -3.082838E-02   -6.987909E-03
   -3.192827E-01   -3.177479E-01   -3.025384E-01   -7.845880E-02   -3.440416E-02   -7.034351E-03
   -3.288197E-01   -3.272270E-01   -3.115775E-01   -8.079242E-02   -3.136588E-02   -7.177272E-03
   -3.377706E-01   -3.361234E-01   -3.200611E-01   -8.274867E-02   -3.318639E-02    7.399216E-03
   -3.460866E-01   -3.443883E-01   -3.279429E-01   -8.576598E-02   -3.447457E-02   -5.827708E-03
   -3.537257E-01   -3.519801E-01   -3.351831E-01   -8.685847E-02   -3.460422E-02   -7.741509E-03
