    0.000000E+00    0.000000E+00    0.000000E+00    0.000000E+00    0.000000E+00    0.000000E+00
   -5.936611E-10   -1.028413E-08   -4.965166E-08   -9.217938E-07   -2.108876E-06   -5.936611E-06
   -6.421646E-10   -1.112437E-08   -5.370831E-08   -9.971064E-07   -2.281176E-06   -6.421646E-06
   -6.946308E-10   -1.203325E-08   -5.809640E-08   -1.078572E-06   -2.467553E-06   -6.946308E-06
   -7.513837E-10   -1.301639E-08   -6.284300E-08   -1.166694E-06   -2.669158E-06   -7.513837E-06
   -8.127734E-10   -1.407986E-08   -6.797741E-08   -1.262015E-06   -2.887234E-06   -8.127734E-06
   -8.791788E-10   -1.523022E-08   -7.353132E-08   -1.365125E-06   -3.123127E-06   -8.791788E-06
   -9.510097E-10   -1.647456E-08   -7.953899E-08   -1.476659E-06   -3.378294E-06   -9.510097E-06
   -1.028709E-09   -1.782057E-08   -8.603750E-08   -1.597305E-06   -3.654308E-06   -1.028709E-05
   -1.112757E-09   -1.927655E-08   -9.306696E-08   -1.727808E-06   -3.952873E-06   -1.112757E-05
   -1.203672E-09   -2.085149E-08   -1.006707E-07   -1.868974E-06   -4.275831E-06   -1.203672E-05
   -1.302014E-09   -2.255510E-08   -1.088958E-07   -2.021673E-06   -4.625176E-06   -1.302014E-05
   -1.408392E-09   -2.439790E-08   -1.177928E-07   -2.186849E-06   -5.003063E-06   -1.408392E-05
   -1.523461E-09   -2.639126E-08   -1.274167E-07   -2.365519E-06   -5.411825E-06   -1.523461E-05
   -1.647931E-09   -2.854749E-08   -1.378269E-07   -2.558787E-06   -5.853983E-06   -1.647931E-05
   -1.782570E-09   -3.087988E-08   -1.490877E-07   -2.767845E-06   -6.332266E-06   -1.782570E-05
   -1.928210E-09   -3.340283E-08   -1.612685E-07   -2.993985E-06   -6.849626E-06   -1.928210E-05
   -2.085749E-09   -3.613192E-08   -1.744445E-07   -3.238600E-06   -7.409255E-06   -2.085749E-05
   -2.256159E-09   -3.908397E-08   -1.886970E-07   -3.503200E-06   -8.014607E-06   -2.256159E-05
   -2.440493E-09   -4.227722E-08   -2.041139E-07   -3.789419E-06   -8.669418E-06   -2.440493E-05
   -2.639886E-09   -4.573136E-08   -2.207905E-07   -4.099023E-06   -9.377728E-06   -2.639886E-05
   -2.855570E-09   -4.946771E-08   -2.388295E-07   -4.433922E-06   -1.014391E-05   -2.855570E-05
   -3.088877E-09   -5.350933E-08   -2.583424E-07   -4.796183E-06   -1.097269E-05   -3.088877E-05
   -3.341244E-09   -5.788115E-08   -2.794495E-07   -5.188041E-06   -1.186918E-05   -3.341244E-05
   -3.614231E-09   -6.261017E-08   -3.022812E-07   -5.611915E-06   -1.283892E-05   -3.614231E-05
   -3.909522E-09   -6.772555E-08   -3.269782E-07   -6.070421E-06   -1.388788E-05   -3.909522E-05
   -4.228938E-09   -7.325887E-08   -3.536930E-07   -6.566387E-06   -1.502255E-05   -4.228938E-05
   -4.574451E-09   -7.924427E-08   -3.825904E-07   -7.102874E-06   -1.624993E-05   -4.574451E-05
   -4.948193E-09   -8.571869E-08   -4.138489E-07   -7.683194E-06   -1.757758E-05   -4.948193E-05
   -5.352470E-09   -9.272209E-08   -4.476612E-07   -8.310927E-06   -1.901371E-05   -5.352470E-05
   -5.789778E-09   -1.002977E-07   -4.842360E-07   -8.989947E-06   -2.056716E-05   -5.789778E-05
   -6.262815E-09   -1.084922E-07   -5.237991E-07   -9.724443E-06   -2.224754E-05   -6.262815E-05
   -6.774499E-09   -1.173562E-07   -5.665945E-07   -1.051895E-05   -2.406521E-05   -6.774499E-05
   -7.327990E-09   -1.269445E-07   -6.128864E-07   -1.137837E-05   -2.603139E-05   -7.327990E-05
   -7.926701E-09   -1.373161E-07   -6.629604E-07   -1.230800E-05   -2.815820E-05   -7.926701E-05
   -8.574328E-09   -1.485351E-07   -7.171256E-07   -1.331359E-05   -3.045878E-05   -8.574328E-05
   -9.274867E-09   -1.606707E-07   -7.757161E-07   -1.440134E-05   -3.294732E-05   -9.274867E-05
   -1.003264E-08   -1.737978E-07   -8.390936E-07   -1.557796E-05   -3.563918E-05   -1.003264E-04
   -1.085233E-08   -1.879974E-07   -9.076491E-07   -1.685070E-05   -3.855097E-05   -1.085233E-04
   -1.173898E-08   -2.033571E-07   -9.818057E-07   -1.822744E-05   -4.170066E-05   -1.173898E-04
   -1.269808E-08   -2.199717E-07   -1.062021E-06   -1.971665E-05   -4.510767E-05   -1.269808E-04
   -1.373553E-08   -2.379438E-07   -1.148790E-06   -2.132754E-05   -4.879305E-05   -1.373553E-04
   -1.485775E-08   -2.573842E-07   -1.242648E-06   -2.307003E-05   -5.277953E-05   -1.485775E-04
   -1.607165E-08   -2.784130E-07   -1.344175E-06   -2.495489E-05   -5.709170E-05   -1.607165E-04
   -1.738473E-08   -3.011597E-07   -1.453996E-06   -2.699375E-05   -6.175619E-05   -1.738473E-04
   -1.880509E-08   -3.257650E-07   -1.572790E-06   -2.919918E-05   -6.680176E-05   -1.880509E-04
   -2.034150E-08   -3.523805E-07   -1.701289E-06   -3.158480E-05   -7.225957E-05   -2.034150E-04
   -2.200343E-08   -3.811705E-07   -1.840287E-06   -3.416532E-05   -7.816328E-05   -2.200343E-04
   -2.380114E-08   -4.123126E-07   -1.990641E-06   -3.695667E-05   -8.454933E-05   -2.380114E-04
   -2.574572E-08   -4.459991E-07   -2.153279E-06   -3.997608E-05   -9.145712E-05   -2.574572E-04
   -2.784918E-08   -4.824378E-07   -2.329204E-06   -4.324218E-05   -9.892928E-05   -2.784918E-04
   -3.012449E-08   -5.218535E-07   -2.519503E-06   -4.677512E-05   -1.070119E-04   -3.012449E-04
   -3.258569E-08   -5.644895E-07   -2.725349E-06   -5.059669E-05   -1.157549E-04   -3.258569E-04
   -3.524797E-08   -6.106089E-07   -2.948012E-06   -5.473049E-05   -1.252122E-04   -3.524797E-04
   -3.812777E-08   -6.604961E-07   -3.188868E-06   -5.920202E-05   -1.354421E-04   -3.812776E-04
   -4.124283E-08   -7.144592E-07   -3.449401E-06   -6.403887E-05   -1.465079E-04   -4.124282E-04
   -4.461240E-08   -7.728309E-07   -3.731219E-06   -6.927089E-05   -1.584777E-04   -4.461239E-04
   -4.825725E-08   -8.359716E-07   -4.036061E-06   -7.493035E-05   -1.714254E-04   -4.825724E-04
   -5.219989E-08   -9.042708E-07   -4.365809E-06   -8.105219E-05   -1.854309E-04   -5.219987E-04
   -5.646463E-08   -9.781499E-07   -4.722496E-06   -8.767417E-05   -2.005806E-04   -5.646461E-04
   -6.107779E-08   -1.058065E-06   -5.108324E-06   -9.483715E-05   -2.169680E-04   -6.107777E-04
   -6.606784E-08   -1.144509E-06   -5.525674E-06   -1.025853E-04   -2.346943E-04   -6.606780E-04
   -7.146556E-08   -1.238014E-06   -5.977119E-06   -1.109665E-04   -2.538687E-04   -7.146552E-04
   -7.730426E-08   -1.339160E-06   -6.465447E-06   -1.200324E-04   -2.746097E-04   -7.730420E-04
   -8.361995E-08   -1.448568E-06   -6.993669E-06   -1.298390E-04   -2.970451E-04   -8.361988E-04
   -9.045162E-08   -1.566914E-06   -7.565044E-06   -1.404467E-04   -3.213133E-04   -9.045153E-04
   -9.784140E-08   -1.694929E-06   -8.183099E-06   -1.519210E-04   -3.475642E-04   -9.784128E-04
   -1.058349E-07   -1.833402E-06   -8.851645E-06   -1.643327E-04   -3.759596E-04   -1.058347E-03
   -1.144814E-07   -1.983188E-06   -9.574807E-06   -1.777584E-04   -4.066748E-04   -1.144812E-03
   -1.238343E-07   -2.145210E-06   -1.035705E-05   -1.922808E-04   -4.398992E-04   -1.238340E-03
   -1.339512E-07   -2.320468E-06   -1.120319E-05   -2.079897E-04   -4.758378E-04   -1.339509E-03
   -1.448946E-07   -2.510043E-06   -1.211846E-05   -2.249818E-04   -5.147123E-04   -1.448942E-03
   -1.567320E-07   -2.715105E-06   -1.310849E-05   -2.433620E-04   -5.567625E-04   -1.567315E-03
   -1.695364E-07   -2.936918E-06   -1.417941E-05   -2.632438E-04   -6.022478E-04   -1.695358E-03
   -1.833868E-07   -3.176852E-06   -1.533780E-05   -2.847496E-04   -6.514487E-04   -1.833860E-03
   -1.983686E-07   -3.436385E-06   -1.659082E-05   -3.080122E-04   -7.046688E-04   -1.983676E-03
   -2.145742E-07   -3.717118E-06   -1.794620E-05   -3.331751E-04   -7.622363E-04   -2.145730E-03
   -2.321035E-07   -4.020784E-06   -1.941230E-05   -3.603935E-04   -8.245062E-04   -2.321020E-03
   -2.510648E-07   -4.349254E-06   -2.099815E-05   -3.898351E-04   -8.918625E-04   -2.510629E-03
   -2.715749E-07   -4.704555E-06   -2.271354E-05   -4.216817E-04   -9.647207E-04   -2.715725E-03
   -2.937603E-07   -5.088878E-06   -2.456904E-05   -4.561295E-04   -1.043530E-03   -2.937572E-03
   -3.177578E-07   -5.504591E-06   -2.657610E-05   -4.933910E-04   -1.128777E-03   -3.177539E-03
   -3.437153E-07   -5.954260E-06   -2.874710E-05   -5.336960E-04   -1.220986E-03   -3.437104E-03
   -3.717930E-07   -6.440656E-06   -3.109541E-05   -5.772929E-04   -1.320726E-03   -3.717868E-03
   -4.021639E-07   -6.966778E-06   -3.363552E-05   -6.244505E-04   -1.428613E-03   -4.021561E-03
   -4.350152E-07   -7.535869E-06   -3.638309E-05   -6.754596E-04   -1.545310E-03   -4.350053E-03
   -4.705495E-07   -8.151438E-06   -3.935505E-05   -7.306345E-04   -1.671538E-03   -4.705370E-03
   -5.089857E-07   -8.817278E-06   -4.256972E-05   -7.903154E-04   -1.808075E-03   -5.089699E-03
   -5.505608E-07   -9.537493E-06   -4.604690E-05   -8.548701E-04   -1.955761E-03   -5.505408E-03
   -5.955310E-07   -1.031652E-05   -4.980804E-05   -9.246962E-04   -2.115507E-03   -5.955056E-03
   -6.441732E-07   -1.115916E-05   -5.387631E-05   -1.000224E-03   -2.288297E-03   -6.441411E-03
   -6.967873E-07   -1.207061E-05   -5.827676E-05   -1.081919E-03   -2.475196E-03   -6.967467E-03
   -7.536973E-07   -1.305647E-05   -6.303650E-05   -1.170284E-03   -2.677353E-03   -7.536459E-03
   -8.152537E-07   -1.412283E-05   -6.818486E-05   -1.265864E-03   -2.896016E-03   -8.151887E-03
   -8.818357E-07   -1.527624E-05   -7.375353E-05   -1.369247E-03   -3.132528E-03   -8.817533E-03
   -9.538530E-07   -1.652382E-05   -7.977680E-05   -1.481070E-03   -3.388348E-03   -9.537488E-03
   -1.031749E-06   -1.787323E-05   -8.629175E-05   -1.602020E-03   -3.665047E-03   -1.031617E-02
   -1.116004E-06   -1.933279E-05   -9.333848E-05   -1.732843E-03   -3.964331E-03   -1.115837E-02
   -1.207135E-06   -2.091147E-05   -1.009603E-04   -1.874343E-03   -4.288038E-03   -1.206923E-02
   -1.305703E-06   -2.261899E-05   -1.092042E-04   -2.027390E-03   -4.638159E-03   -1.305436E-02
   -1.412315E-06   -2.446586E-05   -1.181209E-04   -2.192927E-03   -5.016847E-03   -1.411976E-02
   -1.527625E-06   -2.646341E-05   -1.277650E-04   -2.371970E-03   -5.426428E-03   -1.527197E-02
   -1.652344E-06   -2.862394E-05   -1.381961E-04   -2.565620E-03   -5.869418E-03   -1.651802E-02
   -1.787237E-06   -3.096072E-05   -1.494780E-04   -2.775066E-03   -6.348536E-03   -1.786551E-02
   -1.933133E-06   -3.348811E-05   -1.616802E-04   -3.001596E-03   -6.866723E-03   -1.932265E-02
   -2.090927E-06   -3.622161E-05   -1.748775E-04   -3.246599E-03   -7.427157E-03   -2.089829E-02
   -2.261589E-06   -3.917802E-05   -1.891510E-04   -3.511579E-03   -8.033271E-03   -2.260199E-02
   -2.446164E-06   -4.237547E-05   -2.045883E-04   -3.798161E-03   -8.688778E-03   -2.444406E-02
   -2.645786E-06   -4.583357E-05   -2.212839E-04   -4.108101E-03   -9.397690E-03   -2.643561E-02
   -2.861677E-06   -4.957350E-05   -2.393403E-04   -4.443300E-03   -1.016434E-02   -2.858862E-02
   -3.095161E-06   -5.361819E-05   -2.588680E-04   -4.805808E-03   -1.099342E-02   -3.091598E-02
   -3.347666E-06   -5.799240E-05   -2.799865E-04   -5.197844E-03   -1.188997E-02   -3.343157E-02
   -3.620737E-06   -6.272287E-05   -3.028252E-04   -5.621805E-03   -1.285947E-02   -3.615032E-02
   -3.916044E-06   -6.783854E-05   -3.275236E-04   -6.080280E-03   -1.390782E-02   -3.908825E-02
   -4.235391E-06   -7.337066E-05   -3.542326E-04   -6.576067E-03   -1.504138E-02   -4.226256E-02
   -4.580726E-06   -7.935299E-05   -3.831152E-04   -7.112189E-03   -1.626704E-02   -4.569169E-02
   -4.954157E-06   -8.582202E-05   -4.143475E-04   -7.691911E-03   -1.759222E-02   -4.939534E-02
   -5.357958E-06   -9.281717E-05   -4.481199E-04   -8.318760E-03   -1.902491E-02   -5.339458E-02
   -5.794587E-06   -1.003810E-04   -4.846379E-04   -8.996543E-03   -2.057376E-02   -5.771181E-02
   -6.266698E-06   -1.085595E-04   -5.241235E-04   -9.729372E-03   -2.224807E-02   -6.237088E-02
   -6.777159E-06   -1.174023E-04   -5.668165E-04   -1.052169E-02   -2.405787E-02   -6.739701E-02
   -7.329063E-06   -1.269631E-04   -6.129756E-04   -1.137827E-02   -2.601396E-02   -7.281680E-02
   -7.925753E-06   -1.372997E-04   -6.628805E-04   -1.230430E-02   -2.812797E-02   -7.865819E-02
   -8.570838E-06   -1.484746E-04   -7.168328E-04   -1.330535E-02   -3.041240E-02   -8.495032E-02
   -9.268209E-06   -1.605554E-04   -7.751582E-04   -1.438743E-02   -3.288068E-02   -9.172335E-02
   -1.002207E-05   -1.736147E-04   -8.382080E-04   -1.555703E-02   -3.554725E-02   -9.900824E-02
   -1.083695E-05   -1.877311E-04   -9.063613E-04   -1.682112E-02   -3.842757E-02   -1.068363E-01
   -1.171774E-05   -2.029893E-04   -9.800271E-04   -1.818724E-02   -4.153823E-02   -1.152389E-01
   -1.266972E-05   -2.194806E-04   -1.059646E-03   -1.966349E-02   -4.489694E-02   -1.242463E-01
   -1.369856E-05   -2.373035E-04   -1.145694E-03   -2.125859E-02   -4.852262E-02   -1.338874E-01
   -1.481040E-05   -2.565642E-04   -1.238684E-03   -2.298192E-02   -5.243546E-02   -1.441880E-01
   -1.601184E-05   -2.773771E-04   -1.339166E-03   -2.484356E-02   -5.665686E-02   -1.551694E-01
   -1.730999E-05   -2.998652E-04   -1.447737E-03   -2.685436E-02   -6.120955E-02   -1.668465E-01
   -1.871250E-05   -3.241614E-04   -1.565036E-03   -2.902591E-02   -6.611750E-02   -1.792250E-01
   -2.022763E-05   -3.504084E-04   -1.691753E-03   -3.137070E-02   -7.140593E-02   -1.922980E-01
   -2.186424E-05   -3.787598E-04   -1.828630E-03   -3.390207E-02   -7.710121E-02   -2.060422E-01
   -2.363186E-05   -4.093810E-04   -1.976464E-03   -3.663428E-02   -8.323076E-02   -2.204119E-01
   -2.554077E-05   -4.424496E-04   -2.136113E-03   -3.958259E-02   -8.982284E-02   -2.353327E-01
   -2.760197E-05   -4.781565E-04   -2.308498E-03   -4.276325E-02   -9.690633E-02   -2.506930E-01
   -2.982729E-05   -5.167067E-04   -2.494608E-03   -4.619355E-02   -1.045103E-01   -2.663332E-01
   -3.222945E-05   -5.583202E-04   -2.695505E-03   -4.989185E-02   -1.126636E-01   -2.820329E-01
   -3.482205E-05   -6.032330E-04   -2.912328E-03   -5.387759E-02   -1.213940E-01   -2.974946E-01
   -3.761971E-05   -6.516980E-04   -3.146298E-03   -5.817128E-02   -1.307277E-01   -3.123240E-01
   -4.063804E-05   -7.039862E-04   -3.398720E-03   -6.279449E-02   -1.406877E-01   -3.260059E-01
   -4.389380E-05   -7.603874E-04   -3.670993E-03   -6.776978E-02   -1.512927E-01   -3.378751E-01
   -4.740485E-05   -8.212116E-04   -3.964613E-03   -7.312064E-02   -1.625551E-01   -3.470822E-01
   -5.119033E-05   -8.867900E-04   -4.281175E-03   -7.887136E-02   -1.744788E-01   -3.525521E-01
   -5.527061E-05   -9.574758E-04   -4.622382E-03   -8.504683E-02   -1.870558E-01   -3.529374E-01
   -5.966743E-05   -1.033646E-03   -4.990050E-03   -9.167229E-02   -2.002629E-01   -3.465640E-01
   -6.440393E-05   -1.115701E-03   -5.386110E-03   -9.877303E-02   -2.140565E-01   -3.313727E-01
   -6.950471E-05   -1.204067E-03   -5.812615E-03   -1.063739E-01   -2.283673E-01   -3.048559E-01
   -7.499587E-05   -1.299197E-03   -6.271743E-03   -1.144987E-01   -2.430927E-01   -2.639960E-01
   -8.090510E-05   -1.401571E-03   -6.765802E-03   -1.231696E-01   -2.580878E-01   -2.052106E-01
   -8.726169E-05   -1.511696E-03   -7.297234E-03   -1.324060E-01   -2.731550E-01   -1.243163E-01
   -9.409659E-05   -1.630110E-03   -7.868613E-03   -1.422234E-01   -2.880301E-01   -1.652684E-02
   -1.014424E-04   -1.757377E-03   -8.482655E-03   -1.526318E-01   -3.023671E-01    1.234893E-01
   -1.093335E-04   -1.894094E-03   -9.142212E-03   -1.636340E-01   -3.157185E-01    3.014585E-01
   -1.178058E-04   -2.040884E-03   -9.850271E-03   -1.752233E-01   -3.275131E-01    5.232112E-01
   -1.268970E-04   -2.198403E-03   -1.060996E-02   -1.873804E-01   -3.370297E-01    7.941888E-01
   -1.366466E-04   -2.367332E-03   -1.142453E-02   -2.000700E-01   -3.433666E-01    1.118672E+00
   -1.470954E-04   -2.548385E-03   -1.229736E-02   -2.132367E-01   -3.454073E-01    1.498636E+00
   -1.582859E-04   -2.742298E-03   -1.323196E-02   -2.267996E-01   -3.417831E-01    1.932141E+00
   -1.702620E-04   -2.949837E-03   -1.423192E-02   -2.406465E-01   -3.308325E-01    2.411163E+00
   -1.830689E-04   -3.171787E-03   -1.530093E-02   -2.546262E-01   -3.105614E-01    2.918834E+00
   -1.967530E-04   -3.408957E-03   -1.644276E-02   -2.685398E-01   -2.786050E-01    3.426144E+00
   -2.113614E-04   -3.662170E-03   -1.766122E-02   -2.821307E-01   -2.321988E-01    3.888358E+00
   -2.269420E-04   -3.932266E-03   -1.896015E-02   -2.950730E-01   -1.681649E-01    4.241715E+00
   -2.435432E-04   -4.220090E-03   -2.034338E-02   -3.069575E-01   -8.292527E-02    4.401444E+00
   -2.612133E-04   -4.526495E-03   -2.181468E-02   -3.172766E-01    2.744243E-02    4.262790E+00
   -2.800004E-04   -4.852327E-03   -2.337775E-02   -3.254081E-01    1.670876E-01    3.707470E+00
   -2.999516E-04   -5.198429E-03   -2.503612E-02   -3.305961E-01    3.401800E-01    2.618696E+00
   -3.211132E-04   -5.565624E-03   -2.679316E-02   -3.319332E-01    5.505826E-01    9.080560E-01
   -3.435294E-04   -5.954713E-03   -2.865193E-02   -3.283408E-01    8.013651E-01   -1.443422E+00
   -3.672423E-04   -6.366468E-03   -3.061519E-02   -3.185523E-01    1.094118E+00   -4.331007E+00
   -3.922910E-04   -6.801617E-03   -3.268524E-02   -3.010996E-01    1.428025E+00   -7.466589E+00
   -4.187111E-04   -7.260843E-03   -3.486388E-02   -2.743047E-01    1.798671E+00   -1.033249E+01
   -4.465338E-04   -7.744768E-03   -3.715227E-02   -2.362832E-01    2.196575E+00   -1.218215E+01
   -4.757853E-04   -8.253948E-03   -3.955081E-02   -1.849605E-01    2.605505E+00   -1.213419E+01
   -5.064860E-04   -8.788866E-03   -4.205901E-02   -1.181111E-01    3.000679E+00   -9.406254E+00
   -5.386494E-04   -9.349916E-03   -4.467534E-02   -3.342519E-02    3.347132E+00   -3.704428E+00
   -5.722818E-04   -9.937401E-03   -4.739705E-02    7.138639E-02    3.598612E+00    4.298947E+00
   -6.073807E-04   -1.055153E-02   -5.021995E-02    1.984395E-01    3.697658E+00    1.260464E+01
   -6.439341E-04   -1.119238E-02   -5.313823E-02    3.494654E-01    3.577658E+00    1.800019E+01
   -6.819197E-04   -1.185996E-02   -5.614417E-02    5.255306E-01    3.167920E+00    1.704184E+01
   -7.213034E-04   -1.255412E-02   -5.922789E-02    7.266794E-01    2.402812E+00    8.016334E+00
   -7.620380E-04   -1.327460E-02   -6.237701E-02    9.514964E-01    1.235813E+00   -6.768107E+00
   -8.040627E-04   -1.402102E-02   -6.557631E-02    1.196592E+00   -3.413959E-01   -2.006910E+01
   -8.473006E-04   -1.479287E-02   -6.880736E-02    1.456029E+00   -2.276067E+00   -2.235953E+01
   -8.916583E-04   -1.558951E-02   -7.204806E-02    1.720723E+00   -4.431245E+00   -8.663974E+00
   -9.370237E-04   -1.641016E-02   -7.527225E-02    1.977878E+00   -6.568845E+00    1.410063E+01
   -9.832647E-04   -1.725394E-02   -7.844921E-02    2.210540E+00   -8.348680E+00    2.748764E+01
   -1.030228E-03   -1.811981E-02   -8.154318E-02    2.397391E+00   -9.355439E+00    1.575308E+01
   -1.077736E-03   -1.900663E-02   -8.451299E-02    2.512932E+00   -9.164909E+00   -1.384659E+01
   -1.125588E-03   -1.991312E-02   -8.731161E-02    2.528243E+00   -7.454371E+00   -2.933482E+01
   -1.173560E-03   -2.083791E-02   -8.988590E-02    2.412495E+00   -4.147677E+00   -7.601311E+00
   -1.221400E-03   -2.177952E-02   -9.217644E-02    2.135391E+00    4.372312E-01    2.699615E+01
   -1.268833E-03   -2.273638E-02   -9.411737E-02    1.670627E+00    5.497318E+00    4.580357E-02
   -1.315541E-03   -2.370676E-02   -9.563285E-02    1.000273E+00    9.787884E+00    4.582618E-02
   -1.360861E-03   -2.468695E-02   -9.657146E-02    1.186067E-01    1.186981E+01   -9.065346E-03
    2.457089E-02    2.472499E-02    2.820405E-02    2.990319E-01    9.540778E-02   -2.046779E-02
    2.458870E-02    2.474325E-02    2.823170E-02    2.972800E-01    9.711835E-02   -1.929903E-02
    2.461349E-02    2.476848E-02    2.826626E-02    2.955169E-01    9.878314E-02   -1.802506E-02
    2.464207E-02    2.479749E-02    2.830456E-02    2.937443E-01    1.004016E-01   -1.665250E-02
    2.467285E-02    2.482870E-02    2.834504E-02    2.919630E-01    1.019733E-01   -1.518827E-02
    2.470505E-02    2.486133E-02    2.838692E-02    2.901736E-01    1.034974E-01   -1.363958E-02
    2.473828E-02    2.489499E-02    2.842982E-02    2.883763E-01    1.049735E-01   -1.201395E-02
    2.477274E-02    2.492987E-02    2.847393E-02    2.865712E-01    1.064007E-01   -1.031919E-02
    2.481132E-02    2.496888E-02    2.852212E-02    2.847570E-01    1.077781E-01   -8.563256E-03
    2.485313E-02    2.501112E-02    2.857350E-02    2.829344E-01    1.091053E-01   -6.754519E-03
    2.489709E-02    2.505550E-02    2.862699E-02    2.811039E-01    1.103817E-01   -4.901552E-03
    2.494265E-02    2.510148E-02    2.868206E-02    2.792660E-01    1.116069E-01   -3.013046E-03
    2.498957E-02    2.514882E-02    2.873848E-02    2.774209E-01    1.127803E-01   -1.097794E-03
    2.503775E-02    2.519742E-02    2.879614E-02    2.755688E-01    1.139016E-01    8.353435E-04
    2.508805E-02    2.524814E-02    2.885589E-02    2.737094E-01    1.149702E-01    2.777490E-03
    2.515302E-02    2.531352E-02    2.893010E-02    2.718371E-01    1.159836E-01    4.719900E-03
    2.523054E-02    2.539144E-02    2.901670E-02    2.699531E-01    1.169416E-01    6.653515E-03
    2.531586E-02    2.547716E-02    2.911098E-02    2.680598E-01    1.178445E-01    8.569382E-03
    2.540656E-02    2.556826E-02    2.921057E-02    2.661585E-01    1.186924E-01    1.045876E-02
    2.550147E-02    2.566356E-02    2.931429E-02    2.642500E-01    1.194850E-01    1.231314E-02
    2.560004E-02    2.576252E-02    2.942161E-02    2.623345E-01    1.202223E-01    1.412420E-02
    2.570248E-02    2.586535E-02    2.953274E-02    2.604123E-01    1.209038E-01    1.588393E-02
    2.582029E-02    2.598353E-02    2.965902E-02    2.584784E-01    1.215273E-01    1.758437E-02
    2.595331E-02    2.611691E-02    2.980026E-02    2.565331E-01    1.220926E-01    1.921795E-02
    2.609703E-02    2.626100E-02    2.995206E-02    2.545787E-01    1.226003E-01    2.077757E-02
    2.624925E-02    2.641357E-02    3.011221E-02    2.526164E-01    1.230506E-01    2.225653E-02
    2.640898E-02    2.657365E-02    3.027974E-02    2.506468E-01    1.234435E-01    2.364857E-02
    2.657591E-02    2.674092E-02    3.045435E-02    2.486704E-01    1.237792E-01    2.494788E-02
    2.675004E-02    2.691538E-02    3.063603E-02    2.466874E-01    1.240575E-01    2.614915E-02
    2.692447E-02    2.709015E-02    3.081799E-02    2.447008E-01    1.242799E-01    2.724783E-02
    2.709841E-02    2.726443E-02    3.099943E-02    2.427114E-01    1.244465E-01    2.823977E-02
    2.727555E-02    2.744190E-02    3.118400E-02    2.407175E-01    1.245569E-01    2.912114E-02
    2.745819E-02    2.762486E-02    3.137396E-02    2.387186E-01    1.246107E-01    2.988874E-02
    2.764787E-02    2.781486E-02    3.157084E-02    2.367141E-01    1.246078E-01    3.053995E-02
    2.784576E-02    2.801307E-02    3.177578E-02    2.347038E-01    1.245483E-01    3.107275E-02
    2.805285E-02    2.822046E-02    3.198974E-02    2.326875E-01    1.244320E-01    3.148574E-02
    2.826315E-02    2.843107E-02    3.220685E-02    2.306680E-01    1.242607E-01    3.177849E-02
    2.847444E-02    2.864267E-02    3.242489E-02    2.286463E-01    1.240349E-01    3.195101E-02
    2.869097E-02    2.885949E-02    3.264805E-02    2.266210E-01    1.237544E-01    3.200358E-02
    2.891549E-02    2.908430E-02    3.287906E-02    2.245911E-01    1.234189E-01    3.193715E-02
    2.915000E-02    2.931910E-02    3.311987E-02    2.225562E-01    1.230284E-01    3.175331E-02
    2.939604E-02    2.956540E-02    3.337199E-02    2.205158E-01    1.225832E-01    3.145427E-02
    2.965493E-02    2.982456E-02    3.363672E-02    2.184697E-01    1.220835E-01    3.104285E-02
    2.991690E-02    3.008679E-02    3.390446E-02    2.164222E-01    1.215319E-01    3.052301E-02
    3.017381E-02    3.034396E-02    3.416715E-02    2.143765E-01    1.209306E-01    2.989913E-02
    3.043294E-02    3.060334E-02    3.443200E-02    2.123301E-01    1.202787E-01    2.917527E-02
    3.069910E-02    3.086975E-02    3.470372E-02    2.102812E-01    1.195761E-01    2.835616E-02
    3.097558E-02    3.114648E-02    3.498555E-02    2.082289E-01    1.188226E-01    2.744707E-02
    3.126482E-02    3.143595E-02    3.527990E-02    2.061725E-01    1.180186E-01    2.645377E-02
    3.156877E-02    3.174012E-02    3.558868E-02    2.041117E-01    1.171645E-01    2.538246E-02
    3.187972E-02    3.205128E-02    3.590430E-02    2.020497E-01    1.162626E-01    2.424016E-02
    3.218635E-02    3.235812E-02    3.621560E-02    1.999908E-01    1.153162E-01    2.303422E-02
    3.249574E-02    3.266772E-02    3.652957E-02    1.979327E-01    1.143245E-01    2.177153E-02
    3.281296E-02    3.298515E-02    3.685120E-02    1.958738E-01    1.132876E-01    2.045932E-02
    3.314164E-02    3.331401E-02    3.718404E-02    1.938130E-01    1.122057E-01    1.910514E-02
    3.348449E-02    3.365704E-02    3.753077E-02    1.917497E-01    1.110792E-01    1.771676E-02
    3.384374E-02    3.401646E-02    3.789357E-02    1.896834E-01    1.099088E-01    1.630212E-02
    3.421397E-02    3.438684E-02    3.826711E-02    1.876164E-01    1.086967E-01    1.486938E-02
    3.458193E-02    3.475495E-02    3.863835E-02    1.855536E-01    1.074464E-01    1.342682E-02
    3.495356E-02    3.512673E-02    3.901313E-02    1.834933E-01    1.061578E-01    1.198219E-02
    3.533373E-02    3.550704E-02    3.939624E-02    1.814339E-01    1.048313E-01    1.054327E-02
    3.572604E-02    3.589947E-02    3.979122E-02    1.793745E-01    1.034674E-01    9.117776E-03
    3.613323E-02    3.630678E-02    4.020078E-02    1.773146E-01    1.020667E-01    7.713322E-03
    3.655760E-02    3.673124E-02    4.062714E-02    1.752537E-01    1.006301E-01    6.337341E-03
    3.699640E-02    3.717013E-02    4.106762E-02    1.731932E-01    9.915941E-02    4.997030E-03
    3.743748E-02    3.761129E-02    4.151026E-02    1.711374E-01    9.765819E-02    3.699206E-03
    3.788478E-02    3.805865E-02    4.195893E-02    1.690852E-01    9.612696E-02    2.450300E-03
    3.834227E-02    3.851621E-02    4.241755E-02    1.670357E-01    9.456638E-02    1.256429E-03
    3.881299E-02    3.898697E-02    4.288907E-02    1.649882E-01    9.297730E-02    1.233276E-04
    3.929932E-02    3.947333E-02    4.337586E-02    1.629424E-01    9.136075E-02   -9.436852E-04
    3.980324E-02    3.997727E-02    4.387985E-02    1.608979E-01    8.971789E-02   -1.939747E-03
    4.032398E-02    4.049801E-02    4.440027E-02    1.588556E-01    8.805034E-02   -2.860547E-03
    4.085226E-02    4.102628E-02    4.492801E-02    1.568185E-01    8.636107E-02   -3.702537E-03
    4.139010E-02    4.156409E-02    4.546504E-02    1.547863E-01    8.465122E-02   -4.462336E-03
    4.194025E-02    4.211421E-02    4.601408E-02    1.527586E-01    8.292185E-02   -5.137347E-03
    4.250489E-02    4.267880E-02    4.657723E-02    1.507350E-01    8.117417E-02   -5.725439E-03
    4.308573E-02    4.325957E-02    4.715621E-02    1.487156E-01    7.940949E-02   -6.224916E-03
    4.368419E-02    4.385794E-02    4.775238E-02    1.467001E-01    7.762920E-02   -6.634827E-03
    4.430048E-02    4.447413E-02    4.836596E-02    1.446891E-01    7.583489E-02   -6.954800E-03
    4.492948E-02    4.510300E-02    4.899189E-02    1.426843E-01    7.402887E-02   -7.185211E-03
    4.557173E-02    4.574512E-02    4.963074E-02    1.406860E-01    7.221264E-02   -7.326838E-03
    4.622867E-02    4.640191E-02    5.028388E-02    1.386940E-01    7.038761E-02   -7.380980E-03
    4.690137E-02    4.707444E-02    5.095237E-02    1.367086E-01    6.855526E-02   -7.349493E-03
    4.759061E-02    4.776349E-02    5.163698E-02    1.347298E-01    6.671711E-02   -7.234785E-03
    4.829699E-02    4.846967E-02    5.233829E-02    1.327580E-01    6.487472E-02   -7.039600E-03
    4.902081E-02    4.919326E-02    5.305659E-02    1.307934E-01    6.302971E-02   -6.767596E-03
    4.976138E-02    4.993358E-02    5.379118E-02    1.288367E-01    6.118379E-02   -6.422399E-03
    5.051862E-02    5.069056E-02    5.454200E-02    1.268882E-01    5.933857E-02   -6.008295E-03
    5.129256E-02    5.146422E-02    5.530908E-02    1.249483E-01    5.749568E-02   -5.529889E-03
    5.208306E-02    5.225441E-02    5.609225E-02    1.230175E-01    5.565673E-02   -4.992117E-03
    5.288980E-02    5.306083E-02    5.689122E-02    1.210962E-01    5.382333E-02   -4.400206E-03
    5.371232E-02    5.388301E-02    5.770551E-02    1.191848E-01    5.199711E-02   -3.759634E-03
    5.455024E-02    5.472056E-02    5.853475E-02    1.172840E-01    5.017964E-02   -3.076069E-03
    5.540703E-02    5.557697E-02    5.938234E-02    1.153932E-01    4.837218E-02   -2.355248E-03
    5.628297E-02    5.645251E-02    6.024857E-02    1.135128E-01    4.657626E-02   -1.603109E-03
    5.717671E-02    5.734582E-02    6.113208E-02    1.116435E-01    4.479351E-02   -8.256932E-04
    5.808680E-02    5.825546E-02    6.203145E-02    1.097860E-01    4.302552E-02   -2.904390E-05
    5.901168E-02    5.917988E-02    6.294515E-02    1.079410E-01    4.127383E-02    7.808338E-04
    5.994966E-02    6.011737E-02    6.387152E-02    1.061091E-01    3.953994E-02    1.598022E-03
    6.089913E-02    6.106633E-02    6.480896E-02    1.042911E-01    3.782528E-02    2.416737E-03
    6.186694E-02    6.203361E-02    6.576420E-02    1.024859E-01    3.613079E-02    3.231454E-03
    6.285481E-02    6.302093E-02    6.673892E-02    1.006935E-01    3.445776E-02    4.036700E-03
    6.386004E-02    6.402558E-02    6.773047E-02    9.891487E-02    3.280763E-02    4.827337E-03
    6.487986E-02    6.504480E-02    6.873611E-02    9.715082E-02    3.118177E-02    5.598351E-03
    6.591141E-02    6.607574E-02    6.975305E-02    9.540225E-02    2.958145E-02    6.345114E-03
    6.695166E-02    6.711536E-02    7.077830E-02    9.366999E-02    2.800787E-02    7.063377E-03
    6.799752E-02    6.816057E-02    7.180883E-02    9.195485E-02    2.646213E-02    7.749227E-03
    6.905791E-02    6.922029E-02    7.285339E-02    9.025546E-02    2.494496E-02    8.399151E-03
    7.013721E-02    7.029889E-02    7.391625E-02    8.857140E-02    2.345733E-02    9.009949E-03
    7.123144E-02    7.139241E-02    7.499353E-02    8.690368E-02    2.200031E-02    9.578817E-03
    7.233660E-02    7.249683E-02    7.608127E-02    8.525326E-02    2.057484E-02    1.010344E-02
    7.344852E-02    7.360799E-02    7.717541E-02    8.362108E-02    1.918178E-02    1.058192E-02
    7.456287E-02    7.472159E-02    7.827168E-02    8.200800E-02    1.782184E-02    1.101274E-02
    7.567512E-02    7.583306E-02    7.936565E-02    8.041487E-02    1.649563E-02    1.139494E-02
    7.679463E-02    7.695178E-02    8.046648E-02    7.884037E-02    1.520370E-02    1.172764E-02
    7.792955E-02    7.808588E-02    8.158215E-02    7.728351E-02    1.394671E-02    1.201051E-02
    7.907484E-02    7.923034E-02    8.270773E-02    7.574530E-02    1.272520E-02    1.224365E-02
    8.022539E-02    8.038003E-02    8.383819E-02    7.422666E-02    1.153962E-02    1.242755E-02
    8.137590E-02    8.152969E-02    8.496836E-02    7.272847E-02    1.039022E-02    1.256301E-02
    8.252093E-02    8.267384E-02    8.609288E-02    7.125155E-02    9.277174E-03    1.265127E-02
    8.365476E-02    8.380680E-02    8.720615E-02    6.979665E-02    8.200479E-03    1.269375E-02
    8.478558E-02    8.493674E-02    8.831621E-02    6.836268E-02    7.160428E-03    1.269206E-02
    8.592607E-02    8.607632E-02    8.943546E-02    6.694817E-02    6.157537E-03    1.264788E-02
    8.707046E-02    8.721979E-02    9.055824E-02    6.555399E-02    5.191785E-03    1.256355E-02
    8.821280E-02    8.836121E-02    9.167874E-02    6.418091E-02    4.263010E-03    1.244149E-02
    8.934699E-02    8.949446E-02    9.279095E-02    6.282968E-02    3.370912E-03    1.228419E-02
    9.046671E-02    9.061325E-02    9.388871E-02    6.150094E-02    2.515062E-03    1.209444E-02
    9.156541E-02    9.171103E-02    9.496560E-02    6.019524E-02    1.694900E-03    1.187505E-02
    9.264928E-02    9.279397E-02    9.602768E-02    5.891179E-02    9.103793E-04    1.162875E-02
    9.373520E-02    9.387895E-02    9.709146E-02    5.764881E-02    1.620535E-04    1.135836E-02
    9.481733E-02    9.496013E-02    9.815123E-02    5.640693E-02   -5.506118E-04    1.106690E-02
    9.588926E-02    9.603111E-02    9.920073E-02    5.518672E-02   -1.228293E-03    1.075744E-02
    9.694443E-02    9.708533E-02    1.002335E-01    5.398867E-02   -1.871779E-03    1.043299E-02
    9.797609E-02    9.811604E-02    1.012430E-01    5.281319E-02   -2.481968E-03    1.009654E-02
    9.897727E-02    9.911629E-02    1.022223E-01    5.166060E-02   -3.059858E-03    9.750989E-03
    9.995178E-02    1.000899E-01    1.031752E-01    5.053028E-02   -3.605829E-03    9.399199E-03
    1.009198E-01    1.010569E-01    1.041215E-01    4.942044E-02   -4.119150E-03    9.043814E-03
    1.018761E-01    1.020123E-01    1.050560E-01    4.833141E-02   -4.600682E-03    8.687598E-03
    1.028143E-01    1.029496E-01    1.059725E-01    4.726349E-02   -5.051445E-03    8.333170E-03
    1.037277E-01    1.038621E-01    1.068644E-01    4.621691E-02   -5.472532E-03    7.983009E-03
    1.046096E-01    1.047431E-01    1.077252E-01    4.519181E-02   -5.865104E-03    7.639433E-03
    1.054531E-01    1.055857E-01    1.085481E-01    4.418822E-02   -6.230377E-03    7.304546E-03
    1.062596E-01    1.063914E-01    1.093346E-01    4.320561E-02   -6.568964E-03    6.980713E-03
    1.070514E-01    1.071823E-01    1.101063E-01    4.224244E-02   -6.879898E-03    6.669334E-03
    1.078244E-01    1.079545E-01    1.108594E-01    4.129872E-02   -7.164108E-03    6.372492E-03
    1.085727E-01    1.087019E-01    1.115880E-01    4.037450E-02   -7.422727E-03    6.091592E-03
    1.092898E-01    1.094183E-01    1.122859E-01    3.946974E-02   -7.656920E-03    5.828002E-03
    1.099696E-01    1.100972E-01    1.129469E-01    3.858431E-02   -7.867865E-03    5.582716E-03
    1.106055E-01    1.107323E-01    1.135647E-01    3.771800E-02   -8.056749E-03    5.357110E-03
    1.111971E-01    1.113232E-01    1.141389E-01    3.687030E-02   -8.224256E-03    5.151393E-03
    1.117668E-01    1.118922E-01    1.146915E-01    3.604004E-02   -8.369203E-03    4.966591E-03
    1.123128E-01    1.124375E-01    1.152205E-01    3.522699E-02   -8.492343E-03    4.803037E-03
    1.128295E-01    1.129535E-01    1.157207E-01    3.443098E-02   -8.594705E-03    4.660600E-03
    1.133112E-01    1.134345E-01    1.161864E-01    3.365176E-02   -8.677304E-03    4.539330E-03
    1.137524E-01    1.138750E-01    1.166122E-01    3.288899E-02   -8.741130E-03    4.438864E-03
    1.141472E-01    1.142692E-01    1.169924E-01    3.214228E-02   -8.787139E-03    4.359021E-03
    1.144941E-01    1.146155E-01    1.173255E-01    3.141108E-02   -8.815917E-03    4.298809E-03
    1.148143E-01    1.149352E-01    1.176324E-01    3.069465E-02   -8.826166E-03    4.257750E-03
    1.151080E-01    1.152284E-01    1.179131E-01    2.999265E-02   -8.818310E-03    4.234626E-03
    1.153705E-01    1.154903E-01    1.181631E-01    2.930474E-02   -8.793124E-03    4.228323E-03
    1.155971E-01    1.157163E-01    1.183776E-01    2.863054E-02   -8.751343E-03    4.237539E-03
    1.157828E-01    1.159016E-01    1.185521E-01    2.796959E-02   -8.693653E-03    4.261125E-03
    1.159229E-01    1.160413E-01    1.186818E-01    2.732137E-02   -8.620684E-03    4.297226E-03
    1.160150E-01    1.161330E-01    1.187644E-01    2.668530E-02   -8.532822E-03    4.344617E-03
    1.160784E-01    1.161960E-01    1.188187E-01    2.606105E-02   -8.428805E-03    4.401558E-03
    1.161150E-01    1.162322E-01    1.188468E-01    2.544829E-02   -8.308709E-03    4.466363E-03
    1.161211E-01    1.162380E-01    1.188448E-01    2.484660E-02   -8.173023E-03    4.537433E-03
    1.160928E-01    1.162094E-01    1.188090E-01    2.425554E-02   -8.022190E-03    4.613204E-03
    1.160262E-01    1.161425E-01    1.187356E-01    2.367460E-02   -7.856600E-03    4.692105E-03
    1.159175E-01    1.160335E-01    1.186210E-01    2.310322E-02   -7.676587E-03    4.772749E-03
    1.157640E-01    1.158798E-01    1.184625E-01    2.254086E-02   -7.482347E-03    4.853692E-03
    1.155821E-01    1.156977E-01    1.182761E-01    2.198747E-02   -7.272813E-03    4.933759E-03
    1.153755E-01    1.154910E-01    1.180655E-01    2.144285E-02   -7.047835E-03    5.011775E-03
    1.151413E-01    1.152566E-01    1.178277E-01    2.090659E-02   -6.807700E-03    5.086634E-03
    1.148764E-01    1.149916E-01    1.175599E-01    2.037823E-02   -6.552657E-03    5.157850E-03
    1.145778E-01    1.146929E-01    1.172592E-01    1.985729E-02   -6.282917E-03    5.224599E-03
    1.142427E-01    1.143577E-01    1.169225E-01    1.934329E-02   -5.998656E-03    5.286438E-03
    1.138685E-01    1.139835E-01    1.165477E-01    1.883569E-02   -5.699983E-03    5.343061E-03
    1.134682E-01    1.135832E-01    1.161474E-01    1.833469E-02   -5.386183E-03    5.394279E-03
    1.130470E-01    1.131620E-01    1.157266E-01    1.784026E-02   -5.057083E-03    5.440165E-03
    1.126026E-01    1.127177E-01    1.152830E-01    1.735203E-02   -4.712923E-03    5.480875E-03
    1.121327E-01    1.122478E-01    1.148145E-01    1.686963E-02   -4.353927E-03    5.516525E-03
    1.116351E-01    1.117503E-01    1.143190E-01    1.639264E-02   -3.980308E-03    5.547319E-03
    1.111076E-01    1.112230E-01    1.137943E-01    1.592067E-02   -3.592267E-03    5.574204E-03
    1.105483E-01    1.106638E-01    1.132384E-01    1.545329E-02   -3.189991E-03    5.597276E-03
    1.099668E-01    1.100825E-01    1.126609E-01    1.499080E-02   -2.773218E-03    5.617120E-03
    1.093689E-01    1.094848E-01    1.120675E-01    1.453336E-02   -2.341971E-03    5.634246E-03
    1.087532E-01    1.088693E-01    1.114565E-01    1.408071E-02   -1.896616E-03    5.649140E-03
    1.081179E-01    1.082342E-01    1.108265E-01    1.363256E-02   -1.437526E-03    5.662238E-03
    1.074614E-01    1.075780E-01    1.101759E-01    1.318862E-02   -9.650842E-04    5.674085E-03
    1.067822E-01    1.068991E-01    1.095031E-01    1.274860E-02   -4.796884E-04    5.684599E-03
    1.060787E-01    1.061959E-01    1.088066E-01    1.231219E-02    1.824967E-05    5.694087E-03
    1.053577E-01    1.054752E-01    1.080932E-01    1.187972E-02    5.284971E-04    5.702983E-03
    1.046254E-01    1.047432E-01    1.073687E-01    1.145154E-02    1.050683E-03    5.710808E-03
    1.038806E-01    1.039988E-01    1.066321E-01    1.102748E-02    1.584193E-03    5.717452E-03
    1.031221E-01    1.032407E-01    1.058822E-01    1.060737E-02    2.128389E-03    5.722931E-03
    1.023488E-01    1.024678E-01    1.051180E-01    1.019103E-02    2.682608E-03    5.726704E-03
    1.015597E-01    1.016791E-01    1.043384E-01    9.778281E-03    3.246163E-03    5.728310E-03
    1.007536E-01    1.008734E-01    1.035423E-01    9.368950E-03    3.818340E-03    5.727203E-03
    9.993489E-02    1.000552E-01    1.027340E-01    8.963337E-03    4.398454E-03    5.722765E-03
    9.910949E-02    9.923023E-02    1.019193E-01    8.561930E-03    4.985745E-03    5.714527E-03
    9.827662E-02    9.839784E-02    1.010974E-01    8.164656E-03    5.579315E-03    5.701510E-03
    9.743549E-02    9.755719E-02    1.002675E-01    7.771439E-03    6.178242E-03    5.683281E-03
    9.658531E-02    9.670752E-02    9.942896E-02    7.382207E-03    6.781580E-03    5.659165E-03
    9.572533E-02    9.584806E-02    9.858095E-02    6.996891E-03    7.388361E-03    5.628594E-03
    9.485480E-02    9.497806E-02    9.772280E-02    6.615424E-03    7.997594E-03    5.591305E-03
    9.397632E-02    9.410014E-02    9.685702E-02    6.238068E-03    8.608267E-03    5.546803E-03
    9.309511E-02    9.321948E-02    9.598870E-02    5.865369E-03    9.219311E-03    5.494802E-03
    9.221069E-02    9.233563E-02    9.511739E-02    5.497340E-03    9.829616E-03    5.435438E-03
    9.132253E-02    9.144804E-02    9.424256E-02    5.133988E-03    1.043806E-02    5.368930E-03
    9.043008E-02    9.055618E-02    9.336370E-02    4.775324E-03    1.104351E-02    5.295288E-03
    8.953282E-02    8.965953E-02    9.248031E-02    4.421361E-03    1.164484E-02    5.215025E-03
    8.863025E-02    8.875756E-02    9.159188E-02    4.072117E-03    1.224090E-02    5.128733E-03
    8.772380E-02    8.785174E-02    9.069985E-02    3.727819E-03    1.283054E-02    5.037366E-03
    8.681771E-02    8.694628E-02    8.980831E-02    3.388999E-03    1.341256E-02    4.941344E-03
    8.591178E-02    8.604099E-02    8.891708E-02    3.055740E-03    1.398580E-02    4.841833E-03
    8.500562E-02    8.513547E-02    8.802579E-02    2.728109E-03    1.454909E-02    4.740179E-03
    8.409886E-02    8.422936E-02    8.713407E-02    2.406173E-03    1.510131E-02    4.637112E-03
    8.319113E-02    8.332229E-02    8.624158E-02    2.090002E-03    1.564134E-02    4.534217E-03
    8.228207E-02    8.241390E-02    8.534798E-02    1.779671E-03    1.616808E-02    4.432342E-03
    8.137243E-02    8.150494E-02    8.445398E-02    1.475375E-03    1.668044E-02    4.333037E-03
    8.046541E-02    8.059860E-02    8.356271E-02    1.177593E-03    1.717735E-02    4.236782E-03
    7.956100E-02    7.969488E-02    8.267415E-02    8.864523E-04    1.765777E-02    4.145872E-03
    7.865893E-02    7.879350E-02    8.178804E-02    6.020526E-04    1.812072E-02    4.060211E-03
    7.775893E-02    7.789419E-02    8.090413E-02    3.244954E-04    1.856528E-02    3.980614E-03
    7.686073E-02    7.699669E-02    8.002214E-02    5.388359E-05    1.899054E-02    3.907766E-03
    7.596407E-02    7.610074E-02    7.914185E-02   -2.096785E-04    1.939568E-02    3.843852E-03
    7.506927E-02    7.520666E-02    7.826357E-02   -4.660203E-04    1.977990E-02    3.786965E-03
    7.417867E-02    7.431678E-02    7.738955E-02   -7.147418E-04    2.014242E-02    3.738449E-03
    7.329236E-02    7.343119E-02    7.651989E-02   -9.556944E-04    2.048258E-02    3.698840E-03
    7.241014E-02    7.254969E-02    7.565439E-02   -1.188765E-03    2.079975E-02    3.667756E-03
    7.153179E-02    7.167207E-02    7.479285E-02   -1.413839E-03    2.109340E-02    3.644161E-03
    7.065713E-02    7.079814E-02    7.393509E-02   -1.630804E-03    2.136304E-02    3.628659E-03
    6.978595E-02    6.992770E-02    7.308092E-02   -1.839546E-03    2.160827E-02    3.620182E-03
    6.891837E-02    6.906086E-02    7.223044E-02   -2.039921E-03    2.182874E-02    3.618759E-03
    6.805599E-02    6.819922E-02    7.138521E-02   -2.231611E-03    2.202418E-02    3.622917E-03
    6.719896E-02    6.734294E-02    7.054538E-02   -2.414470E-03    2.219438E-02    3.633281E-03
    6.634714E-02    6.649186E-02    6.971081E-02   -2.588386E-03    2.233924E-02    3.648476E-03
    6.550035E-02    6.564582E-02    6.888132E-02   -2.753252E-03    2.245872E-02    3.667950E-03
    6.465844E-02    6.480467E-02    6.805678E-02   -2.908963E-03    2.255287E-02    3.691500E-03
    6.382127E-02    6.396825E-02    6.723704E-02   -3.055415E-03    2.262179E-02    3.717743E-03
    6.298881E-02    6.313655E-02    6.642208E-02   -3.192491E-03    2.266569E-02    3.746366E-03
    6.216216E-02    6.231066E-02    6.561297E-02   -3.319953E-03    2.268483E-02    3.776621E-03
    6.134148E-02    6.149074E-02    6.480986E-02   -3.437673E-03    2.267954E-02    3.809303E-03
    6.052665E-02    6.067668E-02    6.401263E-02   -3.545560E-03    2.265025E-02    3.842323E-03
    5.971754E-02    5.986833E-02    6.322115E-02   -3.643527E-03    2.259746E-02    3.876632E-03
    5.891402E-02    5.906557E-02    6.243531E-02   -3.731489E-03    2.252173E-02    3.911551E-03
    5.811596E-02    5.826828E-02    6.165498E-02   -3.809367E-03    2.242369E-02    3.946835E-03
    5.732330E-02    5.747639E-02    6.088009E-02   -3.877076E-03    2.230403E-02    3.982277E-03
    5.653675E-02    5.669062E-02    6.011135E-02   -3.934455E-03    2.216352E-02    4.017682E-03
    5.575649E-02    5.591113E-02    5.934890E-02   -3.981408E-03    2.200298E-02    4.053328E-03
    5.498240E-02    5.513781E-02    5.859264E-02   -4.017875E-03    2.182328E-02    4.087935E-03
    5.421436E-02    5.437055E-02    5.784247E-02   -4.043799E-03    2.162536E-02    4.122176E-03
    5.345228E-02    5.360924E-02    5.709828E-02   -4.059131E-03    2.141018E-02    4.154930E-03
    5.269605E-02    5.285379E-02    5.635997E-02   -4.063823E-03    2.117878E-02    4.186992E-03
    5.194558E-02    5.210410E-02    5.562746E-02   -4.057834E-03    2.093222E-02    4.217153E-03
    5.120133E-02    5.136063E-02    5.490119E-02   -4.041071E-03    2.067159E-02    4.245179E-03
    5.046345E-02    5.062353E-02    5.418129E-02   -4.013483E-03    2.039803E-02    4.270594E-03
    4.973184E-02    4.989270E-02    5.346769E-02   -3.975047E-03    2.011268E-02    4.292886E-03
    4.900641E-02    4.916805E-02    5.276028E-02   -3.925750E-03    1.981674E-02    4.312119E-03
    4.828707E-02    4.844949E-02    5.205897E-02   -3.865582E-03    1.951138E-02    4.326688E-03
    4.757372E-02    4.773693E-02    5.136368E-02   -3.794541E-03    1.919781E-02    4.336645E-03
    4.686627E-02    4.703027E-02    5.067432E-02   -3.712630E-03    1.887723E-02    4.341457E-03
    4.616501E-02    4.632979E-02    4.999116E-02   -3.619824E-03    1.855086E-02    4.339604E-03
    4.547006E-02    4.563563E-02    4.931432E-02   -3.516121E-03    1.821990E-02    4.333038E-03
    4.478134E-02    4.494770E-02    4.864372E-02   -3.401547E-03    1.788553E-02    4.319215E-03
    4.409877E-02    4.426591E-02    4.797928E-02   -3.276135E-03    1.754894E-02    4.299409E-03
    4.342226E-02    4.359019E-02    4.732092E-02   -3.139924E-03    1.721127E-02    4.271767E-03
    4.275174E-02    4.292045E-02    4.666855E-02   -2.992960E-03    1.687365E-02    4.238487E-03
    4.208711E-02    4.225662E-02    4.602211E-02   -2.835296E-03    1.653719E-02    4.198340E-03
    4.142853E-02    4.159883E-02    4.538172E-02   -2.666974E-03    1.620293E-02    4.151033E-03
    4.077613E-02    4.094722E-02    4.474752E-02   -2.488045E-03    1.587192E-02    4.099556E-03
    4.012981E-02    4.030169E-02    4.411941E-02   -2.298587E-03    1.554511E-02    4.042034E-03
    3.948952E-02    3.966219E-02    4.349733E-02   -2.098684E-03    1.522345E-02    3.979810E-03
    3.885516E-02    3.902862E-02    4.288120E-02   -1.888427E-03    1.490780E-02    3.914239E-03
    3.822667E-02    3.840093E-02    4.227095E-02   -1.667916E-03    1.459898E-02    3.845863E-03
    3.760397E-02    3.777903E-02    4.166651E-02   -1.437255E-03    1.429776E-02    3.776855E-03
    3.698714E-02    3.716299E-02    4.106794E-02   -1.196547E-03    1.400484E-02    3.705675E-03
    3.637627E-02    3.655291E-02    4.047535E-02   -9.459029E-04    1.372084E-02    3.635521E-03
    3.577130E-02    3.594873E-02    3.988865E-02   -6.854511E-04    1.344635E-02    3.566334E-03
    3.517215E-02    3.535038E-02    3.930779E-02   -4.153294E-04    1.318185E-02    3.498479E-03
    3.457875E-02    3.475778E-02    3.873269E-02   -1.356825E-04    1.292777E-02    3.433103E-03
    3.399104E-02    3.417087E-02    3.816329E-02    1.533379E-04    1.268447E-02    3.372658E-03
    3.340896E-02    3.358958E-02    3.759952E-02    4.515727E-04    1.245223E-02    3.314676E-03
    3.283251E-02    3.301393E-02    3.704141E-02    7.588612E-04    1.223127E-02    3.261922E-03
    3.226179E-02    3.244401E-02    3.648902E-02    1.075038E-03    1.202173E-02    3.213220E-03
    3.169672E-02    3.187974E-02    3.594229E-02    1.399922E-03    1.182367E-02    3.169818E-03
    3.113725E-02    3.132107E-02    3.540117E-02    1.733323E-03    1.163709E-02    3.129556E-03
    3.058331E-02    3.076793E-02    3.486559E-02    2.075044E-03    1.146193E-02    3.095588E-03
    3.003485E-02    3.022026E-02    3.433549E-02    2.424885E-03    1.129804E-02    3.065311E-03
    2.949178E-02    2.967800E-02    3.381081E-02    2.782633E-03    1.114521E-02    3.038957E-03
    2.895412E-02    2.914114E-02    3.329153E-02    3.148077E-03    1.100318E-02    3.016344E-03
    2.842191E-02    2.860973E-02    3.277772E-02    3.520998E-03    1.087162E-02    2.997401E-03
    2.789511E-02    2.808373E-02    3.226932E-02    3.901166E-03    1.075014E-02    2.979966E-03
    2.737365E-02    2.756308E-02    3.176627E-02    4.288344E-03    1.063831E-02    2.967323E-03
    2.685748E-02    2.704771E-02    3.126852E-02    4.682289E-03    1.053562E-02    2.954811E-03
    2.634653E-02    2.653756E-02    3.077600E-02    5.082752E-03    1.044156E-02    2.945679E-03
    2.584075E-02    2.603259E-02    3.028866E-02    5.489477E-03    1.035554E-02    2.937824E-03
    2.534012E-02    2.553276E-02    2.980647E-02    5.902205E-03    1.027695E-02    2.932934E-03
    2.484467E-02    2.503812E-02    2.932948E-02    6.320674E-03    1.020514E-02    2.929850E-03
    2.435436E-02    2.454861E-02    2.885763E-02    6.744610E-03    1.013944E-02    2.926993E-03
    1.977748E-02    1.997972E-02    2.446358E-02    1.116442E-02    9.667079E-03    3.060530E-03
    1.565873E-02    1.586901E-02    2.052856E-02    1.579741E-02    9.077967E-03    3.358291E-03
    1.196294E-02    1.218131E-02    1.701743E-02    2.032808E-02    8.034569E-03    3.146591E-03
    8.655877E-03    8.882401E-03    1.389602E-02    2.444137E-02    6.728738E-03    2.590257E-03
    5.705182E-03    5.939919E-03    1.113199E-02    2.785209E-02    5.766354E-03    2.406815E-03
    3.080446E-03    3.323459E-03    8.694937E-03    3.033387E-02    5.749503E-03    2.389737E-03
    7.531389E-04    1.004491E-03    6.556320E-03    3.174402E-02    6.835501E-03    2.592279E-03
   -1.303155E-03   -1.043401E-03    4.689684E-03    3.204048E-02    8.574525E-03    2.592795E-03
   -3.112982E-03   -2.844763E-03    3.070425E-03    3.128816E-02    1.015414E-02    2.243330E-03
   -4.699002E-03   -4.422259E-03    1.675806E-03    2.965219E-02    1.088934E-02    1.982976E-03
   -6.082072E-03   -5.796746E-03    4.848742E-04    2.737817E-02    1.060924E-02    1.978194E-03
   -7.281417E-03   -6.987455E-03   -5.217076E-04    2.476095E-02    9.656894E-03    2.146757E-03
   -8.314656E-03   -8.012006E-03   -1.361684E-03    2.210500E-02    8.544074E-03    2.057688E-03
   -9.197961E-03   -8.886576E-03   -2.051368E-03    1.968278E-02    7.565405E-03    1.829242E-03
   -9.946143E-03   -9.625981E-03   -2.605718E-03    1.769715E-02    6.696669E-03    1.624630E-03
   -1.057273E-02   -1.024375E-02   -3.038425E-03    1.625411E-02    5.843505E-03    1.725728E-03
   -1.109010E-02   -1.075228E-02   -3.362034E-03    1.535204E-02    5.113235E-03    1.771118E-03
   -1.150954E-02   -1.116284E-02   -3.588000E-03    1.489015E-02    4.795481E-03    1.614547E-03
   -1.184132E-02   -1.148574E-02   -3.726793E-03    1.469482E-02    5.051058E-03    7.087371E-04
   -1.209484E-02   -1.173034E-02   -3.787971E-03    1.456150E-02    5.664226E-03    1.439761E-03
   -1.227860E-02   -1.190518E-02   -3.780242E-03    1.430192E-02    6.184532E-03    1.517841E-03
   -1.240036E-02   -1.201802E-02   -3.711546E-03    1.378815E-02    6.331998E-03    1.411241E-03
   -1.246714E-02   -1.207588E-02   -3.589109E-03    1.298275E-02    6.200651E-03    1.241820E-03
   -1.248534E-02   -1.208517E-02   -3.419506E-03    1.194723E-02    6.014071E-03    1.265168E-03
   -1.246073E-02   -1.205166E-02   -3.208714E-03    1.082548E-02    5.751276E-03    1.300111E-03
   -1.239855E-02   -1.198059E-02   -2.962158E-03    9.805282E-03    5.200849E-03    1.196420E-03
   -1.230353E-02   -1.187671E-02   -2.684767E-03    9.066655E-03    4.374101E-03    1.081784E-03
   -1.217994E-02   -1.174430E-02   -2.381006E-03    8.730700E-03    3.704719E-03    1.119959E-03
   -1.203165E-02   -1.158721E-02   -2.054923E-03    8.823265E-03    3.625078E-03    1.120638E-03
   -1.186212E-02   -1.140893E-02   -1.710184E-03    9.264812E-03    4.029219E-03    9.901114E-04
   -1.167449E-02   -1.121259E-02   -1.350100E-03    9.890627E-03    4.381172E-03    9.701208E-04
   -1.147157E-02   -1.100101E-02   -9.776690E-04    1.049763E-02    4.388083E-03    1.000385E-03
   -1.125588E-02   -1.077671E-02   -5.955950E-04    1.089995E-02    4.247467E-03    9.191076E-04
   -1.102967E-02   -1.054196E-02   -2.063170E-04    1.098448E-02    4.176604E-03    8.582384E-04
   -1.079498E-02   -1.029878E-02    1.879657E-04    1.073342E-02    4.000164E-03    7.256808E-04
   -1.055360E-02   -1.004898E-02    5.852749E-04    1.022357E-02    3.531484E-03    8.387756E-04
   -1.030715E-02   -9.794184E-03    9.838306E-04    9.587099E-03    3.030515E-03    7.750075E-04
   -1.005706E-02   -9.535813E-03    1.382034E-03    8.958343E-03    2.488938E-03    7.751251E-04
   -9.804584E-03   -9.275143E-03    1.778453E-03    8.424797E-03    3.057789E-03    7.361786E-04
   -9.550857E-03   -9.013299E-03    2.171801E-03    8.002730E-03    3.202905E-03    5.538273E-04
   -9.296864E-03   -8.751274E-03    2.560930E-03    7.647880E-03    3.222228E-03    7.208051E-04
   -9.043477E-03   -8.489940E-03    2.944814E-03    7.291549E-03    3.199512E-03    6.729766E-04
   -8.791457E-03   -8.230063E-03    3.322536E-03    6.890745E-03    3.038894E-03    6.322773E-04
   -8.541469E-03   -7.972309E-03    3.693281E-03    6.457003E-03    2.701114E-03    6.504296E-04
   -8.294088E-03   -7.717256E-03    4.056325E-03    6.053960E-03    2.438353E-03    6.051743E-04
   -8.049812E-03   -7.465405E-03    4.411027E-03    5.761767E-03    2.395744E-03    5.866593E-04
   -7.809068E-03   -7.217184E-03    4.756816E-03    5.629725E-03    2.407732E-03    5.850753E-04
   -7.572217E-03   -6.972956E-03    5.093192E-03    5.641318E-03    2.435675E-03    5.355397E-04
   -7.339565E-03   -6.733028E-03    5.419714E-03    5.720421E-03    2.518621E-03    5.284013E-04
   -7.111364E-03   -6.497655E-03    5.735994E-03    5.767685E-03    2.443072E-03    5.077167E-04
   -6.887823E-03   -6.267046E-03    6.041694E-03    5.718835E-03    2.152503E-03    4.942487E-04
   -6.669107E-03   -6.041369E-03    6.336520E-03    5.575236E-03    1.985081E-03    4.734278E-04
   -6.455346E-03   -5.820753E-03    6.620216E-03    5.385944E-03    1.964133E-03    4.280281E-04
   -6.246638E-03   -5.605299E-03    6.892564E-03    5.210392E-03    7.978628E-04    4.432113E-04
   -6.043050E-03   -5.395074E-03    7.153376E-03    5.063046E-03    1.954947E-03    3.822675E-04
   -5.844626E-03   -5.190122E-03    7.402494E-03    4.905029E-03    2.001867E-03    3.471963E-04
   -5.651385E-03   -4.990465E-03    7.639784E-03    4.680581E-03    1.850911E-03    4.056627E-04
   -5.463327E-03   -4.796101E-03    7.865138E-03    4.374991E-03    1.671299E-03    3.795987E-04
   -5.280434E-03   -4.607015E-03    8.078466E-03    4.043760E-03    1.565754E-03    3.611314E-04
   -5.102675E-03   -4.423173E-03    8.279700E-03    3.785048E-03    1.575997E-03    3.668758E-04
   -4.930001E-03   -4.244530E-03    8.468788E-03    3.665781E-03    1.594443E-03    3.156173E-04
   -4.762356E-03   -4.071028E-03    8.645691E-03    3.667161E-03    1.593365E-03    3.388992E-04
   -4.599671E-03   -3.902600E-03    8.810390E-03    3.703756E-03    1.496171E-03    3.160178E-04
   -4.441870E-03   -3.739167E-03    8.962873E-03    3.677229E-03    1.395917E-03    3.179267E-04
   -4.288868E-03   -3.580647E-03    9.103144E-03    3.570161E-03    1.323099E-03    3.127404E-04
   -4.140575E-03   -3.426950E-03    9.231218E-03    3.438543E-03    1.330739E-03    3.017816E-04
   -3.996896E-03   -3.277979E-03    9.347120E-03    3.341009E-03    1.362716E-03    2.879721E-04
   -3.857731E-03   -3.133634E-03    9.450884E-03    3.276084E-03    3.486791E-04    2.849707E-04
   -3.722977E-03   -2.993813E-03    9.542556E-03    3.185167E-03    1.214373E-03    2.718981E-04
   -3.592526E-03   -2.858408E-03    9.622190E-03    3.019219E-03    1.085140E-03    2.601738E-04
   -3.466271E-03   -2.727311E-03    9.689849E-03    2.808879E-03    1.130219E-03    2.455997E-04
   -3.344102E-03   -2.600412E-03    9.745608E-03    2.643226E-03    1.126792E-03    2.678340E-04
   -3.225907E-03   -2.477599E-03    9.789547E-03    2.568348E-03    1.078860E-03   -6.378371E-04
   -3.111574E-03   -2.358759E-03    9.821759E-03    2.555820E-03    1.022394E-03    2.327270E-04
   -3.000990E-03   -2.243779E-03    9.842346E-03    2.531099E-03    9.651934E-04   -1.093986E-04
   -2.894043E-03   -2.132547E-03    9.851419E-03    2.469874E-03    9.715818E-04    2.191290E-04
   -2.790620E-03   -2.024948E-03    9.849101E-03    2.403135E-03    9.655986E-04    1.913789E-04
   -2.690608E-03   -1.920871E-03    9.835524E-03    2.351557E-03    9.110990E-04   -1.258870E-04
   -2.593895E-03   -1.820202E-03    9.810833E-03    2.286969E-03    8.170647E-04    1.840344E-04
   -2.500369E-03   -1.722830E-03    9.775184E-03    2.179540E-03    8.398524E-04    6.730401E-04
   -2.409920E-03   -1.628644E-03    9.728748E-03    2.052571E-03    8.347865E-04    2.761839E-04
   -2.322437E-03   -1.537532E-03    9.671707E-03    1.959840E-03    7.266829E-04    1.443994E-04
   -2.237811E-03   -1.449384E-03    9.604259E-03    1.911801E-03    4.018488E-04    1.757309E-04
   -2.155931E-03   -1.364091E-03    9.526615E-03    1.868998E-03    5.440440E-04    1.725954E-04
   -2.076690E-03   -1.281544E-03    9.439004E-03    1.815056E-03    7.362315E-04   -1.831672E-03
   -1.999980E-03   -1.201635E-03    9.341671E-03    1.779929E-03    7.137982E-04    1.240773E-04
   -1.925693E-03   -1.124256E-03    9.234879E-03    1.759020E-03    6.334811E-04    1.526085E-04
   -1.853721E-03   -1.049298E-03    9.118910E-03    7.436030E-04    6.109480E-04    3.737318E-05
   -1.783957E-03   -9.766546E-04    8.994063E-03    1.616612E-03    6.554035E-04    1.150487E-05
   -1.716293E-03   -9.062174E-04    8.860660E-03    1.535608E-03    6.075254E-04    1.557154E-07
   -1.650622E-03   -8.378783E-04    8.719045E-03    1.486298E-03    5.920525E-04    1.148801E-04
   -1.586834E-03   -7.715285E-04    8.569581E-03    1.293114E-03    5.804104E-04    9.451566E-05
   -1.524820E-03   -7.070582E-04    8.412658E-03    1.406546E-03    5.614000E-04    7.625666E-05
   -1.464470E-03   -6.443566E-04    8.248686E-03    1.371939E-03    5.303317E-04    1.460091E-04
   -1.405670E-03   -5.833110E-04    8.078102E-03    1.360824E-03    3.656823E-04    1.181645E-04
   -1.348306E-03   -5.238069E-04    7.901369E-03    1.314650E-03    5.205226E-04    1.167298E-04
   -1.292261E-03   -4.657271E-04    7.718974E-03    1.252250E-03    4.964731E-04   -3.366677E-06
   -1.237415E-03   -4.089516E-04    7.531432E-03    1.205882E-03    4.709221E-04    1.013993E-04
   -1.183643E-03   -3.533570E-04    7.339284E-03    1.170832E-03    3.739808E-04   -1.113077E-02
   -1.130819E-03   -2.988155E-04    7.143097E-03    1.132054E-03   -1.338229E-03    2.086852E-05
   -1.078810E-03   -2.451947E-04    6.943469E-03    1.108810E-03   -8.540370E-05    2.176136E-04
   -1.027476E-03   -1.923568E-04    6.741021E-03    1.095582E-03    4.136241E-04   -2.481182E-04
   -9.766742E-04   -1.401575E-04    6.536405E-03    1.054586E-03    4.052019E-04    8.272798E-05
   -9.262520E-04   -8.844558E-05    6.330297E-03    1.018935E-03    3.984217E-04    1.300393E-04
   -8.760494E-04   -3.706157E-05    6.123401E-03    9.765477E-04    2.666095E-04    8.667136E-05
   -8.258973E-04    1.416307E-05    5.916445E-03    9.350487E-04    3.714183E-04    2.891703E-03
   -7.756161E-04    6.540717E-05    5.710183E-03    8.910032E-04    3.393801E-04    1.285781E-03
   -7.250144E-04    1.168611E-04    5.505391E-03    9.059421E-04    3.592325E-04    7.931197E-05
   -6.738881E-04    1.687282E-04    5.302869E-03    8.975193E-04    3.474501E-04    1.696656E-04
   -6.220182E-04    2.212260E-04    5.103437E-03    8.702583E-04    2.724908E-04    1.964685E-04
   -5.691699E-04    2.745884E-04    4.907932E-03    8.436423E-04    2.284295E-04    7.557196E-05
   -5.150902E-04    3.290671E-04    4.717211E-03    7.912085E-04    2.650650E-04    1.139516E-04
   -4.595059E-04    3.849334E-04    4.532141E-03    7.201860E-04    3.239326E-04   -6.450377E-04
   -4.021220E-04    4.424811E-04    4.353607E-03    8.024415E-04    3.157455E-04    7.095102E-05
   -3.426186E-04    5.020281E-04    4.182500E-03    7.278313E-04    3.131926E-04    6.639726E-05
   -2.806486E-04    5.639195E-04    4.019720E-03    7.694273E-04    2.703568E-04    6.992820E-05
   -2.158348E-04    6.285303E-04    3.866173E-03    7.005708E-04   -2.456937E-03    4.758407E-03
   -1.477667E-04    6.962688E-04    3.722765E-03    7.401265E-04    2.823548E-04    2.581816E-04
   -7.599698E-05    7.675797E-04    3.590405E-03    6.667010E-04    1.502014E-04   -7.298138E-04
   -3.761577E-08    8.429482E-04    3.470001E-03    6.830575E-04    2.880422E-04   -1.803521E-04
    8.064414E-05    9.229039E-04    3.362457E-03    7.094701E-04    2.890101E-04    2.749165E-04
    1.666305E-04    1.008026E-03    3.268671E-03    7.086008E-04    2.913239E-04   -2.863899E-04
    2.585580E-04    1.098947E-03    3.189540E-03    7.096101E-04    2.752282E-04    4.646802E-05
    3.571234E-04    1.196360E-03    3.125953E-03    7.079805E-04    2.794757E-04   -1.615395E-04
    4.630893E-04    1.301023E-03    3.078797E-03    6.835925E-04    2.822437E-04   -1.914854E-03
    5.772909E-04    1.413766E-03    3.048958E-03    7.076844E-04    2.367087E-04    5.558362E-05
    7.006435E-04    1.535501E-03    3.037323E-03    7.391990E-04    6.082833E-05   -5.731397E-05
    8.341500E-04    1.667224E-03    3.044788E-03    7.156312E-04    2.642354E-04   -2.008852E-06
    9.789100E-04    1.810029E-03    3.072259E-03    6.126899E-04    1.961744E-04    7.759521E-05
    1.136129E-03    1.965114E-03    3.120668E-03    7.445229E-04    3.184235E-04    6.624955E-05
    1.307129E-03    2.133796E-03    3.190976E-03    7.943565E-04    3.272400E-04   -2.177173E-04
    1.493359E-03    2.317514E-03    3.284192E-03    8.254340E-04    3.483144E-04    7.710010E-05
    1.696409E-03    2.517851E-03    3.401383E-03    8.872826E-04    1.082963E-04    1.688108E-04
    1.918021E-03    2.736539E-03    3.543695E-03    9.132549E-04    3.736582E-04    9.129620E-04
    2.160107E-03    2.975480E-03    3.712371E-03    9.741590E-04    1.206858E-04   -8.756089E-03
    2.424761E-03    3.236758E-03    3.908775E-03    1.014320E-03    3.460529E-04    9.166625E-05
    2.714278E-03    3.522655E-03    4.134420E-03    1.041076E-03    4.342952E-04   -8.137303E-04
    3.031174E-03    3.835675E-03    4.390991E-03    1.119747E-03    4.544998E-04   -7.058142E-05
    3.378204E-03    4.178557E-03    4.680383E-03    9.116074E-04    1.372849E-03    1.186039E-04
    3.758383E-03    4.554303E-03    5.004731E-03    1.291395E-03    5.469270E-04    2.697833E-03
    4.175014E-03    4.966197E-03    5.366444E-03    1.353232E-03    5.723094E-04    1.025058E-04
    4.631707E-03    5.417831E-03    5.768251E-03   -7.890424E-03    6.547860E-04    2.154894E-04
    5.132410E-03    5.913135E-03    6.213234E-03    8.526282E-04    2.821597E-04    1.215834E-04
    5.681436E-03    6.456399E-03    6.704871E-03    1.709348E-03   -6.332984E-03    2.496473E-04
    6.283494E-03    7.052308E-03    7.247083E-03    1.857567E-03    5.915107E-04   -7.481008E-05
    6.943721E-03    7.705973E-03    7.844272E-03    1.995789E-03   -5.001243E-03    3.933136E-04
    7.667717E-03    8.422966E-03    8.501363E-03    2.100550E-03    7.883130E-04    3.358682E-04
    8.461577E-03    9.209352E-03    9.223852E-03    2.371753E-03    9.453247E-04   -4.569934E-03
    9.331930E-03    1.007173E-02    1.001784E-02   -2.309228E-03    8.299713E-04    4.465555E-04
    1.028598E-02    1.101726E-02    1.089007E-02    2.791201E-03    3.637337E-03    5.246179E-04
    1.133154E-02    1.205371E-02    1.184796E-02    3.041517E-03    1.230769E-03    1.829972E-02
    1.247706E-02    1.318952E-02    1.289966E-02    3.299195E-03    1.186277E-03    4.420003E-04
    1.373170E-02    1.443377E-02    1.405403E-02    3.622423E-03    1.017936E-03    1.003441E-03
    1.510533E-02    1.579629E-02    1.532072E-02    3.952812E-03    1.448799E-03    6.112049E-03
    1.660857E-02    1.728766E-02    1.671012E-02    3.961683E-03   -6.651477E-03    3.266454E-04
    1.825286E-02    1.891923E-02    1.823343E-02    3.374024E-03    1.910961E-03    2.855835E-03
    2.005041E-02    2.070319E-02    1.990265E-02    5.110935E-03    2.142326E-03   -6.630472E-01
    2.201431E-02    2.265253E-02    2.173055E-02    5.596833E-03    3.805067E-03    5.318471E-04
    2.415848E-02    2.478111E-02    2.373069E-02    6.124193E-03    2.678028E-03    3.676147E-03
    2.649767E-02    2.710361E-02    2.591737E-02    6.716609E-03    3.575010E-03    1.616233E-03
    2.904748E-02    2.963556E-02    2.830562E-02    7.330115E-03    2.206151E-03    1.086442E-03
    3.182432E-02    3.239326E-02    3.091116E-02    8.014604E-03    2.878450E-03    5.716385E-04
    3.484533E-02    3.539378E-02    3.375033E-02    8.748406E-03    3.497969E-03    8.103742E-04
    3.812835E-02    3.865484E-02    3.684000E-02    9.533180E-03    3.143504E-03    1.136052E-04
    4.169175E-02    4.219476E-02    4.019752E-02    1.041330E-02    4.177457E-03    8.228605E-03
    4.555439E-02    4.603226E-02    4.384056E-02    1.136814E-02    3.806060E-03    9.846545E-04
    4.973537E-02    5.018635E-02    4.778696E-02    1.237444E-02    4.939235E-03    2.164207E-02
    5.425383E-02    5.467608E-02    5.205459E-02    1.321965E-02    5.410769E-03    1.194264E-03
    5.912874E-02    5.952030E-02    5.666108E-02    1.468253E-02    6.390304E-03    7.444898E-04
    6.437855E-02    6.473736E-02    6.162358E-02    1.595432E-02    6.390389E-03    1.546857E-03
    7.002084E-02    7.034475E-02    6.695845E-02    1.730479E-02    8.781211E-03    1.481488E-03
    7.607196E-02    7.635871E-02    7.268092E-02    1.883402E-02    7.203250E-03    1.616966E-03
    8.254652E-02    8.279379E-02    7.880463E-02    2.038797E-02    8.170283E-03    1.826306E-03
    8.945695E-02    8.966231E-02    8.534121E-02    2.207794E-02    9.044955E-03    2.757998E-02
    9.681292E-02    9.697390E-02    9.229976E-02    2.389201E-02    2.059498E-02    2.105813E-03
    1.046208E-01    1.047349E-01    9.968633E-02    2.583172E-02    1.017210E-02    1.659279E-03
    1.128831E-01    1.129477E-01    1.075033E-01    2.783201E-02    1.160204E-02    2.814236E-03
    1.215978E-01    1.216103E-01    1.157490E-01    2.997152E-02    1.082159E-02    3.352696E-03
    1.307578E-01    1.307158E-01    1.244168E-01    3.224076E-02    1.267421E-02   -4.399749E-03
    1.403506E-01    1.402514E-01    1.334950E-01    3.455409E-02    1.382684E-02    2.288894E-03
    1.503575E-01    1.501988E-01    1.429660E-01    3.369780E-02    1.529038E-02    3.328678E-03
    1.607535E-01    1.605329E-01    1.528062E-01    3.959015E-02    1.626076E-02   -7.642597E-03
    1.715069E-01    1.712223E-01    1.629857E-01    4.207373E-02    1.690712E-02    3.785758E-03
    1.825794E-01    1.822287E-01    1.734682E-01    4.494767E-02    1.799208E-02    5.265200E-03
    1.939259E-01    1.935073E-01    1.842108E-01    4.769226E-02    3.068850E-02    4.240316E-03
    2.054948E-01    2.050068E-01    1.951648E-01    5.056644E-02    1.995992E-02    9.578457E-03
    2.172287E-01    2.166701E-01    2.062756E-01    5.341799E-02    2.113797E-02    4.787713E-03
    2.290648E-01    2.284345E-01    2.174833E-01    5.635325E-02    3.161527E-02    3.982475E-03
    2.409357E-01    2.402331E-01    2.287242E-01    5.817703E-02    2.440005E-02    5.529013E-03
    2.527703E-01    2.519952E-01    2.399308E-01    6.220514E-02    2.496893E-02    5.859095E-03
    2.644955E-01    2.636479E-01    2.510334E-01    6.454299E-02    2.588728E-02    5.107542E-03
    2.760364E-01    2.751170E-01    2.619614E-01    6.773631E-02    2.705711E-02    5.222513E-03
    2.873188E-01    2.863284E-01    2.726440E-01    7.069004E-02    3.958106E-02    7.841855E-03
    2.982695E-01    2.972094E-01    2.830120E-01    7.307630E-02    2.793640E-02    1.868186E-02
    3.088180E-01    3.076899E-01    2.929986E-01    7.594880E-02    3.082837E-02    6.987909E-03
    3.188977E-01    3.177038E-01    3.025406E-01    7.845883E-02    3.440416E-02    7.034352E-03
    3.284471E-01    3.271897E-01    3.115798E-01    8.079242E-02    3.136587E-02    7.177272E-03
    3.374105E-01    3.360924E-01    3.200634E-01    8.274867E-02    3.318638E-02   -7.399216E-03
    3.457387E-01    3.443629E-01    3.279449E-01    8.576598E-02    3.447457E-02    5.827708E-03
    3.533899E-01    3.519598E-01    3.351848E-01    8.685846E-02    3.460421E-02    7.741509E-03
