   1576034242.54208       -23.0258509299405     
  1.101669191782665E+016  -23.0028020301107     
  2.229025376568881E+016  -22.9797531302809     
  3.382667648340020E+016  -22.9567042304511     
  4.563208908617169E+016  -22.9336553306214     
  5.771276349683720E+016  -22.9106064307916     
  7.007511787796870E+016  -22.8875575309618     
  8.272572004168450E+016  -22.8645086311321     
  9.567129093896246E+016  -22.8414597313023     
  1.089187082303121E+017  -22.8184108314725     
  1.224750099397026E+017  -22.7953619316427     
  1.363473981936870E+017  -22.7723130318130     
  1.505432430477111E+017  -22.7492641319832     
  1.650700864016377E+017  -22.7262152321534     
  1.799356460065676E+017  -22.7031663323237     
  1.951478195650861E+017  -22.6801174324939     
  2.107146889271131E+017  -22.6570685326641     
  2.266445243835849E+017  -22.6340196328344     
  2.429457890602514E+017  -22.6109707330046     
  2.596271434139202E+017  -22.5879218331748     
  2.766974498335386E+017  -22.5648729333450     
  2.941657773485559E+017  -22.5418240335153     
  3.120414064470692E+017  -22.5187751336855     
  3.303338340063111E+017  -22.4957262338557     
  3.490527783380973E+017  -22.4726773340260     
  3.682081843519267E+017  -22.4496284341962     
  3.878102288384512E+017  -22.4265795343664     
  4.078693258761458E+017  -22.4035306345366     
  4.283961323640496E+017  -22.3804817347069     
  4.494015536834999E+017  -22.3574328348771     
  4.708967494918822E+017  -22.3343839350473     
  4.928931396514843E+017  -22.3113350352176     
  5.154024102965575E+017  -22.2882861353878     
  5.384365200418744E+017  -22.2652372355580     
  5.620077063360382E+017  -22.2421883357282     
  5.861284919629140E+017  -22.2191394358985     
  6.108116916946735E+017  -22.1960905360687     
  6.360704190999496E+017  -22.1730416362389     
  6.619180935107473E+017  -22.1499927364092     
  6.883684471517807E+017  -22.1269438365794     
  7.154355324360548E+017  -22.1038949367496     
  7.431337294305582E+017  -22.0808460369199     
  7.714777534960081E+017  -22.0577971370901     
  8.004826631047569E+017  -22.0347482372603     
  8.301638678409614E+017  -22.0116993374305     
  8.605371365873027E+017  -21.9886504376008     
  8.916186059025925E+017  -21.9656015377710     
  9.234247885946804E+017  -21.9425526379412     
  9.559725824933249E+017  -21.9195037381115     
  9.892792794275380E+017  -21.8964548382817     
  1.023362574412298E+018  -21.8734059384519     
  1.058240575049459E+018  -21.8503570386221     
  1.093931811147831E+018  -21.8273081387924     
  1.130455244567608E+018  -21.8042592389626     
  1.167830279294284E+018  -21.7812103391328     
  1.206076771747514E+018  -21.7581614393031     
  1.245215041330288E+018  -21.7351125394733     
  1.285265881224099E+018  -21.7120636396435     
  1.326250569435835E+018  -21.6890147398137     
  1.368190880102204E+018  -21.6659658399840     
  1.411109095057780E+018  -21.6429169401542     
  1.455028015672743E+018  -21.6198680403244     
  1.499970974966660E+018  -21.5968191404947     
  1.545961850004684E+018  -21.5737702406649     
  1.593025074582825E+018  -21.5507213408351     
  1.641185652208965E+018  -21.5276724410054     
  1.690469169386576E+018  -21.5046235411756     
  1.740901809208137E+018  -21.4815746413458     
  1.792510365265529E+018  -21.4585257415160     
  1.845322255884740E+018  -21.4354768416863     
  1.899365538692504E+018  -21.4124279418565     
  1.954668925522573E+018  -21.3893790420267     
  2.011261797669537E+018  -21.3663301421970     
  2.069174221498298E+018  -21.3432812423672     
  2.128436964417578E+018  -21.3202323425374     
  2.189081511225751E+018  -21.2971834427076     
  2.251140080837937E+018  -21.2741345428779     
  2.314645643402958E+018  -21.2510856430481     
  2.379631937819582E+018  -21.2280367432183     
  2.446133489660990E+018  -21.2049878433886     
  2.514185629517348E+018  -21.1819389435588     
  2.583824511765953E+018  -21.1588900437290     
  2.655087133779067E+018  -21.1358411438992     
  2.728011355579647E+018  -21.1127922440695     
  2.802635919955274E+018  -21.0897433442397     
  2.879000473041188E+018  -21.0666944444099     
  2.957145585383167E+018  -21.0436455445802     
  3.037112773491528E+018  -21.0205966447504     
  3.118944521897708E+018  -20.9975477449206     
  3.202684305725127E+018  -20.9744988450908     
  3.288376613786305E+018  -20.9514499452611     
  3.376066972218537E+018  -20.9284010454313     
  3.465801968670650E+018  -20.9053521456015     
  3.557629277053689E+018  -20.8823032457718     
  3.651597682868777E+018  -20.8592543459420     
  3.747757109125446E+018  -20.8362054461122     
  3.846158642864305E+018  -20.8131565462825     
  3.946854562298210E+018  -20.7901076464527     
  4.049898364586068E+018  -20.7670587466229     
  4.155344794254498E+018  -20.7440098467931     
  4.263249872281913E+018  -20.7209609469634     
  4.373670925860909E+018  -20.6979120471336     
  4.486666618854567E+018  -20.6748631473038     
  4.602296982962845E+018  -20.6518142474741     
  4.720623449615640E+018  -20.6287653476443     
  4.841708882609639E+018  -20.6057164478145     
  4.965617611505870E+018  -20.5826675479847     
  5.092415465806239E+018  -20.5596186481550     
  5.222169809926725E+018  -20.5365697483252     
  5.354949578986148E+018  -20.5135208484954     
  5.490825315429368E+018  -20.4904719486657     
  5.629869206504366E+018  -20.4674230488359     
  5.772155122613158E+018  -20.4443741490061     
  5.917758656556931E+018  -20.4213252491763     
  6.066757163696270E+018  -20.3982763493466     
  6.219229803047669E+018  -20.3752274495168     
  6.375257579338355E+018  -20.3521785496870     
  6.534923386041547E+018  -20.3291296498573     
  6.698312049415362E+018  -20.3060807500275     
  6.865510373568267E+018  -20.2830318501977     
  7.036607186575526E+018  -20.2599829503680     
  7.211693387670685E+018  -20.2369340505382     
  7.390861995537592E+018  -20.2138851507084     
  7.574208197728272E+018  -20.1908362508786     
  7.761829401233032E+018  -20.1677873510489     
  7.953825284229865E+018  -20.1447384512191     
  8.150297849040098E+018  -20.1216895513893     
  8.351351476319087E+018  -20.0986406515596     
  8.557092980510242E+018  -20.0755917517298     
  8.767631666592198E+018  -20.0525428519000     
  8.983079388148803E+018  -20.0294939520702     
  9.203550606793475E+018  -20.0064450522405     
  9.429162452978749E+018  -19.9833961524107     
  9.660034788223930E+018  -19.9603472525809     
  9.896290268793422E+018  -19.9372983527512     
  1.013805441085996E+019  -19.9142494529214     
  1.038545565718712E+019  -19.8912005530916     
  1.063862544536663E+019  -19.8681516532618     
  1.089769827764657E+019  -19.8451027534321     
  1.116281179238798E+019  -19.8220538536023     
  1.143410683718729E+019  -19.7990049537725     
  1.171172754370370E+019  -19.7759560539428     
  1.199582140423130E+019  -19.7529071541130     
  1.228653935005666E+019  -19.7298582542832     
  1.258403583164307E+019  -19.7068093544535     
  1.288846890068471E+019  -19.6837604546237     
  1.320000029407374E+019  -19.6607115547939     
  1.351879551982530E+019  -19.6376626549641     
  1.384502394500584E+019  -19.6146137551344     
  1.417885888571165E+019  -19.5915648553046     
  1.452047769914521E+019  -19.5685159554748     
  1.487006187783855E+019  -19.5454670556451     
  1.522779714607325E+019  -19.5224181558153     
  1.559387355854887E+019  -19.4993692559855     
  1.596848560135169E+019  -19.4763203561557     
  1.635183229527747E+019  -19.4532714563260     
  1.674411730156383E+019  -19.4302225564962     
  1.714554903008703E+019  -19.4071736566664     
  1.755634075008222E+019  -19.3841247568367     
  1.797671070344489E+019  -19.3610758570069     
  1.840688222067370E+019  -19.3380269571771     
  1.884708383951726E+019  -19.3149780573473     
  1.929754942638643E+019  -19.2919291575176     
  1.975851830059829E+019  -19.2688802576878     
  2.023023536151624E+019  -19.2458313578580     
  2.071295121865487E+019  -19.2227824580283     
  2.120692232481788E+019  -19.1997335581985     
  2.171241111234072E+019  -19.1766846583687     
  2.222968613250925E+019  -19.1536357585390     
  2.275902219822939E+019  -19.1305868587092     
  2.330070053002295E+019  -19.1075379588794     
  2.385500890542767E+019  -19.0844890590496     
  2.442224181188019E+019  -19.0614401592199     
  2.500270060316374E+019  -19.0383912593901     
  2.559669365950388E+019  -19.0153423595603     
  2.620453655139595E+019  -18.9922934597306     
  2.682655220725305E+019  -18.9692445599008     
  2.746307108496275E+019  -18.9461956600710     
  2.811443134744293E+019  -18.9231467602412     
  2.878097904229139E+019  -18.9000978604115     
  2.946306828562392E+019  -18.8770489605817     
  3.016106145019843E+019  -18.8540000607519     
  3.087532935792542E+019  -18.8309511609222     
  3.160625147686657E+019  -18.8079022610924     
  3.235421612282623E+019  -18.7848533612626     
  3.311962066564350E+019  -18.7618044614328     
  3.390287174029395E+019  -18.7387555616031     
  3.470438546291254E+019  -18.7157066617733     
  3.552458765185366E+019  -18.6926577619435     
  3.636391405390504E+019  -18.6696088621138     
  3.722281057577534E+019  -18.6465599622840     
  3.810173352097963E+019  -18.6235110624542     
  3.900114983224716E+019  -18.6004621626244     
  3.992153733958065E+019  -18.5774132627947     
  4.086338501409980E+019  -18.5543643629649     
  4.182719322780213E+019  -18.5313154631351     
  4.281347401938024E+019  -18.5082665633054     
  4.382275136623701E+019  -18.4852176634756     
  4.485556146284205E+019  -18.4621687636458     
  4.591245300557826E+019  -18.4391198638161     
  4.699398748422853E+019  -18.4160709639863     
  4.810073948025981E+019  -18.3930220641565     
  4.923329697205952E+019  -18.3699731643267     
  5.039226164729027E+019  -18.3469242644970     
  5.157824922252476E+019  -18.3238753646672     
  5.279188977033467E+019  -18.3008264648374     
  5.403382805400372E+019  -18.2777775650077     
  5.530472387004493E+019  -18.2547286651779     
  5.660525239870321E+019  -18.2316797653481     
  5.793610456262951E+019  -18.2086308655183     
  5.929798739391622E+019  -18.1855819656886     
  6.069162440969123E+019  -18.1625330658588     
  6.211775599646672E+019  -18.1394841660290     
  6.357713980344864E+019  -18.1164352661993     
  6.507055114501708E+019  -18.0933863663695     
  6.659878341258780E+019  -18.0703374665397     
  6.816264849607756E+019  -18.0472885667099     
  6.976297721519306E+019  -18.0242396668802     
  7.140061976077567E+019  -18.0011907670504     
  7.307644614643632E+019  -17.9781418672206     
  7.479134667071740E+019  -17.9550929673909     
  7.654623239002966E+019  -17.9320440675611     
  7.834203560261537E+019  -17.9089951677313     
  8.017971034379279E+019  -17.8859462679016     
  8.206023289274629E+019  -17.8628973680718     
  8.398460229113199E+019  -17.8398484682420     
  8.595384087377252E+019  -17.8167995684122     
  8.796899481172343E+019  -17.7937506685825     
  9.003113466800013E+019  -17.7707017687527     
  9.214135596625925E+019  -17.7476528689229     
  9.430077977273831E+019  -17.7246039690932     
  9.651055329176004E+019  -17.7015550692634     
  9.877185047512041E+019  -17.6785061694336     
  1.010858726456816E+020  -17.6554572696038     
  1.034538491355018E+020  -17.6324083697741     
  1.058770379388417E+020  -17.6093594699443     
  1.083567263803924E+020  -17.5863105701145     
  1.108942317990806E+020  -17.5632616702848     
  1.134909022478154E+020  -17.5402127704550     
  1.161481172095439E+020  -17.5171638706252     
  1.188672883300031E+020  -17.4941149707954     
  1.216498601675473E+020  -17.4710660709657     
  1.244973109604598E+020  -17.4480171711359     
  1.274111534121469E+020  -17.4249682713061     
  1.303929354946364E+020  -17.4019193714764     
  1.334442412708076E+020  -17.3788704716466     
  1.365666917357836E+020  -17.3558215718168     
  1.397619456779387E+020  -17.3327726719871     
  1.430317005599755E+020  -17.3097237721573     
  1.463776934205408E+020  -17.2866748723275     
  1.498017017968531E+020  -17.2636259724977     
  1.533055446688401E+020  -17.2405770726680     
  1.568910834252822E+020  -17.2175281728382     
  1.605602228524739E+020  -17.1944792730084     
  1.643149121459308E+020  -17.1714303731787     
  1.681571459456780E+020  -17.1483814733489     
  1.720889653956696E+020  -17.1253325735191     
  1.761124592278997E+020  -17.1022836736893     
  1.802297648717823E+020  -17.0792347738596     
  1.844430695893903E+020  -17.0561858740298     
  1.887546116371509E+020  -17.0331369742000     
  1.931666814546189E+020  -17.0100880743703     
  1.976816228809547E+020  -16.9870391745405     
  2.023018343997581E+020  -16.9639902747107     
  2.070297704129108E+020  -16.9409413748809     
  2.118679425441114E+020  -16.9178924750512     
  2.168189209727859E+020  -16.8948435752214     
  2.218853357990913E+020  -16.8717946753916     
  2.270698784407287E+020  -16.8487457755619     
  2.323753030623084E+020  -16.8256968757321     
  2.378044280380296E+020  -16.8026479759023     
  2.433601374484447E+020  -16.7795990760726     
  2.490453826121071E+020  -16.7565501762428     
  2.548631836529104E+020  -16.7335012764130     
  2.608166311039565E+020  -16.7104523765832     
  2.669088875487979E+020  -16.6874034767535     
  2.731431893009221E+020  -16.6643545769237     
  2.795228481223822E+020  -16.6413056770939     
  2.860512529824688E+020  -16.6182567772642     
  2.927318718573658E+020  -16.5952078774344     
  2.995682535717408E+020  -16.5721589776046     
  3.065640296832512E+020  -16.5491100777748     
  3.137229164109584E+020  -16.5260611779451     
  3.210487166086774E+020  -16.5030122781153     
  3.285453217843041E+020  -16.4799633782855     
  3.362167141662005E+020  -16.4569144784558     
  3.440669688177209E+020  -16.4338655786260     
  3.521002558010032E+020  -16.4108166787962     
  3.603208423911828E+020  -16.3877677789664     
  3.687330953421866E+020  -16.3647188791367     
  3.773414832053263E+020  -16.3416699793069     
  3.861505787018956E+020  -16.3186210794771     
  3.951650611510580E+020  -16.2955721796474     
  4.043897189542856E+020  -16.2725232798176     
  4.138294521376833E+020  -16.2494743799878     
  4.234892749535381E+020  -16.2264254801580     
  4.333743185424735E+020  -16.2033765803283     
  4.434898336576153E+020  -16.1803276804985     
  4.538411934522179E+020  -16.1572787806687     
  4.644338963322311E+020  -16.1342298808390     
  4.752735688753083E+020  -16.1111809810092     
  4.863659688178021E+020  -16.0881320811794     
  4.977169881113478E+020  -16.0650831813497     
  5.093326560506283E+020  -16.0420342815199     
  5.212191424739957E+020  -16.0189853816901     
  5.333827610386382E+020  -15.9959364818603     
  5.458299725720251E+020  -15.9728875820306     
  5.585673885013975E+020  -15.9498386822008     
  5.716017743631449E+020  -15.9267897823710     
  5.849400533938926E+020  -15.9037408825413     
  5.985893102052272E+020  -15.8806919827115     
  6.125567945439960E+020  -15.8576430828817     
  6.268499251401572E+020  -15.8345941830519     
  6.414762936442499E+020  -15.8115452832222     
  6.564436686565244E+020  -15.7884963833924     
  6.717599998499096E+020  -15.7654474835626     
  6.874334221889569E+020  -15.7423985837329     
  7.034722602470277E+020  -15.7193496839031     
  7.198850326239847E+020  -15.6963007840733     
  7.366804564667306E+020  -15.6732518842435     
  7.538674520949929E+020  -15.6502029844138     
  7.714551477347841E+020  -15.6271540845840     
  7.894528843620533E+020  -15.6041051847542     
  8.078702206590924E+020  -15.5810562849245     
  8.267169380863008E+020  -15.5580073850947     
  8.460030460720053E+020  -15.5349584852649     
  8.657387873230655E+020  -15.5119095854352     
  8.859346432590874E+020  -15.4888606856054     
  9.066013395730950E+020  -15.4658117857756     
  9.277498519216154E+020  -15.4427628859458     
  9.493914117471749E+020  -15.4197139861161     
  9.715375122362797E+020  -15.3966650862863     
  9.941999144160331E+020  -15.3736161864565     
  1.017390653392601E+021  -15.3505672866268     
  1.041122044734833E+021  -15.3275183867970     
  1.065406691006385E+021  -15.3044694869672     
  1.090257488449817E+021  -15.2814205871374     
  1.115687633826170E+021  -15.2583716873077     
  1.141710631413655E+021  -15.2353227874779     
  1.168340300169112E+021  -15.2122738876481     
  1.195590781056060E+021  -15.1892249878184     
  1.223476544543161E+021  -15.1661760879886     
  1.252012398277073E+021  -15.1431271881588     
  1.281213494933737E+021  -15.1200782883290     
  1.311095340252228E+021  -15.0970293884993     
  1.341673801255406E+021  -15.0739804886695     
  1.372965114661705E+021  -15.0509315888397     
  1.404985895492479E+021  -15.0278826890100     
  1.437753145879445E+021  -15.0048337891802     
  1.471284264076863E+021  -14.9817848893504     
  1.505597053683185E+021  -14.9587359895207     
  1.540709733077048E+021  -14.9356870896909     
  1.576640945072549E+021  -14.9126381898611     
  1.613409766798911E+021  -14.8895892900313     
  1.651035719809697E+021  -14.8665403902016     
  1.689538780426938E+021  -14.8434914903718     
  1.728939390325572E+021  -14.8204425905420     
  1.769258467363766E+021  -14.7973936907123     
  1.810517416664833E+021  -14.7743447908825     
  1.852738141956541E+021  -14.7512958910527     
  1.895943057173762E+021  -14.7282469912229     
  1.940155098330593E+021  -14.7051980913932     
  1.985397735668140E+021  -14.6821491915634     
  2.031694986084360E+021  -14.6591002917336     
  2.079071425852472E+021  -14.6360513919039     
  2.127552203634608E+021  -14.6130024920741     
  2.177163053797536E+021  -14.5899535922443     
  2.227930310037426E+021  -14.5669046924145     
  2.279880919320787E+021  -14.5438557925848     
  2.333042456148900E+021  -14.5208068927550     
  2.387443137153197E+021  -14.4977579929252     
  2.443111836029233E+021  -14.4747090930955     
  2.500078098817060E+021  -14.4516601932657     
  2.558372159536000E+021  -14.4286112934359     
  2.618024956181993E+021  -14.4055623936062     
  2.679068147095876E+021  -14.3825134937764     
  2.741534127711137E+021  -14.3594645939466     
  2.805456047689911E+021  -14.3364156941168     
  2.870867828456144E+021  -14.3133667942871     
  2.937804181135077E+021  -14.2903178944573     
  3.006300624908425E+021  -14.2672689946275     
  3.076393505794797E+021  -14.2442200947978     
  3.148120015865165E+021  -14.2211711949680     
  3.221518212903365E+021  -14.1981222951382     
  3.296627040521866E+021  -14.1750733953084     
  3.373486348743362E+021  -14.1520244954787     
  3.452136915058731E+021  -14.1289755956489     
  3.532620465972456E+021  -14.1059266958191     
  3.614979699046638E+021  -14.0828777959894     
  3.699258305455034E+021  -14.0598288961596     
  3.785500993058898E+021  -14.0367799963298     
  3.873753510016500E+021  -14.0137310965000     
  3.964062668938667E+021  -13.9906821966703     
  4.056476371602743E+021  -13.9676332968405     
  4.151043634237925E+021  -13.9445843970107     
  4.247814613394886E+021  -13.9215354971810     
  4.346840632413232E+021  -13.8984865973512     
  4.448174208500337E+021  -13.8754376975214     
  4.551869080435655E+021  -13.8523887976916     
  4.657980236914718E+021  -13.8293398978619     
  4.766563945547532E+021  -13.8062909980321     
  4.877677782526248E+021  -13.7832420982023     
  4.991380662977453E+021  -13.7601931983726     
  5.107732872014641E+021  -13.7371442985428     
  5.226796096506911E+021  -13.7140953987130     
  5.348633457580164E+021  -13.6910464988833     
  5.473309543867542E+021  -13.6679975990535     
  5.600890445526127E+021  -13.6449486992237     
  5.731443789037384E+021  -13.6218997993939     
  5.865038772809140E+021  -13.5988508995642     
  6.001746203597391E+021  -13.5758019997344     
  6.141638533766509E+021  -13.5527530999046     
  6.284789899406883E+021  -13.5297042000749     
  6.431276159329511E+021  -13.5066553002451     
  6.581174934957385E+021  -13.4836064004153     
  6.734565651134058E+021  -13.4605575005855     
  6.891529577870069E+021  -13.4375086007558     
  7.052149873048547E+021  -13.4144597009260     
  7.216511626111708E+021  -13.3914108010962     
  7.384701902750284E+021  -13.3683619012665     
  7.556809790618692E+021  -13.3453130014367     
  7.732926446099023E+021  -13.3222641016069     
  7.913145142137438E+021  -13.2992152017771     
  8.097561317177377E+021  -13.2761663019474     
  8.286272625213917E+021  -13.2531174021176     
  8.479378986994855E+021  -13.2300685022878     
  8.676982642394067E+021  -13.2070196024581     
  8.879188203983578E+021  -13.1839707026283     
  9.086102711831138E+021  -13.1609218027985     
  9.297835689550943E+021  -13.1378729029688     
  9.514499201635409E+021  -13.1148240031390     
  9.736207912096747E+021  -13.0917751033092     
  9.963079144447649E+021  -13.0687262034794     
  1.019523294305081E+022  -13.0456773036497     
  1.043279213586804E+022  -13.0226284038199     
  1.067588239864010E+022  -12.9995795039901     
  1.092463232052896E+022  -12.9765306041604     
  1.117917347125524E+022  -12.9534817043306     
  1.143964046976381E+022  -12.9304328045008     
  1.170617105445157E+022  -12.9073839046710     
  1.197890615499193E+022  -12.8843350048413     
  1.225798996579161E+022  -12.8612861050115     
  1.254357002111538E+022  -12.8382372051817     
  1.283579727191587E+022  -12.8151883053520     
  1.313482616440598E+022  -12.7921394055222     
  1.344081472041221E+022  -12.7690905056924     
  1.375392461954802E+022  -12.7460416058626     
  1.407432128324730E+022  -12.7229927060329     
  1.440217396069854E+022  -12.6999438062031     
  1.473765581672143E+022  -12.6768949063733     
  1.508094402162837E+022  -12.6538460065436     
  1.543221984311391E+022  -12.6307971067138     
  1.579166874021666E+022  -12.6077482068840     
  1.615948045939854E+022  -12.5846993070543     
  1.653584913278725E+022  -12.5616504072245     
  1.692097337862898E+022  -12.5386015073947     
  1.731505640399914E+022  -12.5155526075649     
  1.771830610981977E+022  -12.4925037077352     
  1.813093519823341E+022  -12.4694548079054     
  1.855316128238414E+022  -12.4464059080756     
  1.898520699865717E+022  -12.4233570082459     
  1.942730012143008E+022  -12.4003081084161     
  1.987967368038906E+022  -12.3772592085863     
  2.034256608046496E+022  -12.3542103087565     
  2.081622122444483E+022  -12.3311614089268     
  2.130088863831591E+022  -12.3081125090970     
  2.179682359939967E+022  -12.2850636092672     
  2.230428726733515E+022  -12.2620147094375     
  2.282354681797129E+022  -12.2389658096077     
  2.335487558022985E+022  -12.2159169097779     
  2.389855317600081E+022  -12.1928680099481     
  2.445486566313384E+022  -12.1698191101184     
  2.502410568159027E+022  -12.1467702102886     
  2.560657260282158E+022  -12.1237213104588     
  2.620257268244079E+022  -12.1006724106291     
  2.681241921625548E+022  -12.0776235107993     
  2.743643269973093E+022  -12.0545746109695     
  2.807494099095454E+022  -12.0315257111398     
  2.872827947717269E+022  -12.0084768113100     
  2.939679124497357E+022  -11.9854279114802     
  3.008082725418900E+022  -11.9623790116504     
  3.078074651559199E+022  -11.9393301118207     
  3.149691627246547E+022  -11.9162812119909     
  3.222971218612096E+022  -11.8932323121611     
  3.297951852544539E+022  -11.8701834123314     
  3.374672836055751E+022  -11.8471345125016     
  3.453174376065472E+022  -11.8240856126718     
  3.533497599613332E+022  -11.8010367128420     
  3.615684574506693E+022  -11.7779878130123     
  3.699778330412801E+022  -11.7549389131825     
  3.785822880403959E+022  -11.7318900133527     
  3.873863242964480E+022  -11.7088411135230     
  3.963945464468383E+022  -11.6857922136932     
  4.056116642136905E+022  -11.6627433138634     
  4.150424947484936E+022  -11.6396944140336     
  4.246919650265809E+022  -11.6166455142039     
  4.345651142923701E+022  -11.5935966143741     
  4.446670965563394E+022  -11.5705477145443     
  4.550031831446908E+022  -11.5474988147146     
  4.655787653026932E+022  -11.5244499148848     
  4.763993568526903E+022  -11.5014010150550     
  4.874705969077718E+022  -11.4783521152252     
  4.987982526421410E+022  -11.4553032153955     
  5.103882221191815E+022  -11.4322543155657     
  5.222465371782808E+022  -11.4092054157359     
  5.343793663814476E+022  -11.3861565159062     
  5.467930180207868E+022  -11.3631076160764     
  5.594939431878926E+022  -11.3400587162466     
  5.724887389062555E+022  -11.3170098164169     
  5.857841513277527E+022  -11.2939609165871     
  5.993870789943308E+022  -11.2709120167573     
  6.133045761659833E+022  -11.2478631169275     
  6.275438562161371E+022  -11.2248142170978     
  6.421122950955667E+022  -11.2017653172680     
  6.570174348659685E+022  -11.1787164174382     
  6.722669873043258E+022  -11.1556675176085     
  6.878688375792131E+022  -11.1326186177787     
  7.038310480001691E+022  -11.1095697179489     
  7.201618618413128E+022  -11.0865208181191     
  7.368697072403276E+022  -11.0634719182894     
  7.539632011739902E+022  -11.0404230184596     
  7.714511535113935E+022  -11.0173741186298     
  7.893425711460315E+022  -10.9943252188001     
  8.076466622078827E+022  -10.9712763189703     
  8.263728403566772E+022  -10.9482274191405     
  8.455307291574906E+022  -10.9251785193107     
  8.651301665398035E+022  -10.9021296194810     
  8.851812093412010E+022  -10.8790807196512     
  9.056941379368339E+022  -10.8560318198214     
  9.266794609557818E+022  -10.8329829199917     
  9.481479200854476E+022  -10.8099340201619     
  9.701104949650861E+022  -10.7868851203321     
  9.925784081696005E+022  -10.7638362205024     
  1.015563130284656E+023  -10.7407873206726     
  1.039076385074225E+023  -10.7177384208428     
  1.063130154741600E+023  -10.6946895210130     
  1.087736685284926E+023  -10.6716406211833     
  1.112908491948270E+023  -10.6485917213535     
  1.138658364769219E+023  -10.6255428215237     
  1.164999374224003E+023  -10.6024939216940     
  1.191944876971050E+023  -10.5794450218642     
  1.219508521693939E+023  -10.5563961220344     
  1.247704255044595E+023  -10.5333472222046     
  1.276546327687607E+023  -10.5102983223749     
  1.306049300446474E+023  -10.4872494225451     
  1.336228050552562E+023  -10.4642005227153     
  1.367097777997491E+023  -10.4411516228856     
  1.398674011989676E+023  -10.4181027230558     
  1.430972617515642E+023  -10.3950538232260     
  1.464009802006695E+023  -10.3720049233962     
  1.497802122111543E+023  -10.3489560235665     
  1.532366490575279E+023  -10.3259071237367     
  1.567720183225209E+023  -10.3028582239069     
  1.603880846063851E+023  -10.2798093240772     
  1.640866502469427E+023  -10.2567604242474     
  1.678695560504036E+023  -10.2337115244176     
  1.717386820329691E+023  -10.2106626245879     
  1.756959481732274E+023  -10.1876137247581     
  1.797433151753395E+023  -10.1645648249283     
  1.838827852430102E+023  -10.1415159250985     
  1.881164028642181E+023  -10.1184670252688     
  1.924462556066844E+023  -10.0954181254390     
  1.968744749240373E+023  -10.0723692256092     
  2.014032369726290E+023  -10.0493203257795     
  2.060347634389445E+023  -10.0262714259497     
  2.107713223775293E+023  -10.0032225261199     
  2.156152290593631E+023  -9.98017362629014     
  2.205688468305793E+023  -9.95712472646037     
  2.256345879814301E+023  -9.93407582663060     
  2.308149146253744E+023  -9.91102692680083     
  2.361123395881629E+023  -9.88797802697106     
  2.415294273067675E+023  -9.86492912714129     
  2.470687947380056E+023  -9.84188022731152     
  2.527331122766763E+023  -9.81883132748175     
  2.585251046830243E+023  -9.79578242765198     
  2.644475520193246E+023  -9.77273352782220     
  2.705032905953722E+023  -9.74968462799243     
  2.766952139226303E+023  -9.72663572816266     
  2.830262736767926E+023  -9.70358682833289     
  2.894994806684854E+023  -9.68053792850312     
  2.961179058218154E+023  -9.65748902867335     
  3.028846811604657E+023  -9.63444012884358     
  3.098030008010068E+023  -9.61139122901381     
  3.168761219530831E+023  -9.58834232918404     
  3.241073659261040E+023  -9.56529342935427     
  3.315001191420705E+023  -9.54224452952450     
  3.390578341541199E+023  -9.51919562969472     
  3.467840306703738E+023  -9.49614672986495     
  3.546822965826442E+023  -9.47309783003518     
  3.627562889995373E+023  -9.45004893020541     
  3.710097352834611E+023  -9.42700003037564     
  3.794464340910459E+023  -9.40395113054587     
  3.880702564164392E+023  -9.38090223071610     
  3.968851466369331E+023  -9.35785333088633     
  4.058951235603588E+023  -9.33480443105656     
  4.151042814736509E+023  -9.31175553122679     
  4.245167911919811E+023  -9.28870663139702     
  4.341369011078244E+023  -9.26565773156725     
  4.439689382393064E+023  -9.24260883173747     
  4.540173092771649E+023  -9.21955993190770     
  4.642865016296288E+023  -9.19651103207793     
  4.747810844645080E+023  -9.17346213224816     
  4.855057097477592E+023  -9.15041323241839     
  4.964651132777835E+023  -9.12736433258862     
  5.076641157146877E+023  -9.10431543275885     
  5.191076236037237E+023  -9.08126653292908     
  5.308006303921063E+023  -9.05821763309931     
  5.427482174383951E+023  -9.03516873326954     
  5.549555550136096E+023  -9.01211983343977     
  5.674279032932286E+023  -8.98907093360999     
  5.801706133392272E+023  -8.96602203378022     
  5.931891280712746E+023  -8.94297313395045     
  6.064889832262135E+023  -8.91992423412068     
  6.200758083049458E+023  -8.89687533429091     
  6.339553275058212E+023  -8.87382643446114     
  6.481333606436353E+023  -8.85077753463137     
  6.626158240533275E+023  -8.82772863480160     
  6.774087314774907E+023  -8.80467973497183     
  6.925181949367663E+023  -8.78163083514206     
  7.079504255822471E+023  -8.75858193531229     
  7.237117345289669E+023  -8.73553303548251     
  7.398085336696087E+023  -8.71248413565274     
  7.562473364675282E+023  -8.68943523582297     
  7.730347587282411E+023  -8.66638633599320     
  7.901775193484981E+023  -8.64333743616343     
  8.076824410421235E+023  -8.62028853633366     
  8.255564510417892E+023  -8.59723963650389     
  8.438065817759148E+023  -8.57419073667412     
  8.624399715199285E+023  -8.55114183684435     
  8.814638650211471E+023  -8.52809293701458     
  9.008856140965347E+023  -8.50504403718481     
  9.207126782026768E+023  -8.48199513735504     
  9.409526249773034E+023  -8.45894623752526     
  9.616131307517729E+023  -8.43589733769549     
  9.827019810339229E+023  -8.41284843786572     
  1.004227070960792E+024  -8.38979953803595     
  1.026196405720720E+024  -8.36675063820618     
  1.048618100944415E+024  -8.34370173837641     
  1.071500383064616E+024  -8.32065283854664     
  1.094851589644040E+024  -8.29760393871687     
  1.118680169671362E+024  -8.27455503888710     
  1.142994683825069E+024  -8.25150613905733     
  1.167803804705002E+024  -8.22845723922756     
  1.193116317031617E+024  -8.20540833939778     
  1.218941117812920E+024  -8.18235943956801     
  1.245287216479209E+024  -8.15931053973824     
  1.272163734985765E+024  -8.13626163990847     
  1.299579907883759E+024  -8.11321274007870     
  1.327545082359707E+024  -8.09016384024893     
  1.356068718243856E+024  -8.06711494041916     
  1.385160387988034E+024  -8.04406604058939     
  1.414829776613509E+024  -8.02101714075962     
  1.445086681629540E+024  -7.99796824092985     
  1.475941012923384E+024  -7.97491934110008     
  1.507402792622570E+024  -7.95187044127031     
  1.539482154930401E+024  -7.92882154144054     
  1.572189345935689E+024  -7.90577264161077     
  1.605534723397826E+024  -7.88272374178100     
  1.639528756508402E+024  -7.85967484195123     
  1.674182025630634E+024  -7.83662594212146     
  1.709505222018002E+024  -7.81357704229169     
  1.745509147513511E+024  -7.79052814246192     
  1.782204714231164E+024  -7.76747924263215     
  1.819602944221227E+024  -7.74443034280238     
  1.857714969121002E+024  -7.72138144297261     
  1.896552029792901E+024  -7.69833254314284     
  1.936125475951641E+024  -7.67528364331307     
  1.976446765782512E+024  -7.65223474348330     
  2.017527465552694E+024  -7.62918584365353     
  2.059379249217689E+024  -7.60613694382376     
  2.102013898024953E+024  -7.58308804399399     
  2.145443300116956E+024  -7.56003914416422     
  2.189679450135821E+024  -7.53699024433445     
  2.234734448831865E+024  -7.51394134450468     
  2.280620502678330E+024  -7.49089244467491     
  2.327349923494644E+024  -7.46784354484514     
  2.374935128080597E+024  -7.44479464501537     
  2.423388637863835E+024  -7.42174574518560     
  2.472723078563083E+024  -7.39869684535583     
  2.522951179869544E+024  -7.37564794552606     
  2.574085775148896E+024  -7.35259904569629     
  2.626139801166369E+024  -7.32955014586652     
  2.679126297837297E+024  -7.30650124603675     
  2.733058408005600E+024  -7.28345234620698     
  2.787949377252622E+024  -7.26040344637721     
  2.843812553738674E+024  -7.23735454654744     
  2.900661388079693E+024  -7.21430564671767     
  2.958509433261311E+024  -7.19125674688790     
  3.017370344592643E+024  -7.16820784705813     
  3.077257879702027E+024  -7.14515894722836     
  3.138185898576927E+024  -7.12211004739859     
  3.200168363650094E+024  -7.09906114756882     
  3.263219339934114E+024  -7.07601224773905     
  3.327352995206321E+024  -7.05296334790928     
  3.392583600246014E+024  -7.02991444807951     
  3.458925529125859E+024  -7.00686554824974     
  3.526393259559242E+024  -6.98381664841997     
  3.595001373305294E+024  -6.96076774859020     
  3.664764556633183E+024  -6.93771884876043     
  3.735697600847252E+024  -6.91466994893066     
  3.807815402874338E+024  -6.89162104910089     
  3.881132965914750E+024  -6.86857214927112     
  3.955665400158033E+024  -6.84552324944135     
  4.031427923564738E+024  -6.82247434961158     
  4.108435862715214E+024  -6.79942544978181     
  4.186704653726400E+024  -6.77637654995204     
  4.266249843237432E+024  -6.75332765012227     
  4.347087089464857E+024  -6.73027875029250     
  4.429232163328055E+024  -6.70722985046273     
  4.512700949645466E+024  -6.68418095063296     
  4.597509448402037E+024  -6.66113205080319     
  4.683673776088270E+024  -6.63808315097342     
  4.771210167111087E+024  -6.61503425114365     
  4.860134975276738E+024  -6.59198535131388     
  4.950464675345755E+024  -6.56893645148411     
  5.042215864659971E+024  -6.54588755165434     
  5.135405264841501E+024  -6.52283865182457     
  5.230049723563479E+024  -6.49978975199480     
  5.326166216392272E+024  -6.47674085216503     
  5.423771848700832E+024  -6.45369195233526     
  5.522883857652779E+024  -6.43064305250549     
  5.623519614256695E+024  -6.40759415267572     
  5.725696625490072E+024  -6.38454525284595     
  5.829432536492291E+024  -6.36149635301618     
  5.934745132825977E+024  -6.33844745318641     
  6.041652342805925E+024  -6.31539855335664     
  6.150172239894894E+024  -6.29234965352687     
  6.260323045165365E+024  -6.26930075369710     
  6.372123129826426E+024  -6.24625185386733     
  6.485591017814845E+024  -6.22320295403756     
  6.600745388449439E+024  -6.20015405420779     
  6.717605079147651E+024  -6.17710515437802     
  6.836189088203476E+024  -6.15405625454825     
  6.956516577625592E+024  -6.13100735471848     
  7.078606876034740E+024  -6.10795845488871     
  7.202479481619251E+024  -6.08490955505894     
  7.328154065147697E+024  -6.06186065522917     
  7.455650473037560E+024  -6.03881175539940     
  7.584988730478909E+024  -6.01576285556963     
  7.716189044611977E+024  -5.99271395573986     
  7.849271807757593E+024  -5.96966505591009     
  7.984257600699417E+024  -5.94661615608032     
  8.121167196016961E+024  -5.92356725625055     
  8.260021561468364E+024  -5.90051835642078     
  8.400841863421898E+024  -5.87746945659101     
  8.543649470335241E+024  -5.85442055676124     
  8.688465956281589E+024  -5.83137165693147     
  8.835313104521614E+024  -5.80832275710170     
  8.984212911120393E+024  -5.78527385727193     
  9.135187588608444E+024  -5.76222495744216     
  9.288259569686002E+024  -5.73917605761239     
  9.443451510969726E+024  -5.71612715778262     
  9.600786296781106E+024  -5.69307825795285     
  9.760287042975738E+024  -5.67002935812308     
  9.921977100812871E+024  -5.64698045829331     
  1.008588006086446E+025  -5.62393155846354     
  1.025201975696322E+025  -5.60088265863377     
  1.042042027018897E+025  -5.57783375880400     
  1.059110593289282E+025  -5.55478485897423     
  1.076410133275862E+025  -5.53173595914446     
  1.093943131690133E+025  -5.50868705931469     
  1.111712099600174E+025  -5.48563815948492     
  1.129719574847726E+025  -5.46258925965515     
  1.147968122468853E+025  -5.43954035982538     
  1.166460335118126E+025  -5.41649145999561     
  1.185198833496348E+025  -5.39344256016584     
  1.204186266781757E+025  -5.37039366033607     
  1.223425313064728E+025  -5.34734476050630     
  1.242918679785926E+025  -5.32429586067653     
  1.262669104177933E+025  -5.30124696084676     
  1.282679353710328E+025  -5.27819806101699     
  1.302952226538224E+025  -5.25514916118722     
  1.323490551954256E+025  -5.23210026135745     
  1.344297190844055E+025  -5.20905136152768     
  1.365375036145184E+025  -5.18600246169791     
  1.386727013309578E+025  -5.16295356186814     
  1.408356080769490E+025  -5.13990466203837     
  1.430265230406984E+025  -5.11685576220860     
  1.452457488026975E+025  -5.09380686237883     
  1.474935913833869E+025  -5.07075796254906     
  1.497703602911817E+025  -5.04770906271929     
  1.520763685708645E+025  -5.02466016288952     
  1.544119328523453E+025  -5.00161126305975     
  1.567773733997985E+025  -4.97856236322998     
  1.591730141611754E+025  -4.95551346340021     
  1.615991828181018E+025  -4.93246456357044     
  1.640562108361632E+025  -4.90941566374067     
  1.665444335155829E+025  -4.88636676391090     
  1.690641900423004E+025  -4.86331786408113     
  1.716158235394536E+025  -4.84026896425136     
  1.741996811192723E+025  -4.81722006442159     
  1.768161139353898E+025  -4.79417116459182     
  1.794654772355764E+025  -4.77112226476205     
  1.821481304149061E+025  -4.74807336493228     
  1.848644370693585E+025  -4.72502446510251     
  1.876147650498667E+025  -4.70197556527274     
  1.903994865168168E+025  -4.67892666544297     
  1.932189779950075E+025  -4.65587776561320     
  1.960736204290767E+025  -4.63282886578343     
  1.989637992394034E+025  -4.60977996595366     
  2.018899043784937E+025  -4.58673106612389     
  2.048523303878576E+025  -4.56368216629412     
  2.078514764553867E+025  -4.54063326646435     
  2.108877464732406E+025  -4.51758436663458     
  2.139615490962500E+025  -4.49453546680481     
  2.170732978008472E+025  -4.47148656697504     
  2.202234109445317E+025  -4.44843766714527     
  2.234123118258802E+025  -4.42538876731550     
  2.266404287451100E+025  -4.40233986748573     
  2.299081950652073E+025  -4.37929096765596     
  2.332160492736274E+025  -4.35624206782619     
  2.365644350445773E+025  -4.33319316799642     
  2.399538013018909E+025  -4.31014426816665     
  2.433846022825072E+025  -4.28709536833688     
  2.468572976005607E+025  -4.26404646850711     
  2.503723523120934E+025  -4.24099756867734     
  2.539302369804018E+025  -4.21794866884757     
  2.575314277420249E+025  -4.19489976901780     
  2.611764063733880E+025  -4.17185086918803     
  2.648656603581099E+025  -4.14880196935826     
  2.685996829549854E+025  -4.12575306952849     
  2.723789732666546E+025  -4.10270416969872     
  2.762040363089687E+025  -4.07965526986895     
  2.800753830810644E+025  -4.05660637003918     
  2.839935306361566E+025  -4.03355747020941     
  2.879590021530635E+025  -4.01050857037964     
  2.919723270084725E+025  -3.98745967054987     
  2.960340408499600E+025  -3.96441077072010     
  3.001446856697776E+025  -3.94136187089033     
  3.043048098794140E+025  -3.91831297106056     
  3.085149683849472E+025  -3.89526407123079     
  3.127757226631967E+025  -3.87221517140102     
  3.170876408386899E+025  -3.84916627157125     
  3.214512977614549E+025  -3.82611737174148     
  3.258672750856489E+025  -3.80306847191171     
  3.303361613490396E+025  -3.78001957208194     
  3.348585520533501E+025  -3.75697067225217     
  3.394350497454784E+025  -3.73392177242239     
  3.440662640996087E+025  -3.71087287259262     
  3.487528120002233E+025  -3.68782397276285     
  3.534953176260329E+025  -3.66477507293308     
  3.582944125348345E+025  -3.64172617310331     
  3.631507357493145E+025  -3.61867727327354     
  3.680649338438093E+025  -3.59562837344377     
  3.730376610320369E+025  -3.57257947361400     
  3.780695792558158E+025  -3.54953057378423     
  3.831613582747841E+025  -3.52648167395446     
  3.883136757571355E+025  -3.50343277412469     
  3.935272173713854E+025  -3.48038387429492     
  3.988026768791844E+025  -3.45733497446515     
  4.041407562291941E+025  -3.43428607463538     
  4.095421656520409E+025  -3.41123717480561     
  4.150076237563652E+025  -3.38818827497584     
  4.205378576259829E+025  -3.36513937514607     
  4.261336029181725E+025  -3.34209047531630     
  4.317956039631135E+025  -3.31904157548653     
  4.375246138644848E+025  -3.29599267565676     
  4.433213946012476E+025  -3.27294377582699     
  4.491867171306291E+025  -3.24989487599722     
  4.551213614923276E+025  -3.22684597616745     
  4.611261169139584E+025  -3.20379707633768     
  4.672017819177584E+025  -3.18074817650790     
  4.733491644285777E+025  -3.15769927667813     
  4.795690818831698E+025  -3.13465037684836     
  4.858623613408125E+025  -3.11160147701859     
  4.922298395952756E+025  -3.08855257718882     
  4.986723632881633E+025  -3.06550367735905     
  5.051907890236562E+025  -3.04245477752928     
  5.117859834846736E+025  -3.01940587769951     
  5.184588235504920E+025  -2.99635697786974     
  5.252101964158386E+025  -2.97330807803997     
  5.320409997114940E+025  -2.95025917821020     
  5.389521416264319E+025  -2.92721027838043     
  5.459445410315302E+025  -2.90416137855066     
  5.530191276048830E+025  -2.88111247872089     
  5.601768419587503E+025  -2.85806357889112     
  5.674186357681797E+025  -2.83501467906135     
  5.747454719013410E+025  -2.81196577923158     
  5.821583245516106E+025  -2.78891687940181     
  5.896581793714480E+025  -2.76586797957204     
  5.972460336081102E+025  -2.74281907974227     
  6.049228962412495E+025  -2.71977017991250     
  6.126897881224431E+025  -2.69672128008273     
  6.205477421167071E+025  -2.67367238025296     
  6.284978032460500E+025  -2.65062348042318     
  6.365410288351243E+025  -2.62757458059341     
  6.446784886590356E+025  -2.60452568076364     
  6.529112650933774E+025  -2.58147678093387     
  6.612404532665602E+025  -2.55842788110410     
  6.696671612145090E+025  -2.53537898127433     
  6.781925100378054E+025  -2.51233008144456     
  6.868176340613633E+025  -2.48928118161479     
  6.955436809967249E+025  -2.46623228178502     
  7.043718121070713E+025  -2.44318338195525     
  7.133032023750525E+025  -2.42013448212548     
  7.223390406735458E+025  -2.39708558229571     
  7.314805299394571E+025  -2.37403668246594     
  7.407288873506945E+025  -2.35098778263617     
  7.500853445064437E+025  -2.32793888280640     
  7.595511476108943E+025  -2.30488998297663     
  7.691275576605677E+025  -2.28184108314686     
  7.788158506354125E+025  -2.25879218331709     
  7.886173176938508E+025  -2.23574328348732     
  7.985332653719605E+025  -2.21269438365755     
  8.085650157870037E+025  -2.18964548382778     
  8.187139068455229E+025  -2.16659658399801     
  8.289812924562439E+025  -2.14354768416824     
  8.393685427480401E+025  -2.12049878433846     
  8.498770442932432E+025  -2.09744988450869     
  8.605082003365862E+025  -2.07440098467892     
  8.712634310301189E+025  -2.05135208484915     
  8.821441736744286E+025  -2.02830318501938     
  8.931518829665488E+025  -2.00525428518961     
  9.042880312549604E+025  -1.98220538535984     
  9.155541088021257E+025  -1.95915648553007     
  9.269516240550261E+025  -1.93610758570030     
  9.384821039242128E+025  -1.91305868587053     
  9.501470940719298E+025  -1.89000978604076     
  9.619481592099019E+025  -1.86696088621099     
  9.738868834074375E+025  -1.84391198638122     
  9.859648704105452E+025  -1.82086308655145     
  9.981837439728194E+025  -1.79781418672168     
  1.010545148198916E+026  -1.77476528689191     
  1.023050747901510E+026  -1.75171638706214     
  1.035702228972684E+026  -1.72866748723237     
  1.048501298770801E+026  -1.70561858740260     
  1.061449686523989E+026  -1.68256968757283     
  1.074549143751437E+026  -1.65952078774306     
  1.087801444703865E+026  -1.63647188791329     
  1.101208386824563E+026  -1.61342298808352     
  1.114771791232584E+026  -1.59037408825375     
  1.128493503229769E+026  -1.56732518842398     
  1.142375392833430E+026  -1.54427628859421     
  1.156419355336686E+026  -1.52122738876444     
  1.170627311898601E+026  -1.49817848893467     
  1.185001210166469E+026  -1.47512958910490     
  1.199543024932783E+026  -1.45208068927513     
  1.214254758829652E+026  -1.42903178944536     
  1.229138443063652E+026  -1.40598288961559     
  1.244196138194383E+026  -1.38293398978582     
  1.259429934960255E+026  -1.35988508995605     
  1.274841955155366E+026  -1.33683619012628     
  1.290434352561639E+026  -1.31378729029651     
  1.306209313940783E+026  -1.29073839046674     
  1.322169060091031E+026  -1.26768949063697     
  1.338315846974022E+026  -1.24464059080720     
  1.354651966917733E+026  -1.22159169097743     
  1.371179749901826E+026  -1.19854279114766     
  1.387901564932385E+026  -1.17549389131789     
  1.404819821513647E+026  -1.15244499148811     
  1.421936971225001E+026  -1.12939609165834     
  1.439255509412296E+026  -1.10634719182857     
  1.456777977003335E+026  -1.08329829199880     
  1.474506962458321E+026  -1.06024939216903     
  1.492445103867044E+026  -1.03720049233926     
  1.510595091205693E+026  -1.01415159250949     
  1.528959668767378E+026 -0.991102692679724     
  1.547541637781805E+026 -0.968053792849953     
  1.566343859241017E+026 -0.945004893020183     
  1.585369256949724E+026 -0.921955993190413     
  1.604620820820600E+026 -0.898907093360643     
  1.624101610436870E+026 -0.875858193530872     
  1.643814758906749E+026 -0.852809293701102     
  1.663763477036787E+026 -0.829760393871332     
  1.683951057853855E+026 -0.806711494041562     
  1.704380881508601E+026 -0.783662594211792     
  1.725056420596593E+026 -0.760613694382021     
  1.745981245937165E+026 -0.737564794552251     
  1.767159032854228E+026 -0.714515894722481     
  1.788593568008104E+026 -0.691466994892711     
  1.810288756832758E+026 -0.668418095062941     
  1.832248631638862E+026 -0.645369195233170     
  1.854477360449898E+026 -0.622320295403400     
  1.876979256646205E+026 -0.599271395573630     
  1.899758789500537E+026 -0.576222495743860     
  1.922820595698606E+026 -0.553173595914090     
  1.946169491949255E+026 -0.530124696084319     
  1.969810488801744E+026 -0.507075796254549     
  1.993748805802205E+026 -0.484026896424779     
  2.017989888138136E+026 -0.460977996595009     
  2.042539424938989E+026 -0.437929096765239     
  2.067403369423145E+026 -0.414880196935468     
  2.092587961107153E+026 -0.391831297105698     
  2.118099750322868E+026 -0.368782397275928     
  2.143945625322596E+026 -0.345733497446158     
  2.170132842292705E+026 -0.322684597616387     
  2.196669058643233E+026 -0.299635697786617     
  2.223562369996444E+026 -0.276586797956847     
  2.250821351362486E+026 -0.253537898127077     
  2.278455103067526E+026 -0.230488998297307     
  2.306473302091426E+026 -0.207440098467536     
  2.334886259581371E+026 -0.184391198637766     
  2.363704985438861E+026 -0.161342298807996     
  2.392941261035102E+026 -0.138293398978226     
  2.422607721300390E+026 -0.115244499148455     
  2.452717947664578E+026 -9.219559931868521E-002
  2.483286573608526E+026 -6.914669948891498E-002
  2.514329404933673E+026 -4.609779965914476E-002
  2.545863557285842E+026 -2.304889982937454E-002
  2.577907614002569E+026  3.956904248703097E-013
