   4909471938.39074       -23.0258509299405     
  7.898045250872678E+016  -22.9735811737228     
  1.621939150684681E+017  -22.9213114175052     
  2.498749426132105E+017  -22.8690416612875     
  3.422611011666696E+017  -22.8167719050699     
  4.396046983086260E+017  -22.7645021488523     
  5.421717461102912E+017  -22.7122323926346     
  6.502425348793649E+017  -22.6599626364170     
  7.641123923778619E+017  -22.6076928801993     
  8.840924961856842E+017  -22.5554231239817     
  1.010510724179789E+018  -22.5031533677641     
  1.143712544975469E+018  -22.4508836115464     
  1.284061962213400E+018  -22.3986138553288     
  1.431942517106158E+018  -22.3463440991112     
  1.587758332162354E+018  -22.2940743428935     
  1.751935210781697E+018  -22.2418045866759     
  1.924921803432632E+018  -22.1895348304582     
  2.107190842216172E+018  -22.1372650742406     
  2.299240423848549E+018  -22.0849953180230     
  2.501595367490203E+018  -22.0327255618053     
  2.714808655751102E+018  -21.9804558055877     
  2.939462951212470E+018  -21.9281860493700     
  3.176172177322430E+018  -21.8759162931524     
  3.425583194490977E+018  -21.8236465369348     
  3.688377580170507E+018  -21.7713767807171     
  3.965273489636812E+018  -21.7191070244995     
  4.257027607115845E+018  -21.6668372682818     
  4.564437214892595E+018  -21.6145675120642     
  4.888342389245825E+018  -21.5622977558466     
  5.229628284619381E+018  -21.5100279996289     
  5.589227543192949E+018  -21.4577582434113     
  5.968122850610111E+018  -21.4054884871937     
  6.367349638400236E+018  -21.3532187309760     
  6.787998893361362E+018  -21.3009489747584     
  7.231220132720718E+018  -21.2486792185407     
  7.698224562227069E+018  -21.1964094623231     
  8.190288394430039E+018  -21.1441397061055     
  8.708756312019712E+018  -21.0918699498878     
  9.255045140227303E+018  -21.0396001936702     
  9.830647747153814E+018  -20.9873304374525     
  1.043713711514952E+019  -20.9350606812349     
  1.107617061622660E+019  -20.8827909250173     
  1.174949454597822E+019  -20.8305211687996     
  1.245894893277711E+019  -20.7782514125820     
  1.320647253715242E+019  -20.7259816563644     
  1.399410813183630E+019  -20.6737119001467     
  1.482400810284083E+019  -20.6214421439291     
  1.569844036417405E+019  -20.5691723877114     
  1.661979451036491E+019  -20.5169026314938     
  1.759058833520063E+019  -20.4646328752762     
  1.861347475269326E+019  -20.4123631190585     
  1.969124905737399E+019  -20.3600933628409     
  2.082685651207193E+019  -20.3078236066232     
  2.202340039429769E+019  -20.2555538504056     
  2.328415054136866E+019  -20.2032840941880     
  2.461255225883327E+019  -20.1510143379703     
  2.601223568904486E+019  -20.0987445817527     
  2.748702574631512E+019  -20.0464748255351     
  2.904095264754817E+019  -19.9942050693174     
  3.067826285563388E+019  -19.9419353130998     
  3.240343064906578E+019  -19.8896655568821     
  3.422117039707107E+019  -19.8373958006645     
  3.613644950334614E+019  -19.7851260444469     
  3.815450188133239E+019  -19.7328562882292     
  4.028084223664444E+019  -19.6805865320116     
  4.252128123337587E+019  -19.6283167757939     
  4.488194137866343E+019  -19.5760470195763     
  4.736927364725503E+019  -19.5237772633587     
  4.999007511129427E+019  -19.4715075071410     
  5.275150765915220E+019  -19.4192377509234     
  5.566111748824292E+019  -19.3669679947057     
  5.872685563361269E+019  -19.3146982384881     
  6.195709973902666E+019  -19.2624284822705     
  6.536067711124418E+019  -19.2101587260528     
  6.894688867722215E+019  -19.1578889698352     
  7.272553433369670E+019  -19.1056192136176     
  7.670693984788531E+019  -19.0533494573999     
  8.090198517979872E+019  -19.0010797011823     
  8.532213399755319E+019  -18.9488099449646     
  8.997946496823288E+019  -18.8965401887470     
  9.488670498908711E+019  -18.8442704325294     
  1.000572639389180E+020  -18.7920006763117     
  1.055052711017077E+020  -18.7397309200941     
  1.112456137924552E+020  -18.6874611638764     
  1.172939783550246E+020  -18.6351914076588     
  1.236668928157663E+020  -18.5829216514412     
  1.303817718629460E+020  -18.5306518952235     
  1.374569645524954E+020  -18.4783821390059     
  1.449118047682243E+020  -18.4261123827883     
  1.527666636721212E+020  -18.3738426265706     
  1.610430052402463E+020  -18.3215728703530     
  1.697634452090715E+020  -18.2693031141353     
  1.789518130377431E+020  -18.2170333579177     
  1.886332165557868E+020  -18.1647636017001     
  1.988341105100283E+020  -18.1124938454824     
  2.095823693648520E+020  -18.0602240892648     
  2.209073633218075E+020  -18.0079543330471     
  2.328400381150925E+020  -17.9556845768295     
  2.454129996300884E+020  -17.9034148206119     
  2.586606036724924E+020  -17.8511450643942     
  2.726190492978852E+020  -17.7988753081766     
  2.873264773484463E+020  -17.7466055519589     
  3.028230749739874E+020  -17.6943357957413     
  3.191511860438373E+020  -17.6420660395237     
  3.363554259727554E+020  -17.5897962833060     
  3.544828033636634E+020  -17.5375265270884     
  3.735828491453988E+020  -17.4852567708708     
  3.937077520961583E+020  -17.4329870146531     
  4.149125004219469E+020  -17.3807172584355     
  4.372550318845218E+020  -17.3284475022178     
  4.607963932339215E+020  -17.2761777460002     
  4.856009064668348E+020  -17.2239079897826     
  5.117363435962449E+020  -17.1716382335649     
  5.392741119811844E+020  -17.1193684773473     
  5.682894507983243E+020  -17.0670987211296     
  5.988616352148444E+020  -17.0148289649120     
  6.310741921771587E+020  -16.9625592086944     
  6.650151293347280E+020  -16.9102894524767     
  7.007771765153809E+020  -16.8580196962591     
  7.384580370375567E+020  -16.8057499400415     
  7.781606540363486E+020  -16.7534801838238     
  8.199934932406157E+020  -16.7012104276062     
  8.640708392450233E+020  -16.6489406713885     
  9.105131054373510E+020  -16.5966709151709     
  9.594471626390185E+020  -16.5444011589533     
  1.011006688041345E+021  -16.4921314027356     
  1.065332528635591E+021  -16.4398616465180     
  1.122573083773541E+021  -16.3875918903003     
  1.182884710836714E+021  -16.3353221340827     
  1.246432154889254E+021  -16.2830523778651     
  1.313388995090103E+021  -16.2307826216474     
  1.383938116896346E+021  -16.1785128654298     
  1.458272213072631E+021  -16.1262431092121     
  1.536594311329600E+021  -16.0739733529945     
  1.619118323941195E+021  -16.0217035967769     
  1.706069630311638E+021  -15.9694338405592     
  1.797685695561407E+021  -15.9171640843416     
  1.894216717561539E+021  -15.8648943281240     
  1.995926304708426E+021  -15.8126245719063     
  2.103092194556597E+021  -15.7603548156887     
  2.216007016526881E+021  -15.7080850594710     
  2.334979085417995E+021  -15.6558153032534     
  2.460333237718523E+021  -15.6035455470358     
  2.592411718399184E+021  -15.5512757908181     
  2.731575118995757E+021  -15.4990060346005     
  2.878203352315577E+021  -15.4467362783828     
  3.032696684056244E+021  -15.3944665221652     
  3.195476827429228E+021  -15.3421967659476     
  3.366988093945249E+021  -15.2899270097299     
  3.547698593272036E+021  -15.2376572535123     
  3.738101505033540E+021  -15.1853874972946     
  3.938716429090461E+021  -15.1331177410770     
  4.150090795520148E+021  -15.0808479848594     
  4.372801343454351E+021  -15.0285782286417     
  4.607455688720574E+021  -14.9763084724241     
  4.854693986499529E+021  -14.9240387162065     
  5.115190659340431E+021  -14.8717689599888     
  5.389656220182518E+021  -14.8194992037712     
  5.678839205131198E+021  -14.7672294475535     
  5.983528214872983E+021  -14.7149596913359     
  6.304554036038229E+021  -14.6626899351183     
  6.642791887000464E+021  -14.6104201789006     
  6.999163800574978E+021  -14.5581504226830     
  7.374641123973445E+021  -14.5058806664653     
  7.770247127605174E+021  -14.4536109102477     
  8.187059769541328E+021  -14.4013411540301     
  8.626214629344875E+021  -14.3490713978124     
  9.088907965916865E+021  -14.2968016415948     
  9.576399927895239E+021  -14.2445318853772     
  1.009001795524627E+022  -14.1922621291595     
  1.063116038295002E+022  -14.1399923729419     
  1.120130018214510E+022  -14.0877226167242     
  1.180198890913835E+022  -14.0354528605066     
  1.243486089038416E+022  -13.9831831042890     
  1.310163763369521E+022  -13.9309133480713     
  1.380413241196291E+022  -13.8786435918537     
  1.454425511453762E+022  -13.8263738356360     
  1.532401739169087E+022  -13.7741040794184     
  1.614553803895850E+022  -13.7218343232008     
  1.701104861861915E+022  -13.6695645669831     
  1.792289941194330E+022  -13.6172948107655     
  1.888356572976353E+022  -13.5650250545478     
  1.989565447454708E+022  -13.5127552983302     
  2.096191103265732E+022  -13.4604855421126     
  2.208522656977770E+022  -13.4082157858949     
  2.326864574479376E+022  -13.3559460296773     
  2.451537470523970E+022  -13.3036762734597     
  2.582878952470040E+022  -13.2514065172420     
  2.721244513473569E+022  -13.1991367610244     
  2.867008471194782E+022  -13.1468670048067     
  3.020564942490356E+022  -13.0945972485891     
  3.182328873811625E+022  -13.0423274923715     
  3.352737132322383E+022  -12.9900577361538     
  3.532249643926343E+022  -12.9377879799362     
  3.721350580829798E+022  -12.8855182237185     
  3.920549616704435E+022  -12.8332484675009     
  4.130383254499374E+022  -12.7809787112833     
  4.351416202359294E+022  -12.7287089550656     
  4.584242817516362E+022  -12.6764391988480     
  4.829488631300002E+022  -12.6241694426304     
  5.087811955977275E+022  -12.5718996864127     
  5.359905545359116E+022  -12.5196299301951     
  5.646498343885000E+022  -12.4673601739774     
  5.948357333482562E+022  -12.4150904177598     
  6.266289465205549E+022  -12.3628206615422     
  6.601143659848176E+022  -12.3105509053245     
  6.953812916476551E+022  -12.2582811491069     
  7.325236537805277E+022  -12.2060113928892     
  7.716402437881568E+022  -12.1537416366716     
  8.128349543639837E+022  -12.1014718804540     
  8.562170322969532E+022  -12.0492021242363     
  9.019013446605809E+022  -11.9969323680187     
  9.500086529122682E+022  -11.9446626118010     
  1.000665899493745E+023  -11.8923928555834     
  1.054006509063689E+023  -11.8401230993658     
  1.110170703758858E+023  -11.7878533431481     
  1.169305826938424E+023  -11.7355835869305     
  1.231566682395151E+023  -11.6833138307129     
  1.297115890423116E+023  -11.6310440744952     
  1.366124256910548E+023  -11.5787743182776     
  1.438771153038481E+023  -11.5265045620599     
  1.515244912647877E+023  -11.4742348058423     
  1.595743248471749E+023  -11.4219650496247     
  1.680473678997553E+023  -11.3696952934070     
  1.769653969243915E+023  -11.3174255371894     
  1.863512590631540E+023  -11.2651557809717     
  1.962289200299538E+023  -11.2128860247541     
  2.066235128267510E+023  -11.1606162685365     
  2.175613881908110E+023  -11.1083465123188     
  2.290701670408052E+023  -11.0560767561012     
  2.411787946015226E+023  -11.0038069998836     
  2.539175951741646E+023  -10.9515372436659     
  2.673183288043291E+023  -10.8992674874483     
  2.814142499684848E+023  -10.8469977312306     
  2.962401672786515E+023  -10.7947279750130     
  3.118325038767901E+023  -10.7424582187954     
  3.282293596244352E+023  -10.6901884625777     
  3.454705751288190E+023  -10.6379187063601     
  3.635977958251504E+023  -10.5856489501424     
  3.826545368508346E+023  -10.5333791939248     
  4.026862493563755E+023  -10.4811094377072     
  4.237403880340563E+023  -10.4288396814895     
  4.458664776803821E+023  -10.3765699252719     
  4.691161804750843E+023  -10.3243001690542     
  4.935433641454690E+023  -10.2720304128366     
  5.192041700560622E+023  -10.2197606566190     
  5.461570795767203E+023  -10.1674909004013     
  5.744629806499158E+023  -10.1152211441837     
  6.041852344922187E+023  -10.0629513879661     
  6.353897403559575E+023  -10.0106816317484     
  6.681449981047310E+023  -9.95841187553078     
  7.025221700502821E+023  -9.90614211931314     
  7.385951418436717E+023  -9.85387236309550     
  7.764405793916632E+023  -9.80160260687786     
  8.161379832652060E+023  -9.74933285066022     
  8.577697412492150E+023  -9.69706309444258     
  9.014211783927916E+023  -9.64479333822494     
  9.471806015249458E+023  -9.59252358200731     
  9.951393408757492E+023  -9.54025382578967     
  1.045391788870549E+024  -9.48798406957203     
  1.098035434496413E+024  -9.43571431335439     
  1.153170891630966E+024  -9.38344455713675     
  1.210901923997057E+024  -9.33117480091911     
  1.271335466700580E+024  -9.27890504470147     
  1.334581641683958E+024  -9.22663528848384     
  1.400753767746384E+024  -9.17436553226620     
  1.469968367039253E+024  -9.12209577604856     
  1.542345168014061E+024  -9.06982601983092     
  1.618007101723296E+024  -9.01755626361328     
  1.697080294233943E+024  -8.96528650739564     
  1.779694056197065E+024  -8.91301675117800     
  1.865980869221444E+024  -8.86074699496037     
  1.956076366833831E+024  -8.80847723874273     
  2.050119313731451E+024  -8.75620748252509     
  2.148251583969562E+024  -8.70393772630745     
  2.250618136961460E+024  -8.65166797008981     
  2.357366991094510E+024  -8.59939821387217     
  2.468649198271385E+024  -8.54712845765453     
  2.584618820046067E+024  -8.49485870143690     
  2.705432903468439E+024  -8.44258894521926     
  2.831251458596398E+024  -8.39031918900162     
  2.962237439940071E+024  -8.33804943278398     
  3.098556732430019E+024  -8.28577967656634     
  3.240378139773318E+024  -8.23350992034870     
  3.387873378577542E+024  -8.18124016413106     
  3.541217079497392E+024  -8.12897040791342     
  3.700586795324989E+024  -8.07670065169578     
  3.866163014559191E+024  -8.02443089547815     
  4.038129183980208E+024  -7.97216113926051     
  4.216671740919565E+024  -7.91989138304287     
  4.401980153868077E+024  -7.86762162682523     
  4.594246971361571E+024  -7.81535187060759     
  4.793667881831022E+024  -7.76308211438995     
  5.000441784815701E+024  -7.71081235817231     
  5.214770870726802E+024  -7.65854260195467     
  5.436860710804036E+024  -7.60627284573704     
  5.666920358757378E+024  -7.55400308951940     
  5.905162463975111E+024  -7.50173333330176     
  6.151803392586727E+024  -7.44946357708412     
  6.407063359518373E+024  -7.39719382086648     
  6.431323980128127E+024  -7.39231758885311     
  6.455661744249921E+024  -7.38744135683973     
  6.480076836214509E+024  -7.38256512482635     
  6.504569440352634E+024  -7.37768889281298     
  6.529139741044420E+024  -7.37281266079960     
  6.553787923465858E+024  -7.36793642878623     
  6.578514173436196E+024  -7.36306019677285     
  6.603318676793102E+024  -7.35818396475948     
  6.628201619374232E+024  -7.35330773274610     
  6.653163187176731E+024  -7.34843150073273     
  6.678203567189549E+024  -7.34355526871935     
  6.703322946782300E+024  -7.33867903670598     
  6.728521513325389E+024  -7.33380280469260     
  6.753799454189764E+024  -7.32892657267923     
  6.779156957117048E+024  -7.32405034066585     
  6.804594210864483E+024  -7.31917410865248     
  6.830111404361691E+024  -7.31429787663910     
  6.855708726538289E+024  -7.30942164462573     
  6.881386366340961E+024  -7.30454541261235     
  6.907144513375326E+024  -7.29966918059898     
  6.932983358100548E+024  -7.29479294858560     
  6.958903091032587E+024  -7.28991671657223     
  6.984903902687400E+024  -7.28504048455885     
  7.010985983663430E+024  -7.28016425254547     
  7.037149525491840E+024  -7.27528802053210     
  7.063394720293389E+024  -7.27041178851872     
  7.089721760198131E+024  -7.26553555650535     
  7.116130837336118E+024  -7.26065932449197     
  7.142622144070278E+024  -7.25578309247860     
  7.169195873854105E+024  -7.25090686046522     
  7.195852220460088E+024  -7.24603062845185     
  7.222591377660754E+024  -7.24115439643847     
  7.249413539231620E+024  -7.23627816442510     
  7.276318899443001E+024  -7.23140193241172     
  7.303307653607066E+024  -7.22652570039835     
  7.330379997167795E+024  -7.22164946838497     
  7.357536125569179E+024  -7.21677323637160     
  7.384776234289377E+024  -7.21189700435822     
  7.412100519615198E+024  -7.20702077234485     
  7.439509178654950E+024  -7.20214454033147     
  7.467002408553674E+024  -7.19726830831810     
  7.494580406456417E+024  -7.19239207630472     
  7.522243369638511E+024  -7.18751584429135     
  7.549991496446522E+024  -7.18263961227797     
  7.577824985753100E+024  -7.17776338026459     
  7.605744036434526E+024  -7.17288714825122     
  7.633748847367118E+024  -7.16801091623784     
  7.661839617757807E+024  -7.16313468422447     
  7.690016547985389E+024  -7.15825845221109     
  7.718279838688169E+024  -7.15338222019772     
  7.746629690504435E+024  -7.14850598818434     
  7.775066304081707E+024  -7.14362975617097     
  7.803589880708122E+024  -7.13875352415759     
  7.832200622718663E+024  -7.13387729214422     
  7.860898732544973E+024  -7.12900106013084     
  7.889684412618701E+024  -7.12412482811747     
  7.918557865432953E+024  -7.11924859610409     
  7.947519294450442E+024  -7.11437236409072     
  7.976568903906592E+024  -7.10949613207734     
  8.005706898058288E+024  -7.10461990006397     
  8.034933481162416E+024  -7.09974366805059     
  8.064248857672803E+024  -7.09486743603722     
  8.093653233247894E+024  -7.08999120402384     
  8.123146814001407E+024  -7.08511497201047     
  8.152729806047905E+024  -7.08023873999709     
  8.182402415502706E+024  -7.07536250798371     
  8.212164848936727E+024  -7.07048627597034     
  8.242017314150013E+024  -7.06561004395696     
  8.271960019147790E+024  -7.06073381194359     
  8.301993171935286E+024  -7.05585757993021     
  8.332116980539267E+024  -7.05098134791684     
  8.362331653792569E+024  -7.04610511590346     
  8.392637401557540E+024  -7.04122888389009     
  8.423034433763571E+024  -7.03635265187671     
  8.453522960340059E+024  -7.03147641986334     
  8.484103191318872E+024  -7.02660018784996     
  8.514775337868603E+024  -7.02172395583659     
  8.545539611866098E+024  -7.01684772382321     
  8.576396225198950E+024  -7.01197149180984     
  8.607345389754747E+024  -7.00709525979646     
  8.638387317708431E+024  -7.00221902778309     
  8.669522222559123E+024  -6.99734279576971     
  8.700750318187078E+024  -6.99246656375634     
  8.732071818472609E+024  -6.98759033174296     
  8.763486937299932E+024  -6.98271409972959     
  8.794995889160573E+024  -6.97783786771621     
  8.826598889805948E+024  -6.97296163570284     
  8.858296155144095E+024  -6.96808540368946     
  8.890087901083074E+024  -6.96320917167608     
  8.921974343573743E+024  -6.95833293966271     
  8.953955699554731E+024  -6.95345670764933     
  8.986032186954184E+024  -6.94858047563596     
  9.018204023743414E+024  -6.94370424362258     
  9.050471427893710E+024  -6.93882801160921     
  9.082834617537701E+024  -6.93395177959583     
  9.115293812111232E+024  -6.92907554758246     
  9.147849231680732E+024  -6.92419931556908     
  9.180501096316748E+024  -6.91932308355571     
  9.213249626089851E+024  -6.91444685154233     
  9.246095041477559E+024  -6.90957061952896     
  9.279037564376816E+024  -6.90469438751558     
  9.312077416993855E+024  -6.89981815550221     
  9.345214821534921E+024  -6.89494192348883     
  9.378450000217984E+024  -6.89006569147546     
  9.411783176044902E+024  -6.88518945946208     
  9.445214573280132E+024  -6.88031322744871     
  9.478744416302508E+024  -6.87543699543533     
  9.512372929490869E+024  -6.87056076342196     
  9.546100337300545E+024  -6.86568453140858     
  9.579926865367545E+024  -6.86080829939521     
  9.613852740255691E+024  -6.85593206738183     
  9.647878188553772E+024  -6.85105583536845     
  9.682003436850589E+024  -6.84617960335508     
  9.716228711977719E+024  -6.84130337134170     
  9.750554242227277E+024  -6.83642713932833     
  9.784980256434891E+024  -6.83155090731495     
  9.819506983437116E+024  -6.82667467530158     
  9.854134652071506E+024  -6.82179844328820     
  9.888863491733981E+024  -6.81692221127483     
  9.923693733303541E+024  -6.81204597926145     
  9.958625607902724E+024  -6.80716974724808     
  9.993659346654060E+024  -6.80229351523470     
  1.002879518070713E+025  -6.79741728322133     
  1.006403334219360E+025  -6.79254105120795     
  1.009937406448179E+025  -6.78766481919458     
  1.013481758101885E+025  -6.78278858718120     
  1.017036412525196E+025  -6.77791235516783     
  1.020601393075492E+025  -6.77303612315445     
  1.024176723247980E+025  -6.76815989114108     
  1.027762426622515E+025  -6.76328365912770     
  1.031358526780183E+025  -6.75840742711433     
  1.034965047302072E+025  -6.75353119510095     
  1.038582011804510E+025  -6.74865496308758     
  1.042209444063631E+025  -6.74377873107420     
  1.045847367900835E+025  -6.73890249906082     
  1.049495807137527E+025  -6.73402626704745     
  1.053154785595616E+025  -6.72915003503407     
  1.056824327171034E+025  -6.72427380302070     
  1.060504455911009E+025  -6.71939757100732     
  1.064195195881251E+025  -6.71452133899395     
  1.067896571147471E+025  -6.70964510698057     
  1.071608605780697E+025  -6.70476887496720     
  1.075331323971681E+025  -6.69989264295382     
  1.079064750029437E+025  -6.69501641094045     
  1.082808908268008E+025  -6.69014017892707     
  1.086563823001437E+025  -6.68526394691370     
  1.090329518563569E+025  -6.68038771490032     
  1.094106019445450E+025  -6.67551148288695     
  1.097893350213062E+025  -6.67063525087357     
  1.101691535432847E+025  -6.66575901886020     
  1.105500599671255E+025  -6.66088278684682     
  1.109320567544360E+025  -6.65600655483345     
  1.113151463838585E+025  -6.65113032282007     
  1.116993313376877E+025  -6.64625409080670     
  1.120846140982186E+025  -6.64137785879332     
  1.124709971478941E+025  -6.63650162677994     
  1.128584829786544E+025  -6.63162539476657     
  1.132470740975190E+025  -6.62674916275319     
  1.136367730128477E+025  -6.62187293073982     
  1.140275822329999E+025  -6.61699669872644     
  1.144195042672770E+025  -6.61212046671307     
  1.148125416392090E+025  -6.60724423469969     
  1.152066968833509E+025  -6.60236800268632     
  1.156019725345448E+025  -6.59749177067294     
  1.159983711276332E+025  -6.59261553865957     
  1.163958952004190E+025  -6.58773930664619     
  1.167945473082212E+025  -6.58286307463282     
  1.171943300127769E+025  -6.57798684261944     
  1.175952458758332E+025  -6.57311061060607     
  1.179972974591504E+025  -6.56823437859269     
  1.184004873312541E+025  -6.56335814657932     
  1.188048180783639E+025  -6.55848191456594     
  1.192102922895566E+025  -6.55360568255257     
  1.196169125539092E+025  -6.54872945053919     
  1.200246814608345E+025  -6.54385321852582     
  1.204336016115701E+025  -6.53897698651244     
  1.208436756220360E+025  -6.53410075449906     
  1.212549061090681E+025  -6.52922452248569     
  1.216672956895024E+025  -6.52434829047231     
  1.220808469817209E+025  -6.51947205845894     
  1.224955626206165E+025  -6.51459582644556     
  1.229114452510773E+025  -6.50971959443219     
  1.233284975181309E+025  -6.50484336241881     
  1.237467220668047E+025  -6.49996713040544     
  1.241661215463957E+025  -6.49509089839206     
  1.245866986252488E+025  -6.49021466637869     
  1.250084559770193E+025  -6.48533843436531     
  1.254313962753626E+025  -6.48046220235194     
  1.258555221939985E+025  -6.47558597033856     
  1.262808364155557E+025  -6.47070973832519     
  1.267073416406041E+025  -6.46583350631181     
  1.271350405718668E+025  -6.46095727429844     
  1.275639359120671E+025  -6.45608104228506     
  1.279940303645806E+025  -6.45120481027169     
  1.284253266471086E+025  -6.44632857825831     
  1.288578274913067E+025  -6.44145234624494     
  1.292915356294092E+025  -6.43657611423156     
  1.297264537936503E+025  -6.43169988221818     
  1.301625847186634E+025  -6.42682365020481     
  1.305999311577993E+025  -6.42194741819143     
  1.325343172601077E+025  -6.40054092679746     
  1.344924164101520E+025  -6.37913443540349     
  1.364744655766804E+025  -6.35772794400952     
  1.384807041617584E+025  -6.33632145261555     
  1.405113740341954E+025  -6.31491496122158     
  1.425667195632823E+025  -6.29350846982761     
  1.446469876533790E+025  -6.27210197843363     
  1.467524277777940E+025  -6.25069548703966     
  1.488832920127584E+025  -6.22928899564569     
  1.510398350720502E+025  -6.20788250425172     
  1.532223143418681E+025  -6.18647601285775     
  1.554309899159498E+025  -6.16506952146378     
  1.576661246309384E+025  -6.14366303006981     
  1.599279841019975E+025  -6.12225653867583     
  1.622168367586777E+025  -6.10085004728186     
  1.645329538810373E+025  -6.07944355588789     
  1.668766096360193E+025  -6.05803706449392     
  1.692480811140877E+025  -6.03663057309995     
  1.716476483661254E+025  -6.01522408170598     
  1.740755944406735E+025  -5.99381759031201     
  1.765322054221653E+025  -5.97241109891803     
  1.790177704683665E+025  -5.95100460752406     
  1.815325818478300E+025  -5.92959811613009     
  1.840769349781483E+025  -5.90819162473612     
  1.866511284644961E+025  -5.88678513334215     
  1.892554641384605E+025  -5.86537864194818     
  1.918902470971629E+025  -5.84397215055421     
  1.945557857426752E+025  -5.82256565916023     
  1.972523918217376E+025  -5.80115916776626     
  1.999803804657791E+025  -5.77975267637229     
  2.027400702312475E+025  -5.75834618497832     
  2.055317831402546E+025  -5.73693969358435     
  2.083558447215378E+025  -5.71553320219038     
  2.112125840518228E+025  -5.69412671079641     
  2.141023337983681E+025  -5.67272021940243     
  2.170254302606668E+025  -5.65131372800846     
  2.199822134120804E+025  -5.62990723661449     
  2.229730269424597E+025  -5.60850074522052     
  2.259982183011282E+025  -5.58709425382655     
  2.290581387402228E+025  -5.56568776243258     
  2.321531433583940E+025  -5.54428127103861     
  2.352835911448739E+025  -5.52287477964463     
  2.384498450239165E+025  -5.50146828825066     
  2.416522718996158E+025  -5.48006179685669     
  2.448912427011094E+025  -5.45865530546272     
  2.481671324281714E+025  -5.43724881406875     
  2.514803201972019E+025  -5.41584232267478     
  2.548311892876964E+025  -5.39443583128081     
  2.582201271901081E+025  -5.37302933988683     
  2.616475256528567E+025  -5.35162284849286     
  2.651137807291580E+025  -5.33021635709889     
  2.686192928250708E+025  -5.30880986570492     
  2.721644667479973E+025  -5.28740337431095     
  2.757497117556259E+025  -5.26599688291698     
  2.793754416053204E+025  -5.24459039152300     
  2.830420746039627E+025  -5.22318390012903     
  2.867500336582570E+025  -5.20177740873506     
  2.904997463255002E+025  -5.18037091734109     
  2.942916448648259E+025  -5.15896442594712     
  2.981261662889306E+025  -5.13755793455315     
  3.020037524162851E+025  -5.11615144315918     
  3.059248499239177E+025  -5.09474495176520     
  3.098899104018270E+025  -5.07333846037123     
  3.138993904065547E+025  -5.05193196897726     
  3.179537515144301E+025  -5.03052547758329     
  3.220534603762958E+025  -5.00911898618932     
  3.261989887727960E+025  -4.98771249479535     
  3.303908136701980E+025  -4.96630600340138     
  3.346294172767612E+025  -4.94489951200740     
  3.389152870996553E+025  -4.92349302061343     
  3.432489160024373E+025  -4.90208652921946     
  3.476308022630938E+025  -4.88068003782549     
  3.520614496326560E+025  -4.85927354643152     
  3.565413673943965E+025  -4.83786705503755     
  3.610710704236115E+025  -4.81646056364358     
  3.656510792480722E+025  -4.79505407224960     
  3.702819201103641E+025  -4.77364758085563     
  3.749641250294265E+025  -4.75224108946166     
  3.796982318615604E+025  -4.73083459806769     
  3.844847843632207E+025  -4.70942810667372     
  3.893243322544855E+025  -4.68802161527975     
  3.942174312831651E+025  -4.66661512388578     
  3.991646432895609E+025  -4.64520863249180     
  4.041665362718755E+025  -4.62380214109783     
  4.092236844522906E+025  -4.60239564970386     
  4.143366683437116E+025  -4.58098915830989     
  4.195060748171912E+025  -4.55958266691592     
  4.247324971700402E+025  -4.53817617552195     
  4.300165351946308E+025  -4.51676968412798     
  4.353587952479681E+025  -4.49536319273400     
  4.407598903234270E+025  -4.47395670134003     
  4.462204401217553E+025  -4.45255020994606     
  4.517410711212774E+025  -4.43114371855209     
  4.573224166502182E+025  -4.40973722715812     
  4.629651169598244E+025  -4.38833073576415     
  4.686698192982412E+025  -4.36692424437018     
  4.744371779851342E+025  -4.34551775297620     
  4.802678544870765E+025  -4.32411126158223     
  4.861625174937022E+025  -4.30270477018826     
  4.921218429946346E+025  -4.28129827879429     
  4.981465143571995E+025  -4.25989178740032     
  5.042372224049231E+025  -4.23848529600635     
  5.103946654968285E+025  -4.21707880461238     
  5.166195496076004E+025  -4.19567231321840     
  5.229125884101938E+025  -4.17426582182443     
  5.292745033578009E+025  -4.15285933043046     
  5.357060237646574E+025  -4.13145283903649     
  5.422078868893296E+025  -4.11004634764252     
  5.487808380189246E+025  -4.08863985624855     
  5.554256305541440E+025  -4.06723336485457     
  5.621430260951776E+025  -4.04582687346060     
  5.689337945284492E+025  -4.02442038206663     
  5.757987141142176E+025  -4.00301389067266     
  5.827385715750320E+025  -3.98160739927869     
  5.897541621850558E+025  -3.96020090788472     
  5.968462898602506E+025  -3.93879441649075     
  6.040157672494324E+025  -3.91738792509678     
  6.112634158262594E+025  -3.89598143370280     
  6.185900659839186E+025  -3.87457494230883     
  6.259965571292639E+025  -3.85316845091486     
  6.334837377752880E+025  -3.83176195952089     
  6.410524656364238E+025  -3.81035546812692     
  6.487036077248493E+025  -3.78894897673295     
  6.564380404476638E+025  -3.76754248533897     
  6.642566497049383E+025  -3.74613599394500     
  6.721603309886289E+025  -3.72472950255103     
  6.801499894823532E+025  -3.70332301115706     
  6.882265401620227E+025  -3.68191651976309     
  6.963909078973259E+025  -3.66051002836912     
  7.046440275540495E+025  -3.63910353697515     
  7.129868440972293E+025  -3.61769704558117     
  7.214203126951794E+025  -3.59629055418720     
  7.299453988263488E+025  -3.57488406279323     
  7.385630783856275E+025  -3.55347757139926     
  7.472743377882151E+025  -3.53207108000529     
  7.560801740765392E+025  -3.51066458861132     
  7.649815950280845E+025  -3.48925809721735     
  7.739796192639251E+025  -3.46785160582337     
  7.830752763579379E+025  -3.44644511442940     
  7.922696069466637E+025  -3.42503862303543     
  8.015636628397843E+025  -3.40363213164146     
  8.109585071311734E+025  -3.38222564024749     
  8.204552143104886E+025  -3.36081914885352     
  8.300548703752504E+025  -3.33941265745955     
  8.397585729433639E+025  -3.31800616606557     
  8.495674313660761E+025  -3.29659967467160     
  8.594825668434841E+025  -3.27519318327763     
  8.695051125391046E+025  -3.25378669188366     
  8.796362136906483E+025  -3.23238020048969     
  8.898770277235757E+025  -3.21097370909572     
  9.002287243649243E+025  -3.18956721770175     
  9.106924857570658E+025  -3.16816072630777     
  9.212695065712977E+025  -3.14675423491380     
  9.319609941211591E+025  -3.12534774351983     
  9.427681684753423E+025  -3.10394125212586     
  9.536922625700863E+025  -3.08253476073189     
  9.647345223208976E+025  -3.06112826933792     
  9.758962067334535E+025  -3.03972177794395     
  9.871785880135162E+025  -3.01831528654997     
  9.985829516757286E+025  -2.99690879515600     
  1.010110596653430E+026  -2.97550230376203     
  1.021762835405914E+026  -2.95409581236806     
  1.033540994019071E+026  -2.93268932097409     
  1.045446412307019E+026  -2.91128282958012     
  1.057480443911757E+026  -2.88987633818615     
  1.069644456400191E+026  -2.86846984679217     
  1.081939831358259E+026  -2.84706335539820     
  1.094367964481789E+026  -2.82565686400423     
  1.106930265663735E+026  -2.80425037261026     
  1.119628159077402E+026  -2.78284388121629     
  1.132463083255220E+026  -2.76143738982232     
  1.145436491162617E+026  -2.74003089842835     
  1.158549850266498E+026  -2.71862440703437     
  1.171804642597803E+026  -2.69721791564040     
  1.185202364810016E+026  -2.67581142424643     
  1.198744528229778E+026  -2.65440493285246     
  1.212432658894154E+026  -2.63299844145849     
  1.226268297582705E+026  -2.61159195006452     
  1.240252999840630E+026  -2.59018545867055     
  1.254388335991730E+026  -2.56877896727657     
  1.268675891140296E+026  -2.54737247588260     
  1.283117265160914E+026  -2.52596598448863     
  1.297714072675166E+026  -2.50455949309466     
  1.312467943014053E+026  -2.48315300170069     
  1.327380520164937E+026  -2.46174651030672     
  1.342453462701683E+026  -2.44034001891275     
  1.357688443696562E+026  -2.41893352751877     
  1.373087150612434E+026  -2.39752703612480     
  1.388651285175694E+026  -2.37612054473083     
  1.404382563225531E+026  -2.35471405333686     
  1.420282714532491E+026  -2.33330756194289     
  1.436353482593247E+026  -2.31190107054892     
  1.452596624396486E+026  -2.29049457915495     
  1.469013910157079E+026  -2.26908808776097     
  1.485607123016007E+026  -2.24768159636700     
  1.502378058703313E+026  -2.22627510497303     
  1.519328525161141E+026  -2.20486861357906     
  1.536460342123722E+026  -2.18346212218509     
  1.553775340650934E+026  -2.16205563079112     
  1.571275362611821E+026  -2.14064913939715     
  1.588962260114182E+026  -2.11924264800317     
  1.606837894876088E+026  -2.09783615660920     
  1.624904137535921E+026  -2.07642966521523     
  1.643162866894264E+026  -2.05502317382126     
  1.661615969080011E+026  -2.03361668242729     
  1.680265336640929E+026  -2.01221019103332     
  1.699112867550756E+026  -1.99080369963935     
  1.718160464126289E+026  -1.96939720824537     
  1.737410031847790E+026  -1.94799071685140     
  1.756863478075602E+026  -1.92658422545743     
  1.776522710655408E+026  -1.90517773406346     
  1.796389636404043E+026  -1.88377124266949     
  1.816466159467293E+026  -1.86236475127552     
  1.836754179540536E+026  -1.84095825988155     
  1.857255589942533E+026  -1.81955176848757     
  1.877972275532063E+026  -1.79814527709360     
  1.898906110454333E+026  -1.77673878569963     
  1.920058955704674E+026  -1.75533229430566     
  1.941432656506283E+026  -1.73392580291169     
  1.963029039481944E+026  -1.71251931151772     
  1.984849909606946E+026  -1.69111282012374     
  2.006897046929369E+026  -1.66970632872977     
  2.029172203042795E+026  -1.64829983733580     
  2.051677097295757E+026  -1.62689334594183     
  2.074413412721583E+026  -1.60548685454786     
  2.097382791671589E+026  -1.58408036315389     
  2.120586831133953E+026  -1.56267387175992     
  2.144027077719944E+026  -1.54126738036594     
  2.167705022298662E+026  -1.51986088897197     
  2.191622094260872E+026  -1.49845439757800     
  2.215779655381818E+026  -1.47704790618403     
  2.240178993262060E+026  -1.45564141479006     
  2.264821314370876E+026  -1.43423492339609     
  2.289707736626717E+026  -1.41282843200212     
  2.314839281502803E+026  -1.39142194060814     
  2.340216865641193E+026  -1.37001544921417     
  2.365841291956201E+026  -1.34860895782020     
  2.391713240208895E+026  -1.32720246642623     
  2.417833257035654E+026  -1.30579597503226     
  2.444201745415471E+026  -1.28438948363829     
  2.470818953562538E+026  -1.26298299224432     
  2.497684963233583E+026  -1.24157650085034     
  2.524799677442222E+026  -1.22017000945637     
  2.552162807575592E+026  -1.19876351806240     
  2.579773859887462E+026  -1.17735702666843     
  2.607632121367512E+026  -1.15595053527446     
  2.635736645133317E+026  -1.13454404388049     
  2.664086235225115E+026  -1.11313755248652     
  2.692679430853821E+026  -1.09173106109254     
  2.721514490147373E+026  -1.07032456969857     
  2.750589373439261E+026  -1.04891807830460     
  2.779901726153730E+026  -1.02751158691063     
  2.809448861353657E+026  -1.00610509551666     
  2.839227742029760E+026 -0.984698604122686     
  2.869234963223292E+026 -0.963292112728715     
  2.899466734088904E+026 -0.941885621334744     
  2.929918860019516E+026 -0.920479129940772     
  2.960586724971006E+026 -0.899072638546802     
  2.991465274090034E+026 -0.877666147152829     
  3.022548996805292E+026 -0.856259655758858     
  3.053831910852529E+026 -0.834853164364886     
  3.085307547140282E+026 -0.813446672970915     
  3.116968935727739E+026 -0.792040181576944     
  3.148808593173876E+026 -0.770633690182972     
  3.180818511503603E+026 -0.749227198789001     
  3.212990149046595E+026 -0.727820707395029     
  3.245314423411618E+026 -0.706414216001058     
  3.277781706862673E+026 -0.685007724607087     
  3.310381824362770E+026 -0.663601233213115     
  3.343104054545848E+026 -0.642194741819143     
  3.375937133866801E+026 -0.620788250425171     
  3.408869264163321E+026 -0.599381759031201     
  3.441888123792688E+026 -0.577975267637229     
  3.474980882530923E+026 -0.556568776243258     
  3.508134220679722E+026 -0.535162284849287     
  3.541334352124776E+026 -0.513755793455315     
  3.574567051473878E+026 -0.492349302061343     
  3.607817685312006E+026 -0.470942810667371     
  3.641071247517562E+026 -0.449536319273401     
  3.674312398522041E+026 -0.428129827879429     
  3.707525508330930E+026 -0.406723336485458     
  3.740694703058144E+026 -0.385316845091486     
  3.773803914661676E+026 -0.363910353697515     
  3.806836933505228E+026 -0.342503862303543     
  3.839777463313829E+026 -0.321097370909571     
  3.872609178035489E+026 -0.299690879515601     
  3.905315780095496E+026 -0.278284388121628     
  3.937881059537089E+026 -0.256877896727657     
  3.970288953256024E+026 -0.235471405333686     
  4.002523604216447E+026 -0.214064913939715     
  4.034569417878958E+026 -0.192658422545743     
  4.066411124232752E+026 -0.171251931151772     
  4.098033810551365E+026 -0.149845439757800     
  4.129423048393380E+026 -0.128438948363828     
  4.160564687040205E+026 -0.107032456969857     
  4.191445714010421E+026 -8.562596557588620E-002
  4.222051837763100E+026 -6.421947418191465E-002
  4.252374342543918E+026 -4.281298278794221E-002
  4.282393509712309E+026 -2.140649139397155E-002
  4.312109544346468E+026  0.000000000000000E+000
