   2.00647813844118       -9999999999.00000        2.00647813844118     
   1.91608342533690       -9772146968.72572        1.91608342533690     
   1.82976112367578       -9549485638.79196        1.82976112367578     
   1.74732776547860       -9331897714.73322        1.74732776547860     
   1.66860814826195       -9119267597.45928        1.66860814826195     
   1.59343496266580       -8911482321.84018        1.59343496266580     
   1.52164843685696       -8708431496.69069        1.52164843685696     
   1.45309599695265       -8510007246.12221        1.45309599695265     
   1.38763194274255       -8316104152.23092        1.38763194274255     
   1.32511713801993       -8126619199.09190        1.32511713801993     
   1.26541871486389       -7941451718.02929        1.26541871486389     
   1.20840979124410       -7760503334.13352        1.20840979124410     
   1.15396920134781       -7583677913.99713        1.15396920134781     
   1.10198123805603       -7410881514.64151        1.10198123805603     
   1.05233540702160       -7242022333.60725        1.05233540702160     
   1.00492619182627       -7077010660.18182        1.00492619182627     
  0.959652829717878       -6915758827.73845       0.959652829717878     
  0.916419097450880       -6758181167.16104       0.916419097450880     
  0.875133106775050       -6604193961.33023       0.875133106775050     
  0.835707109137714       -6453715400.64662       0.835707109137714     
  0.798057309184440       -6306665539.56733       0.798057309184440     
  0.762103686661775       -6162966254.13286       0.762103686661775     
  0.727769826343532       -6022541200.46184       0.727769826343532     
  0.694982755619131       -5885315774.19136       0.694982755619131     
  0.663672789398829       -5751217070.84153       0.663672789398829     
  0.633773382006182       -5620173847.08310       0.633773382006182     
  0.605220985742972       -5492116482.88770       0.605220985742972     
  0.577954915825983       -5366976944.54038       0.577954915825983     
  0.551917221408570       -5244688748.49502       0.551917221408570     
  0.527052562412894       -5125186926.05324       0.527052562412894     
  0.503308091911036       -5008407988.84812       0.503308091911036     
  0.480633343805016       -4894289895.11443       0.480633343805016     
  0.458980125566988       -4782772016.72739       0.458980125566988     
  0.438302415811638       -4673795106.99236       0.438302415811638     
  0.418556266483099       -4567301269.16865       0.418556266483099     
  0.399699709448484       -4463233925.71030       0.399699709448484     
  0.381692667299512       -4361537788.20790       0.381692667299512     
  0.364496868172648       -4262158828.01522       0.364496868172648     
  0.348075764406726       -4165044247.54508       0.348075764406726     
  0.332394454865155       -4070142452.21934       0.332394454865155     
  0.317419610757621       -3977403023.05793       0.317419610757621     
  0.303119404803632       -3886776689.89256       0.303119404803632     
  0.289463443587347       -3798215305.19063       0.289463443587347     
  0.276422702959914       -3711671818.47566       0.276422702959914     
  0.263969466352026       -3627100251.33054       0.263969466352026     
  0.252077265865585       -3544455672.97033       0.252077265865585     
  0.240720826019276       -3463694176.37163       0.240720826019276     
  0.229876010028474       -3384772854.94588       0.229876010028474     
  0.219519768505328       -3307649779.74414       0.219519768505328     
  0.209630090469974       -3232283977.18128       0.209630090469974     
  0.200185956568762       -3158635407.26772       0.200185956568762     
  0.191167294400079       -3086664942.33717       0.191167294400079     
  0.182554935852793       -3016334346.25910       0.182554935852793     
  0.174330576366674       -2947606254.12476       0.174330576366674     
  0.166476736028183       -2880444152.39620       0.166476736028183     
  0.158976722418958       -2814812359.50748       0.158976722418958     
  0.151814595138026       -2750676006.90797       0.151814595138026     
  0.144975131922338       -2688001020.53751       0.144975131922338     
  0.138443796293626       -2626754102.72374       0.138443796293626     
  0.132206706662815       -2566902714.49185       0.132206706662815     
  0.126250606826327       -2508415058.27744       0.126250606826327     
  0.120562837791561       -2451260061.03324       0.120562837791561     
  0.115131310871689       -2395407357.72078       0.115131310871689     
  0.109944481992555       -2340827275.17820       0.109944481992555     
  0.104991327157100       -2287490816.35561       0.104991327157100     
  0.100261319015136       -2235369644.90970       0.100261319015136     
  9.574440448869725E-002  -2184436070.14933       9.574440448869725E-002
  9.143098340539108E-002  -2134663032.32415       9.143098340539108E-002
  8.731188809435615E-002  -2086024088.24841       8.731188809435615E-002
  8.337836390144585E-002  -2038493397.25237       8.337836390144585E-002
  7.962205058223300E-002  -1992045707.45378       7.962205058223300E-002
  7.603496453328626E-002  -1946656342.34217       7.603496453328626E-002
  7.260948182395281E-002  -1902301187.66886       7.260948182395281E-002
  6.933832199258363E-002  -1858956678.63560       6.933832199258363E-002
  6.621453257276221E-002  -1816599787.37524       6.621453257276221E-002
  6.323147431664862E-002  -1775208010.71755       6.323147431664862E-002
  6.038280708403343E-002  -1734759358.23385       6.038280708403343E-002
  5.766247636710975E-002  -1695232340.55404       5.766247636710975E-002
  5.506470042232383E-002  -1656605957.94983       5.506470042232383E-002
  5.258395798195410E-002  -1618859689.17812       5.258395798195410E-002
  5.021497651930131E-002  -1581973480.57852       5.021497651930131E-002
  4.795272104254870E-002  -1545927735.41940       4.795272104254870E-002
  4.579238339347477E-002  -1510703303.48657       4.579238339347477E-002
  4.372937202827446E-002  -1476281470.90931       4.372937202827446E-002
  4.175930225876905E-002  -1442643950.21808       4.175930225876905E-002
  3.987798693326340E-002  -1409772870.62889       3.987798693326340E-002
  3.808142753724414E-002  -1377650768.54898       3.808142753724414E-002
  3.636580569500403E-002  -1346260578.29883       3.636580569500403E-002
  3.472747505413042E-002  -1315585623.04563       3.472747505413042E-002
  3.316295353560913E-002  -1285609605.94322       3.316295353560913E-002
  3.166891593307222E-002  -1256316601.47405       3.166891593307222E-002
  3.024218684546040E-002  -1227691046.98829       3.024218684546040E-002
  2.887973392807896E-002  -1199717734.43581       2.887973392807896E-002
  2.757866144770348E-002  -1172381802.28653       2.757866144770348E-002
  2.633620412803718E-002  -1145668727.63480       2.633620412803718E-002
  2.514972127243927E-002  -1119564318.48381       2.514972127243927E-002
  2.401669115143287E-002  -1094054706.20568       2.401669115143287E-002
  2.293470564306363E-002  -1069126338.17341       2.293470564306363E-002
  2.190146511471801E-002  -1044765970.56074       2.190146511471801E-002
  2.091477353552297E-002  -1020960661.30598       2.091477353552297E-002
  1.997253380893895E-002  -997697763.236256       1.997253380893895E-002
  1.907274331562644E-002  -974964917.348345       1.907274331562644E-002
  1.821348965711257E-002  -952750046.242667       1.821348965711257E-002
  1.739294659121183E-002  -931041347.706846       1.739294659121183E-002
  1.660937015056179E-002  -909827288.445495       1.660937015056179E-002
  1.586109493602442E-002  -889096597.952856       1.586109493602442E-002
  1.514653057707496E-002  -868838262.525059       1.514653057707496E-002
  1.446415835165536E-002  -849041519.408816       1.446415835165536E-002
  1.381252795830822E-002  -829695851.083433       1.381252795830822E-002
  1.319025443373059E-002  -810790979.673112       1.319025443373059E-002
  1.259601520919660E-002  -792316861.486569       1.259601520919660E-002
  1.202854729959228E-002  -774263681.681072       1.202854729959228E-002
  1.148664461908848E-002  -756621849.048051       1.148664461908848E-002
  1.096915541774662E-002  -739381990.917533       1.096915541774662E-002
  1.047497983360891E-002  -722534948.178668       1.047497983360891E-002
  1.000306755507051E-002  -706071770.413725       1.000306755507051E-002
  9.552415588565181E-003  -689983711.142950       9.552415588565181E-003
  9.122066126819796E-003  -674262223.177783       9.122066126819796E-003
  8.711104513147173E-003  -658898954.079945       8.711104513147173E-003
  8.318657297450360E-003  -643885741.723993       8.318657297450360E-003
  7.943890379806721E-003  -629214609.960986       7.943890379806721E-003
  7.586007237686241E-003  -614877764.380954       7.586007237686241E-003
  7.244247233036174E-003  -600867588.171921       7.244247233036174E-003
  6.917883995633965E-003  -587176638.073279       6.917883995633965E-003
  6.606223879272428E-003  -573797640.421368       6.606223879272428E-003
  6.308604487496011E-003  -560723487.285158       6.308604487496011E-003
  6.024393265754747E-003  -547947232.689984       6.024393265754747E-003
  5.752986156983685E-003  -535462088.927317       5.752986156983685E-003
  5.493806317750404E-003  -523261422.948623       5.493806317750404E-003
  5.246302892241916E-003  -511338752.841390       5.246302892241916E-003
  5.009949841485220E-003  -499687744.385446       5.009949841485220E-003
  4.784244825313142E-003  -488302207.687747       4.784244825313142E-003
  4.568708134699230E-003  -477176093.893834       4.568708134699230E-003
  4.362881672192473E-003  -466303491.974233       4.362881672192473E-003
  4.166327978284921E-003  -455678625.584067       4.166327978284921E-003
  3.978629301642812E-003  -445295849.994227       3.978629301642812E-003
  3.799386711225146E-003  -435149649.092467       3.799386711225146E-003
  3.628219248402571E-003  -425234632.452831       3.628219248402571E-003
  3.464763117274536E-003  -415545532.471851       3.464763117274536E-003
  3.308670911463815E-003  -406077201.570000       3.308670911463815E-003
  3.159610875745050E-003  -396824609.456912       3.159610875745050E-003
  3.017266200937975E-003  -387782840.458910       3.017266200937975E-003
  2.881334350566725E-003  -378947090.907432       2.881334350566725E-003
  2.751526417854095E-003  -370312666.586959       2.751526417854095E-003
  2.627566511684139E-003  -361874980.241094       2.627566511684139E-003
  2.509191170228026E-003  -353629549.135471       2.509191170228026E-003
  2.396148800986895E-003  -345571992.676181       2.396148800986895E-003
  2.288199146061581E-003  -337698030.082477       2.288199146061581E-003
  2.185112771512707E-003  -330003478.112497       2.185112771512707E-003
  2.086670579725833E-003  -322484248.840813       2.086670579725833E-003
  1.992663343745252E-003  -315136347.486617       1.992663343745252E-003
  1.902891262586721E-003  -307955870.291393       1.902891262586721E-003
  1.817163536583984E-003  -300939002.444943       1.817163536583984E-003
  1.735297961866547E-003  -294082016.058677       1.735297961866547E-003
  1.657120543106810E-003  -287381268.185078       1.657120543106810E-003
  1.582465123713486E-003  -280833198.882289       1.582465123713486E-003
  1.511173032685351E-003  -274434329.322809       1.511173032685351E-003
  1.443092747374727E-003  -268181259.945274       1.443092747374727E-003
  1.378079571443954E-003  -262070668.648358       1.378079571443954E-003
  1.315995327330388E-003  -256099309.025820       1.315995327330388E-003
  1.256708062566290E-003  -250264008.641766       1.256708062566290E-003
  1.200091769329421E-003  -244561667.345219       1.200091769329421E-003
  1.146026116628285E-003  -238989255.623080       1.146026116628285E-003
  1.094396194552814E-003  -233543812.990623       1.094396194552814E-003
  1.045092270046924E-003  -228222446.418666       1.045092270046924E-003
  9.980095536838603E-004  -223022328.796570       9.980095536838603E-004
  9.530479769486549E-004  -217940697.430272       9.530479769486549E-004
  9.101119795543271E-004  -212974852.574529       9.101119795543271E-004
  8.691103063397883E-004  -208122155.998611       8.691103063397883E-004
  8.299558133177923E-004  -203380029.584676       8.299558133177923E-004
  7.925652824606985E-004  -198745953.958077       7.925652824606985E-004
  7.568592448304041E-004  -194217467.148881       7.568592448304041E-004
  7.227618116765248E-004  -189792163.283889       7.227618116765248E-004
  6.902005131438429E-004  -185467691.308449       6.902005131438429E-004
  6.591061442462181E-004  -181241753.737403       6.591061442462181E-004
  6.294126177795897E-004  -177112105.434489       6.294126177795897E-004
  6.010568238614630E-004  -173076552.419553       6.010568238614630E-004
  5.739784957983381E-004  -169132950.702945       5.739784957983381E-004
  5.481200819960058E-004  -165279205.146470       5.481200819960058E-004
  5.234266236404663E-004  -161513268.350290       5.234266236404663E-004
  4.998456378894974E-004  -157833139.565193       4.998456378894974E-004
  4.773270063266093E-004  -154236863.629645       4.773270063266093E-004
  4.558228684403085E-004  -150722529.931058       4.558228684403085E-004
  4.352875199022724E-004  -147288271.390733       4.352875199022724E-004
  4.156773154282379E-004  -143932263.471924       4.156773154282379E-004
  3.969505760151447E-004  -140652723.210507       3.969505760151447E-004
  3.790675003573792E-004  -137447908.267737       3.790675003573792E-004
  3.619900802538413E-004  -134316116.004585       3.619900802538413E-004
  3.456820198260448E-004  -131255682.577168       3.456820198260448E-004
  3.301086583755573E-004  -128264982.052790       3.301086583755573E-004
  3.152368967168221E-004  -125342425.546125       3.152368967168221E-004
  3.010351268287922E-004  -122486460.375078       3.010351268287922E-004
  2.874731646758575E-004  -119695569.235889       2.874731646758575E-004
  2.745221860552865E-004  -116968269.397024       2.745221860552865E-004
  2.621546653348304E-004  -114303111.911434       2.621546653348304E-004
  2.503443169502871E-004  -111698680.846768       2.503443169502871E-004
  2.390660395386823E-004  -109153592.533125       2.390660395386823E-004
  2.282958625883305E-004  -106666494.827940       2.282958625883305E-004
  2.180108954923873E-004  -104236066.397627       2.180108954923873E-004
  2.081892788976111E-004  -101861016.015584       2.081892788976111E-004
  1.988101382449327E-004  -99540081.8762024       1.988101382449327E-004
  1.898535394030883E-004  -97272030.9244928       1.898535394030883E-004
  1.813004463010204E-004  -95055658.2009996       1.813004463010204E-004
  1.731326804689994E-004  -92889786.2016328       1.731326804689994E-004
  1.653328824024756E-004  -90773264.2520903       1.653328824024756E-004
  1.578844746665435E-004  -88704967.8965323       1.578844746665435E-004
  1.507716266626040E-004  -86683798.3001862       1.507716266626040E-004
  1.439792209823375E-004  -84708681.6655627       1.439792209823375E-004
  1.374928212774786E-004  -82778568.6619736       1.374928212774786E-004
  1.312986415771029E-004  -80892433.8680485       1.312986415771029E-004
  1.253835169872144E-004  -79049275.2269535       1.253835169872144E-004
  1.197348757103571E-004  -77248113.5140235       1.197348757103571E-004
  1.143407123257836E-004  -75487991.8165240       1.143407123257836E-004
  1.091895622733895E-004  -73767975.0252672       1.091895622733895E-004
  1.042704774871832E-004  -72087149.3378114       1.042704774871832E-004
  9.957300312650210E-005  -70444621.7729806       9.957300312650210E-005
  9.508715535552093E-005  -68839519.6964454       9.508715535552093E-005
  9.080340012382424E-005  -67270990.3571140       9.080340012382424E-005
  8.671263290294460E-005  -65738200.4340866       8.671263290294460E-005
  8.280615933579822E-005  -64240335.5939328       8.280615933579822E-005
  7.907567675789110E-005  -62776600.0580561       7.907567675789110E-005
  7.551325655102090E-005  -61346216.1799163       7.551325655102090E-005
  7.211132729196947E-005  -59948424.0318855       7.211132729196947E-005
  6.886265866037087E-005  -58582481.0015169       6.886265866037087E-005
  6.576034607155236E-005  -57247661.3970135       6.576034607155236E-005
  6.279779600168801E-005  -55943256.0616857       6.279779600168801E-005
  5.996871197407461E-005  -54668571.9971938       5.996871197407461E-005
  5.726708117674575E-005  -53422931.9953757       5.726708117674575E-005
  5.468716168298142E-005  -52205674.2784621       5.468716168298142E-005
  5.222347024755146E-005  -51016152.1474908       5.222347024755146E-005
  4.987077065275566E-005  -49853733.6387315       4.987077065275566E-005
  4.762406257949113E-005  -48717801.1879390       4.762406257949113E-005
  4.547857097969384E-005  -47607751.3022566       4.547857097969384E-005
  4.342973592756653E-005  -46522994.2395949       4.342973592756653E-005
  4.147320292802326E-005  -45462953.6953171       4.147320292802326E-005
  3.960481366175208E-005  -44427066.4960621       3.960481366175208E-005
  3.782059714722576E-005  -43414782.3005443       3.782059714722576E-005
  3.611676130087621E-005  -42425563.3071713       3.611676130087621E-005
  3.448968487749513E-005  -41458883.9683227       3.448968487749513E-005
  3.293590977373077E-005  -40514230.7111402       3.293590977373077E-005
  3.145213367832309E-005  -39591101.6646785       3.145213367832309E-005
  3.003520305345608E-005  -38689006.3932737       3.003520305345608E-005
  2.868210643231007E-005  -37807465.6359876       2.868210643231007E-005
  2.738996801856865E-005  -36946011.0519872       2.738996801856865E-005
  2.615604157427687E-005  -36104184.9717277       2.615604157427687E-005
  2.497770458305992E-005  -35281540.1538032       2.497770458305992E-005
  2.385245267629702E-005  -34477639.5473392       2.385245267629702E-005
  2.277789431040394E-005  -33692056.0597973       2.277789431040394E-005
  2.175174568391149E-005  -32924372.3300724       2.175174568391149E-005
  2.077182588353664E-005  -32174180.5067585       2.077182588353664E-005
  1.983605224892992E-005  -31441082.0314676       1.983605224892992E-005
  1.894243594624749E-005  -30724687.4270851       1.894243594624749E-005
  1.808907774113994E-005  -30024616.0908506       1.808907774113994E-005
  1.727416396217379E-005  -29340496.0921531       1.727416396217379E-005
  1.649596264610657E-005  -28671963.9749330       1.649596264610657E-005
  1.575281985682254E-005  -28018664.5645873       1.575281985682254E-005
  1.504315617010555E-005  -27380250.7792740       1.504315617010555E-005
  1.436546331677772E-005  -26756383.4455160       1.436546331677772E-005
  1.371830097706943E-005  -26146731.1180066       1.371830097706943E-005
  1.310029371940735E-005  -25550969.9035208       1.310029371940735E-005
  1.251012807711435E-005  -24968783.2888391       1.251012807711435E-005
  1.194654975680817E-005  -24399861.9725914       1.194654975680817E-005
  1.140836097256547E-005  -23843903.7009332       1.140836097256547E-005
  1.089441790018563E-005  -23300613.1069653       1.089441790018563E-005
  1.040362824614340E-005  -22769701.5538129       1.040362824614340E-005
  9.934948926063622E-006  -22250886.9812799       9.934948926063622E-006
  9.487383847783823E-006  -21743893.7559971       9.487383847783823E-006
  9.059981794292987E-006  -21248452.5249852       9.059981794292987E-006
  8.651834402046776E-006  -20764300.0725541       8.651834402046776E-006
  8.262074230362457E-006  -20291179.1804633       8.262074230362457E-006
  7.889872917790252E-006  -19828838.4912673       7.889872917790252E-006
  7.534439421542683E-006  -19377032.3747765       7.534439421542683E-006
  7.195018336240035E-006  -18935520.7975596       7.195018336240035E-006
  6.870888288398662E-006  -18504069.1954198       6.870888288398662E-006
  6.561360403249768E-006  -18082448.3487763       6.561360403249768E-006
  6.265776840630120E-006  -17670434.2608863       6.265776840630120E-006
  5.983509396832870E-006  -17267808.0388405       5.983509396832870E-006
  5.713958169446912E-006  -16874355.7772707       5.713958169446912E-006
  5.456550282347053E-006  -16489868.4447077       5.456550282347053E-006
  5.210738668125092E-006  -16114141.7725273       5.210738668125092E-006
  4.976000905374062E-006  -15746976.1464280       4.976000905374062E-006
  4.751838108354371E-006  -15388176.5003807       4.751838108354371E-006
  4.537773866682002E-006  -15037552.2129946       4.537773866682002E-006
  4.333353232785192E-006  -14694917.0062455       4.333353232785192E-006
  4.138141754977560E-006  -14360088.8465100       4.138141754977560E-006
  3.951724554092591E-006  -14032889.8478561       3.951724554092591E-006
  3.773705441716982E-006  -13713146.1775369       3.773705441716982E-006
  3.603706078148771E-006  -13400687.9636370       3.603706078148771E-006
  3.441365168290570E-006  -13095349.2048242       3.441365168290570E-006
  3.286337693768902E-006  -12796967.6821570       3.286337693768902E-006
  3.138294179647578E-006  -12505384.8729016       3.138294179647578E-006
  2.996919994176628E-006  -12220445.8663126       2.996919994176628E-006
  2.861914680088466E-006  -11941999.2813331       2.861914680088466E-006
  2.732991316020067E-006  -11669897.1861693       2.732991316020067E-006
  2.609875906703915E-006  -11403995.0196982       2.609875906703915E-006
  2.492306800631659E-006  -11144151.5146658       2.492306800631659E-006
  2.380034133952803E-006  -10890228.6226352       2.380034133952803E-006
  2.272819299426481E-006  -10642091.4406452       2.272819299426481E-006
  2.170434439297669E-006  -10399608.1395392       2.170434439297669E-006
  2.072661961019984E-006  -10162649.8939280       2.072661961019984E-006
  1.979294074795808E-006  -9931090.81374787       1.979294074795808E-006
  1.890132351950842E-006  -9704807.87737842       1.890132351950842E-006
  1.804987303204459E-006  -9483680.86628407       1.804987303204459E-006
  1.723677975939527E-006  -9267592.30114506       1.723677975939527E-006
  1.646031569615760E-006  -9056427.37944351       1.646031569615760E-006
  1.571883068509187E-006  -8850073.91447169       1.571883068509187E-006
  1.501074890997190E-006  -8648422.27573001       1.501074890997190E-006
  1.433456554643708E-006  -8451365.33068304       1.433456554643708E-006
  1.368884356372773E-006  -8258798.38784262       1.368884356372773E-006
  1.307221067050655E-006  -8070619.14114789       1.307221067050655E-006
  1.248335639827460E-006  -7886727.61561257       1.248335639827460E-006
  1.192102931618321E-006  -7707026.11421075       1.192102931618321E-006
  1.138403437132215E-006  -7531419.16597285       1.138403437132215E-006
  1.087123034883113E-006  -7359813.47526428       1.087123034883113E-006
  1.038152744643664E-006  -7192117.87221973       1.038152744643664E-006
  9.913884958258832E-007  -7028243.26430692       9.913884958258832E-007
  9.467309062965916E-007  -6868102.58899390       9.467309062965916E-007
  9.040850711574936E-007  -6711610.76749491       9.040850711574936E-007
  8.633603610409784E-007  -6558684.65957008       8.633603610409784E-007
  8.244702294929453E-007  -6409243.01935513       8.244702294929453E-007
  7.873320290332764E-007  -6263206.45219739       7.873320290332764E-007
  7.518668355030082E-007  -6120497.37247543       7.518668355030082E-007
  7.179992803248830E-007  -5981039.96237970       7.179992803248830E-007
  6.856573903207679E-007  -5844760.13163241       6.856573903207679E-007
  6.547724347454962E-007  -5711585.47812524       6.547724347454962E-007
  6.252787792120192E-007  -5581445.24945379       6.252787792120192E-007
  5.971137461974087E-007  -5454270.30532868       5.971137461974087E-007
  5.702174818332335E-007  -5329993.08084296       5.702174818332335E-007
  5.445328286971883E-007  -5208547.55057656       5.445328286971883E-007
  5.200052043356130E-007  -5089869.19351860       5.200052043356130E-007
  4.965824852587189E-007  -4973894.95878900       4.965824852587189E-007
  4.742148961619656E-007  -4860563.23214110       4.742148961619656E-007
  4.528549041381474E-007  -4749813.80322748       4.528549041381474E-007
  4.324571176553491E-007  -4641587.83361178       4.324571176553491E-007
  4.129781900860638E-007  -4535827.82550921       4.129781900860638E-007
  3.943767275824350E-007  -4432477.59123944       3.943767275824350E-007
  3.766132011018273E-007  -4331482.22337546       3.766132011018273E-007
  3.596498623957454E-007  -4232788.06557263       3.596498623957454E-007
  3.434506637835488E-007  -4136342.68406237       3.434506637835488E-007
  3.279811815404524E-007  -4042094.83979542       3.279811815404524E-007
  3.132085427369836E-007  -3949994.46121978       3.132085427369836E-007
  2.991013553744043E-007  -3859992.61767892       2.991013553744043E-007
  2.856296416676113E-007  -3772041.49341616       2.856296416676113E-007
  2.727647743337140E-007  -3686094.36217134       2.727647743337140E-007
  2.604794157508838E-007  -3602105.56235627       2.604794157508838E-007
  2.487474598581627E-007  -3520030.47279589       2.487474598581627E-007
  2.375439766727495E-007  -3439825.48902216       2.375439766727495E-007
  2.268451593068412E-007  -3361448.00010801       2.268451593068412E-007
  2.166282733714232E-007  -3284856.36602931       2.166282733714232E-007
  2.068716086594717E-007  -3210009.89554245       2.068716086594717E-007
  1.975544330058793E-007  -3136868.82456617       1.975544330058793E-007
  1.886569482260388E-007  -3065394.29505583       1.886569482260388E-007
  1.801602480394394E-007  -2995548.33435913       1.801602480394394E-007
  1.720462778888479E-007  -2927293.83504215       1.720462778888479E-007
  1.642977965696773E-007  -2860594.53517509       1.642977965696773E-007
  1.568983395879893E-007  -2795414.99906722       1.568983395879893E-007
  1.498321841692575E-007  -2731720.59844075       1.498321841692575E-007
  1.430843158435184E-007  -2669477.49403370       1.430843158435184E-007
  1.366403965358948E-007  -2608652.61762194       1.366403965358948E-007
  1.304867340946718E-007  -2549213.65445083       1.304867340946718E-007
  1.246102531921620E-007  -2491129.02606721       1.246102531921620E-007
  1.189984675365141E-007  -2434367.87354254       1.189984675365141E-007
  1.136394533354048E-007  -2378900.04107834       1.136394533354048E-007
  1.085218239552174E-007  -2324696.05998510       1.085218239552174E-007
  1.036347057218451E-007  -2271727.13302637       1.036347057218451E-007
  9.896771481169169E-008  -2219965.11911943       9.896771481169169E-008
  9.451093518375209E-008  -2169382.51838467       9.451093518375209E-008
  9.025489750587184E-008  -2119952.45753557       9.025489750587184E-008
  8.619055903039691E-008  -2071648.67560158       8.619055903039691E-008
  8.230928437644231E-008  -2024445.50997632       8.230928437644231E-008
  7.860282717793531E-008  -1978317.88278369       7.860282717793531E-008
  7.506331255842947E-008  -1933241.28755458       7.506331255842947E-008
  7.168322039544201E-008  -1889191.77620721       7.168322039544201E-008
  6.845536933874620E-008  -1846145.94632410       6.845536933874620E-008
  6.537290154865175E-008  -1804080.92871895       6.537290154865175E-008
  6.242926812183730E-008  -1762974.37528678       6.242926812183730E-008
  5.961821517375985E-008  -1722804.44713098       5.961821517375985E-008
  5.693377054806169E-008  -1683549.80296079       5.693377054806169E-008
  5.437023112472794E-008  -1645189.58775326       5.437023112472794E-008
  5.192215070002031E-008  -1607703.42167343       5.192215070002031E-008
  4.958432841242791E-008  -1571071.38924706       4.958432841242791E-008
  4.735179769003663E-008  -1535274.02878004       4.735179769003663E-008
  4.521981569582647E-008  -1500292.32201885       4.521981569582647E-008
  4.318385324846473E-008  -1466107.68404662       4.318385324846473E-008
  4.123958519717349E-008  -1432701.95340948       4.123958519717349E-008
  3.938288123021485E-008  -1400057.38246775       3.938288123021485E-008
  3.760979709745905E-008  -1368156.62796713       3.760979709745905E-008
  3.591656622838054E-008  -1336982.74182461       3.591656622838054E-008
  3.429959172766772E-008  -1306519.16212439       3.429959172766772E-008
  3.275543873143440E-008  -1276749.70431894       3.275543873143440E-008
  3.128082710778745E-008  -1247658.55263055       3.128082710778745E-008
  2.987262448623732E-008  -1219230.25164880       2.987262448623732E-008
  2.852783960113644E-008  -1191449.69811947       2.852783960113644E-008
  2.724361593499846E-008  -1164302.13292058       2.724361593499846E-008
  2.601722564818836E-008  -1137773.13322120       2.601722564818836E-008
  2.484606378208218E-008  -1111848.60481899       2.484606378208218E-008
  2.372764272337632E-008  -1086514.77465226       2.372764272337632E-008
  2.265958691778131E-008  -1061758.18348273       2.265958691778131E-008
  2.163962782186525E-008  -1037565.67874492       2.163962782186525E-008
  2.066559908231785E-008  -1013924.40755855       2.066559908231785E-008
  1.973543193238979E-008  -990821.809900123       1.973543193238979E-008
  1.884715079572330E-008  -968245.611930061       1.884715079572330E-008
  1.799886908823096E-008  -946183.819471954       1.799886908823096E-008
  1.718878520910037E-008  -924624.711640333       1.718878520910037E-008
  1.641517871240454E-008  -903556.834613657       1.641517871240454E-008
  1.567640665118143E-008  -882968.995549178       1.567640665118143E-008
  1.497090008621295E-008  -862850.256636463       1.497090008621295E-008
  1.429716075208345E-008  -843189.929286404       1.429716075208345E-008
  1.365375787343216E-008  -823977.568452634       1.365375787343216E-008
  1.303932512463339E-008  -805202.967082335       1.303932512463339E-008
  1.245255772644271E-008  -786856.150693476       1.245255772644271E-008
  1.189220967343894E-008  -768927.372075627       1.189220967343894E-008
  1.135709108636940E-008  -751407.106111497       1.135709108636940E-008
  1.084606568377146E-008  -734286.044716480       1.084606568377146E-008
  1.035804836749693E-008  -717555.091893501       1.035804836749693E-008
  9.892002917007941E-009  -701205.358900530       9.892002917007941E-009
  9.446939787543979E-009  -685228.159528222       9.446939787543979E-009
  9.021914007480784E-009  -669615.005485141       9.021914007480784E-009
  8.616023170412327E-009  -654357.601888146       8.616023170412327E-009
  8.228405517688633E-009  -639447.842855521       8.228405517688633E-009
  7.858238107334326E-009  -624877.807200519       7.858238107334326E-009
  7.504735065456405E-009  -610639.754223038       7.504735065456405E-009
  7.167145916425105E-009  -596726.119597169       7.167145916425105E-009
  6.844753988279041E-009  -583129.511352463       6.844753988279041E-009
  6.536874889965800E-009  -569842.705946758       6.536874889965800E-009
  6.242855057181725E-009  -556858.644428488       6.242855057181725E-009
  5.962070363720480E-009  -544170.428686439       5.962070363720480E-009
  5.693924795379242E-009  -531771.317784950       5.693924795379242E-009
  5.437849183604233E-009  -519654.724382622       5.437849183604233E-009
  5.193299996184345E-009  -507814.211232626       5.193299996184345E-009
  4.959758182422824E-009  -496243.487762754       4.959758182422824E-009
  4.736728070332760E-009  -484936.406733388       4.736728070332760E-009
  4.523736313512705E-009  -473886.960971633       4.523736313512705E-009
  4.320330885464328E-009  -463089.280179844       4.320330885464328E-009
  4.126080119214817E-009  -452537.627816890       4.126080119214817E-009
  3.940571790203069E-009  -442226.398050466       3.940571790203069E-009
  3.763412240480620E-009  -432150.112778855       3.763412240480620E-009
  3.594225542366080E-009  -422303.418720548       3.594225542366080E-009
  3.432652699775705E-009  -412681.084570178       3.432652699775705E-009
  3.278350885532789E-009  -403277.998219256       3.278350885532789E-009
  3.130992713035037E-009  -394089.164040233       3.130992713035037E-009
  2.990265540732086E-009  -385109.700232447       2.990265540732086E-009
  2.855870807935100E-009  -376334.836228546       2.855870807935100E-009
  2.727523400546920E-009  -367759.910159998       2.727523400546920E-009
  2.604951045364853E-009  -359380.366380360       2.604951045364853E-009
  2.487893731668922E-009  -351191.753044972       2.487893731668922E-009
  2.376103158866369E-009  -343189.719745805       2.376103158866369E-009
  2.269342209018580E-009  -335370.015200196       2.269342209018580E-009
  2.167384443129496E-009  -327728.484992243       2.167384443129496E-009
  2.070013620125066E-009  -320261.069365672       2.070013620125066E-009
  1.977023237501508E-009  -312963.801066984       1.977023237501508E-009
  1.888216092666232E-009  -305832.803237754       1.888216092666232E-009
  1.803403864039209E-009  -298864.287354951       1.803403864039209E-009
  1.722406711024601E-009  -292054.551218189       1.722406711024601E-009
  1.645052892002560E-009  -285399.976982840       1.645052892002560E-009
  1.571178399529398E-009  -278897.029237962       1.571178399529398E-009
  1.500626611970898E-009  -272542.253128022       1.500626611970898E-009
  1.433247960828481E-009  -266332.272517419       1.433247960828481E-009
  1.368899613051256E-009  -260263.788196823       1.368899613051256E-009
  1.307445167658877E-009  -254333.576130389       1.307445167658877E-009
  1.248754366030506E-009  -248538.485742906       1.248754366030506E-009
  1.192702815244233E-009  -242875.438245973       1.192702815244233E-009
  1.139171723879058E-009  -237341.425002316       1.139171723879058E-009
  1.088047649717998E-009  -231933.505927373       1.088047649717998E-009
  1.039222258816195E-009  -226648.807927301       1.039222258816195E-009
  9.925920954220428E-010  -221484.523372569       9.925920954220428E-010
  9.480583622624182E-010  -216437.908606337       9.480583622624182E-010
  9.055267107251294E-010  -211506.282486816       9.055267107251294E-010
  8.649070404927246E-010  -206687.024962846       8.649070404927246E-010
  8.261133082018931E-010  -201977.575681927       8.261133082018931E-010
  7.890633447218685E-010  -197375.432629966       7.890633447218685E-010
  7.536786806635625E-010  -192878.150802019       7.536786806635625E-010
  7.198843797486513E-010  -188483.340903322       7.198843797486513E-010
  6.876088796845334E-010  -184188.668079915       6.876088796845334E-010
  6.567838402070371E-010  -179991.850678193       6.567838402070371E-010
  6.273439979679834E-010  -175890.659032719       6.273439979679834E-010
  5.992270279592564E-010  -171882.914281662       5.992270279592564E-010
  5.723734111789274E-010  -167966.487209214       5.723734111789274E-010
  5.467263082582387E-010  -164139.297114396       5.467263082582387E-010
  5.222314387809273E-010  -160399.310705632       5.222314387809273E-010
  4.988369660384605E-010  -156744.541020511       4.988369660384605E-010
  4.764933869763071E-010  -153173.046370160       4.764933869763071E-010
  4.551534270974050E-010  -149682.929307679       4.551534270974050E-010
  4.347719400995132E-010  -146272.335620067       4.347719400995132E-010
  4.153058120332012E-010  -142939.453343131       4.153058120332012E-010
  3.967138697768338E-010  -139682.511798830       3.967138697768338E-010
  3.789567936340820E-010  -136499.780654558       3.789567936340820E-010
  3.619970338682548E-010  -133389.569003864       3.619970338682548E-010
  3.457987309961087E-010  -130350.224468110       3.457987309961087E-010
  3.303276396717827E-010  -127380.132318608       3.303276396717827E-010
  3.155510559991367E-010  -124477.714618751       3.155510559991367E-010
  3.014377481180544E-010  -121641.429385698       3.014377481180544E-010
  2.879578899172313E-010  -118869.769771153       2.879578899172313E-010
  2.750829977326102E-010  -116161.263260813       2.750829977326102E-010
  2.627858698969722E-010  -113514.470892064       2.627858698969722E-010
  2.510405290122514E-010  -110927.986489487       2.510405290122514E-010
  2.398221668219231E-010  -108400.435917798       2.398221668219231E-010
  2.291070915663451E-010  -105930.476351803       2.291070915663451E-010
  2.188726777092046E-010  -103516.795562984       2.188726777092046E-010
  2.090973179282638E-010  -101158.111222350       2.090973179282638E-010
  1.997603772684068E-010  -98853.1702191638       1.997603772684068E-010
  1.908421493595877E-010  -96600.7479951952       1.908421493595877E-010
  1.823238146066645E-010  -94399.6478941454       1.823238146066645E-010
  1.741874002622966E-010  -92248.7005258917       1.741874002622966E-010
  1.664157422980839E-010  -90146.7631452198       1.664157422980839E-010
  1.589924489929432E-010  -88092.7190447111       1.589924489929432E-010
  1.519018661613750E-010  -86085.4769614643       1.519018661613750E-010
  1.451290439477471E-010  -84123.9704973336       1.451290439477471E-010
  1.386597051160598E-010  -82207.1575523784       1.386597051160598E-010
  1.324802147678272E-010  -80334.0197712209       1.324802147678272E-010
  1.265775514237477E-010  -78503.5620020192       1.265775514237477E-010
  1.209392794077339E-010  -76714.8117677677       1.209392794077339E-010
  1.155535224746389E-010  -74966.8187496439       1.155535224746389E-010
  1.104089386256581E-010  -73258.6542821280       1.104089386256581E-010
  1.054946960579109E-010  -71589.4108596251       1.054946960579109E-010
  1.008004501971143E-010  -69958.2016543304       1.008004501971143E-010
  9.631632176456499E-011  -68364.1600450796       9.631632176456499E-011
  9.203287583183904E-011  -66806.4391569338       9.203287583183904E-011
  8.794110181872317E-011  -65284.2114112566       8.794110181872317E-011
  8.403239439189021E-011  -63796.6680860414       8.403239439189021E-011
  8.029853522374867E-011  -62343.0188862577       8.029853522374867E-011
  7.673167557272236E-011  -60922.4915239866       7.673167557272236E-011
  7.332431964796153E-011  -59534.3313081236       7.332431964796153E-011
  7.006930872315411E-011  -58177.8007434297       7.006930872315411E-011
  6.695980596569657E-011  -56852.1791387183       6.695980596569657E-011
  6.398928194900415E-011  -55556.7622239699       6.398928194900415E-011
  6.115150081719141E-011  -54290.8617761709       6.115150081719141E-011
  5.844050707274051E-011  -53053.8052536776       5.844050707274051E-011
  5.585061295909745E-011  -51844.9354389114       5.585061295909745E-011
  5.337638641140111E-011  -50663.6100891953       5.337638641140111E-011
  5.101263954975667E-011  -49509.2015955465       5.101263954975667E-011
  4.875441769061759E-011  -48381.0966492429       4.875441769061759E-011
  4.659698885294132E-011  -47278.6959159876       4.659698885294132E-011
  4.453583373683449E-011  -46201.4137174972       4.453583373683449E-011
  4.256663615340765E-011  -45148.6777203454       4.256663615340765E-011
  4.068527388551818E-011  -44119.9286318966       4.068527388551818E-011
  3.888780995999478E-011  -43114.6199031673       3.888780995999478E-011
  3.717048431281170E-011  -42132.2174384582       3.717048431281170E-011
  3.552970582951543E-011  -41172.1993116024       3.552970582951543E-011
  3.396204474400367E-011  -40234.0554886789       3.396204474400367E-011
  3.246422537951772E-011  -39317.2875570440       3.246422537951772E-011
  3.103311921643632E-011  -38421.4084605371       3.103311921643632E-011
  2.966573827215323E-011  -37545.9422407202       2.966573827215323E-011
  2.835922877898388E-011  -36690.4237840120       2.835922877898388E-011
  2.711086514667913E-011  -35854.3985745855       2.711086514667913E-011
  2.591804419672930E-011  -35037.4224528944       2.591804419672930E-011
  2.477827965621832E-011  -34239.0613797022       2.477827965621832E-011
  2.368919689953975E-011  -33458.8912054879       2.368919689953975E-011
  2.264852792681244E-011  -32696.4974451061       2.264852792681244E-011
  2.165410656833662E-011  -31951.4750575808       2.165410656833662E-011
  2.070386390491129E-011  -31223.4282309175       2.070386390491129E-011
  1.979582389429213E-011  -30511.9701718178       1.979582389429213E-011
  1.892809919450727E-011  -29816.7229001861       1.892809919450727E-011
  1.809888717516592E-011  -29137.3170483175       1.809888717516592E-011
  1.730646610829472E-011  -28473.3916646623       1.730646610829472E-011
  1.654919153061736E-011  -27824.5940220613       1.654919153061736E-011
  1.582549276955764E-011  -27190.5794303504       1.582549276955764E-011
  1.513386962559348E-011  -26571.0110532355       1.513386962559348E-011
  1.447288920392174E-011  -25965.5597293393       1.447288920392174E-011
  1.384118288871053E-011  -25373.9037973265       1.384118288871053E-011
  1.323744345351871E-011  -24795.7289250126       1.323744345351871E-011
  1.266042230175134E-011  -24230.7279423672       1.266042230175134E-011
  1.210892683129605E-011  -23678.6006783222       1.210892683129605E-011
  1.158181791774889E-011  -23139.0538012981       1.158181791774889E-011
  1.107800751089025E-011  -22611.8006633645       1.107800751089025E-011
  1.059645633931160E-011  -22096.5611479509       1.059645633931160E-011
  1.013617171832393E-011  -21593.0615210278       1.013617171832393E-011
  9.696205456497492E-012  -21101.0342856782       9.696205456497492E-012
  9.275651856392410E-012  -20620.2180399839       9.275651856392410E-012
  8.873645805239341E-012  -20150.3573381482       8.873645805239341E-012
  8.489360951520594E-012  -19691.2025547845       8.489360951520594E-012
  8.122007963584305E-012  -19242.5097522962       8.122007963584305E-012
  7.770832866598625E-012  -18804.0405512789       7.770832866598625E-012
  7.435115454319051E-012  -18375.5620038749       7.435115454319051E-012
  7.114167772300914E-012  -17956.8464700143       7.114167772300914E-012
  6.807332669340745E-012  -17547.6714964750       6.807332669340745E-012
  6.513982414075054E-012  -17147.8196986990       6.513982414075054E-012
  6.233517373803329E-012  -16757.0786453014       6.233517373803329E-012
  5.965364752734292E-012  -16375.2407452108       5.965364752734292E-012
  5.708977386980433E-012  -16002.1031373810       5.708977386980433E-012
  5.463832593746388E-012  -15637.4675830166       5.463832593746388E-012
  5.229431072271766E-012  -15281.1403602530       5.229431072271766E-012
  5.005295854198829E-012  -14932.9321612369       5.005295854198829E-012
  4.790971301140406E-012  -14592.6579915521       4.790971301140406E-012
  4.586022147323514E-012  -14260.1370719359       4.586022147323514E-012
  4.390032585279912E-012  -13935.1927422362       4.390032585279912E-012
  4.202605392646118E-012  -13617.6523675557       4.202605392646118E-012
  4.023361098222684E-012  -13307.3472465357       4.023361098222684E-012
  3.851937185525832E-012  -13004.1125217291       3.851937185525832E-012
  3.687987332144123E-012  -12707.7870920157       3.687987332144123E-012
  3.531180683288802E-012  -12418.2135270131       3.531180683288802E-012
  3.381201157999020E-012  -12135.2379834378       3.381201157999020E-012
  3.237746786532438E-012  -11858.7101233722       3.237746786532438E-012
  3.100529077537852E-012  -11588.4830343937       3.100529077537852E-012
  2.969272413669709E-012  -11324.4131515238       2.969272413669709E-012
  2.843713474364695E-012  -11066.3601809555       2.843713474364695E-012
  2.723600684558208E-012  -10814.1870255187       2.723600684558208E-012
  2.608693688173573E-012  -10567.7597118440       2.608693688173573E-012
  2.498762845269387E-012  -10326.9473191855       2.498762845269387E-012
  2.393588751780572E-012  -10091.6219098666       2.393588751780572E-012
  2.292961780836657E-012  -9861.65846130899       2.292961780836657E-012
  2.196681644686545E-012  -9636.93479961204       2.196681644686545E-012
  2.104556976302751E-012  -9417.33153464429       2.104556976302751E-012
  2.016404929779817E-012  -9202.73199661463       2.016404929779817E-012
  1.932050798681487E-012  -8993.02217408853       1.932050798681487E-012
  1.851327651529259E-012  -8788.09065341652       1.851327651529259E-012
  1.774075983661308E-012  -8587.82855954288       1.774075983661308E-012
  1.700143384725462E-012  -8392.12949816307       1.700143384725462E-012
  1.629384221103077E-012  -8200.88949919898       1.629384221103077E-012
  1.561659332592300E-012  -8014.00696156225       1.561659332592300E-012
  1.496835742709455E-012  -7831.38259917611       1.496835742709455E-012
  1.434786381996122E-012  -7652.91938822712       1.434786381996122E-012
  1.375389823747101E-012  -7478.52251561886       1.375389823747101E-012
  1.318530031600711E-012  -7308.09932860001       1.318530031600711E-012
  1.264096118458087E-012  -7141.55928554029       1.264096118458087E-012
  1.211982116222085E-012  -6978.81390782788       1.211982116222085E-012
  1.162086755869369E-012  -6819.77673286297       1.162086755869369E-012
  1.114313257391142E-012  -6664.36326812225       1.114313257391142E-012
  1.068569129158884E-012  -6512.49094627020       1.068569129158884E-012
  1.024765976291428E-012  -6364.07908129302       1.024765976291428E-012
  9.828193176187880E-013  -6219.04882563222       9.828193176187880E-013
  9.426484108563361E-013  -6077.32312829479       9.426484108563361E-013
  9.041760856203466E-013  -5938.82669391797       9.041760856203466E-013
  8.673285839325012E-013  -5803.48594276664       8.673285839325012E-013
  8.320354078768271E-013  -5671.22897164225       8.320354078768271E-013
  7.982291740876761E-013  -5541.98551568243       7.982291740876761E-013
  7.658454747618158E-013  -5415.68691103096       7.658454747618158E-013
  7.348227449015160E-013  -5292.26605835841       7.348227449015160E-013
  7.051021355087002E-013  -5171.65738721392       7.051021355087002E-013
  6.766273924628267E-013  -5053.79682118918       6.766273924628267E-013
  6.493447408271933E-013  -4938.62174387631       6.493447408271933E-013
  6.232027743398435E-013  -4826.07096560121       6.232027743398435E-013
  5.981523498562198E-013  -4716.08469091509       5.981523498562198E-013
  5.741464865211864E-013  -4608.60448682655       5.741464865211864E-013
  5.511402694580445E-013  -4503.57325175761       5.511402694580445E-013
  5.290907577717162E-013  -4400.93518520707       5.290907577717162E-013
  5.079568966723934E-013  -4300.63575810502       5.079568966723934E-013
  4.876994335346623E-013  -4202.62168384298       4.876994335346623E-013
  4.682808377154294E-013  -4106.84088996395       4.682808377154294E-013
  4.496652239619214E-013  -4013.24249049766       4.496652239619214E-013
  4.318182792486165E-013  -3921.77675892609       4.318182792486165E-013
  4.147071928892091E-013  -3832.39510176501       4.147071928892091E-013
  3.983005897766298E-013  -3745.05003274744       3.983005897766298E-013
  3.825684666107470E-013  -3659.69514759538       3.825684666107470E-013
  3.674821309796884E-013  -3576.28509936638       3.674821309796884E-013
  3.530141431667428E-013  -3494.77557436182       3.530141431667428E-013
  3.391382605605603E-013  -3415.12326858410       3.391382605605603E-013
  3.258293845518591E-013  -3337.28586473036       3.258293845518591E-013
  3.130635098050996E-013  -3261.22200971030       3.130635098050996E-013
  3.008176757985936E-013  -3186.89129267631       3.008176757985936E-013
  2.890699205313022E-013  -3114.25422355418       2.890699205313022E-013
  2.777992362991514E-013  -3043.27221206302       2.777992362991514E-013
  2.669855274480496E-013  -2973.90754721319       2.669855274480496E-013
  2.566095700149673E-013  -2906.12337727135       2.566095700149673E-013
  2.466529731724169E-013  -2839.88369018211       2.466529731724169E-013
  2.370981423954709E-013  -2775.15329443563       2.370981423954709E-013
  2.279282442740851E-013  -2711.89780037133       2.279282442740851E-013
  2.191271728969680E-013  -2650.08360190743       2.191271728969680E-013
  2.106795177365399E-013  -2589.67785868692       2.106795177365399E-013
  2.025705329676894E-013  -2530.64847863029       2.025705329676894E-013
  1.947861081560613E-013  -2472.96410088578       1.947861081560613E-013
  1.873127402544839E-013  -2416.59407916812       1.873127402544839E-013
  1.801375068489054E-013  -2361.50846547696       1.801375068489054E-013
  1.732480405978370E-013  -2307.67799418620       1.732480405978370E-013
  1.666325048118115E-013  -2255.07406649592       1.666325048118115E-013
  1.602795701217688E-013  -2203.66873523849       1.602795701217688E-013
  1.541783921875699E-013  -2153.43469003098       1.541783921875699E-013
  1.483185904000254E-013  -2104.34524276583       1.483185904000254E-013
  1.426902275319245E-013  -2056.37431343205       1.426902275319245E-013
  1.372837902955363E-013  -2009.49641625966       1.372837902955363E-013
  1.320901707659706E-013  -1963.68664617963       1.320901707659706E-013
  1.271006486316012E-013  -1918.92066559248       1.271006486316012E-013
  1.223068742344960E-013  -1875.17469143834       1.223068742344960E-013
  1.177008523654617E-013  -1832.42548256153       1.177008523654617E-013
  1.132749267798953E-013  -1790.65032736316       1.132749267798953E-013
  1.090217654021490E-013  -1749.82703173500       1.090217654021490E-013
  1.049343461875689E-013  -1709.93390726830       1.049343461875689E-013
  1.010059436127434E-013  -1670.94975973130       1.010059436127434E-013
  9.723011576582337E-014  -1632.85387780918       9.723011576582337E-014
  9.360069201003650E-014  -1595.62602210076       9.360069201003650E-014
  9.011176119472029E-014  -1559.24641436572       9.011176119472029E-014
  8.675766038935526E-014  -1523.69572701694       8.675766038935526E-014
  8.353296411717431E-014  -1488.95507285224       8.353296411717431E-014
  8.043247406597581E-014  -1455.00599502005       8.043247406597581E-014
  7.745120925477363E-014  -1421.83045721376       7.745120925477363E-014
  7.458439663587241E-014  -1389.41083408950       7.458439663587241E-014
  7.182746211287361E-014  -1357.72990190215       7.182746211287361E-014
  6.917602195599240E-014  -1326.77082935488       6.917602195599240E-014
  6.662587459689906E-014  -1296.51716865705       6.662587459689906E-014
  6.417299278609914E-014  -1266.95284678591       6.417299278609914E-014
  6.181351609662680E-014  -1238.06215694741       6.181351609662680E-014
  5.954374375855327E-014  -1209.82975023154       5.954374375855327E-014
  5.736012780951066E-014  -1182.24062745789       5.736012780951066E-014
  5.525926654709297E-014  -1155.28013120690       5.525926654709297E-014
  5.323789826963139E-014  -1128.93393803276       5.323789826963139E-014
  5.129289529244867E-014  -1103.18805085371       5.129289529244867E-014
  4.942125822727346E-014  -1078.02879151574       4.942125822727346E-014
  4.762011051305214E-014  -1053.44279352574       4.762011051305214E-014
  4.588669318692137E-014  -1029.41699495017       4.588669318692137E-014
  4.421835988460962E-014  -1005.93863147562       4.421835988460962E-014
  4.261257206001987E-014  -982.995229627420       4.261257206001987E-014
  4.106689441420381E-014  -960.574600142817       4.106689441420381E-014
  3.957899052437910E-014  -938.664831495085       3.957899052437910E-014
  3.814661866406132E-014  -917.254283565253       3.814661866406132E-014
  3.676762780578248E-014  -896.331581457986       3.676762780578248E-014
  3.543995379825324E-014  -875.885609458385       3.543995379825324E-014
  3.416161571019018E-014  -855.905505126485       3.416161571019018E-014
  3.293071233337997E-014  -836.380653526308       3.293071233337997E-014
  3.174541883788683E-014  -817.300681586406       3.174541883788683E-014
  3.060398357262774E-014  -798.655452588909       3.060398357262774E-014
  2.950472500484513E-014  -780.435060784136       2.950472500484513E-014
  2.844602879229787E-014  -762.629826127914       2.844602879229787E-014
  2.742634498226859E-014  -745.230289138808       2.742634498226859E-014
  2.644418533175214E-014  -728.227205872535       2.644418533175214E-014
  2.549812074344236E-014  -711.611543010885       2.549812074344236E-014
  2.458677881237648E-014  -695.374473062540       2.458677881237648E-014
  2.370884147832890E-014  -679.507369673245       2.370884147832890E-014
  2.286304277926554E-014  -664.001803042842       2.286304277926554E-014
  2.204816670138144E-014  -648.849535446726       2.204816670138144E-014
  2.126304512144606E-014  -634.042516859339       2.126304512144606E-014
  2.050655583737193E-014  -619.572880677399       2.050655583737193E-014
  1.977762068310735E-014  -605.432939540561       1.977762068310735E-014
  1.907520372412829E-014  -591.615181247316       1.907520372412829E-014
  1.839830952997199E-014  -578.112264763942       1.839830952997199E-014
  1.774598152041552E-014  -564.917016324396       1.774598152041552E-014
  1.711730038205441E-014  -552.022425619067       1.711730038205441E-014
  1.651138255218270E-014  -539.421642070374       1.651138255218270E-014
  1.592737876701484E-014  -527.107971193220       1.592737876701484E-014
  1.536447267142258E-014  -515.074871038383       1.536447267142258E-014
  1.482187948748758E-014  -503.315948716933       1.482187948748758E-014
  1.429884473929075E-014  -491.824957003853       1.429884473929075E-014
  1.379464303147558E-014  -480.595791019042       1.379464303147558E-014
  1.330857687923322E-014  -469.622484983939       1.330857687923322E-014
  1.283997558746212E-014  -458.899209052059       1.283997558746212E-014
  1.238819417695621E-014  -448.420266211734       1.238819417695621E-014
  1.195261235557140E-014  -438.180089259433       1.195261235557140E-014
  1.153263353241186E-014  -428.173237842044       1.153263353241186E-014
  1.112768387316583E-014  -418.394395566551       1.112768387316583E-014
  1.073721139480356E-014  -408.838367175562       1.073721139480356E-014
  1.036068509793007E-014  -399.500075787201       1.036068509793007E-014
  9.997594135162185E-015  -390.374560197882       9.997594135162185E-015
  9.647447013971358E-015  -381.456972246547       9.647447013971358E-015
  9.309770832503689E-015  -372.742574238957       9.309770832503689E-015
  8.984110546954907E-015  -364.226736430672       8.984110546954907E-015
  8.670028269141122E-015  -355.904934567381       8.670028269141122E-015
  8.367102592967066E-015  -347.772747481279       8.367102592967066E-015
  8.074927948550916E-015  -339.825854742209       8.074927948550916E-015
  7.793113982819878E-015  -332.060034362326       7.793113982819878E-015
  7.521284965443747E-015  -324.471160553055       7.521284965443747E-015
  7.259079219023373E-015  -317.055201533166       7.259079219023373E-015
  7.006148572499254E-015  -309.808217386783       7.006148572499254E-015
  6.762157836791179E-015  -302.726357970211       6.762157836791179E-015
  6.526784301723413E-015  -295.805860866442       6.526784301723413E-015
  6.299717253331973E-015  -289.043049386284       6.299717253331973E-015
  6.080657510690089E-015  -282.434330615019       6.080657510690089E-015
  5.869316981426020E-015  -275.976193503579       5.869316981426020E-015
  5.665418235144007E-015  -269.665207003217       5.665418235144007E-015
  5.468694093993440E-015  -263.498018242667       5.468694093993440E-015
  5.278887239664724E-015  -257.471350746854       5.278887239664724E-015
  5.095749836121822E-015  -251.582002696179       5.095749836121822E-015
  4.919043167411618E-015  -245.826845225472       4.919043167411618E-015
  4.748537289919256E-015  -240.202820761705       4.748537289919256E-015
  4.584010698465985E-015  -234.706941399580       4.584010698465985E-015
  4.425250005672287E-015  -229.336287314122       4.425250005672287E-015
  4.272049634034452E-015  -224.088005209457       4.272049634034452E-015
  4.124211520186459E-015  -218.959306802921       4.124211520186459E-015
  3.981544830842061E-015  -213.947467343713       3.981544830842061E-015
  3.843865689933911E-015  -209.049824165309       3.843865689933911E-015
  3.710996916487260E-015  -204.263775270844       3.710996916487260E-015
  3.582767772786010E-015  -199.586777950745       3.582767772786010E-015
  3.459013722407719E-015  -195.016347431842       3.459013722407719E-015
  3.339576197722496E-015  -190.550055557278       3.339576197722496E-015
  3.224302376468111E-015  -186.185529496484       3.224302376468111E-015
  3.113044967030274E-015  -181.920450484558       3.113044967030274E-015
  3.005662002072905E-015  -177.752552590354       3.005662002072905E-015
  2.902016640178405E-015  -173.679621512656       2.902016640178405E-015
  2.801976975172438E-015  -169.699493403774       2.801976975172438E-015
  2.705415852821625E-015  -165.810053719941       2.705415852821625E-015
  2.612210694605750E-015  -162.009236097910       2.612210694605750E-015
  2.522243328278756E-015  -158.295021257150       2.522243328278756E-015
  2.435399824944917E-015  -154.665435927045       2.435399824944917E-015
  2.351570342388142E-015  -151.118551798551       2.351570342388142E-015
  2.270648974403388E-015  -147.652484499728       2.270648974403388E-015
  2.192533605889758E-015  -144.265392594622       2.192533605889758E-015
  2.117125773474949E-015  -140.955476604955       2.117125773474949E-015
  2.044330531450384E-015  -137.720978054108       2.044330531450384E-015
  1.974056322805593E-015  -134.560178532884       1.974056322805593E-015
  1.906214855159223E-015  -131.471398786560       1.906214855159223E-015
  1.840720981392527E-015  -128.452997822741       1.840720981392527E-015
  1.777492584799262E-015  -125.503372039541       1.777492584799262E-015
  1.716450468573619E-015  -122.620954373629       1.716450468573619E-015
  1.657518249465224E-015  -119.804213467686       1.657518249465224E-015
  1.600622255437308E-015  -117.051652856835       1.600622255437308E-015
  1.545691427170923E-015  -114.361810173603       1.545691427170923E-015
  1.492657223264516E-015  -111.733256371005       1.492657223264516E-015
  1.441453528984395E-015  -109.164594963323       1.441453528984395E-015
  1.392016568427529E-015  -106.654461284190       1.392016568427529E-015
  1.344284819963802E-015  -104.201521761575       1.344284819963802E-015
  1.298198934830258E-015  -101.804473209291       1.298198934830258E-015
  1.253701658755072E-015  -99.4620421346425       1.253701658755072E-015
  1.210737756493938E-015  -97.1729840618505       1.210737756493938E-015
  1.169253939166363E-015  -94.9360828708945       1.169253939166363E-015
  1.129198794283864E-015  -92.7501501514168       1.129198794283864E-015
  1.090522718366451E-015  -90.6140245713499       1.090522718366451E-015
  1.053177852047957E-015  -88.5265712599296       1.053177852047957E-015
  1.017118017574779E-015  -86.4866812047655       1.017118017574779E-015
  9.822986586064071E-016  -84.4932706626510       9.822986586064071E-016
  9.486767822298063E-016  -82.5452805837966       9.486767822298063E-016
  9.162109031032173E-016  -80.6416760491834       9.162109031032173E-016
  8.848609896483321E-016  -78.7814457207357       8.848609896483321E-016
  8.545884122129973E-016  -76.9636013040225       8.545884122129973E-016
  8.253558931297072E-016  -75.1871770232008       8.253558931297072E-016
  7.971274585981087E-016  -73.4512291079229       7.971274585981087E-016
  7.698683923225809E-016  -71.7548352919345       7.698683923225809E-016
  7.435451908386672E-016  -70.0970943230972       7.435451908386672E-016
  7.181255204647481E-016  -68.4771254845758       7.181255204647481E-016
  6.935781758178456E-016  -66.8940681269352       6.935781758178456E-016
  6.698730398348482E-016  -65.3470812108982       6.698730398348482E-016
  6.469810452427426E-016  -63.8353428605225       6.469810452427426E-016
  6.248741374236337E-016  -62.3580499265584       6.248741374236337E-016
  6.035252386224627E-016  -60.9144175597549       6.035252386224627E-016
  5.829082134473531E-016  -59.5036787938892       5.829082134473531E-016
  5.629978356144554E-016  -58.1250841382963       5.629978356144554E-016
  5.437697558910312E-016  -56.7779011796831       5.437697558910312E-016
  5.252004711923029E-016  -55.4614141930153       5.252004711923029E-016
  5.072672947893186E-016  -54.1749237612703       5.072672947893186E-016
  4.899483275867225E-016  -52.9177464038546       4.899483275867225E-016
  4.732224304308994E-016  -51.6892142134867       4.732224304308994E-016
  4.570691974104903E-016  -50.4886745013554       4.570691974104903E-016
  4.414689301127185E-016  -49.3154894503614       4.414689301127185E-016
  4.264026128003749E-016  -48.1690357762616       4.264026128003749E-016
  4.118518884756436E-016  -47.0487043965330       4.118518884756436E-016
  3.977990357982429E-016  -45.9539001067827       3.977990357982429E-016
  3.842269468265917E-016  -44.8840412645301       3.842269468265917E-016
  3.711191055518941E-016  -43.8385594801948       3.711191055518941E-016
  3.584595671961873E-016  -42.8168993151252       3.584595671961873E-016
  3.462329382464797E-016  -41.8185179865078       3.462329382464797E-016
  3.344243571981641E-016  -40.8428850789998       3.344243571981641E-016
  3.230194759819051E-016  -39.8894822629330       3.230194759819051E-016
  3.120044420491627E-016  -38.9578030189374       3.120044420491627E-016
  3.013658810924505E-016  -38.0473523688407       3.013658810924505E-016
  2.910908803773274E-016  -37.1576466126979       2.910908803773274E-016
  2.811669726639708E-016  -36.2882130718141       2.811669726639708E-016
  2.715821206970205E-016  -35.4385898376215       2.715821206970205E-016
  2.623247022431685E-016  -34.6083255262791       2.623247022431685E-016
  2.533834956567361E-016  -33.7969790388636       2.533834956567361E-016
  2.447476659542170E-016  -33.0041193270240       2.447476659542170E-016
  2.364067513794685E-016  -32.2293251639770       2.364067513794685E-016
  2.283506504419116E-016  -31.4721849207188       2.283506504419116E-016
  2.205696094107584E-016  -30.7322963473376       2.205696094107584E-016
  2.130542102489028E-016  -30.0092663593074       2.130542102489028E-016
  2.057953589707270E-016  -29.3027108286523       2.057953589707270E-016
  1.987842744086466E-016  -28.6122543798690       1.987842744086466E-016
  1.920124773737775E-016  -27.9375301904984       1.920124773737775E-016
  1.854717801966494E-016  -27.2781797962425       1.854717801966494E-016
  1.791542766344012E-016  -26.6338529005211       1.791542766344012E-016
  1.730523321313936E-016  -26.0042071883673       1.730523321313936E-016
  1.671585744206520E-016  -25.3889081445649       1.671585744206520E-016
  1.614658844540094E-016  -24.7876288759281       1.614658844540094E-016
  1.559673876492682E-016  -24.2000499376312       1.559673876492682E-016
  1.506564454431185E-016  -23.6258591634960       1.506564454431185E-016
  1.455266471389630E-016  -23.0647515001449       1.455266471389630E-016
  1.405718020391942E-016  -22.5164288449344       1.405718020391942E-016
  1.357859318518474E-016  -21.9805998875796       1.357859318518474E-016
  1.311632633619183E-016  -21.4569799553890       1.311632633619183E-016
  1.266982213579862E-016  -20.9452908620246       1.266982213579862E-016
  1.223854218051205E-016  -20.4452607597084       1.223854218051205E-016
  1.182196652553787E-016  -19.9566239947962       1.182196652553787E-016
  1.141959304875115E-016  -19.4791209666429       1.141959304875115E-016
  1.103093683677955E-016  -19.0124979896826       1.103093683677955E-016
  1.065552959242075E-016  -18.5565071586519       1.065552959242075E-016
  1.029291906264295E-016  -18.1109062168840       1.029291906264295E-016
  9.942668486444591E-017  -17.6754584276035       9.942668486444591E-017
  9.604356061875483E-017  -17.2499324481544       9.604356061875483E-017
  9.277574431546211E-017  -16.8341022070931       9.277574431546211E-017
  8.961930185977234E-017  -16.4277467840824       8.961930185977234E-017
  8.657043384161927E-017  -16.0306502925218       8.657043384161927E-017
  8.362547090740241E-017  -15.6426017648525       8.362547090740241E-017
  8.078086929201400E-017  -15.2633950404756       8.078086929201400E-017
  7.803320650554510E-017  -14.8928286562236       7.803320650554510E-017
  7.537917716926118E-017  -14.5307057393285       7.537917716926118E-017
  7.281558899562991E-017  -14.1768339028281       7.281558899562991E-017
  7.033935890736793E-017  -13.8310251433552       7.033935890736793E-017
  6.794750929065490E-017  -13.4930957412565       6.794750929065490E-017
  6.563716437783281E-017  -13.1628661629864       6.563716437783281E-017
  6.340554675507508E-017  -12.8401609657259       6.340554675507508E-017
  6.124997399067163E-017  -12.5248087041735       6.124997399067163E-017
  5.916785537972777E-017  -12.2166418394609       5.916785537972777E-017
  5.715668880122527E-017  -11.9154966501438       5.715668880122527E-017
  5.521405768353589E-017  -11.6212131452205       5.521405768353589E-017
  5.333762807461691E-017  -11.3336349791329       5.333762807461691E-017
  5.152514581324984E-017  -11.0526093687037       5.152514581324984E-017
  4.977443379781323E-017  -10.7779870119666       4.977443379781323E-017
  4.808338934920254E-017  -10.5096220088458       4.808338934920254E-017
  4.644998166463065E-017  -10.2473717836431       4.644998166463065E-017
  4.487224935915657E-017  -9.99109700929064       4.487224935915657E-017
  4.334829809190106E-017  -9.74066153333010       4.334829809190106E-017
  4.187629827401426E-017  -9.49593230557814       4.187629827401426E-017
  4.045448285556378E-017  -9.25677930744017       4.045448285556378E-017
  3.908114518861086E-017  -9.02307548283470       3.908114518861086E-017
  3.775463696383758E-017  -8.79469667069153       3.775463696383758E-017
  3.647336621818067E-017  -8.57152153898808       3.647336621818067E-017
  3.523579541101612E-017  -8.35343152028869       3.523579541101612E-017
  3.404043956652495E-017  -8.14031074875262       3.404043956652495E-017
  3.288586447995262E-017  -7.93204599857743       3.288586447995262E-017
  3.177068498555463E-017  -7.72852662384492       3.177068498555463E-017
  3.069356328409749E-017  -7.52964449973765       3.069356328409749E-017
  2.965320732785838E-017  -7.33529396509489       2.965320732785838E-017
  2.864836926113830E-017  -7.14537176627752       2.864836926113830E-017
  2.767784391437196E-017  -6.95977700231183       2.767784391437196E-017
  2.674046734998428E-017  -6.77841107128340       2.674046734998428E-017
  2.583511545820742E-017  -6.60117761795231       2.583511545820742E-017
  2.496070260113334E-017  -6.42798248256197       2.496070260113334E-017
  2.411618030333670E-017  -6.25873365081437       2.411618030333670E-017
  2.330053598745970E-017  -6.09334120498518       2.330053598745970E-017
  2.251279175320604E-017  -5.93171727615265       2.251279175320604E-017
  2.175200319824355E-017  -5.77377599751506       2.175200319824355E-017
  2.101725827956648E-017  -5.61943345877176       2.101725827956648E-017
  2.030767621391774E-017  -5.46860766154376       2.030767621391774E-017
  1.962240641591798E-017  -5.32121847580994       1.962240641591798E-017
  1.896062747259483E-017  -5.17718759733604       1.896062747259483E-017
  1.832154615304840E-017  -5.03643850607347       1.832154615304840E-017
  1.770439645203196E-017  -4.89889642550616       1.770439645203197E-017
  1.710843866626661E-017  -4.76448828292359       1.710843866626661E-017
  1.653295850234766E-017  -4.63314267059912       1.653295850234766E-017
  1.597726621513782E-017  -4.50478980785279       1.597726621513782E-017
  1.544069577557773E-017  -4.37936150397857       1.544069577557773E-017
  1.492260406687875E-017  -4.25679112201634       1.492260406687875E-017
  1.442237010809567E-017  -4.13701354334930       1.442237010809567E-017
  1.393939430410827E-017  -4.01996513310809       1.393939430410827E-017
  1.347309772107068E-017  -3.90558370636310       1.347309772107068E-017
  1.302292138641627E-017  -3.79380849508721       1.302292138641627E-017
  1.258832561253277E-017  -3.68458011587119       1.258832561253277E-017
  1.216878934324893E-017  -3.57784053837480       1.216878934324893E-017
  1.176380952229828E-017  -3.47353305449669       1.176380952229828E-017
  1.137290048294970E-017  -3.37160224824677       1.137290048294971E-017
  1.099559335801666E-017  -3.27199396630508       1.099559335801666E-017
  1.063143550947856E-017  -3.17465528925148       1.063143550947856E-017
  1.027998997696798E-017  -3.07953450345083       1.027998997696798E-017
  9.940834944396799E-018  -2.98658107357886       9.940834944396799E-018
  9.613563224012855E-018  -2.89574561577396       9.613563224012855E-018
  9.297781757196084E-018  -2.80697987140078       9.297781757196084E-018
  8.993111131320225E-018  -2.72023668141159       8.993111131320222E-018
  8.699185112021988E-018  -2.63546996129188       8.699185112021988E-018
  8.415650190235402E-018  -2.55263467657673       8.415650190235402E-018
  8.142165143364100E-018  -2.47168681892518       8.142165143364100E-018
  7.878400609979239E-018  -2.39258338273965       7.878400609979239E-018
  7.624038677445447E-018  -2.31528234231811       7.624038677445447E-018
  7.378772481892123E-018  -2.23974262952691       7.378772481892123E-018
  7.142305819962443E-018  -2.16592411198227       7.142305819962443E-018
  6.914352771788179E-018  -2.09378757172891       6.914352771788179E-018
  6.694637334654824E-018  -2.02329468440458       6.694637334654824E-018
  6.482893066839043E-018  -1.95440799887921       6.482893066839045E-018
  6.278862741119354E-018  -1.88709091735809       6.278862741119354E-018
  6.082298007481606E-018  -1.82130767593835       6.082298007481606E-018
  5.892959064563405E-018  -1.75702332560849       5.892959064563405E-018
  5.710614339406740E-018  -1.69420371368082       5.710614339406740E-018
  5.535040175115890E-018  -1.63281546564698       5.535040175115890E-018
  5.366020526048645E-018  -1.57282596744691       5.366020526048645E-018
  5.203346660203189E-018  -1.51420334814180       5.203346660203189E-018
  5.046816868501135E-018  -1.45691646298182       5.046816868501135E-018
  4.896236180709192E-018  -1.40093487685970       4.896236180709190E-018
  4.751416087788038E-018  -1.34622884814133       4.751416087788038E-018
  4.612174270507249E-018  -1.29276931286474       4.612174270507249E-018
  4.478334334219310E-018  -1.24052786929913       4.478334334219312E-018
  4.349725549743845E-018  -1.18947676285575       4.349725549743845E-018
  4.226182600374510E-018  -1.13958887134257       4.226182600374511E-018
  4.107545335085080E-018  -1.09083769055492       4.107545335085080E-018
  3.993658528077071E-018  -1.04319732019446       3.993658528077071E-018
  3.884371644877770E-018 -0.996642450109003       3.884371644877770E-018
  3.779538615263351E-018 -0.951148346845844       3.779538615263351E-018
  3.679017613345127E-018 -0.906690840511497       3.679017613345127E-018
  3.582670845216168E-018 -0.863246311930822       3.582670845216168E-018
  3.490364344608423E-018 -0.820791680098742       3.490364344608423E-018
  3.401967777054755E-018 -0.779304389917873       3.401967777054756E-018
  3.317354253083861E-018 -0.738762400215562       3.317354253083861E-018
  3.236400150996478E-018 -0.699144172033954       3.236400150996478E-018
  3.158984949776511E-018 -0.660428657186872       3.158984949776511E-018
  3.084991072678839E-018 -0.622595287077445       3.084991072678839E-018
  3.014303742005027E-018 -0.585623961770510       3.014303742005026E-018
  2.946810845528069E-018 -0.549495039314019       2.946810845528069E-018
  2.882402814957053E-018 -0.514189325303753       2.882402814957053E-018
  2.820972516742780E-018 -0.479688062685811       2.820972516742781E-018
  2.762415155416915E-018 -0.445972921791447       2.762415155416915E-018
  2.706628189532095E-018 -0.413025990598975       2.706628189532095E-018
  2.653511260131585E-018 -0.380829765217546       2.653511260131585E-018
  2.602966131527762E-018 -0.349367140587773       2.602966131527762E-018
  2.554896644013490E-018 -0.318621401394227       2.554896644013490E-018
  2.509208677973731E-018 -0.288576213185008       2.509208677973731E-018
  2.465810128711769E-018 -0.259215613693653       2.465810128711769E-018
  2.424610891160127E-018 -0.230524004358775       2.424610891160127E-018
  2.385522853515707E-018 -0.202486142036937       2.385522853515708E-018
  2.348459898726248E-018 -0.175087130904343       2.348459898726248E-018
  2.313337912664852E-018 -0.148312414543057       2.313337912664852E-018
  2.280074797764118E-018 -0.122147768207536       2.280074797764118E-018
  2.248590490843262E-018 -9.657929126737597E-002  2.248590490843262E-018
  2.218806983851659E-018 -7.159339982224711E-002  2.218806983851659E-018
  2.190648346270216E-018 -4.717681948510588E-002  2.190648346270216E-018
  2.164040747956779E-018 -2.331657832983991E-002  2.164040747956779E-018
  2.138912481291186E-018  3.956834859764058E-013  2.138912481291186E-018
