   3.532046E-090
   3.530688E-090
   3.526602E-090
   3.519747E-090
   3.510057E-090
   3.497438E-090
   3.481772E-090
   3.462917E-090
   3.440705E-090
   3.414947E-090
   3.385432E-090
   3.351929E-090
   3.314192E-090
   3.271959E-090
   3.224954E-090
   3.172897E-090
   3.115500E-090
   3.052477E-090
   2.983547E-090
   2.908440E-090
   2.826906E-090
   2.738722E-090
   2.643699E-090
   2.541697E-090
   2.432633E-090
   2.316494E-090
   2.193356E-090
   2.063396E-090
   1.926915E-090
   1.784357E-090
   1.636332E-090
   1.483644E-090
   1.327319E-090
   1.168637E-090
   1.009169E-090
   8.508170E-091
   6.958558E-091
   5.469826E-091
   4.073697E-091
   2.807223E-091
   1.713428E-091
   8.420050E-092
   2.500760E-092
   3.030589E-094
   1.754327E-092
   8.520112E-092
   2.128737E-091
   4.113993E-091
   6.929842E-091
   1.071317E-090
   1.558600E-090
   2.163953E-090
   2.895537E-090
   3.759445E-090
   4.759270E-090
   5.895690E-090
   7.166072E-090
   8.564111E-090
   1.007950E-089
   1.169768E-089
   1.339959E-089
   1.516159E-089
   1.695541E-089
   1.874825E-089
   2.050300E-089
   2.217858E-089
   2.373056E-089
   2.511183E-089
   2.627361E-089
   2.716663E-089
   2.774264E-089
   2.795618E-089
   2.776668E-089
   2.714095E-089
   2.605608E-089
   2.450268E-089
   2.248873E-089
   2.004380E-089
   1.722393E-089
   1.411701E-089
   1.084890E-089
   7.590085E-090
   4.563252E-090
   2.051483E-090
   4.073880E-091
   6.308825E-092
   1.523668E-090
   5.210135E-090
   1.139212E-089
   2.019122E-089
   3.156447E-089
   4.529320E-089
   6.097838E-089
   7.804340E-089
   9.574540E-089
   1.131960E-088
   1.293924E-088
   1.432600E-088
   1.537076E-088
   1.596956E-088
   1.603198E-088
   1.549104E-088
   1.431482E-088
   1.251993E-088
   1.018694E-088
   7.477858E-089
   4.655975E-089
   2.108007E-089
   3.688263E-090
   1.488840E-090
   2.364503E-089
   8.073862E-089
   1.789243E-088
   3.202277E-088
   5.024703E-088
   7.189716E-088
   9.586252E-088
   1.206276E-087
   1.443427E-087
   1.649297E-087
   1.802270E-087
   1.881737E-087
   1.870394E-087
   1.756989E-087
   1.539578E-087
   1.229302E-087
   8.547236E-088
   4.667578E-088
   1.442280E-088
   8.333103E-092
   1.883135E-088
   9.056238E-088
   2.281539E-087
   4.332426E-087
   6.985445E-087
   1.007340E-086
   1.334255E-086
   1.646899E-086
   1.908415E-086
   2.081004E-086
   2.130475E-086
   2.031884E-086
   1.776327E-086
   1.378939E-086
   8.881713E-087
   3.964159E-087
   5.203429E-088
   7.287027E-088
   7.613105E-087
   2.436162E-086
   5.156236E-086
   8.801620E-086
   1.307450E-085
   1.751735E-085
   2.155319E-085
   2.454664E-085
   2.588693E-085
   2.509400E-085
   2.194867E-085
   1.664822E-085
   9.988459E-086
   3.573559E-086
   5.490113E-088
   3.400231E-086
   1.913715E-085
   5.103964E-085
   9.790579E-085
   1.555008E-084
   2.166326E-084
   2.719107E-084
   3.109384E-084
   3.239505E-084
   3.039167E-084
   2.491297E-084
   1.662993E-084
   7.417279E-085
   7.704298E-086
   2.279418E-085
   2.016152E-084
   6.245466E-084
   1.275928E-083
   2.083979E-083
   2.927206E-083
   3.649370E-083
   4.083596E-083
   4.085151E-083
   3.573188E-083
   2.581789E-083
   1.320664E-083
   2.458472E-084
   1.407727E-084
   2.208092E-083
   7.910059E-083
   1.735742E-082
   2.963474E-082
   4.305393E-082
   5.531882E-082
   6.385432E-082
   6.626190E-082
   6.090508E-082
   4.762921E-082
   2.861983E-082
   9.404246E-083
   9.723501E-087
   1.447591E-082
   1.645447E-082
   9.858489E-083
   4.122594E-081
   2.488869E-080
   8.896955E-080
   2.434685E-079
   5.638273E-079
   1.162866E-078
   2.201093E-078
   3.898316E-078
   6.546604E-078
   1.279786E-077
   4.505484E-077
   1.679957E-076
   5.350407E-076
   1.445005E-075
   3.409974E-075
   7.235527E-075
   1.411363E-074
   2.572852E-074
   4.437597E-074
   7.309623E-074
   1.313033E-073
   3.871813E-073
   1.286717E-072
   3.854184E-072
   1.006205E-071
   2.326748E-071
   4.872647E-071
   9.418728E-071
   1.705654E-070
   2.927015E-070
   4.814551E-070
   1.016645E-069
   2.919555E-069
   8.483267E-069
   2.237742E-068
   5.286880E-068
   1.132645E-067
   2.235872E-067
   4.124874E-067
   7.193981E-067
   1.197522E-066
   2.328238E-066
   5.984974E-066
   1.607485E-065
   4.037676E-065
   9.251574E-065
   1.942768E-064
   3.782841E-064
   6.910525E-064
   1.196418E-063
   2.004129E-063
   4.132456E-063
   1.016829E-062
   2.522464E-062
   5.878204E-062
   1.266460E-061
   2.532287E-061
   4.741663E-061
   8.392767E-061
   1.416107E-060
   2.591478E-060
   5.796567E-060
   1.367708E-059
   3.117401E-059
   6.662836E-059
   1.330503E-058
   2.495770E-058
   4.431222E-058
   7.502887E-058
   1.344290E-057
   2.859627E-057
   6.415492E-057
   1.404260E-056
   2.911193E-056
   5.682103E-056
   1.047506E-055
   1.834926E-055
   3.083209E-055
   5.689926E-055
   1.190332E-054
   2.557039E-054
   5.336133E-054
   1.059378E-053
   1.992885E-053
   3.562465E-053
   6.081890E-053
   1.038472E-052
   2.013726E-052
   4.155440E-052
   8.532698E-052
   1.688672E-051
   3.186896E-051
   5.731197E-051
   9.853384E-051
   1.650578E-050
   3.043831E-050
   6.039899E-050
   1.208146E-049
   2.351741E-049
   4.392905E-049
   7.850017E-049
   1.344329E-048
   2.240011E-048
   4.044595E-048
   7.799464E-048
   1.517363E-047
   2.884085E-047
   5.283124E-047
   9.292815E-047
   1.571128E-046
   2.616478E-046
   4.714840E-046
   8.910793E-046
   1.686694E-045
   3.117532E-045
   5.566086E-045
   9.572246E-045
   1.587493E-044
   2.679221E-044
   4.848039E-044
   8.995823E-044
   1.654669E-043
   2.964564E-043
   5.137227E-043
   8.597968E-043
   1.409434E-042
   2.444440E-042
   4.417069E-042
   8.013317E-042
   1.427750E-041
   2.472412E-041
   4.146244E-041
   6.750497E-041
   1.134532E-040
   1.998682E-040
   3.562822E-040
   6.276135E-040
   1.079172E-039
   1.802144E-039
   2.921883E-039
   4.819633E-039
   8.319855E-039
   1.456954E-038
   2.529533E-038
   4.299661E-038
   7.115182E-038
   1.145333E-037
   1.871167E-037
   3.182555E-037
   5.481561E-037
   9.365438E-037
   1.568989E-036
   2.563621E-036
   4.087293E-036
   6.653856E-036
   1.119349E-035
   1.898079E-035
   3.188134E-035
   5.252862E-035
   8.451424E-035
   1.336275E-034
   2.175288E-034
   3.624123E-034
   6.049638E-034
   9.978689E-034
   1.614161E-033
   2.552135E-033
   4.029783E-033
   6.559082E-033
   1.081084E-032
   1.774364E-032
   2.870286E-032
   4.551615E-032
   7.090075E-032
   1.126586E-031
   1.827071E-031
   2.971082E-031
   4.785454E-031
   7.580737E-031
   1.177337E-030
   1.833685E-030
   2.924024E-030
   4.699949E-030
   7.514472E-030
   1.185283E-029
   1.836302E-029
   2.822114E-029
   4.430451E-029
   7.033887E-029
   1.114280E-028
   1.745882E-028
   2.691970E-028
   4.100308E-028
   6.351764E-028
   9.963846E-028
   1.562514E-027
   2.427897E-027
   3.718373E-027
   5.621189E-027
   8.613189E-027
   1.336172E-026
   2.073625E-026
   3.192062E-026
   4.848724E-026
   7.276034E-026
   1.105052E-025
   1.696898E-025
   2.606019E-025
   3.971383E-025
   5.976367E-025
   8.902281E-025
   1.342041E-024
   2.041289E-024
   3.102144E-024
   4.677422E-024
   6.967131E-024
   1.030809E-023
   1.543724E-023
   2.326460E-023
   3.497977E-023
   5.215822E-023
   7.685356E-023
   1.130965E-022
   1.682786E-022
   2.512365E-022
   3.736119E-022
   5.506403E-022
   8.030107E-022
   1.176868E-021
   1.738945E-021
   2.570699E-021
   3.779122E-021
   5.502460E-021
   7.962515E-021
   1.162071E-020
   1.703530E-020
   2.491722E-020
   3.618958E-020
   5.206113E-020
   7.502078E-020
   1.088817E-019
   1.581565E-019
   2.286860E-019
   3.279461E-019
   4.677383E-019
   6.716123E-019
   9.675595E-019
   1.390725E-018
   1.986161E-018
   2.813958E-018
   3.998040E-018
   5.708791E-018
   8.148481E-018
   1.157561E-017
   1.631857E-017
   2.296544E-017
   3.249571E-017
   4.603058E-017
   6.498443E-017
   9.114225E-017
   1.272351E-016
   1.784323E-016
   2.507481E-016
   3.515769E-016
   4.902276E-016
   6.795767E-016
   9.448766E-016
   1.317165E-015
   1.833435E-015
   2.540059E-015
   3.497886E-015
   4.823936E-015
   6.670954E-015
   9.216147E-015
   1.268034E-014
   1.734588E-014
   2.373693E-014
   3.256730E-014
   4.464970E-014
   6.098985E-014
   8.285780E-014
   1.125440E-013
   1.532159E-013
   2.084392E-013
   2.825957E-013
   3.811933E-013
   5.140155E-013
   6.944197E-013
   9.373615E-013
   1.261107E-012
   1.688673E-012
   2.260798E-012
   3.031022E-012
   4.059299E-012
   5.418467E-012
   7.201547E-012
   9.572823E-012
   1.273615E-011
   1.692133E-011
   2.240633E-011
   2.955760E-011
   3.901041E-011
   5.150340E-011
   6.788031E-011
   8.915619E-011
   1.167479E-010
   1.529757E-010
   2.003934E-010
   2.619635E-010
   3.412436E-010
   4.436179E-010
   5.769770E-010
   7.497941E-010
   9.720171E-010
   1.255781E-009
   1.620751E-009
   2.091830E-009
   2.696094E-009
   3.465451E-009
   4.441178E-009
   5.689636E-009
   7.284862E-009
   9.309974E-009
   1.186298E-008
   1.508513E-008
   1.917671E-008
   2.434970E-008
   3.084813E-008
   3.896812E-008
   4.917063E-008
   6.199998E-008
   7.804554E-008
   9.799076E-008
   1.227505E-007
   1.536488E-007
   1.920839E-007
   2.396310E-007
   2.981551E-007
   3.704278E-007
   4.597421E-007
   5.696051E-007
   7.040272E-007
   8.682413E-007
   1.069530E-006
   1.315514E-006
   1.614676E-006
   1.976998E-006
   2.416765E-006
   2.950197E-006
   3.594557E-006
   4.369449E-006
   5.300506E-006
   6.420518E-006
   7.763439E-006
   9.366931E-006
   1.127581E-005
   1.355061E-005
   1.625575E-005
   1.946061E-005
   2.324365E-005
   2.770714E-005
   3.296738E-005
   3.914612E-005
   4.637787E-005
   5.482551E-005
   6.468429E-005
   7.615670E-005
   8.946285E-005
   1.048531E-004
   1.226274E-004
   1.431017E-004
   1.666142E-004
   1.935354E-004
   2.242863E-004
   2.593190E-004
   2.991152E-004
   3.441916E-004
   3.950873E-004
   4.523763E-004
   5.166799E-004
   5.886575E-004
   6.689291E-004
   7.580990E-004
   8.568624E-004
   9.659547E-004
   1.085980E-003
   1.217367E-003
   1.360714E-003
   1.516669E-003
   1.685636E-003
   1.867523E-003
   2.062529E-003
   2.270941E-003
   2.492666E-003
   2.726646E-003
   2.972261E-003
   3.229074E-003
   3.496133E-003
   3.770955E-003
   4.051681E-003
   4.336870E-003
   4.624475E-003
   4.910351E-003
   5.191227E-003
   5.464444E-003
   5.726720E-003
   5.972452E-003
   6.197240E-003
   6.397604E-003
   6.569586E-003
   6.707157E-003
   6.805866E-003
   6.862466E-003
   6.873627E-003
   6.834880E-003
   6.743573E-003
   6.598443E-003
   6.398847E-003
   6.144487E-003
   5.836689E-003
   5.478184E-003
   5.073307E-003
   4.628121E-003
   4.149477E-003
   3.645447E-003
   3.126650E-003
   2.605675E-003
   2.094579E-003
   1.606239E-003
   1.156153E-003
   7.601814E-004
   4.324766E-004
   1.873137E-004
   3.957222E-005
   1.802586E-006
   8.450497E-005
   2.970254E-004
   6.447102E-004
   1.129271E-003
   1.750968E-003
   2.506629E-003
   3.384024E-003
   4.369498E-003
   5.448993E-003
   6.601954E-003
   7.798136E-003
   9.010518E-003
   1.021277E-002
   1.137086E-002
   1.244745E-002
   1.341189E-002
   1.423603E-002
   1.488901E-002
   1.534444E-002
   1.558293E-002
   1.559130E-002
   1.536390E-002
   1.489985E-002
   1.420436E-002
   1.329667E-002
   1.220638E-002
   1.096111E-002
   9.594747E-003
   8.160520E-003
   6.709302E-003
   5.285008E-003
   3.938266E-003
   2.728439E-003
   1.698601E-003
   8.844837E-004
   3.222332E-004
   3.624749E-005
   3.563134E-005
   3.216737E-004
   8.807605E-004
   1.685008E-003
   2.700511E-003
   3.881612E-003
   5.165448E-003
   6.490702E-003
   7.796984E-003
   9.015527E-003
   1.008009E-002
   1.093575E-002
   1.153752E-002
   1.185185E-002
   1.185614E-002
   1.154190E-002
   1.092914E-002
   1.005071E-002
   8.941521E-003
   7.657786E-003
   6.283240E-003
   4.887246E-003
   3.537740E-003
   2.321646E-003
   1.312713E-003
   5.620931E-004
   1.158937E-004
   5.245015E-006
   2.338685E-004
   7.911570E-004
   1.642294E-003
   2.729172E-003
   3.988059E-003
   5.342216E-003
   6.695126E-003
   7.958812E-003
   9.054232E-003
   9.905874E-003
   1.045203E-002
   1.065073E-002
   1.048987E-002
   9.983465E-003
   9.154165E-003
   8.051495E-003
   6.767674E-003
   5.385017E-003
   3.985618E-003
   2.680567E-003
   1.565975E-003
   7.092284E-004
   1.735840E-004
   1.664552E-007
   1.940590E-004
   7.411681E-004
   1.592957E-003
   2.676395E-003
   3.911809E-003
   5.197317E-003
   6.420322E-003
   7.484573E-003
   8.305624E-003
   8.811983E-003
   8.956273E-003
   8.722783E-003
   8.140675E-003
   7.252055E-003
   6.117115E-003
   4.846277E-003
   3.550380E-003
   2.323497E-003
   1.277527E-003
   5.108870E-004
   8.015359E-005
   2.465165E-005
   3.486770E-004
   1.018644E-003
   1.980233E-003
   3.137704E-003
   4.379444E-003
   5.599337E-003
   6.680499E-003
   7.514352E-003
   8.022757E-003
   8.161120E-003
   7.916388E-003
   7.300311E-003
   6.372306E-003
   5.235562E-003
   3.984461E-003
   2.733081E-003
   1.620830E-003
   7.453575E-004
   1.847386E-004
   1.243512E-007
   2.008962E-004
   7.657735E-004
   1.631526E-003
   2.697751E-003
   3.859749E-003
   4.992377E-003
   5.964801E-003
   6.676342E-003
   7.053908E-003
   7.053938E-003
   6.667649E-003
   5.939593E-003
   4.959679E-003
   3.819302E-003
   2.641698E-003
   1.573187E-003
   7.190419E-004
   1.720587E-004
   7.142391E-007
   2.175657E-004
   8.025511E-004
   1.682490E-003
   2.753217E-003
   3.902330E-003
   4.987048E-003
   5.876753E-003
   6.474318E-003
   6.709689E-003
   6.549154E-003
   6.005478E-003
   5.155853E-003
   4.096542E-003
   2.938233E-003
   1.835667E-003
   9.170981E-004
   2.798545E-004
   7.559209E-006
   1.247827E-004
   6.140920E-004
   1.408838E-003
   2.397303E-003
   3.461998E-003
   4.460712E-003
   5.255719E-003
   5.749923E-003
   5.881284E-003
   5.627371E-003
   5.013995E-003
   4.133776E-003
   3.100122E-003
   2.034751E-003
   1.094018E-003
   4.000083E-004
   3.761853E-005
   6.227865E-005
   4.654465E-004
   1.199126E-003
   2.158802E-003
   3.208582E-003
   4.217887E-003
   5.040836E-003
   5.559492E-003
   5.707893E-003
   5.468538E-003
   4.866730E-003
   3.981508E-003
   2.950750E-003
   1.905385E-003
   9.855084E-004
   3.305776E-004
   1.910606E-005
   9.242234E-005
   5.316842E-004
   1.267462E-003
   2.192841E-003
   3.154984E-003
   4.015460E-003
   4.648711E-003
   4.950293E-003
   4.874241E-003
   4.438727E-003
   3.708217E-003
   2.782109E-003
   1.814851E-003
   9.520533E-004
   3.166670E-004
   1.686469E-005
   9.419187E-005
   5.411403E-004
   1.284366E-003
   2.208723E-003
   3.181051E-003
   4.037242E-003
   4.646960E-003
   4.921572E-003
   4.812656E-003
   4.331947E-003
   3.563110E-003
   2.627929E-003
   1.659792E-003
   8.229212E-004
   2.433590E-004
   3.417301E-006
   1.393269E-004
   6.173290E-004
   1.358620E-003
   2.224318E-003
   3.069584E-003
   3.756201E-003
   4.156665E-003
   4.204866E-003
   3.898088E-003
   3.285217E-003
   2.463993E-003
   1.588063E-003
   8.023063E-004
   2.388156E-004
   3.956108E-006
   1.347914E-004
   6.147421E-004
   1.355057E-003
   2.236374E-003
   3.106653E-003
   3.805902E-003
   4.222742E-003
   4.283164E-003
   3.970724E-003
   3.342118E-003
   2.514298E-003
   1.619624E-003
   8.181721E-004
   2.512562E-004
   5.678510E-006
   1.220406E-004
   5.663787E-004
   1.256057E-003
   2.049032E-003
   2.795575E-003
   3.360470E-003
   3.627092E-003
   3.547150E-003
   3.141097E-003
   2.481604E-003
   1.690199E-003
   9.288229E-004
   3.353458E-004
   2.684670E-005
   6.616971E-005
   4.485520E-004
   1.104085E-003
   1.904708E-003
   2.710495E-003
   3.358945E-003
   3.727684E-003
   3.753072E-003
   3.425398E-003
   2.803688E-003
   2.015343E-003
   1.205093E-003
   5.222903E-004
   1.012948E-004
   9.964353E-006
   2.595815E-004
   7.862058E-004
   1.482698E-003
   2.195463E-003
   2.774348E-003
   3.106235E-003
   3.114945E-003
   2.798706E-003
   2.229379E-003
   1.521564E-003
   8.210657E-004
   2.832214E-004
   1.612181E-005
   8.229995E-005
   4.690601E-004
   1.105368E-003
   1.855919E-003
   2.568454E-003
   3.102854E-003
   3.339784E-003
   3.234879E-003
   2.813136E-003
   2.155930E-003
   1.400294E-003
   7.062448E-004
   2.058961E-004
   2.307555E-006
   1.258173E-004
   5.416690E-004
   1.144165E-003
   1.798750E-003
   2.355805E-003
   2.683279E-003
   2.714502E-003
   2.440034E-003
   1.918343E-003
   1.273491E-003
   6.504254E-004
   1.889918E-004
   1.502107E-006
   1.318023E-004
   5.572719E-004
   1.182957E-003
   1.880449E-003
   2.487837E-003
   2.874546E-003
   2.958190E-003
   2.714547E-003
   2.200401E-003
   1.533451E-003
   8.537972E-004
   3.147400E-004
   2.925047E-005
   5.122941E-005
   3.633842E-004
   8.838876E-004
   1.481180E-003
   2.003797E-003
   2.331479E-003
   2.378307E-003
   2.134127E-003
   1.662371E-003
   1.074123E-003
   5.146554E-004
   1.253647E-004
   1.260706E-006
   1.796503E-004
   6.222500E-004
   1.230997E-003
   1.857254E-003
   2.362103E-003
   2.621167E-003
   2.573024E-003
   2.233784E-003
   1.680314E-003
   1.042680E-003
   4.744934E-004
   1.004627E-004
   4.697148E-006
   1.968040E-004
   6.192633E-004
   1.151069E-003
   1.656485E-003
   1.998963E-003
   2.088486E-003
   1.905992E-003
   1.495672E-003
   9.653311E-004
   4.578610E-004
   1.039065E-004
   3.021006E-006
   1.860271E-004
   6.146135E-004
   1.180438E-003
   1.749867E-003
   2.175764E-003
   2.352571E-003
   2.239291E-003
   1.860412E-003
   1.313327E-003
   7.363745E-004
   2.674234E-004
   2.213754E-005
   5.024680E-005
   3.325060E-004
   7.795731E-004
   1.267229E-003
   1.652413E-003
   1.831626E-003
   1.755029E-003
   1.441544E-003
   9.819198E-004
   5.036647E-004
   1.407351E-004
   1.696774E-007
   1.259404E-004
   4.907754E-004
   1.002151E-003
   1.528957E-003
   1.927617E-003
   2.098781E-003
   1.993036E-003
   1.639649E-003
   1.135014E-003
   6.085141E-004
   1.989087E-004
   7.576521E-006
   7.457178E-005
   3.669713E-004
   7.933074E-004
   1.220893E-003
   1.523957E-003
   1.614158E-003
   1.462272E-003
   1.116492E-003
   6.779212E-004
   2.762725E-004
   3.502222E-005
   2.887806E-005
   2.676001E-004
   6.900711E-004
   1.182825E-003
   1.606700E-003
   1.848846E-003
   1.837332E-003
   1.578338E-003
   1.144847E-003
   6.548355E-004
   2.452327E-004
   2.258603E-005
   3.981652E-005
   2.776172E-004
   6.551589E-004
   1.047036E-003
   1.333441E-003
   1.422369E-003
   1.287114E-003
   9.715353E-004
   5.722093E-004
   2.166409E-004
   1.819887E-005
   4.440595E-005
   2.947146E-004
   7.031682E-004
   1.150217E-003
   1.509355E-003
   1.674389E-003
   1.596839E-003
   1.302008E-003
   8.739250E-004
   4.382092E-004
   1.184562E-004
   2.820622E-008
   1.062034E-004
   3.914985E-004
   7.538667E-004
   1.073348E-003
   1.243662E-003
   1.208694E-003
   9.820769E-004
   6.364808E-004
   2.874551E-004
   5.163594E-005
   1.100980E-005
   1.864548E-004
   5.316860E-004
   9.425744E-004
   1.297536E-003
   1.486945E-003
   1.453331E-003
   1.208722E-003
   8.262556E-004
   4.236568E-004
   1.197661E-004
   3.771560E-007
   9.060505E-005
   3.485967E-004
   6.772167E-004
   9.628927E-004
   1.104544E-003
   1.055145E-003
   8.319757E-004
   5.112207E-004
   2.056522E-004
   2.213419E-005
   2.983461E-005
   2.341854E-004
   5.761644E-004
   9.482210E-004
   1.235214E-003
   1.343102E-003
   1.240368E-003
   9.587177E-004
   5.882941E-004
   2.462889E-004
   3.583344E-005
   1.587848E-005
   1.795641E-004
   4.584405E-004
   7.478238E-004
   9.419404E-004
   9.701875E-004
   8.240270E-004
   5.550516E-004
   2.620433E-004
   5.230228E-005
   6.349763E-006
   1.485065E-004
   4.388355E-004
   7.833823E-004
   1.071503E-003
   1.205787E-003
   1.143882E-003
   9.057315E-004
   5.705465E-004
   2.487515E-004
   4.171148E-005
   1.010478E-005
   1.513870E-004
   4.025722E-004
   6.645751E-004
   8.368081E-004
   8.541154E-004
   7.110466E-004
   4.609698E-004
   2.000015E-004
   2.853947E-005
   1.686479E-005
   1.777474E-004
   4.619508E-004
   7.737579E-004
   1.007879E-003
   1.082107E-003
   9.727469E-004
   7.166664E-004
   4.029173E-004
   1.374840E-004
   6.276305E-006
   4.487558E-005
   2.264882E-004
   4.720933E-004
   6.833541E-004
   7.754035E-004
   7.135671E-004
   5.216806E-004
   2.758809E-004
   7.443506E-005
   1.256603E-007
   8.929555E-005
   3.173236E-004
   6.058439E-004
   8.542801E-004
   9.730140E-004
   9.206686E-004
   7.160174E-004
   4.324332E-004
   1.702440E-004
   1.814235E-005
   2.198598E-005
   1.676180E-004
   3.874511E-004
   5.888110E-004
   6.880200E-004
   6.453207E-004
   4.782666E-004
   2.554383E-004
   6.957393E-005
   9.422285E-008
   8.245120E-005
   2.933040E-004
   5.580173E-004
   7.808271E-004
   8.788765E-004
   8.166323E-004
   6.172991E-004
   3.546891E-004
   1.245296E-004
   6.712539E-006
   3.582952E-005
   1.882543E-004
   3.924080E-004
   5.596300E-004
   6.179262E-004
   5.434625E-004
   3.677107E-004
   1.659634E-004
   2.588950E-005
   1.162905E-005
   1.373737E-004
   3.610756E-004
   5.994943E-004
   7.630551E-004
   7.885496E-004
   6.672777E-004
   4.454346E-004
   2.076155E-004
   4.154135E-005
   3.799201E-006
   9.775820E-005
   2.736835E-004
   4.498784E-004
   5.481046E-004
   5.249016E-004
   3.912053E-004
   2.058104E-004
   5.192275E-005
   7.832058E-007
   8.194365E-005
   2.699301E-004
   4.938558E-004
   6.666929E-004
   7.202413E-004
   6.336975E-004
   4.416085E-004
   2.194640E-004
   5.261483E-005
   7.259297E-007
   7.415507E-005
   2.308247E-004
   3.948226E-004
   4.906410E-004
   4.743121E-004
   3.539433E-004
   1.843780E-004
   4.438603E-005
   1.376310E-006
   8.205067E-005
   2.599078E-004
   4.658198E-004
   6.169972E-004
   6.520540E-004
   5.568789E-004
   3.706513E-004
   1.686337E-004
   3.035177E-005
   5.487898E-006
   9.369866E-005
   2.460940E-004
   3.873893E-004
   4.506413E-004
   4.059478E-004
   2.748637E-004
   1.193698E-004
   1.475869E-005
   1.495345E-005
   1.280330E-004
   3.117487E-004
   4.912121E-004
   5.918430E-004
   5.713508E-004
   4.387891E-004
   2.498026E-004
   8.238065E-005
   2.381303E-006
   3.507360E-005
   1.550441E-004
   2.990261E-004
   3.953167E-004
   3.971871E-004
   3.038961E-004
   1.611021E-004
   3.928096E-005
   1.168651E-006
   7.209718E-005
   2.275089E-004
   4.035305E-004
   5.248392E-004
   5.393469E-004
   4.407019E-004
   2.719822E-004
   1.051944E-004
   9.230677E-006
   1.851359E-005
   1.184187E-004
   2.533774E-004
   3.534954E-004
   3.684965E-004
   2.908083E-004
   1.597981E-004
   4.217146E-005
   4.037387E-007
   6.214215E-005
   2.062706E-004
   3.720531E-004
   4.865364E-004
   4.990330E-004
   4.038574E-004
   2.437687E-004
   8.910247E-005
   5.480517E-006
   2.312742E-005
   1.237596E-004
   2.505910E-004
   3.363660E-004
   3.368279E-004
   2.517092E-004
   1.253636E-004
   2.429005E-005
   4.620689E-006
   8.378993E-005
   2.311148E-004
   3.818977E-004
   4.676431E-004
   4.493501E-004
   3.353576E-004
   1.780420E-004
   4.783770E-005
   2.175942E-008
   4.838032E-005
   1.597690E-004
   2.717560E-004
   3.239984E-004
   2.890852E-004
   1.854973E-004
   6.880065E-005
   2.919781E-006
   2.794336E-005
   1.391223E-004
   2.882043E-004
   4.068994E-004
   4.395542E-004
   3.711973E-004
   2.338767E-004
   9.157327E-005
   8.045445E-006
   1.620030E-005
   1.025641E-004
   2.152647E-004
   2.915761E-004
   2.897713E-004
   2.111604E-004
   9.858185E-005
   1.465224E-005
   8.819753E-006
   9.146234E-005
   2.276552E-004
   3.538747E-004
   4.099982E-004
   3.690065E-004
   2.508711E-004
   1.120940E-004
   1.728668E-005
   6.720042E-006
   7.675344E-005
   1.829520E-004
   2.641634E-004
   2.748813E-004
   2.093588E-004
   1.041971E-004
   1.915740E-005
   5.002190E-006
   7.628544E-005
   2.027715E-004
   3.241549E-004
   3.812243E-004
   3.456867E-004
   2.354606E-004
   1.044895E-004
   1.546425E-005
   7.108557E-006
   7.508440E-005
   1.755001E-004
   2.490253E-004
   2.535211E-004
   1.863766E-004
   8.626762E-005
   1.179845E-005
   9.571185E-006
   8.819470E-005
   2.125903E-004
   3.217809E-004
   3.609205E-004
   3.100471E-004
   1.951208E-004
   7.370801E-005
   4.928208E-006
   1.794092E-005
   9.734342E-005
   1.927057E-004
   2.467336E-004
   2.277379E-004
   1.467167E-004
   5.184502E-005
   1.102922E-006
   2.979548E-005
   1.299042E-004
   2.532806E-004
   3.371713E-004
   3.381175E-004
   2.554636E-004
   1.321676E-004
   3.099918E-005
   8.906194E-007
   5.044416E-005
   1.442774E-004
   2.239693E-004
   2.411395E-004
   1.856124E-004
   9.069681E-005
   1.464972E-005
   6.938586E-006
   7.948600E-005
   1.987206E-004
   3.033941E-004
   3.381399E-004
   2.845408E-004
   1.709440E-004
   5.732331E-005
   1.355317E-006
   2.699444E-005
   1.117891E-004
   2.007461E-004
   2.388366E-004
   2.027097E-004
   1.145150E-004
   2.887067E-005
   9.108188E-007
   5.378306E-005
   1.642346E-004
   2.747213E-004
   3.259639E-004
   2.899016E-004
   1.863594E-004
   7.109910E-005
   4.654502E-006
   1.788037E-005
   9.528752E-005
   1.851217E-004
   2.305188E-004
   2.030803E-004
   1.200749E-004
   3.364597E-005
   1.849398E-007
   4.607762E-005
   1.512663E-004
   2.599874E-004
   3.124400E-004
   2.794929E-004
   1.795527E-004
   6.769194E-005
   4.008837E-006
   1.867979E-005
   9.535549E-005
   1.820304E-004
   2.226828E-004
   1.915601E-004
   1.084316E-004
   2.675908E-005
   1.127700E-006
   5.363450E-005
   1.595600E-004
   2.612445E-004
   3.014053E-004
   2.574181E-004
   1.541650E-004
   4.969211E-005
   6.200204E-007
   2.900405E-005
   1.101445E-004
   1.887785E-004
   2.132717E-004
   1.679262E-004
   8.212106E-005
   1.250911E-005
   7.502553E-006
   7.687300E-005
   1.846088E-004
   2.700147E-004
   2.837486E-004
   2.180279E-004
   1.107464E-004
   2.306649E-005
   2.188802E-006
   5.348317E-005
   1.382619E-004
   1.988720E-004
   1.949534E-004
   1.292458E-004
   4.538259E-005
   6.753207E-007
   2.933764E-005
   1.201976E-004
   2.224463E-004
   2.765015E-004
   2.502717E-004
   1.594225E-004
   5.723132E-005
   2.153733E-006
   2.177959E-005
   9.666340E-005
   1.736014E-004
   2.002825E-004
   1.586417E-004
   7.686291E-005
   1.087486E-005
   8.445818E-006
   7.769802E-005
   1.808700E-004
   2.571082E-004
   2.606777E-004
   1.892907E-004
   8.601244E-005
   1.184062E-005
   7.653644E-006
   6.899437E-005
   1.501216E-004
   1.942764E-004
   1.712158E-004
   9.670009E-005
   2.240920E-005
   1.826021E-006
   5.468528E-005
   1.530336E-004
   2.383473E-004
   2.583686E-004
   2.007859E-004
   1.009884E-004
   1.945444E-005
   3.173856E-006
   5.585566E-005
   1.366181E-004
   1.878372E-004
   1.736166E-004
   1.038171E-004
   2.765623E-005
   5.931517E-007
   4.699909E-005
   1.427577E-004
   2.299704E-004
   2.542628E-004
   2.003529E-004
   1.019265E-004
   2.003469E-005
   2.997222E-006
   5.540903E-005
   1.360284E-004
   1.863964E-004
   1.705231E-004
   9.970646E-005
   2.467297E-005
   1.245073E-006
   5.173751E-005
   1.487343E-004
   2.321573E-004
   2.489765E-004
   1.882612E-004
   8.877764E-005
   1.327488E-005
   6.736694E-006
   6.699562E-005
   1.472213E-004
   1.886748E-004
   1.614073E-004
   8.508855E-005
   1.530888E-005
   5.189872E-006
   6.791132E-005
   1.665539E-004
   2.381724E-004
   2.362285E-004
   1.619005E-004
   6.360035E-005
   3.915415E-006
   1.749314E-005
   8.821364E-005
   1.615335E-004
   1.830643E-004
   1.370308E-004
   5.727796E-005
   3.485855E-006
   1.897822E-005
   9.939484E-005
   1.944908E-004
   2.420444E-004
   2.105639E-004
   1.208555E-004
   3.195706E-005
   2.826946E-007
   4.126891E-005
   1.196398E-004
   1.754173E-004
   1.668203E-004
   1.003077E-004
   2.581315E-005
   9.498443E-007
   4.932953E-005
   1.426561E-004
   2.195924E-004
   2.283675E-004
   1.630697E-004
   6.768751E-005
   5.449950E-006
   1.449292E-005
   8.186033E-005
   1.538584E-004
   1.755228E-004
   1.304716E-004
   5.286625E-005
   2.492613E-006
   2.098284E-005
   1.008467E-004
   1.897004E-004
   2.270601E-004
   1.871964E-004
   9.762294E-005
   1.924186E-005
   3.076455E-006
   5.430595E-005
   1.297670E-004
   1.703595E-004
   1.448955E-004
   7.300818E-005
   1.052361E-005
   8.076596E-006
   7.302785E-005
   1.630632E-004
   2.161133E-004
   1.951753E-004
   1.149215E-004
   3.114238E-005
   2.045800E-007
   3.856751E-005
   1.118669E-004
   1.614484E-004
   1.485508E-004
   8.325297E-005
   1.695136E-005
   3.441471E-006
   5.815171E-005
   1.455433E-004
   2.046382E-004
   1.934895E-004
   1.201303E-004
   3.647149E-005
   1.346331E-008
   3.180844E-005
   1.018914E-004
   1.529979E-004
   1.444106E-004
   8.302818E-005
   1.792181E-005
   2.721366E-006
   5.422981E-005
   1.386623E-004
   1.961641E-004
   1.853005E-004
   1.140234E-004
   3.354008E-005
   4.616562E-009
   3.277487E-005
   1.009377E-004
   1.480572E-004
   1.360875E-004
   7.476855E-005
   1.385146E-005
   4.456042E-006
   5.888531E-005
   1.402529E-004
   1.898035E-004
   1.713423E-004
   9.854248E-005
   2.434453E-005
   7.522272E-007
   3.963915E-005
   1.050191E-004
   1.420677E-004
   1.204649E-004
   5.799826E-005
   6.413215E-006
   1.041175E-005
   7.186343E-005
   1.473822E-004
   1.811998E-004
   1.481348E-004
   7.287762E-005
   1.095961E-005
   5.892231E-006
   5.610878E-005
   1.173655E-004
   1.384398E-004
   1.020184E-004
   3.827144E-005
   7.118674E-007
   2.315802E-005
   9.217159E-005
   1.568055E-004
   1.681788E-004
   1.177343E-004
   4.376605E-005
   1.339794E-006
   1.914005E-005
   7.773046E-005
   1.261513E-004
   1.234886E-004
   7.203107E-005
   1.529809E-005
   2.702389E-006
   4.903225E-005
   1.216336E-004
   1.656749E-004
   1.474611E-004
   8.109688E-005
   1.706083E-005
   2.061244E-006
   4.227521E-005
   9.966532E-005
   1.239870E-004
   9.431404E-005
   3.624944E-005
   7.331090E-007
   2.181894E-005
   8.786254E-005
   1.498513E-004
   1.603444E-004
   1.113714E-004
   4.066677E-005
   1.091858E-006
   1.835302E-005
   7.143627E-005
   1.114412E-004
   1.029705E-004
   5.361269E-005
   7.329019E-006
   7.177926E-006
   5.857302E-005
   1.236362E-004
   1.516529E-004
   1.204759E-004
   5.466670E-005
   5.530647E-006
   9.287379E-006
   5.818255E-005
   1.080281E-004
   1.156907E-004
   7.495221E-005
   2.102040E-005
   2.895649E-007
   3.090297E-005
   8.745460E-005
   1.224981E-004
   1.066163E-004
   5.319503E-005
   7.043244E-006
   6.516976E-006
   5.125064E-005
   1.026486E-004
   1.167686E-004
   8.153845E-005
   2.705385E-005
   3.092912E-008
   2.428762E-005
   8.060495E-005
   1.228941E-004
   1.167747E-004
   6.783752E-005
   1.594374E-005
   8.642409E-007
   2.899791E-005
   6.951390E-005
   8.273328E-005
   5.581684E-005
   1.459683E-005
   1.077470E-006
   3.611014E-005
   9.947378E-005
   1.450670E-004
   1.384045E-004
   8.491198E-005
   2.491016E-005
   4.796729E-009
   1.953452E-005
   5.550211E-005
   6.947575E-005
   4.747136E-005
   1.202504E-005
   1.246026E-006
   3.336377E-005
   8.849765E-005
   1.241031E-004
   1.112121E-004
   5.980755E-005
   1.108792E-005
   2.787221E-006
   3.755984E-005
   8.164901E-005
   9.492976E-005
   6.581638E-005
   2.074843E-005
   4.889959E-009
   2.165010E-005
   6.554641E-005
   9.162080E-005
   7.599968E-005
   3.278013E-005
   1.669613E-006
   1.252374E-005
   5.817570E-005
   1.001239E-004
   1.022249E-004
   6.264347E-005
   1.550281E-005
   7.716510E-007
   2.907221E-005
   7.282832E-005
   9.147272E-005
   6.803315E-005
   2.414605E-005
   1.394840E-007
   1.824280E-005
   6.230094E-005
   9.241812E-005
   8.119185E-005
   3.875353E-005
   3.702087E-006
   8.181287E-006
   4.873373E-005
   8.938572E-005
   9.405399E-005
   5.890175E-005
   1.518771E-005
   4.814014E-007
   2.460964E-005
   6.158601E-005
   7.461400E-005
   5.082370E-005
   1.355750E-005
   7.534830E-007
   2.935870E-005
   7.866663E-005
   1.080851E-004
   9.312242E-005
   4.684243E-005
   7.281648E-006
   3.025393E-006
   2.867226E-005
   5.246331E-005
   4.809451E-005
   2.033780E-005
   3.312386E-007
   1.508430E-005
   6.015982E-005
   1.015825E-004
   1.056629E-004
   6.916222E-005
   2.200508E-005
   9.994706E-008
   1.378022E-005
   4.085273E-005
   4.991341E-005
   3.119885E-005
   5.523411E-006
   3.247250E-006
   3.368561E-005
   7.451482E-005
   9.150868E-005
   7.004051E-005
   2.859365E-005
   1.610954E-006
   8.021862E-006
   3.509579E-005
   5.237956E-005
   4.174234E-005
   1.459803E-005
   3.650290E-010
   1.558381E-005
   4.964504E-005
   7.171954E-005
   6.153205E-005
   2.838796E-005
   2.442065E-006
   6.202896E-006
   3.364619E-005
   5.675932E-005
   5.283263E-005
   2.604440E-005
   2.651150E-006
   4.970884E-006
   2.969355E-005
   5.158077E-005
   4.862608E-005
   2.379486E-005
   2.093149E-006
   5.865051E-006
   3.268352E-005
   5.748994E-005
   5.682822E-005
   3.147937E-005
   5.372116E-006
   2.144528E-006
   2.243190E-005
   4.405243E-005
   4.455433E-005
   2.354208E-005
   2.772526E-006
   4.119603E-006
   2.749903E-005
   5.072015E-005
   5.134529E-005
   2.882020E-005
   4.901339E-006
   2.115357E-006
   2.171633E-005
   4.296160E-005
   4.415441E-005
   2.424986E-005
   3.509407E-006
   2.793537E-006
   2.248930E-005
   4.227582E-005
   4.184076E-005
   2.156339E-005
   2.288514E-006
   4.362616E-006
   2.704889E-005
   4.899957E-005
   4.927731E-005
   2.785880E-005
   5.149099E-006
   1.369710E-006
   1.672588E-005
   3.228364E-005
   3.029041E-005
   1.292808E-005
   2.212545E-007
   9.164346E-006
   3.542368E-005
   5.647642E-005
   5.333326E-005
   2.902364E-005
   5.325615E-006
   1.162351E-006
   1.465755E-005
   2.681395E-005
   2.254316E-005
   7.023339E-006
   2.942340E-007
   1.563520E-005
   4.419966E-005
   6.219507E-005
   5.375757E-005
   2.647051E-005
   3.749970E-006
   1.957616E-006
   1.547821E-005
   2.464786E-005
   1.770049E-005
   3.528232E-006
   1.864178E-006
   2.125398E-005
   4.818125E-005
   5.925419E-005
   4.434740E-005
   1.688026E-005
   5.662041E-007
   6.128540E-006
   2.187994E-005
   2.749849E-005
   1.620610E-005
   1.895301E-006
   3.783161E-006
   2.491791E-005
   4.751219E-005
   5.044657E-005
   3.084971E-005
   7.183266E-006
   5.051094E-007
   1.341874E-005
   2.858750E-005
   2.801434E-005
   1.244541E-005
   3.208932E-007
   7.474784E-006
   2.936626E-005
   4.501146E-005
   3.873682E-005
   1.674152E-005
   8.350162E-007
   5.792547E-006
   2.425468E-005
   3.510535E-005
   2.629853E-005
   7.690794E-006
   2.030525E-007
   1.297199E-005
   3.315273E-005
   3.948331E-005
   2.515279E-005
   5.332195E-006
   1.123583E-006
   1.700245E-005
   3.599852E-005
   3.785201E-005
   2.066989E-005
   2.756534E-006
   2.731352E-006
   1.947577E-005
   3.367246E-005
   2.920671E-005
   1.106134E-005
   2.891445E-008
   9.868033E-006
   3.178701E-005
   4.339613E-005
   3.262143E-005
   1.069058E-005
   2.459609E-010
   1.006155E-005
   2.770766E-005
   3.215980E-005
   1.825522E-005
   2.205728E-006
   3.461091E-006
   2.271120E-005
   4.046524E-005
   3.803828E-005
   1.796541E-005
   1.315707E-006
   4.777674E-006
   2.271858E-005
   3.393825E-005
   2.550204E-005
   7.167669E-006
   3.294853E-007
   1.383120E-005
   3.367321E-005
   3.829880E-005
   2.256262E-005
   3.654719E-006
   2.183532E-006
   1.937253E-005
   3.578094E-005
   3.302776E-005
   1.425947E-005
   4.573404E-007
   6.761078E-006
   2.544971E-005
   3.480803E-005
   2.392236E-005
   5.350722E-006
   1.120001E-006
   1.766209E-005
   3.801674E-005
   4.036623E-005
   2.222741E-005
   3.096060E-006
   2.543594E-006
   1.854501E-005
   3.055344E-005
   2.369934E-005
   6.341456E-006
   6.553284E-007
   1.678562E-005
   4.013265E-005
   4.673317E-005
   2.968922E-005
   6.794797E-006
   6.453267E-007
   1.380757E-005
   2.722045E-005
   2.333861E-005
   7.116224E-006
   3.690880E-007
   1.584034E-005
   4.098625E-005
   5.070584E-005
   3.497925E-005
   1.000512E-005
   7.161265E-008
   1.087615E-005
   2.470856E-005
   2.259355E-005
   7.325699E-006
   2.819016E-007
   1.554529E-005
   4.164309E-005
   5.281944E-005
   3.753146E-005
   1.147669E-005
   6.530195E-009
   1.009512E-005
   2.415237E-005
   2.241799E-005
   7.236855E-006
   3.259349E-007
   1.606595E-005
   4.251538E-005
   5.324649E-005
   3.697309E-005
   1.057143E-005
   8.458067E-008
   1.164970E-005
   2.614014E-005
   2.343004E-005
   7.182165E-006
   4.562796E-007
   1.716867E-005
   4.356540E-005
   5.247302E-005
   3.426698E-005
   8.220251E-006
   5.791863E-007
   1.493245E-005
   2.961458E-005
   2.485079E-005
   6.990930E-006
   6.681782E-007
   1.821766E-005
   4.324720E-005
   4.868733E-005
   2.837972E-005
   4.616604E-006
   2.353577E-006
   2.051154E-005
   3.440022E-005
   2.612818E-005
   6.347729E-006
   1.117848E-006
   1.971728E-005
   4.242101E-005
   4.337017E-005
   2.136519E-005
   1.576797E-006
   5.852266E-006
   2.707720E-005
   3.829942E-005
   2.555413E-005
   4.754983E-006
   2.197970E-006
   2.227129E-005
   4.162273E-005
   3.714667E-005
   1.407879E-005
   3.335087E-008
   1.188960E-005
   3.542347E-005
   4.238198E-005
   2.447901E-005
   3.205117E-006
   3.638517E-006
   2.412231E-005
   3.866580E-005
   2.904293E-005
   7.278664E-006
   9.200795E-007
   1.901908E-005
   4.056068E-005
   3.976693E-005
   1.753936E-005
   5.142086E-007
   8.698990E-006
   3.119275E-005
   3.975992E-005
   2.366955E-005
   3.026540E-006
   4.124730E-006
   2.695887E-005
   4.482991E-005
   3.661891E-005
   1.220869E-005
   9.414957E-009
   1.221688E-005
   3.070289E-005
   3.064561E-005
   1.211065E-005
   5.318131E-009
   1.240619E-005
   3.689548E-005
   4.491307E-005
   2.678924E-005
   3.993220E-006
   3.125831E-006
   2.361369E-005
   3.894179E-005
   2.977636E-005
   7.788099E-006
   7.001902E-007
   1.746664E-005
   3.712907E-005
   3.515881E-005
   1.410532E-005
   1.118883E-007
   9.861139E-006
   2.975311E-005
   3.357640E-005
   1.623218E-005
   5.741156E-007
   8.373609E-006
   3.204503E-005
   4.326831E-005
   2.821800E-005
   5.202548E-006
   2.218589E-006
   2.226904E-005
   3.987538E-005
   3.305471E-005
   1.051740E-005
   9.858334E-008
   1.349513E-005
   3.207394E-005
   3.133415E-005
   1.235067E-005
   2.582552E-008
   1.070307E-005
   3.098283E-005
   3.497049E-005
   1.760433E-005
   1.063149E-006
   5.977899E-006
   2.480411E-005
   3.194550E-005
   1.759558E-005
   1.209117E-006
   6.537460E-006
   3.013981E-005
   4.438902E-005
   3.194522E-005
   7.860765E-006
   7.903584E-007
   1.708904E-005
   3.359688E-005
   2.807905E-005
   7.984355E-006
   5.556141E-007
   1.726590E-005
   3.857997E-005
   3.859246E-005
   1.759856E-005
   8.439042E-007
   5.818724E-006
   2.098660E-005
   2.304624E-005
   8.966799E-006
   3.019834E-008
   1.255326E-005
   3.452387E-005
   3.980187E-005
   2.180270E-005
   2.373966E-006
   3.790183E-006
   2.047054E-005
   2.752254E-005
   1.470264E-005
   6.142955E-007
   7.926091E-006
   3.215657E-005
   4.565906E-005
   3.236971E-005
   8.195097E-006
   4.766782E-007
   1.351533E-005
   2.511600E-005
   1.779820E-005
   2.558757E-006
   3.520595E-006
   2.429244E-005
   4.143247E-005
   3.424417E-005
   1.154629E-005
   1.263620E-010
   9.678348E-006
   2.258945E-005
   1.874763E-005
   4.004157E-006
   1.871222E-006
   2.048375E-005
   3.969906E-005
   3.641501E-005
   1.465331E-005
   2.528281E-007
   7.316294E-006
   2.120319E-005
   2.020116E-005
   5.866277E-006
   6.943259E-007
   1.640686E-005
   3.628601E-005
   3.615491E-005
   1.616678E-005
   6.282856E-007
   6.068837E-006
   2.051717E-005
   2.148197E-005
   7.538539E-006
   1.781106E-007
   1.348149E-005
   3.337788E-005
   3.534614E-005
   1.691952E-005
   9.483065E-007
   5.237563E-006
   1.976372E-005
   2.200573E-005
   8.675173E-006
   1.315462E-008
   1.098529E-005
   2.947275E-005
   3.192167E-005
   1.516376E-005
   6.954684E-007
   5.566536E-006
   1.993003E-005
   2.187206E-005
   8.513809E-006
   1.844008E-008
   1.096753E-005
   2.906911E-005
   3.112308E-005
   1.447041E-005
   5.638949E-007
   5.795686E-006
   1.990164E-005
   2.143247E-005
   8.187798E-006
   2.150447E-008
   1.037274E-005
   2.666533E-005
   2.724408E-005
   1.131234E-005
   9.642615E-008
   7.633659E-006
   2.187931E-005
   2.216506E-005
   8.194470E-006
   1.500274E-008
   9.437945E-006
   2.334034E-005
   2.222530E-005
   7.680116E-006
   5.538456E-008
   9.798156E-006
   2.290789E-005
   2.083960E-005
   6.577344E-006
   1.781009E-007
   1.036906E-005
   2.242132E-005
   1.919980E-005
   5.342680E-006
   4.236932E-007
   1.111932E-005
   2.195367E-005
   1.748230E-005
   4.138667E-006
   7.997915E-007
   1.182809E-005
   2.108633E-005
   1.520776E-005
   2.694485E-006
   1.651996E-006
   1.386437E-005
   2.224494E-005
   1.510631E-005
   2.504341E-006
   1.598558E-006
   1.234008E-005
   1.822037E-005
   1.049046E-005
   7.174555E-007
   3.769112E-006
   1.605881E-005
   2.049479E-005
   1.089733E-005
   6.896898E-007
   3.562312E-006
   1.415455E-005
   1.640019E-005
   7.016741E-006
   1.949328E-008
   6.027488E-006
   1.668127E-005
   1.676075E-005
   6.197880E-006
   4.856238E-009
   6.453464E-006
   1.536459E-005
   1.334176E-005
   3.440949E-006
   5.414966E-007
   9.386648E-006
   1.751824E-005
   1.335927E-005
   2.904164E-006
   7.305770E-007
   8.780166E-006
   1.406766E-005
   8.361051E-006
   5.427272E-007
   3.356852E-006
   1.418660E-005
   1.834063E-005
   1.013358E-005
   8.792092E-007
   2.295029E-006
   9.948195E-006
   1.089606E-005
   3.604638E-006
   2.167954E-007
   7.867543E-006
   1.716674E-005
   1.537223E-005
   4.952320E-006
   5.985369E-008
   6.115997E-006
   1.259944E-005
   9.297782E-006
   1.460582E-006
   1.380178E-006
   9.469391E-006
   1.353260E-005
   7.324259E-006
   3.012023E-007
   3.639389E-006
   1.333832E-005
   1.578624E-005
   7.603910E-006
   2.875963E-007
   3.028917E-006
   9.641698E-006
   8.892430E-006
   2.042209E-006
   7.883054E-007
   8.871082E-006
   1.558252E-005
   1.138306E-005
   2.217340E-006
   8.488974E-007
   8.129225E-006
   1.225710E-005
   6.853523E-006
   3.631315E-007
   2.762726E-006
   1.016879E-005
   1.094196E-005
   3.819641E-006
   9.181283E-008
   6.277745E-006
   1.380237E-005
   1.167801E-005
   3.036838E-006
   3.459842E-007
   6.626405E-006
   1.132034E-005
   6.895903E-006
   4.717389E-007
   2.572725E-006
   1.052063E-005
   1.231622E-005
   5.168548E-006
   3.428242E-009
   4.780598E-006
   1.223614E-005
   1.099815E-005
   2.991616E-006
   3.171151E-007
   6.529476E-006
   1.136070E-005
   6.998144E-006
   4.737036E-007
   2.736583E-006
   1.133586E-005
   1.376023E-005
   6.459905E-006
   1.483428E-007
   3.253924E-006
   9.325596E-006
   7.862020E-006
   1.325370E-006
   1.420127E-006
   1.030125E-005
   1.624682E-005
   1.096253E-005
   1.917637E-006
   7.793819E-007
   6.140002E-006
   7.210258E-006
   1.972543E-006
   6.473476E-007
   8.818190E-006
   1.710438E-005
   1.435954E-005
   4.350953E-006
   4.787475E-008
   4.425629E-006
   7.489684E-006
   3.403181E-006
   2.709236E-008
   5.688977E-006
   1.456743E-005
   1.453226E-005
   5.601378E-006
   1.460985E-008
   3.711287E-006
   8.209201E-006
   5.207879E-006
   1.993839E-007
   3.277470E-006
   1.203390E-005
   1.428478E-005
   6.757608E-006
   2.099747E-007
   2.829457E-006
   8.180778E-006
   6.502998E-006
   8.082683E-007
   1.791985E-006
   9.876443E-006
   1.360820E-005
   7.415381E-006
   4.574324E-007
   2.341964E-006
   8.433171E-006
   8.013113E-006
   1.834804E-006
   7.109862E-007
   7.585452E-006
   1.226909E-005
   7.535704E-006
   6.826451E-007
   1.899711E-006
   8.192574E-006
   8.696186E-006
   2.561658E-006
   3.193457E-007
   6.541630E-006
   1.202377E-005
   8.309777E-006
   1.161511E-006
   1.236943E-006
   7.158458E-006
   8.350300E-006
   2.734435E-006
   2.166265E-007
   6.216180E-006
   1.223556E-005
   9.123011E-006
   1.656045E-006
   8.014910E-007
   6.302003E-006
   7.867668E-006
   2.680361E-006
   2.082110E-007
   6.293816E-006
   1.275892E-005
   9.969993E-006
   2.145610E-006
   5.059320E-007
   5.522986E-006
   7.189366E-006
   2.386339E-006
   2.847429E-007
   6.691660E-006
   1.338161E-005
   1.055377E-005
   2.409361E-006
   4.026839E-007
   5.218965E-006
   6.872524E-006
   2.207538E-006
   3.483744E-007
   6.921147E-006
   1.351350E-005
   1.045945E-005
   2.290026E-006
   4.558523E-007
   5.285576E-006
   6.719434E-006
   2.007649E-006
   4.489169E-007
   7.179788E-006
   1.337805E-005
   9.842041E-006
   1.850350E-006
   6.990764E-007
   5.839093E-006
   6.958596E-006
   1.970544E-006
   4.764796E-007
   6.961150E-006
   1.227229E-005
   8.193339E-006
   1.022803E-006
   1.384550E-006
   7.107845E-006
   7.583018E-006
   1.977613E-006
   5.219633E-007
   6.779214E-006
   1.106634E-005
   6.429816E-006
   3.625760E-007
   2.413420E-006
   8.427488E-006
   7.867455E-006
   1.727531E-006
   7.089007E-007
   6.837944E-006
   9.851600E-006
   4.620659E-006
   1.320554E-008
   3.967069E-006
   9.992923E-006
   8.047229E-006
   1.403839E-006
   9.709528E-007
   6.829465E-006
   8.420439E-006
   2.906054E-006
   1.603750E-007
   5.723763E-006
   1.091100E-005
   7.238155E-006
   7.289598E-007
   1.716032E-006
   7.530634E-006
   7.549331E-006
   1.734930E-006
   7.219303E-007
   7.263902E-006
   1.101371E-005
   5.846789E-006
   1.920309E-007
   2.712312E-006
   7.914413E-006
   6.197089E-006
   6.987995E-007
   1.777260E-006
   8.701030E-006
   1.034490E-005
   3.994715E-006
   1.144112E-008
   4.268814E-006
   8.502778E-006
   5.019766E-006
   1.415427E-007
   3.072978E-006
   9.557243E-006
   8.840592E-006
   2.109927E-006
   5.209936E-007
   6.127195E-006
   8.648408E-006
   3.571634E-006
   2.321252E-008
   4.694568E-006
   9.893763E-006
   6.727111E-006
   6.035974E-007
   1.984748E-006
   8.303518E-006
   8.484723E-006
   2.227177E-006
   4.427310E-007
   6.136524E-006
   9.193758E-006
   4.192032E-006
   1.312689E-010
   4.241875E-006
   9.795374E-006
   7.095504E-006
   8.055136E-007
   1.636183E-006
   7.669219E-006
   7.956239E-006
   1.972068E-006
   5.921196E-007
   6.802027E-006
   1.015612E-005
   4.914494E-006
   3.676963E-008
   3.466006E-006
   8.429472E-006
   5.789242E-006
   3.882097E-007
   2.373630E-006
   8.918554E-006
   8.875559E-006
   2.317573E-006
   4.141907E-007
   5.846949E-006
   8.418277E-006
   3.435617E-006
   3.382653E-008
   4.683154E-006
   9.425255E-006
   5.935751E-006
   3.455683E-007
   2.332132E-006
   7.977804E-006
   6.977084E-006
   1.159465E-006
   1.122700E-006
   7.095709E-006
   8.450943E-006
   2.768504E-006
   1.796376E-007
   5.196108E-006
   8.696589E-006
   4.385223E-006
   2.787134E-008
   3.329582E-006
   8.071333E-006
   5.525668E-006
   3.682766E-007
   2.207709E-006
   8.083077E-006
   7.647268E-006
   1.695065E-006
   6.012656E-007
   5.644424E-006
   7.076349E-006
   2.189240E-006
   3.003487E-007
   5.585308E-006
   9.121629E-006
   4.758258E-006
   8.667748E-008
   2.702644E-006
   6.829036E-006
   4.432139E-006
   1.518832E-007
   2.656167E-006
   8.365844E-006
   7.500230E-006
   1.581843E-006
   5.810514E-007
   5.076327E-006
   5.902939E-006
   1.444716E-006
   6.074764E-007
   6.093291E-006
   8.858463E-006
   4.164452E-006
   2.645010E-008
   2.758434E-006
   6.076828E-006
   3.341048E-006
   8.404837E-009
   3.305641E-006
   8.326576E-006
   6.469523E-006
   9.483682E-007
   9.809801E-007
   5.327639E-006
   5.213394E-006
   8.745529E-007
   1.024400E-006
   6.333563E-006
   7.695159E-006
   2.707347E-006
   7.239973E-008
   3.805940E-006
   6.286748E-006
   2.718934E-006
   2.459215E-008
   3.750662E-006
   7.469982E-006
   4.480475E-006
   1.727553E-007
   2.134106E-006
   6.309723E-006
   4.764291E-006
   4.372028E-007
   1.500193E-006
   6.023318E-006
   5.584410E-006
   1.004857E-006
   7.954608E-007
   5.283632E-006
   6.071407E-006
   1.712196E-006
   2.827695E-007
   4.209662E-006
   5.879467E-006
   2.104655E-006
   1.142317E-007
   3.874460E-006
   6.538978E-006
   3.216407E-006
   1.171591E-008
   2.444185E-006
   5.273316E-006
   2.834149E-006
   3.484420E-009
   2.840696E-006
   6.725037E-006
   4.714248E-006
   4.371688E-007
   1.197859E-006
   4.490617E-006
   3.396715E-006
   1.759405E-007
   1.853632E-006
   6.314702E-006
   5.759981E-006
   1.194269E-006
   4.530627E-007
   3.640016E-006
   3.688888E-006
   4.969077E-007
   1.121646E-006
   5.692721E-006
   6.439199E-006
   2.065439E-006
   8.334625E-008
   2.768150E-006
   3.654332E-006
   7.963466E-007
   6.700752E-007
   5.088904E-006
   6.810713E-006
   2.833178E-006
   7.916437E-012
   2.187144E-006
   3.695310E-006
   1.158525E-006
   3.362320E-007
   4.447804E-006
   7.004879E-006
   3.577145E-006
   7.566798E-008
   1.644455E-006
   3.596547E-006
   1.487357E-006
   1.313998E-007
   3.804253E-006
   6.990033E-006
   4.211329E-006
   2.649666E-007
   1.195792E-006
   3.460109E-006
   1.832083E-006
   1.752756E-008
   3.053207E-006
   6.601168E-006
   4.531292E-006
   4.557154E-007
   9.334520E-007
   3.477446E-006
   2.295972E-006
   1.501806E-008
   2.298079E-006
   6.084134E-006
   4.807091E-006
   7.363935E-007
   5.884620E-007
   3.063073E-006
   2.335225E-006
   5.300763E-008
   1.952650E-006
   5.855089E-006
   5.049811E-006
   9.451525E-007
   4.700025E-007
   3.214586E-006
   3.018473E-006
   3.312750E-007
   1.006710E-006
   4.314862E-006
   4.093152E-006
   7.670332E-007
   4.838694E-007
   3.147183E-006
   2.977068E-006
   3.186997E-007
   1.111759E-006
   4.908654E-006
   5.149614E-006
   1.451345E-006
   1.212306E-007
   2.210759E-006
   2.438677E-006
   3.027747E-007
   8.667105E-007
   3.959437E-006
   3.919992E-006
   7.701854E-007
   4.948791E-007
   3.494958E-006
   3.865713E-006
   9.183260E-007
   3.042424E-007
   2.816698E-006
   3.139149E-006
   6.370405E-007
   4.144751E-007
   2.814930E-006
   2.782978E-006
   3.574114E-007
   8.469683E-007
   4.014539E-006
   4.082335E-006
   9.301198E-007
   2.936023E-007
   2.603572E-006
   2.651103E-006
   3.520557E-007
   7.371258E-007
   3.411938E-006
   3.133487E-006
   4.406338E-007
   6.674851E-007
   3.195420E-006
   2.764630E-006
   2.575299E-007
   9.971133E-007
   3.864150E-006
   3.330734E-006
   4.477543E-007
   6.440437E-007
   2.900575E-006
   2.221736E-006
   8.687125E-008
   1.343492E-006
   3.944196E-006
   2.803146E-006
   1.567027E-007
   1.197561E-006
   3.653249E-006
   2.473612E-006
   8.419004E-008
   1.339453E-006
   3.582362E-006
   2.162725E-006
   2.157273E-008
   1.627547E-006
   3.736456E-006
   2.023082E-006
   2.132039E-009
   1.878389E-006
   3.917886E-006
   2.026020E-006
   2.953373E-009
   1.638798E-006
   3.067680E-006
   1.112339E-006
   1.633561E-007
   3.075578E-006
   4.783492E-006
   2.114276E-006
   2.205684E-010
   1.536779E-006
   2.346133E-006
   4.529326E-007
   6.694908E-007
   4.130974E-006
   4.950874E-006
   1.619703E-006
   6.200357E-008
   2.006829E-006
   2.324259E-006
   2.681194E-007
   9.478263E-007
   4.084992E-006
   3.879125E-006
   7.061289E-007
   4.622117E-007
   2.759926E-006
   2.263346E-006
   9.611870E-008
   1.396680E-006
   4.193751E-006
   3.069514E-006
   2.273320E-007
   9.778423E-007
   3.019851E-006
   1.706583E-006
   1.418597E-009
   2.133682E-006
   4.326023E-006
   2.282880E-006
   1.136626E-008
   1.592939E-006
   3.052769E-006
   1.103475E-006
   1.533331E-007
   2.823246E-006
   4.058316E-006
   1.414481E-006
   7.707887E-008
   2.158218E-006
   2.689779E-006
   4.658202E-007
   6.525065E-007
   3.626245E-006
   3.720318E-006
   7.675656E-007
   3.406060E-007
   2.325093E-006
   1.813921E-006
   2.268199E-008
   1.754540E-006
   4.689102E-006
   3.450307E-006
   3.694001E-007
   6.191934E-007
   2.081383E-006
   8.943594E-007
   1.499771E-007
   2.921951E-006
   4.748632E-006
   2.226438E-006
   5.469622E-009
   1.413773E-006
   2.280444E-006
   4.888054E-007
   5.154467E-007
   3.364700E-006
   3.755324E-006
   9.280745E-007
   2.180930E-007
   2.074331E-006
   1.780044E-006
   4.567089E-008
   1.464076E-006
   4.129833E-006
   2.995333E-006
   2.471466E-007
   7.858255E-007
   2.396633E-006
   1.172579E-006
   3.607319E-008
   2.052066E-006
   3.338389E-006
   1.211696E-006
   8.981451E-008
   2.231339E-006
   3.000024E-006
   7.662504E-007
   2.674726E-007
   2.399208E-006
   2.438955E-006
   3.111002E-007
   6.471242E-007
   2.681464E-006
   1.956883E-006
   5.839219E-008
   1.176565E-006
   2.954541E-006
   1.549454E-006
   1.593764E-009
   1.733325E-006
   3.150995E-006
   1.293717E-006
   2.734671E-008
   1.626556E-006
   2.150616E-006
   3.799562E-007
   5.125340E-007
   2.741061E-006
   2.507532E-006
   2.911628E-007
   6.444697E-007
   2.486221E-006
   1.656899E-006
   1.766250E-008
   1.264240E-006
   2.751656E-006
   1.254271E-006
   1.951420E-008
   1.683160E-006
   2.562801E-006
   7.415404E-007
   1.807782E-007
   1.972135E-006
   2.038820E-006
   2.299927E-007
   6.635328E-007
   2.557169E-006
   1.830557E-006
   5.392348E-008
   1.067137E-006
   2.624998E-006
   1.334872E-006
   1.808873E-009
   1.382408E-006
   2.240842E-006
   6.457796E-007
   1.848167E-007
   1.876653E-006
   1.896752E-006
   1.864165E-007
   7.265173E-007
   2.664840E-006
   1.945126E-006
   8.679902E-008
   8.962248E-007
   2.312036E-006
   1.139483E-006
   7.304649E-009
   1.309643E-006
   1.904279E-006
   3.796537E-007
   4.221305E-007
   2.489992E-006
   2.394935E-006
   3.292672E-007
   4.884382E-007
   2.030540E-006
   1.260167E-006
   1.513419E-011
   1.438912E-006
   2.773075E-006
   1.196718E-006
   1.478877E-008
   1.327696E-006
   1.665230E-006
   1.835035E-007
   7.502356E-007
   2.993600E-006
   2.516600E-006
   2.847998E-007
   5.145792E-007
   1.749119E-006
   7.635275E-007
   1.052406E-007
   2.133330E-006
   3.115457E-006
   1.065810E-006
   5.702826E-008
   1.399151E-006
   1.333746E-006
   2.866252E-008
   1.229384E-006
   3.294448E-006
   2.171865E-006
   1.031973E-007
   7.303815E-007
   1.567240E-006
   3.611138E-007
   4.259005E-007
   2.729338E-006
   2.940575E-006
   6.377680E-007
   2.214824E-007
   1.507404E-006
   9.250109E-007
   1.829226E-008
   1.692434E-006
   2.985053E-006
   1.249991E-006
   1.248473E-008
   1.251855E-006
   1.476715E-006
   1.158754E-007
   8.067304E-007
   2.711881E-006
   1.945979E-006
   1.071602E-007
   6.518829E-007
   1.481059E-006
   3.792474E-007
   3.339686E-007
   2.350957E-006
   2.510611E-006
   4.795512E-007
   2.796075E-007
   1.539934E-006
   9.294993E-007
   8.173955E-009
   1.369411E-006
   2.272607E-006
   7.307626E-007
   1.188443E-007
   1.611179E-006
   1.676329E-006
   1.852536E-007
   4.743362E-007
   1.560417E-006
   6.885364E-007
   9.177767E-008
   1.911406E-006
   2.821246E-006
   1.023783E-006
   1.757730E-008
   8.840203E-007
   7.160530E-007
   4.967221E-009
   1.311788E-006
   2.560713E-006
   1.193676E-006
   1.874730E-009
   1.064815E-006
   1.447660E-006
   2.156199E-007
   4.050932E-007
   1.685779E-006
   1.069606E-006
   1.890646E-010
   1.118980E-006
   2.075138E-006
   7.805886E-007
   3.944373E-008
   1.046263E-006
   9.916193E-007
   1.874662E-008
   8.752773E-007
   2.085065E-006
   1.013099E-006
   8.020112E-009
   1.187577E-006
   1.710609E-006
   3.755736E-007
   2.302510E-007
   1.384492E-006
   9.461103E-007
   1.199770E-010
   1.043244E-006
   1.922274E-006
   6.782250E-007
   6.968260E-008
   1.208492E-006
   1.184675E-006
   6.078518E-008
   6.650656E-007
   1.771939E-006
   8.671259E-007
   8.309272E-009
   9.839901E-007
   1.242077E-006
   1.332419E-007
   5.144759E-007
   1.813495E-006
   1.118846E-006
   1.686441E-009
   9.824269E-007
   1.734280E-006
   5.197909E-007
   1.240632E-007
   1.259828E-006
   1.074282E-006
   2.733199E-008
   7.258126E-007
   1.620492E-006
   6.255566E-007
   6.035627E-008
   1.183206E-006
   1.282318E-006
   1.300723E-007
   4.214209E-007
   1.312340E-006
   5.678092E-007
   6.155106E-008
   1.271186E-006
   1.516854E-006
   2.156381E-007
   4.093443E-007
   1.692070E-006
   1.118165E-006
   1.029168E-008
   7.471436E-007
   1.295368E-006
   2.818226E-007
   2.494485E-007
   1.404248E-006
   1.027441E-006
   1.070766E-008
   7.806662E-007
   1.512831E-006
   4.759494E-007
   1.082703E-007
   1.139160E-006
   9.459376E-007
   1.194889E-008
   7.918727E-007
   1.660964E-006
   6.296130E-007
   5.376854E-008
   1.063698E-006
   1.034278E-006
   4.049420E-008
   6.584584E-007
   1.622655E-006
   7.186656E-007
   2.099528E-008
   9.295388E-007
   1.001323E-006
   5.304406E-008
   5.952611E-007
   1.581386E-006
   7.530382E-007
   1.109613E-008
   8.735338E-007
   1.005347E-006
   6.774879E-008
   5.421364E-007
   1.548073E-006
   7.882238E-007
   3.487096E-009
   7.780499E-007
   9.237041E-007
   5.661033E-008
   5.514262E-007
   1.540383E-006
   7.786176E-007
   4.044962E-009
   7.800098E-007
   9.191708E-007
   5.434573E-008
   5.551492E-007
   1.531086E-006
   7.599351E-007
   5.557473E-009
   7.840679E-007
   8.967626E-007
   4.509498E-008
   5.821470E-007
   1.543075E-006
   7.505947E-007
   5.455448E-009
   7.391287E-007
   7.948945E-007
   2.135134E-008
   6.504740E-007
   1.528778E-006
   6.598267E-007
   2.144377E-008
   8.302736E-007
   8.136546E-007
   1.669320E-008
   6.596576E-007
   1.439004E-006
   5.379973E-007
   5.310464E-008
   9.144713E-007
   7.913814E-007
   7.211189E-009
   7.024512E-007
   1.365680E-006
   4.256214E-007
   9.910317E-008
   9.814575E-007
   7.352654E-007
   4.097809E-010
   7.625297E-007
   1.279634E-006
   3.058808E-007
   1.725661E-007
   1.049649E-006
   6.445034E-007
   6.099905E-009
   8.690759E-007
   1.195551E-006
   1.857969E-007
   2.953894E-007
   1.155910E-006
   5.637962E-007
   3.036216E-008
   9.506072E-007
   1.039307E-006
   7.022686E-008
   4.974938E-007
   1.291415E-006
   4.776577E-007
   7.896935E-008
   1.031116E-006
   8.605513E-007
   5.725705E-009
   7.817360E-007
   1.454756E-006
   4.134460E-007
   1.292097E-007
   1.015431E-006
   6.151704E-007
   2.060193E-008
   1.106436E-006
   1.504202E-006
   2.777851E-007
   2.507700E-007
   1.101679E-006
   4.734481E-007
   8.997056E-008
   1.284212E-006
   1.320986E-006
   1.060176E-007
   4.886967E-007
   1.268829E-006
   3.941053E-007
   1.577174E-007
   1.283675E-006
   9.885313E-007
   7.250689E-009
   7.736531E-007
   1.300206E-006
   2.391772E-007
   3.178476E-007
   1.423128E-006
   8.262647E-007
   3.199603E-009
   8.713625E-007
   1.048898E-006
   6.406092E-008
   5.938100E-007
   1.532014E-006
   6.034571E-007
   6.328831E-008
   1.086078E-006
   9.676218E-007
   1.995079E-008
   6.332568E-007
   1.134993E-006
   1.900125E-007
   3.694935E-007
   1.570318E-006
   1.008173E-006
   5.688026E-009
   6.092913E-007
   7.669307E-007
   1.743692E-008
   7.319062E-007
   1.683000E-006
   7.002974E-007
   2.719872E-008
   8.475628E-007
   7.162774E-007
   6.266322E-010
   7.420467E-007
   1.173795E-006
   1.989708E-007
   3.073988E-007
   1.281026E-006
   7.052117E-007
   5.293550E-009
   7.450944E-007
   8.023662E-007
   2.229493E-008
   5.878408E-007
   1.226326E-006
   3.498975E-007
   1.398876E-007
   1.047807E-006
   7.270237E-007
   4.067583E-010
   6.110065E-007
   7.947998E-007
   4.527191E-008
   5.049659E-007
   1.289900E-006
   5.242850E-007
   3.584410E-008
   7.557824E-007
   6.084034E-007
   2.721880E-010
   6.023163E-007
   8.631607E-007
   8.754251E-008
   4.003888E-007
   1.275022E-006
   6.757365E-007
   2.121089E-011
   4.199663E-007
   3.149879E-007
   3.987555E-008
   1.052451E-006
   1.573194E-006
   5.030707E-007
   2.436779E-008
   4.037302E-007
   1.198592E-007
   2.093735E-007
   1.208115E-006
   1.073259E-006
   9.221759E-008
   2.651970E-007
   5.966906E-007
   8.210564E-008
   2.625285E-007
   8.827457E-007
   3.868173E-007
   3.889233E-008
   7.400838E-007
   7.062315E-007
   3.016132E-008
   3.295152E-007
   6.027899E-007
   7.033738E-008
   2.864629E-007
   9.254793E-007
   4.414981E-007
   1.131881E-008
   5.037172E-007
   4.176765E-007
   7.820963E-010
   5.669238E-007
   8.667472E-007
   1.779545E-007
   1.160495E-007
   5.067923E-007
   1.393931E-007
   1.606421E-007
   9.416620E-007
   7.473546E-007
   3.045258E-008
   2.698980E-007
   4.008072E-007
   4.701948E-009
   4.921811E-007
   1.055437E-006
   3.946367E-007
   2.816545E-008
   4.849749E-007
   2.629270E-007
   5.288614E-008
   8.203124E-007
   8.838712E-007
   8.735930E-008
   2.409427E-007
   5.736743E-007
   7.629244E-008
   3.026441E-007
   1.045108E-006
   5.408151E-007
   5.791270E-009
   5.342748E-007
   4.544128E-007
   2.487284E-009
   6.905454E-007
   1.012366E-006
   1.778604E-007
   1.855619E-007
   6.875119E-007
   1.866452E-007
   1.831105E-007
   1.043135E-006
   7.082003E-007
   1.273097E-009
   5.131817E-007
   6.052590E-007
   9.801845E-009
   5.495180E-007
   1.050615E-006
   2.571250E-007
   1.399094E-007
   7.595640E-007
   3.205098E-007
   7.616968E-008
   8.663031E-007
   7.010808E-007
   5.831192E-009
   4.908382E-007
   6.901982E-007
   4.351134E-008
   3.946549E-007
   9.269483E-007
   2.651272E-007
   1.023701E-007
   6.674592E-007
   2.994133E-007
   6.565779E-008
   8.131609E-007
   7.045252E-007
   1.746003E-008
   3.661196E-007
   5.484809E-007
   2.942136E-008
   3.523927E-007
   7.785814E-007
   1.955098E-007
   1.181299E-007
   6.313558E-007
   2.761808E-007
   5.003879E-008
   6.441227E-007
   5.183469E-007
   4.850316E-009
   3.138223E-007
   3.656026E-007
   2.302081E-010
   4.911540E-007
   8.619545E-007
   2.322155E-007
   5.728670E-008
   3.656537E-007
   9.380687E-008
   1.407461E-007
   6.792700E-007
   4.014824E-007
   1.495748E-009
   3.738896E-007
   3.510082E-007
   6.836906E-011
   3.891977E-007
   5.690118E-007
   8.060009E-008
   1.249741E-007
   3.322988E-007
   2.864598E-008
   2.775066E-007
   8.365271E-007
   4.434884E-007
   5.114951E-011
   2.314379E-007
   1.422778E-007
   4.408721E-008
   5.484783E-007
   5.217475E-007
   2.153504E-008
   2.491779E-007
   4.389699E-007
   4.498515E-008
   2.010338E-007
   5.410198E-007
   1.625449E-007
   5.714966E-008
   3.622870E-007
   1.158539E-007
   1.146727E-007
   7.289737E-007
   5.813188E-007
   2.343242E-008
   1.892521E-007
   2.384846E-007
   6.507076E-010
   3.935050E-007
   5.678454E-007
   6.798185E-008
   1.979909E-007
   5.810021E-007
   1.817191E-007
   6.494548E-008
   4.573788E-007
   2.242806E-007
   2.385061E-008
   3.867612E-007
   2.310405E-007
   3.061825E-008
   6.248463E-007
   7.065469E-007
   8.685963E-008
   1.257173E-007
   2.850213E-007
   1.015929E-008
   2.829092E-007
   5.877528E-007
   1.288674E-007
   1.289642E-007
   6.007394E-007
   2.921826E-007
   1.443254E-008
   3.723641E-007
   2.473655E-007
   9.784401E-009
   3.812412E-007
   3.149006E-007
   2.778077E-009
   4.939917E-007
   6.906261E-007
   1.167659E-007
   9.807363E-008
   2.916301E-007
   1.952948E-008
   2.642865E-007
   6.628251E-007
   2.199810E-007
   5.251179E-008
   4.433213E-007
   2.106435E-007
   3.919663E-008
   5.035346E-007
   3.806740E-007
   2.307948E-010
   2.869782E-007
   2.699907E-007
   4.460186E-009
   4.984544E-007
   6.879246E-007
   1.118206E-007
   1.054535E-007
   2.993444E-007
   1.736560E-008
   2.900418E-007
   7.210810E-007
   2.635255E-007
   2.751834E-008
   3.254003E-007
   1.108900E-007
   1.081242E-007
   6.595292E-007
   4.598584E-007
   3.037713E-009
   2.321059E-007
   1.926588E-007
   2.129457E-008
   5.428755E-007
   6.282371E-007
   7.007378E-008
   1.312272E-007
   2.642052E-007
   2.906619E-009
   3.492509E-007
   6.842065E-007
   1.941231E-007
   4.305660E-008
   2.647613E-007
   3.872106E-008
   2.028834E-007
   6.838465E-007
   3.395325E-007
   3.099970E-009
   2.482611E-007
   1.158542E-007
   7.002481E-008
   5.577494E-007
   4.261045E-007
   4.614676E-009
   2.174553E-007
   2.082632E-007
   6.690927E-009
   4.080986E-007
   4.775194E-007
   3.524300E-008
   1.600646E-007
   2.727388E-007
   4.533851E-009
   2.873634E-007
   5.177175E-007
   9.491052E-008
   9.897151E-008
   3.245622E-007
   5.052303E-008
   1.508289E-007
   4.713513E-007
   1.500368E-007
   5.210569E-008
   3.366249E-007
   1.128894E-007
   7.470002E-008
   4.547507E-007
   2.404564E-007
   1.098429E-008
   3.035063E-007
   1.880142E-007
   1.634120E-008
   3.536485E-007
   2.691913E-007
   9.774637E-010
   2.921325E-007
   2.850045E-007
   6.058283E-010
   2.480804E-007
   2.868752E-007
   2.370811E-009
   2.565629E-007
   3.731186E-007
   3.087127E-008
   1.429122E-007
   2.694701E-007
   1.197561E-008
   2.160363E-007
   4.407396E-007
   9.271647E-008
   7.098824E-008
   2.526414E-007
   3.242390E-008
   1.555320E-007
   4.541099E-007
   1.543309E-007
   3.271108E-008
   2.548737E-007
   7.629039E-008
   7.812457E-008
   3.927833E-007
   1.874137E-007
   1.387782E-008
   2.498638E-007
   1.234939E-007
   3.284711E-008
   3.441017E-007
   2.266452E-007
   1.769788E-009
   2.213480E-007
   1.596640E-007
   1.045036E-008
   3.073029E-007
   2.802573E-007
   3.644928E-009
   1.544689E-007
   1.505507E-007
   5.338353E-009
   3.023086E-007
   3.452805E-007
   2.448502E-008
   1.035271E-007
   1.479242E-007
   7.357136E-010
   2.619512E-007
   3.586976E-007
   4.165235E-008
   8.510289E-008
   1.686412E-007
   1.984412E-009
   1.963991E-007
   3.267693E-007
   4.447983E-008
   8.377403E-008
   1.974093E-007
   1.103524E-008
   1.546999E-007
   3.136291E-007
   5.323934E-008
   7.459215E-008
   2.086776E-007
   1.982030E-008
   1.316326E-007
   3.091746E-007
   5.935087E-008
   7.338085E-008
   2.354737E-007
   3.669493E-008
   9.987746E-008
   2.804701E-007
   5.327167E-008
   8.610574E-008
   2.801856E-007
   6.029838E-008
   7.673086E-008
   2.714978E-007
   5.901709E-008
   7.929040E-008
   2.814072E-007
   6.253243E-008
   8.408008E-008
   3.147973E-007
   9.024350E-008
   5.240771E-008
   2.439732E-007
   4.956969E-008
   1.060076E-007
   3.773725E-007
   1.302154E-007
   3.229636E-008
   2.194974E-007
   4.609305E-008
   1.106233E-007
   3.996140E-007
   1.507936E-007
   2.434163E-008
   2.094306E-007
   4.614736E-008
   1.116819E-007
   4.149434E-007
   1.647287E-007
   2.102952E-008
   2.138918E-007
   5.380754E-008
   9.736402E-008
   3.855717E-007
   1.425553E-007
   3.391238E-008
   2.609754E-007
   8.022101E-008
   7.052486E-008
   3.354069E-007
   1.138256E-007
   5.013891E-008
   2.982388E-007
   9.499212E-008
   6.203776E-008
   3.186478E-007
   1.005168E-007
   6.127442E-008
   3.186890E-007
   9.932637E-008
   6.257217E-008
   3.163930E-007
   9.431175E-008
   6.787817E-008
   3.229484E-007
   9.366746E-008
   6.956530E-008
   3.221589E-007
   9.026969E-008
   7.099391E-008
   3.125642E-007
   7.757337E-008
   8.688642E-008
   3.438241E-007
   9.314096E-008
   6.766180E-008
   2.866108E-007
   5.767455E-008
   1.082658E-007
   3.589817E-007
   9.141055E-008
   6.579111E-008
   2.576433E-007
   3.855713E-008
   1.317296E-007
   3.674061E-007
   8.572095E-008
   6.378372E-008
   2.236770E-007
   2.069038E-008
   1.595275E-007
   3.696982E-007
   7.595752E-008
   6.363325E-008
   1.896893E-007
   7.833615E-009
   1.877097E-007
   3.589019E-007
   6.006807E-008
   6.958709E-008
   1.668492E-007
   2.320475E-009
   1.957285E-007
   3.115190E-007
   3.329465E-008
   8.961281E-008
   1.581700E-007
   4.248286E-010
   1.907213E-007
   2.524029E-007
   1.225915E-008
   1.111347E-007
   1.420559E-007
   3.231795E-010
   1.911065E-007
   1.998572E-007
   1.498876E-009
   1.337952E-007
   1.246380E-007
   3.182062E-009
   1.879631E-007
   1.491033E-007
   1.312867E-009
   1.594091E-007
   1.115045E-007
   6.635282E-009
   1.673730E-007
   9.382615E-008
   1.409714E-008
   1.803409E-007
   8.768573E-008
   1.660431E-008
   1.645418E-007
   6.067955E-008
   3.339369E-008
   1.896792E-007
   6.376586E-008
   2.944937E-008
   1.528548E-007
   3.100668E-008
   6.222591E-008
   1.948134E-007
   4.029913E-008
   4.879794E-008
   1.472562E-007
   1.454310E-008
   8.437642E-008
   1.747790E-007
   1.686841E-008
   7.254597E-008
   1.289008E-007
   1.946749E-009
   1.182026E-007
   1.569481E-007
   3.092728E-009
   1.032106E-007
   1.155073E-007
   3.837207E-010
   1.436594E-007
   1.308106E-007
   1.833730E-010
   1.227168E-007
   8.642228E-008
   9.218718E-009
   1.657746E-007
   9.587633E-008
   9.289369E-009
   1.485420E-007
   6.524758E-008
   2.361990E-008
   1.668839E-007
   5.748546E-008
   2.964698E-008
   1.514587E-007
   3.171519E-008
   5.775845E-008
   1.814853E-007
   3.364106E-008
   5.272857E-008
   1.421416E-007
   1.091537E-008
   8.715986E-008
   1.563166E-007
   7.495972E-009
   9.291227E-008
   1.331597E-007
   7.953147E-010
   1.235455E-007
   1.423254E-007
   7.615538E-010
   1.021689E-007
   8.387867E-008
   8.480821E-009
   1.798587E-007
   1.262180E-007
   1.793899E-009
   1.207968E-007
   5.589331E-008
   3.002112E-008
   1.985825E-007
   8.393562E-008
   1.669274E-008
   1.320839E-007
   2.506962E-008
   7.508886E-008
   2.288817E-007
   5.739396E-008
   3.459766E-008
   1.171467E-007
   3.431320E-009
   1.333094E-007
   2.280657E-007
   2.458110E-008
   6.540313E-008
   1.017590E-007
   1.431809E-009
   1.901942E-007
   2.047512E-007
   4.951336E-009
   8.956183E-008
   6.699869E-008
   2.268015E-008
   2.397754E-007
   1.541353E-007
   1.728639E-009
   1.238574E-007
   4.468516E-008
   5.026371E-008
   2.322134E-007
   7.992566E-008
   2.550844E-008
   1.351667E-007
   1.358701E-008
   1.051442E-007
   2.308592E-007
   3.463163E-008
   5.737325E-008
   1.129616E-007
   8.824655E-012
   1.553726E-007
   1.764711E-007
   2.013235E-009
   1.063616E-007
   8.626334E-008
   9.799890E-009
   1.739648E-007
   9.595643E-008
   1.107373E-008
   1.397364E-007
   4.149218E-008
   4.620647E-008
   1.775312E-007
   3.637823E-008
   4.829595E-008
   1.278808E-007
   5.576373E-009
   9.668687E-008
   1.357918E-007
   1.002420E-009
   1.088414E-007
   1.029326E-007
   1.727635E-009
   1.219300E-007
   6.588631E-008
   1.799429E-008
   1.521246E-007
   5.177570E-008
   2.909462E-008
   1.305750E-007
   1.779406E-008
   6.595227E-008
   1.398843E-007
   7.815250E-009
   7.717638E-008
   9.737886E-008
   8.809762E-010
   1.384200E-007
   1.158162E-007
   5.609690E-010
   9.515211E-008
   3.774765E-008
   3.635000E-008
   1.708571E-007
   4.861941E-008
   3.199866E-008
   1.203109E-007
   1.088040E-008
   7.335491E-008
   1.264605E-007
   2.780373E-009
   9.026510E-008
   9.579745E-008
   1.560791E-009
   1.320804E-007
   9.608498E-008
   2.823690E-009
   9.822257E-008
   3.061197E-008
   4.579546E-008
   1.809874E-007
   5.219957E-008
   2.430160E-008
   9.073730E-008
   2.537841E-009
   9.697886E-008
   1.409398E-007
   4.094497E-009
   8.036366E-008
   8.391350E-008
   1.835003E-009
   1.125300E-007
   6.639934E-008
   1.148421E-008
   1.259710E-007
   4.533231E-008
   2.547614E-008
   1.225751E-007
   2.374895E-008
   3.996342E-008
   9.486912E-008
   1.810389E-009
   9.452695E-008
   1.308570E-007
   5.297222E-009
   4.985491E-008
   3.482789E-008
   2.166263E-008
   1.662914E-007
   9.433755E-008
   1.658406E-009
   6.238412E-008
   9.391348E-009
   5.358302E-008
   1.246157E-007
   1.471845E-008
   4.467790E-008
   7.951579E-008
   6.249509E-010
   6.550172E-008
   5.535722E-008
   4.406550E-009
   9.388781E-008
   4.463839E-008
   1.304317E-008
   9.401088E-008
   2.500952E-008
   2.214132E-008
   6.386211E-008
   7.179294E-010
   7.600478E-008
   9.788812E-008
   2.037228E-009
   4.811855E-008
   3.234914E-008
   1.264930E-008
   9.822436E-008
   3.358563E-008
   1.847200E-008
   8.008513E-008
   8.571216E-009
   4.553840E-008
   7.965292E-008
   1.345255E-009
   5.504523E-008
   4.452808E-008
   8.007087E-009
   1.085162E-007
   5.810075E-008
   4.100628E-009
   5.061070E-008
   2.432125E-009
   6.872242E-008
   1.216821E-007
   1.181045E-008
   3.285077E-008
   3.446453E-008
   9.762638E-009
   1.141856E-007
   6.072637E-008
   6.182773E-009
   7.226113E-008
   1.190244E-008
   4.495063E-008
   1.029206E-007
   8.208598E-009
   4.518552E-008
   5.709825E-008
   1.520341E-009
   8.780563E-008
   5.402618E-008
   6.264236E-009
   7.711260E-008
   1.829958E-008
   3.166098E-008
   8.555299E-008
   5.224928E-009
   5.127788E-008
   6.417157E-008
   6.313472E-010
   8.139525E-008
   5.005033E-008
   7.623833E-009
   7.959201E-008
   1.655691E-008
   4.016234E-008
   1.075032E-007
   1.267610E-008
   3.494923E-008
   4.678726E-008
   3.528454E-009
   9.919915E-008
   6.188321E-008
   3.883847E-009
   6.368764E-008
   9.528279E-009
   4.814588E-008
   1.051384E-007
   8.344608E-009
   4.258548E-008
   4.796104E-008
   4.619584E-009
   9.907884E-008
   5.150635E-008
   9.436402E-009
   7.927482E-008
   1.304331E-008
   4.139781E-008
   8.717231E-008
   2.866103E-009
   5.525854E-008
   5.279159E-008
   3.654007E-009
   8.321102E-008
   3.241207E-008
   1.992568E-008
   9.051243E-008
   1.399327E-008
   3.252046E-008
   5.319222E-008
   1.297991E-009
   9.655842E-008
   7.441000E-008
   9.390056E-010
   5.791521E-008
   1.259082E-008
   3.931425E-008
   1.029959E-007
   1.260705E-008
   3.126875E-008
   4.087078E-008
   4.317626E-009
   9.573595E-008
   6.013032E-008
   1.704737E-009
   4.071992E-008
   1.843198E-009
   5.973212E-008
   1.005535E-007
   8.189832E-009
   2.637370E-008
   1.956118E-008
   1.636270E-008
   1.013117E-007
   4.157022E-008
   5.794229E-009
   3.448364E-008
   2.114408E-011
   7.031249E-008
   8.122241E-008
   1.979997E-009
   2.718771E-008
   8.683395E-009
   2.863067E-008
   9.220788E-008
   2.206855E-008
   1.179359E-008
   2.559140E-008
   2.633093E-009
   7.044426E-008
   4.945006E-008
   6.065614E-010
   3.097946E-008
   2.463024E-009
   3.986821E-008
   7.248811E-008
   5.583066E-009
   2.229470E-008
   1.824258E-008
   9.016144E-009
   6.599600E-008
   2.243824E-008
   1.009995E-008
   3.741665E-008
   3.298751E-010
   4.459141E-008
   4.555465E-008
   3.413156E-010
   4.309132E-008
   1.642281E-008
   1.422639E-008
   5.180529E-008
   3.146738E-009
   3.831011E-008
   5.166137E-008
   3.783762E-012
   4.214648E-008
   1.951810E-008
   1.488628E-008
   6.848447E-008
   1.108074E-008
   2.646376E-008
   4.832752E-008
   2.323701E-012
   5.242838E-008
   3.195409E-008
   9.455134E-009
   7.334037E-008
   1.844885E-008
   1.920784E-008
   4.449352E-008
   2.547611E-010
   7.424759E-008
   6.155406E-008
   8.637651E-010
   5.027189E-008
   1.001649E-008
   3.635820E-008
   8.525594E-008
   6.221075E-009
   3.541888E-008
   3.273098E-008
   8.825869E-009
   9.078556E-008
   3.499392E-008
   1.215813E-008
   5.234741E-008
   7.607092E-010
   5.788789E-008
   5.754221E-008
   1.300979E-009
   6.530454E-008
   2.431318E-008
   1.825343E-008
   6.659383E-008
   4.103084E-009
   4.150340E-008
   4.548194E-008
   2.048214E-009
   6.174616E-008
   1.993892E-008
   2.166366E-008
   6.961654E-008
   4.892270E-009
   3.562038E-008
   3.547632E-008
   4.966380E-009
   7.032838E-008
   2.383419E-008
   1.482007E-008
   4.683563E-008
   7.306265E-011
   6.125467E-008
   5.774957E-008
   1.295123E-010
   3.433752E-008
   3.778712E-009
   4.076092E-008
   7.159543E-008
   1.825555E-009
   4.155643E-008
   3.137063E-008
   6.010206E-009
   5.535357E-008
   1.041257E-008
   2.032477E-008
   3.029749E-008
   4.298430E-009
   8.520192E-008
   5.429808E-008
   9.984866E-010
   3.010652E-008
   8.133425E-010
   4.009170E-008
   4.142296E-008
   1.602373E-009
   5.500918E-008
   1.918050E-008
   1.754413E-008
   6.364436E-008
   8.744204E-009
   1.358053E-008
   7.870283E-009
   2.496979E-008
   1.015216E-007
   3.510746E-008
   6.675593E-009
   2.875182E-008
   3.229038E-011
   3.628484E-008
   1.538346E-008
   1.580176E-008
   6.103477E-008
   6.814072E-009
   2.839987E-008
   4.048480E-008
   1.076869E-010
   3.414703E-008
   9.287982E-009
   1.842041E-008
   4.104024E-008
   2.182463E-011
   4.734741E-008
   3.613672E-008
   1.932054E-009
   3.230780E-008
   1.831553E-009
   3.480800E-008
   4.188184E-008
   5.757822E-010
   4.750714E-008
   1.902558E-008
   1.165979E-008
   4.173834E-008
   1.102395E-009
   3.085092E-008
   2.075150E-008
   8.677885E-009
   5.380468E-008
   8.479615E-009
   2.173265E-008
   3.102394E-008
   2.212301E-009
   5.678703E-008
   2.316823E-008
   1.056267E-008
   4.086794E-008
   4.455578E-010
   4.253718E-008
   3.581553E-008
   2.147777E-009
   3.796332E-008
   4.477134E-009
   2.732250E-008
   3.661495E-008
   1.153317E-009
   5.243161E-008
   2.128210E-008
   1.199781E-008
   4.437061E-008
   7.467986E-010
   4.326748E-008
   3.952004E-008
   1.395500E-009
   3.788286E-008
   5.443503E-009
   2.638100E-008
   4.072014E-008
   1.654159E-010
   4.412491E-008
   1.965649E-008
   1.039290E-008
   3.949906E-008
   3.860963E-010
   4.396333E-008
   3.881681E-008
   1.743773E-009
   4.162240E-008
   7.886023E-009
   2.164758E-008
   3.788681E-008
   7.844325E-011
   4.078295E-008
   1.932004E-008
   8.699050E-009
   3.621161E-008
   6.432533E-010
   3.504026E-008
   2.933858E-008
   2.868313E-009
   3.933652E-008
   6.156551E-009
   2.208973E-008
   3.571018E-008
   5.832092E-011
   3.457327E-008
   1.387682E-008
   1.084058E-008
   3.613482E-008
   9.433921E-010
   2.672100E-008
   1.936189E-008
   4.871109E-009
   3.521666E-008
   3.232952E-009
   2.460497E-008
   3.290098E-008
   3.410748E-011
   2.251601E-008
   3.023054E-009
   2.538341E-008
   4.600855E-008
   1.626503E-009
   1.744281E-008
   5.615414E-009
   1.821721E-008
   4.730137E-008
   3.509058E-009
   1.840350E-008
   1.302350E-008
   8.312741E-009
   4.182409E-008
   5.370617E-009
   1.648058E-008
   1.703162E-008
   5.323340E-009
   4.543752E-008
   1.037041E-008
   1.358617E-008
   2.369549E-008
   1.501888E-009
   4.202889E-008
   1.504200E-008
   1.009623E-008
   2.840631E-008
   7.319630E-011
   3.734394E-008
   1.853114E-008
   8.042255E-009
   3.371331E-008
   2.980929E-010
   3.722610E-008
   2.940680E-008
   2.491952E-009
   3.010256E-008
   1.033053E-009
   3.508214E-008
   3.731716E-008
   4.911016E-010
   2.955954E-008
   3.203404E-009
   2.902595E-008
   4.299344E-008
   4.676795E-011
   2.645433E-008
   5.831079E-009
   2.196916E-008
   4.439398E-008
   8.405436E-010
   2.339689E-008
   8.509398E-009
   1.680947E-008
   4.771108E-008
   3.672127E-009
   1.665762E-008
   9.639975E-009
   1.159681E-008
   4.440315E-008
   5.512308E-009
   1.382656E-008
   1.221084E-008
   6.351763E-009
   3.743424E-008
   6.079471E-009
   1.254670E-008
   1.596699E-008
   2.101825E-009
   2.806988E-008
   5.719831E-009
   1.059912E-008
   1.637971E-008
   8.792238E-010
   2.369709E-008
   6.107016E-009
   8.799671E-009
   1.768751E-008
   2.854087E-011
   1.607089E-008
   4.207294E-009
   9.141298E-009
   1.930100E-008
   1.413924E-010
   1.183665E-008
   3.584647E-009
   7.975975E-009
   1.849098E-008
   4.323667E-010
   9.059266E-009
   2.846089E-009
   7.605699E-009
   1.796729E-008
   6.072541E-010
   8.358351E-009
   3.406506E-009
   5.644048E-009
   1.570315E-008
   6.383820E-010
   7.258681E-009
   2.786244E-009
   6.187929E-009
   1.658381E-008
   8.145765E-010
   7.222986E-009
   3.198128E-009
   5.505501E-009
   1.597246E-008
   6.683610E-010
   8.507787E-009
   4.655077E-009
   3.867054E-009
   1.340954E-008
   1.873891E-010
   1.186129E-008
   7.606816E-009
   2.145117E-009
   1.110002E-008
   3.592181E-011
   1.331312E-008
   7.686889E-009
   3.383933E-009
   1.657734E-008
   1.120884E-009
   7.857370E-009
   3.428940E-009
   9.018871E-009
   2.928080E-008
   5.060942E-009
   4.135581E-009
   2.132339E-009
   1.062994E-008
   3.175020E-008
   5.180003E-009
   5.861947E-009
   5.360188E-009
   4.060839E-009
   1.663838E-008
   2.393912E-010
   1.817017E-008
   1.539527E-008
   7.903586E-010
   1.221140E-008
   1.210860E-010
   1.640181E-008
   1.124539E-008
   3.338111E-009
   2.247939E-008
   3.372394E-009
   5.507758E-009
   2.372374E-009
   1.210252E-008
   3.518365E-008
   6.096928E-009
   4.526061E-009
   2.459774E-009
   1.029450E-008
   2.856801E-008
   2.577923E-009
   9.828422E-009
   7.366247E-009
   3.091554E-009
   1.263646E-008
   3.056784E-011
   1.955127E-008
   1.156671E-008
   1.673799E-009
   8.632156E-009
   7.074291E-010
   2.216746E-008
   9.727136E-009
   3.446960E-009
   1.163978E-008
   1.967908E-010
   1.687255E-008
   5.274560E-009
   6.262584E-009
   1.252515E-008
   4.782651E-010
   1.884221E-008
   6.046008E-009
   4.221448E-009
   6.724166E-009
   3.236843E-009
   2.572354E-008
   7.437453E-009
   3.281131E-009
   4.134693E-009
   5.988840E-009
   2.844225E-008
   6.442800E-009
   4.138856E-009
   4.002950E-009
   6.237921E-009
   2.518451E-008
   3.753727E-009
   5.901470E-009
   3.639626E-009
   7.975110E-009
   2.675274E-008
   3.598389E-009
   5.438259E-009
   2.289867E-009
   1.040141E-008
   2.708887E-008
   2.585151E-009
   6.437987E-009
   2.053020E-009
   1.095548E-008
   2.430086E-008
   1.104906E-009
   8.685729E-009
   2.258335E-009
   1.077701E-008
   2.115779E-008
   2.961162E-010
   1.006721E-008
   1.617082E-009
   1.318805E-008
   2.194171E-008
   2.005124E-010
   9.454190E-009
   8.311007E-010
   1.486678E-008
   1.979219E-008
   3.947391E-013
   1.078239E-008
   6.120305E-010
   1.512177E-008
   1.657260E-008
   2.822946E-010
   1.184187E-008
   3.427508E-010
   1.567860E-008
   1.429761E-008
   5.959159E-010
   9.760371E-009
   2.343552E-011
   2.002625E-008
   1.431892E-008
   7.169717E-010
   7.776208E-009
   4.565204E-010
   2.038011E-008
   1.006211E-008
   2.273673E-009
   8.765339E-009
   5.039791E-010
   1.652718E-008
   4.671728E-009
   5.627268E-009
   9.760469E-009
   8.307651E-010
   1.547053E-008
   2.823973E-009
   6.176206E-009
   6.100236E-009
   3.165134E-009
   1.800227E-008
   2.338018E-009
   5.179490E-009
   2.442434E-009
   7.227525E-009
   1.902080E-008
   1.156312E-009
   5.712844E-009
   1.112413E-009
   9.204718E-009
   1.431042E-008
   8.099281E-012
   1.010825E-008
   1.456490E-009
   7.912917E-009
   8.851517E-009
   9.335075E-010
   1.091458E-008
   4.904253E-010
   9.076942E-009
   6.229249E-009
   1.704707E-009
   6.856531E-009
   4.046683E-010
   1.420949E-008
   4.882099E-009
   3.067335E-009
   5.114280E-009
   2.340059E-009
   1.745940E-008
   3.396851E-009
   4.547438E-009
   4.325213E-009
   3.233836E-009
   1.459727E-008
   1.309468E-009
   4.791764E-009
   1.674223E-009
   5.790316E-009
   1.149283E-008
   7.024911E-011
   4.743434E-009
   1.604876E-011
   1.224896E-008
   1.089466E-008
   3.313982E-010
   6.401996E-009
   8.426177E-011
   1.409289E-008
   7.682588E-009
   1.542637E-009
   6.106648E-009
   5.462152E-010
   1.229653E-008
   2.918944E-009
   3.646368E-009
   3.551679E-009
   3.091999E-009
   1.239282E-008
   4.581280E-010
   6.609672E-009
   1.776340E-009
   6.789212E-009
   1.128951E-008
   6.628767E-011
   8.150769E-009
   1.937269E-010
   1.259910E-008
   1.047370E-008
   9.723494E-010
   8.853148E-009
   9.311167E-012
   1.279167E-008
   5.177012E-009
   3.276822E-009
   6.394249E-009
   1.333827E-009
   1.257783E-008
   5.814917E-010
   1.106355E-008
   7.461250E-009
   3.010091E-009
   1.281940E-008
   4.035863E-011
   1.098585E-008
   3.300006E-009
   4.943314E-009
   6.048303E-009
   3.104911E-009
   1.879602E-008
   2.186170E-009
   6.567037E-009
   3.034480E-009
   8.101874E-009
   2.127699E-008
   1.540141E-009
   3.867985E-009
   1.088999E-011
   1.598028E-008
   1.666275E-008
   4.501414E-012
   4.955224E-009
   9.348123E-010
   2.434292E-008
   1.543365E-008
   2.001168E-010
   2.874889E-009
   3.488384E-009
   2.192931E-008
   5.651984E-009
   2.723138E-009
   1.887700E-009
   7.564733E-009
   1.953629E-008
   8.486961E-010
   7.845219E-009
   2.339943E-009
   6.126195E-009
   8.738952E-009
   8.822278E-010
   1.205284E-008
   1.083382E-009
   5.656218E-009
   1.592489E-009
   9.644206E-009
   2.067901E-008
   1.581085E-009
   2.411953E-009
   2.001318E-010
   1.788450E-008
   1.654923E-008
   5.253153E-011
   2.148525E-009
   2.359271E-009
   2.188805E-008
   1.030491E-008
   4.252604E-010
   1.243613E-009
   5.944349E-009
   2.093505E-008
   4.217853E-009
   1.792956E-009
   3.514005E-010
   8.708078E-009
   1.379771E-008
   1.394318E-010
   4.836397E-009
   1.632839E-010
   6.920199E-009
   3.560451E-009
   3.402061E-009
   9.906553E-009
   4.816400E-011
   5.683958E-009
   4.234633E-010
   8.158669E-009
   8.744751E-009
   8.747136E-011
   3.288372E-009
   4.924563E-010
   1.092695E-008
   3.809750E-009
   1.583274E-009
   1.689535E-009
   4.183925E-009
   1.447445E-008
   1.857155E-009
   2.548289E-009
   5.481826E-010
   5.557274E-009
   7.536627E-009
   7.629504E-011
   4.665639E-009
   4.251778E-011
   5.044127E-009
   9.971209E-010
   6.034643E-009
   9.873517E-009
   3.738541E-011
   3.297539E-009
   2.562843E-011
   9.495309E-009
   6.806042E-009
   5.361212E-011
   6.043823E-010
   3.693992E-009
   1.299965E-008
   2.244224E-009
