   2.692973E+006
   2.691896E+006
   2.688669E+006
   2.683310E+006
   2.675842E+006
   2.666302E+006
   2.654733E+006
   2.641190E+006
   2.625734E+006
   2.608434E+006
   2.589367E+006
   2.568614E+006
   2.546264E+006
   2.522407E+006
   2.497138E+006
   2.470556E+006
   2.442759E+006
   2.413848E+006
   2.383923E+006
   2.353085E+006
   2.321432E+006
   2.289061E+006
   2.256067E+006
   2.222542E+006
   2.188574E+006
   2.154249E+006
   2.119648E+006
   2.084848E+006
   2.049924E+006
   2.014943E+006
   1.979970E+006
   1.945065E+006
   1.910285E+006
   1.875681E+006
   1.841300E+006
   1.807186E+006
   1.773378E+006
   1.739911E+006
   1.706818E+006
   1.674128E+006
   1.641864E+006
   1.610050E+006
   1.578704E+006
   1.547844E+006
   1.517482E+006
   1.487630E+006
   1.458298E+006
   1.429493E+006
   1.401220E+006
   1.373483E+006
   1.346284E+006
   1.319624E+006
   1.293502E+006
   1.267915E+006
   1.242863E+006
   1.218339E+006
   1.194341E+006
   1.170863E+006
   1.147898E+006
   1.125440E+006
   1.103482E+006
   1.082016E+006
   1.061035E+006
   1.040531E+006
   1.020494E+006
   1.000916E+006
   9.817894E+005
   9.631040E+005
   9.448513E+005
   9.270221E+005
   9.096073E+005
   8.925980E+005
   8.759850E+005
   8.597594E+005
   8.439123E+005
   8.284349E+005
   8.133183E+005
   7.985539E+005
   7.841333E+005
   7.700480E+005
   7.562898E+005
   7.428506E+005
   7.297224E+005
   7.168974E+005
   7.043679E+005
   6.921266E+005
   6.801659E+005
   6.684788E+005
   6.570582E+005
   6.458973E+005
   6.349894E+005
   6.243280E+005
   6.139066E+005
   6.037191E+005
   5.937595E+005
   5.840217E+005
   5.745001E+005
   5.651890E+005
   5.560830E+005
   5.471768E+005
   5.384653E+005
   5.299433E+005
   5.216059E+005
   5.134485E+005
   5.054664E+005
   4.976551E+005
   4.900101E+005
   4.825273E+005
   4.752025E+005
   4.680316E+005
   4.610108E+005
   4.541362E+005
   4.474041E+005
   4.408110E+005
   4.343532E+005
   4.280275E+005
   4.218305E+005
   4.157591E+005
   4.098100E+005
   4.039802E+005
   3.982669E+005
   3.926671E+005
   6.194848E+006
   6.108751E+006
   6.024340E+006
   5.941575E+006
   5.860415E+006
   5.780822E+006
   5.702757E+006
   5.626185E+006
   5.551070E+006
   5.477376E+006
   5.405071E+006
   5.334122E+006
   5.264496E+006
   5.196163E+006
   5.129093E+006
   5.063256E+006
   4.998623E+006
   4.935168E+006
   4.872862E+006
   4.811679E+006
   4.751595E+006
   4.692584E+006
   4.634622E+006
   4.577684E+006
   4.521749E+006
   4.466794E+006
   4.412797E+006
   4.359737E+006
   4.307593E+006
   4.256345E+006
   4.205973E+006
   4.156459E+006
   4.107784E+006
   4.059930E+006
   4.012878E+006
   3.966613E+006
   3.921116E+006
   3.876372E+006
   3.832365E+006
   3.789080E+006
   3.746500E+006
   3.704612E+006
   3.663401E+006
   3.622853E+006
   3.582954E+006
   3.543692E+006
   3.505052E+006
   3.467023E+006
   3.429591E+006
   3.392745E+006
   3.356474E+006
   3.320765E+006
   3.285607E+006
   3.250990E+006
   3.216902E+006
   3.183333E+006
   3.150274E+006
   3.117713E+006
   3.085642E+006
   3.054051E+006
   3.022930E+006
   2.992271E+006
   2.962064E+006
   2.932302E+006
   2.902975E+006
   2.874076E+006
   2.845596E+006
   2.817527E+006
   2.789862E+006
   2.762594E+006
   2.735714E+006
   2.709216E+006
   2.683093E+006
   2.657337E+006
   2.631943E+006
   2.606903E+006
   2.582211E+006
   2.557861E+006
   2.533847E+006
   2.510162E+006
   2.486802E+006
   2.463759E+006
   2.441029E+006
   2.418605E+006
   2.396484E+006
   2.374658E+006
   2.353124E+006
   2.331875E+006
   2.310908E+006
   2.290217E+006
   2.269798E+006
   2.249645E+006
   2.229755E+006
   2.210123E+006
   2.190744E+006
   2.171615E+006
   2.152731E+006
   2.134088E+006
   2.115681E+006
   2.097508E+006
   2.079564E+006
   2.061846E+006
   2.044349E+006
   2.027070E+006
   2.010006E+006
   1.993153E+006
   1.976508E+006
   1.960067E+006
   1.943828E+006
   1.927786E+006
   1.911938E+006
   1.896283E+006
   1.880816E+006
   1.865535E+006
   1.850436E+006
   1.835517E+006
   1.820776E+006
   1.806208E+006
   1.791813E+006
   1.777586E+006
   1.763525E+006
   1.749629E+006
   1.735894E+006
   1.076448E+005
   1.068061E+005
   1.059770E+005
   1.051573E+005
   1.043471E+005
   1.035460E+005
   1.027540E+005
   1.019709E+005
   1.011966E+005
   1.004310E+005
   9.967400E+004
   9.892536E+004
   9.818503E+004
   9.745287E+004
   9.672877E+004
   9.601261E+004
   9.530428E+004
   9.460366E+004
   9.391065E+004
   9.322513E+004
   9.254701E+004
   9.187617E+004
   9.121252E+004
   9.055594E+004
   8.990635E+004
   8.926364E+004
   8.862773E+004
   8.799851E+004
   8.737589E+004
   8.675978E+004
   8.615010E+004
   8.554675E+004
   8.494965E+004
   8.435871E+004
   8.377385E+004
   8.319498E+004
   8.262204E+004
   8.205493E+004
   8.149358E+004
   8.093791E+004
   8.038784E+004
   7.984331E+004
   7.930424E+004
   7.877055E+004
   7.824218E+004
   7.771905E+004
   7.720111E+004
   7.668827E+004
   7.618048E+004
   7.567766E+004
   7.517976E+004
   7.468671E+004
   7.419845E+004
   7.371492E+004
   7.323606E+004
   7.276180E+004
   7.229209E+004
   7.182688E+004
   7.136610E+004
   7.090970E+004
   7.045763E+004
   7.000982E+004
   6.956624E+004
   6.912682E+004
   6.869152E+004
   6.826027E+004
   6.783305E+004
   6.740978E+004
   6.699044E+004
   6.657496E+004
   6.616330E+004
   6.575541E+004
   6.535126E+004
   6.495079E+004
   6.455396E+004
   6.416072E+004
   6.377104E+004
   6.338487E+004
   6.300217E+004
   6.262290E+004
   6.224702E+004
   6.187448E+004
   6.150525E+004
   6.113929E+004
   6.077656E+004
   6.041703E+004
   6.006065E+004
   5.970740E+004
   5.935723E+004
   5.901010E+004
   5.866599E+004
   5.832486E+004
   5.798667E+004
   5.765140E+004
   5.731900E+004
   5.698945E+004
   5.666272E+004
   5.633876E+004
   5.601756E+004
   5.569908E+004
   5.538328E+004
   5.507015E+004
   5.475964E+004
   5.445174E+004
   5.414641E+004
   5.384362E+004
   5.354335E+004
   5.324556E+004
   5.295024E+004
   5.265735E+004
   5.236686E+004
   5.207876E+004
   5.179302E+004
   5.150960E+004
   5.122849E+004
   5.094966E+004
   5.067309E+004
   5.039874E+004
   5.012661E+004
   4.985666E+004
   4.958887E+004
   4.932322E+004
   4.905968E+004
   0.000000E+000
   0.000000E+000
   0.000000E+000
   0.000000E+000
   0.000000E+000
   0.000000E+000
   0.000000E+000
   0.000000E+000
   0.000000E+000
   0.000000E+000
   0.000000E+000
   0.000000E+000
   0.000000E+000
   0.000000E+000
   0.000000E+000
   0.000000E+000
   0.000000E+000
   0.000000E+000
   0.000000E+000
   0.000000E+000
   0.000000E+000
   0.000000E+000
   0.000000E+000
   0.000000E+000
   0.000000E+000
   1.843435E-304
   5.363575E-273
   1.903251E-243
   1.012461E-215
   9.627319E-190
   1.896988E-165
   8.742704E-143
   1.036238E-121
   3.381304E-102
   3.159341E-084
   8.507642E-068
   6.383477E-053
   1.222849E-039
   5.062017E-028
   3.349492E-018
   1.974535E-010
   2.249451E-005
   2.213355E-003
   1.242384E-002
   5.559577E-006
   1.572323E-002
   1.174746E-002
   9.234142E-003
   4.111770E-002
   1.251095E-002
   4.447323E-002
   1.103195E-002
   5.414925E-002
   6.975194E-002
   1.308663E-001
   7.907239E-002
   7.470931E-002
   1.274786E-001
   1.336203E-001
   8.631858E-004
   1.519071E-001
   3.097573E-004
   1.133260E-001
   1.513423E-001
   8.925091E-002
   4.875122E-002
   4.490625E-002
   7.427462E-002
   1.312166E-001
   1.472632E-001
   4.422150E-002
   2.361113E-002
   1.488641E-001
   1.092890E-002
   1.252090E-001
   1.567338E-002
   1.381357E-001
   3.933521E-003
   9.110586E-002
   1.168079E-001
   1.273867E-002
   2.479712E-002
   1.029837E-001
   1.259411E-001
   9.230927E-002
   4.877142E-002
   2.021791E-002
   7.307259E-003
   3.184054E-003
   3.059508E-003
   6.475485E-003
   1.655898E-002
   3.737602E-002
   6.837004E-002
   9.723353E-002
   1.001551E-001
   6.236672E-002
   1.095728E-002
   7.794155E-003
   6.521167E-002
   9.226069E-002
   3.257859E-002
   4.042261E-003
   7.169085E-002
   6.804859E-002
   5.644048E-004
   5.699866E-002
   6.499537E-002
   1.888004E-004
   7.090042E-002
   3.231326E-002
   2.209134E-002
   6.954897E-002
   2.687492E-004
   7.190290E-002
   6.088195E-003
   5.898459E-002
   1.651997E-002
   4.864670E-002
   2.076983E-002
   4.599152E-002
   1.736149E-002
   5.035088E-002
   4.720577E+003
   4.701603E+003
   4.682742E+003
   4.663995E+003
   4.645360E+003
   4.626836E+003
   4.608422E+003
   4.590117E+003
   4.571921E+003
   4.553832E+003
   4.535850E+003
   4.517975E+003
   4.500204E+003
   4.482537E+003
   4.464974E+003
   4.447514E+003
   4.430156E+003
   4.412899E+003
   4.395742E+003
   4.378684E+003
   4.361726E+003
   4.344865E+003
   4.328102E+003
   4.311435E+003
   4.294864E+003
   4.278388E+003
   4.262006E+003
   4.245718E+003
   4.229523E+003
   4.213420E+003
   4.197409E+003
   4.181488E+003
   4.165658E+003
   4.149917E+003
   4.134264E+003
   4.118700E+003
   4.103224E+003
   4.087834E+003
   4.072530E+003
   4.057312E+003
   4.042179E+003
   4.027130E+003
   4.012165E+003
   3.997282E+003
   3.982482E+003
   3.967764E+003
   3.953127E+003
   3.938571E+003
   3.924095E+003
   3.909698E+003
   3.895380E+003
   3.881140E+003
   3.866978E+003
   3.852893E+003
   3.838885E+003
   3.824953E+003
   3.811096E+003
   3.797315E+003
   3.783607E+003
   3.769974E+003
   3.756414E+003
   3.742927E+003
   3.729512E+003
   3.716169E+003
   3.702897E+003
   3.689696E+003
   3.676565E+003
   3.663504E+003
   3.650512E+003
   3.637589E+003
   3.624735E+003
   3.611948E+003
   3.599228E+003
   3.586576E+003
   3.573990E+003
   3.561470E+003
   3.549015E+003
   3.536626E+003
   3.524301E+003
   3.512040E+003
   3.499843E+003
   3.487709E+003
   3.475638E+003
   3.463629E+003
   3.451683E+003
   3.439798E+003
   3.427974E+003
   3.416210E+003
   3.404507E+003
   3.392864E+003
   3.381281E+003
   3.369756E+003
   3.358290E+003
   3.346883E+003
   3.335533E+003
   3.324241E+003
   3.313006E+003
   3.301828E+003
   3.290706E+003
   3.279640E+003
   3.268629E+003
   3.257674E+003
   3.246774E+003
   3.235928E+003
   3.225136E+003
   3.214398E+003
   3.203714E+003
   3.193082E+003
   3.182503E+003
   3.171977E+003
   3.161502E+003
   3.151080E+003
   3.140708E+003
   3.130388E+003
   3.120118E+003
   3.109899E+003
   3.099729E+003
   3.089610E+003
   3.079539E+003
   3.069518E+003
   3.059546E+003
   3.049622E+003
   3.039745E+003
   0.000000E+000
   0.000000E+000
   0.000000E+000
   0.000000E+000
   0.000000E+000
   0.000000E+000
   0.000000E+000
   0.000000E+000
   0.000000E+000
   0.000000E+000
   0.000000E+000
   0.000000E+000
   0.000000E+000
   0.000000E+000
   0.000000E+000
   0.000000E+000
   0.000000E+000
   0.000000E+000
   0.000000E+000
   0.000000E+000
   0.000000E+000
   0.000000E+000
   0.000000E+000
   0.000000E+000
   0.000000E+000
   0.000000E+000
   0.000000E+000
   0.000000E+000
   0.000000E+000
   0.000000E+000
   0.000000E+000
   0.000000E+000
   0.000000E+000
   0.000000E+000
   0.000000E+000
   0.000000E+000
   0.000000E+000
   0.000000E+000
   0.000000E+000
   0.000000E+000
   0.000000E+000
   0.000000E+000
   0.000000E+000
   0.000000E+000
   0.000000E+000
   0.000000E+000
   0.000000E+000
   0.000000E+000
   0.000000E+000
   0.000000E+000
   0.000000E+000
   0.000000E+000
   0.000000E+000
   0.000000E+000
   0.000000E+000
   0.000000E+000
   0.000000E+000
   0.000000E+000
   0.000000E+000
   0.000000E+000
   0.000000E+000
   0.000000E+000
   0.000000E+000
   0.000000E+000
   0.000000E+000
   0.000000E+000
   0.000000E+000
   0.000000E+000
   0.000000E+000
   0.000000E+000
   0.000000E+000
   0.000000E+000
   0.000000E+000
   0.000000E+000
   0.000000E+000
   0.000000E+000
   0.000000E+000
   0.000000E+000
   0.000000E+000
   0.000000E+000
   0.000000E+000
   0.000000E+000
   0.000000E+000
   0.000000E+000
   0.000000E+000
   0.000000E+000
   0.000000E+000
   0.000000E+000
   0.000000E+000
   0.000000E+000
   0.000000E+000
   0.000000E+000
   0.000000E+000
   0.000000E+000
   0.000000E+000
   0.000000E+000
   0.000000E+000
   0.000000E+000
   0.000000E+000
   0.000000E+000
   0.000000E+000
   0.000000E+000
   0.000000E+000
   0.000000E+000
   0.000000E+000
   0.000000E+000
   0.000000E+000
   0.000000E+000
   0.000000E+000
   0.000000E+000
   0.000000E+000
   0.000000E+000
   0.000000E+000
   0.000000E+000
   0.000000E+000
   0.000000E+000
   0.000000E+000
   0.000000E+000
   0.000000E+000
   0.000000E+000
   0.000000E+000
   0.000000E+000
   0.000000E+000
   0.000000E+000
   0.000000E+000
   0.000000E+000
   0.000000E+000
   0.000000E+000
   0.000000E+000
   0.000000E+000
   0.000000E+000
   0.000000E+000
   0.000000E+000
   0.000000E+000
   0.000000E+000
   0.000000E+000
   0.000000E+000
   0.000000E+000
   0.000000E+000
   0.000000E+000
   0.000000E+000
   0.000000E+000
   0.000000E+000
   0.000000E+000
   0.000000E+000
   0.000000E+000
   0.000000E+000
   0.000000E+000
   0.000000E+000
   0.000000E+000
   0.000000E+000
   0.000000E+000
   0.000000E+000
   0.000000E+000
   0.000000E+000
   0.000000E+000
   0.000000E+000
   0.000000E+000
   0.000000E+000
   0.000000E+000
   0.000000E+000
   0.000000E+000
   0.000000E+000
   0.000000E+000
   0.000000E+000
   0.000000E+000
   0.000000E+000
   0.000000E+000
   0.000000E+000
   0.000000E+000
   0.000000E+000
   0.000000E+000
   0.000000E+000
   0.000000E+000
   0.000000E+000
   0.000000E+000
   0.000000E+000
   0.000000E+000
   0.000000E+000
   0.000000E+000
   0.000000E+000
   0.000000E+000
   0.000000E+000
   0.000000E+000
   0.000000E+000
   0.000000E+000
   0.000000E+000
   0.000000E+000
   0.000000E+000
   0.000000E+000
   0.000000E+000
   0.000000E+000
   0.000000E+000
   0.000000E+000
   0.000000E+000
   0.000000E+000
   0.000000E+000
   0.000000E+000
   0.000000E+000
   0.000000E+000
   0.000000E+000
   0.000000E+000
   0.000000E+000
   0.000000E+000
   0.000000E+000
   0.000000E+000
   0.000000E+000
   0.000000E+000
   0.000000E+000
   0.000000E+000
   0.000000E+000
   0.000000E+000
   0.000000E+000
   0.000000E+000
   0.000000E+000
   0.000000E+000
   0.000000E+000
   0.000000E+000
   0.000000E+000
   0.000000E+000
   0.000000E+000
   0.000000E+000
   0.000000E+000
   0.000000E+000
   0.000000E+000
   0.000000E+000
   0.000000E+000
   0.000000E+000
   0.000000E+000
   0.000000E+000
   0.000000E+000
   0.000000E+000
   0.000000E+000
   0.000000E+000
   0.000000E+000
   0.000000E+000
   0.000000E+000
   0.000000E+000
   0.000000E+000
   0.000000E+000
   0.000000E+000
   0.000000E+000
   0.000000E+000
   0.000000E+000
   0.000000E+000
   0.000000E+000
   0.000000E+000
   0.000000E+000
   0.000000E+000
   0.000000E+000
   0.000000E+000
   0.000000E+000
   0.000000E+000
   0.000000E+000
   0.000000E+000
   0.000000E+000
   0.000000E+000
   0.000000E+000
   0.000000E+000
   0.000000E+000
   0.000000E+000
   0.000000E+000
   0.000000E+000
   0.000000E+000
   0.000000E+000
   0.000000E+000
   0.000000E+000
   0.000000E+000
   0.000000E+000
   0.000000E+000
   0.000000E+000
   0.000000E+000
   0.000000E+000
   0.000000E+000
   0.000000E+000
   0.000000E+000
   0.000000E+000
   0.000000E+000
   0.000000E+000
   0.000000E+000
   0.000000E+000
   0.000000E+000
   0.000000E+000
   0.000000E+000
   0.000000E+000
   0.000000E+000
   0.000000E+000
   0.000000E+000
   0.000000E+000
   0.000000E+000
   0.000000E+000
   0.000000E+000
   0.000000E+000
   0.000000E+000
   0.000000E+000
   0.000000E+000
   0.000000E+000
   0.000000E+000
   0.000000E+000
   0.000000E+000
   0.000000E+000
   0.000000E+000
   0.000000E+000
   0.000000E+000
   0.000000E+000
   0.000000E+000
   0.000000E+000
   0.000000E+000
   0.000000E+000
   0.000000E+000
   0.000000E+000
   0.000000E+000
   0.000000E+000
   0.000000E+000
   0.000000E+000
   0.000000E+000
   0.000000E+000
   0.000000E+000
   0.000000E+000
   0.000000E+000
   0.000000E+000
   0.000000E+000
   0.000000E+000
   0.000000E+000
   0.000000E+000
   0.000000E+000
   0.000000E+000
   0.000000E+000
   0.000000E+000
   0.000000E+000
   0.000000E+000
   0.000000E+000
   0.000000E+000
   0.000000E+000
   0.000000E+000
   0.000000E+000
   0.000000E+000
   0.000000E+000
   0.000000E+000
   0.000000E+000
   0.000000E+000
   0.000000E+000
   0.000000E+000
   0.000000E+000
   0.000000E+000
   0.000000E+000
   0.000000E+000
   0.000000E+000
   0.000000E+000
   0.000000E+000
   0.000000E+000
   0.000000E+000
   0.000000E+000
   0.000000E+000
   0.000000E+000
   0.000000E+000
   0.000000E+000
   0.000000E+000
   0.000000E+000
   0.000000E+000
   0.000000E+000
   0.000000E+000
   0.000000E+000
   0.000000E+000
   0.000000E+000
   0.000000E+000
   0.000000E+000
   0.000000E+000
   0.000000E+000
   0.000000E+000
   0.000000E+000
   0.000000E+000
   0.000000E+000
   0.000000E+000
   0.000000E+000
   0.000000E+000
   0.000000E+000
   0.000000E+000
   0.000000E+000
   0.000000E+000
   0.000000E+000
   0.000000E+000
   0.000000E+000
   0.000000E+000
   0.000000E+000
   0.000000E+000
   0.000000E+000
   0.000000E+000
   0.000000E+000
   0.000000E+000
   0.000000E+000
   0.000000E+000
   0.000000E+000
   0.000000E+000
   0.000000E+000
   0.000000E+000
   0.000000E+000
   0.000000E+000
   0.000000E+000
   0.000000E+000
   0.000000E+000
   0.000000E+000
   0.000000E+000
   0.000000E+000
   0.000000E+000
   0.000000E+000
   0.000000E+000
   0.000000E+000
   0.000000E+000
   0.000000E+000
   0.000000E+000
   0.000000E+000
   0.000000E+000
   0.000000E+000
   0.000000E+000
   0.000000E+000
   0.000000E+000
   0.000000E+000
   0.000000E+000
   0.000000E+000
   0.000000E+000
   0.000000E+000
   0.000000E+000
   0.000000E+000
   0.000000E+000
   0.000000E+000
   0.000000E+000
   0.000000E+000
   0.000000E+000
   0.000000E+000
   0.000000E+000
   0.000000E+000
   0.000000E+000
   0.000000E+000
   0.000000E+000
   0.000000E+000
   0.000000E+000
   0.000000E+000
   0.000000E+000
   0.000000E+000
   0.000000E+000
   0.000000E+000
   0.000000E+000
   0.000000E+000
   0.000000E+000
   0.000000E+000
   0.000000E+000
   0.000000E+000
   0.000000E+000
   0.000000E+000
   0.000000E+000
   0.000000E+000
   0.000000E+000
   0.000000E+000
   0.000000E+000
   0.000000E+000
   0.000000E+000
   0.000000E+000
   0.000000E+000
   0.000000E+000
   0.000000E+000
   0.000000E+000
   0.000000E+000
   0.000000E+000
   0.000000E+000
   0.000000E+000
   0.000000E+000
   0.000000E+000
   0.000000E+000
   0.000000E+000
   0.000000E+000
   0.000000E+000
   0.000000E+000
   0.000000E+000
   0.000000E+000
   0.000000E+000
   0.000000E+000
   0.000000E+000
   0.000000E+000
   0.000000E+000
   0.000000E+000
   0.000000E+000
   0.000000E+000
   0.000000E+000
   0.000000E+000
   0.000000E+000
   0.000000E+000
   0.000000E+000
   0.000000E+000
   0.000000E+000
   0.000000E+000
   0.000000E+000
   0.000000E+000
   0.000000E+000
   0.000000E+000
   0.000000E+000
   0.000000E+000
   0.000000E+000
   0.000000E+000
   0.000000E+000
   0.000000E+000
   0.000000E+000
   0.000000E+000
   0.000000E+000
   0.000000E+000
   0.000000E+000
   0.000000E+000
   0.000000E+000
   0.000000E+000
   0.000000E+000
   0.000000E+000
   0.000000E+000
   0.000000E+000
   0.000000E+000
   0.000000E+000
   0.000000E+000
   0.000000E+000
   0.000000E+000
   0.000000E+000
   0.000000E+000
   0.000000E+000
   0.000000E+000
   0.000000E+000
   0.000000E+000
   0.000000E+000
   0.000000E+000
   0.000000E+000
   0.000000E+000
   0.000000E+000
   0.000000E+000
   0.000000E+000
   0.000000E+000
   0.000000E+000
   0.000000E+000
   0.000000E+000
   0.000000E+000
   0.000000E+000
   0.000000E+000
   0.000000E+000
   0.000000E+000
   0.000000E+000
   0.000000E+000
   0.000000E+000
   0.000000E+000
   0.000000E+000
   0.000000E+000
   0.000000E+000
   0.000000E+000
   0.000000E+000
   0.000000E+000
   0.000000E+000
   0.000000E+000
   0.000000E+000
   0.000000E+000
   0.000000E+000
   0.000000E+000
   0.000000E+000
   0.000000E+000
   0.000000E+000
   0.000000E+000
   0.000000E+000
   0.000000E+000
   0.000000E+000
   0.000000E+000
   0.000000E+000
   0.000000E+000
   0.000000E+000
   0.000000E+000
   0.000000E+000
   0.000000E+000
   0.000000E+000
   0.000000E+000
   0.000000E+000
   0.000000E+000
   0.000000E+000
   0.000000E+000
   0.000000E+000
   0.000000E+000
   0.000000E+000
   0.000000E+000
   0.000000E+000
   0.000000E+000
   0.000000E+000
   0.000000E+000
   0.000000E+000
   0.000000E+000
   0.000000E+000
   0.000000E+000
   0.000000E+000
   0.000000E+000
   0.000000E+000
   0.000000E+000
   0.000000E+000
   0.000000E+000
   0.000000E+000
   0.000000E+000
   0.000000E+000
   0.000000E+000
   0.000000E+000
   0.000000E+000
   0.000000E+000
   0.000000E+000
   0.000000E+000
   0.000000E+000
   0.000000E+000
   0.000000E+000
   0.000000E+000
   0.000000E+000
   0.000000E+000
   0.000000E+000
   0.000000E+000
   0.000000E+000
   0.000000E+000
   0.000000E+000
   0.000000E+000
   0.000000E+000
   0.000000E+000
   0.000000E+000
   0.000000E+000
   0.000000E+000
   0.000000E+000
   0.000000E+000
   0.000000E+000
   0.000000E+000
   0.000000E+000
   0.000000E+000
   0.000000E+000
   0.000000E+000
   0.000000E+000
   0.000000E+000
   0.000000E+000
   0.000000E+000
   0.000000E+000
   0.000000E+000
   0.000000E+000
   0.000000E+000
   0.000000E+000
   0.000000E+000
   0.000000E+000
   0.000000E+000
   0.000000E+000
   0.000000E+000
   0.000000E+000
   0.000000E+000
   0.000000E+000
   0.000000E+000
   0.000000E+000
   0.000000E+000
   0.000000E+000
   0.000000E+000
   0.000000E+000
   0.000000E+000
   0.000000E+000
   0.000000E+000
   0.000000E+000
   0.000000E+000
   0.000000E+000
   0.000000E+000
   0.000000E+000
   0.000000E+000
   0.000000E+000
   0.000000E+000
   0.000000E+000
   0.000000E+000
   0.000000E+000
   0.000000E+000
   0.000000E+000
   0.000000E+000
   0.000000E+000
   0.000000E+000
   0.000000E+000
   0.000000E+000
   0.000000E+000
   0.000000E+000
   0.000000E+000
   0.000000E+000
   0.000000E+000
   0.000000E+000
   0.000000E+000
   0.000000E+000
   0.000000E+000
   0.000000E+000
   0.000000E+000
   0.000000E+000
   0.000000E+000
   0.000000E+000
   0.000000E+000
   0.000000E+000
   0.000000E+000
   0.000000E+000
   0.000000E+000
   0.000000E+000
   0.000000E+000
   0.000000E+000
   0.000000E+000
   0.000000E+000
   0.000000E+000
   0.000000E+000
   0.000000E+000
   0.000000E+000
   0.000000E+000
   0.000000E+000
   0.000000E+000
   0.000000E+000
   0.000000E+000
   0.000000E+000
   0.000000E+000
   0.000000E+000
   0.000000E+000
   0.000000E+000
   0.000000E+000
   0.000000E+000
   0.000000E+000
   0.000000E+000
   0.000000E+000
   0.000000E+000
   0.000000E+000
   0.000000E+000
   0.000000E+000
   0.000000E+000
   0.000000E+000
   0.000000E+000
   0.000000E+000
   0.000000E+000
   0.000000E+000
   0.000000E+000
   0.000000E+000
   0.000000E+000
   0.000000E+000
   0.000000E+000
   0.000000E+000
   0.000000E+000
   0.000000E+000
   0.000000E+000
   0.000000E+000
   0.000000E+000
   0.000000E+000
   0.000000E+000
   0.000000E+000
   0.000000E+000
   0.000000E+000
   0.000000E+000
   0.000000E+000
   0.000000E+000
   0.000000E+000
   0.000000E+000
   0.000000E+000
   0.000000E+000
   0.000000E+000
   0.000000E+000
   0.000000E+000
   0.000000E+000
   0.000000E+000
   0.000000E+000
   0.000000E+000
   0.000000E+000
   0.000000E+000
   0.000000E+000
   0.000000E+000
   0.000000E+000
   0.000000E+000
   0.000000E+000
   0.000000E+000
   0.000000E+000
   0.000000E+000
   0.000000E+000
   0.000000E+000
   0.000000E+000
   0.000000E+000
   0.000000E+000
   0.000000E+000
   0.000000E+000
   0.000000E+000
   0.000000E+000
   0.000000E+000
   0.000000E+000
   0.000000E+000
   0.000000E+000
   0.000000E+000
   0.000000E+000
   0.000000E+000
   0.000000E+000
   0.000000E+000
   0.000000E+000
   0.000000E+000
   0.000000E+000
   0.000000E+000
   0.000000E+000
   0.000000E+000
   0.000000E+000
   0.000000E+000
   0.000000E+000
   0.000000E+000
   0.000000E+000
   0.000000E+000
   0.000000E+000
   0.000000E+000
   0.000000E+000
   0.000000E+000
   0.000000E+000
   0.000000E+000
   0.000000E+000
   0.000000E+000
   0.000000E+000
   0.000000E+000
   0.000000E+000
   0.000000E+000
   0.000000E+000
   0.000000E+000
   0.000000E+000
   0.000000E+000
   0.000000E+000
   0.000000E+000
   0.000000E+000
   0.000000E+000
   0.000000E+000
   0.000000E+000
   0.000000E+000
   0.000000E+000
   0.000000E+000
   0.000000E+000
   0.000000E+000
   0.000000E+000
   0.000000E+000
   0.000000E+000
   0.000000E+000
   0.000000E+000
   0.000000E+000
   0.000000E+000
   0.000000E+000
   0.000000E+000
   0.000000E+000
   0.000000E+000
   0.000000E+000
   0.000000E+000
   0.000000E+000
   0.000000E+000
   0.000000E+000
   0.000000E+000
   0.000000E+000
   0.000000E+000
   0.000000E+000
   0.000000E+000
   0.000000E+000
   0.000000E+000
   0.000000E+000
   0.000000E+000
   0.000000E+000
   0.000000E+000
   0.000000E+000
   0.000000E+000
   0.000000E+000
   0.000000E+000
   0.000000E+000
   0.000000E+000
   0.000000E+000
   0.000000E+000
   0.000000E+000
   0.000000E+000
   0.000000E+000
   0.000000E+000
   0.000000E+000
   0.000000E+000
   0.000000E+000
   0.000000E+000
   0.000000E+000
   0.000000E+000
   0.000000E+000
   0.000000E+000
   0.000000E+000
   0.000000E+000
   0.000000E+000
   0.000000E+000
   0.000000E+000
   0.000000E+000
   0.000000E+000
   0.000000E+000
   0.000000E+000
   0.000000E+000
   0.000000E+000
   0.000000E+000
   0.000000E+000
   0.000000E+000
   0.000000E+000
   0.000000E+000
   0.000000E+000
   0.000000E+000
   0.000000E+000
   0.000000E+000
   0.000000E+000
   0.000000E+000
   0.000000E+000
   0.000000E+000
   0.000000E+000
   0.000000E+000
   0.000000E+000
   0.000000E+000
   0.000000E+000
   0.000000E+000
   0.000000E+000
   0.000000E+000
   0.000000E+000
   0.000000E+000
   0.000000E+000
   0.000000E+000
   0.000000E+000
   0.000000E+000
   0.000000E+000
   0.000000E+000
   0.000000E+000
   0.000000E+000
   0.000000E+000
   0.000000E+000
   0.000000E+000
   0.000000E+000
   0.000000E+000
   0.000000E+000
   0.000000E+000
   0.000000E+000
   0.000000E+000
   0.000000E+000
   0.000000E+000
   0.000000E+000
   0.000000E+000
   0.000000E+000
   0.000000E+000
   0.000000E+000
   0.000000E+000
   0.000000E+000
   0.000000E+000
   0.000000E+000
   0.000000E+000
   0.000000E+000
   0.000000E+000
   0.000000E+000
   0.000000E+000
   0.000000E+000
   0.000000E+000
   0.000000E+000
   0.000000E+000
   0.000000E+000
   0.000000E+000
   0.000000E+000
   0.000000E+000
   0.000000E+000
   0.000000E+000
   0.000000E+000
   0.000000E+000
   0.000000E+000
   0.000000E+000
   0.000000E+000
   0.000000E+000
   0.000000E+000
   0.000000E+000
   0.000000E+000
   0.000000E+000
   0.000000E+000
   0.000000E+000
   0.000000E+000
   0.000000E+000
   0.000000E+000
   0.000000E+000
   0.000000E+000
   0.000000E+000
   0.000000E+000
   0.000000E+000
   0.000000E+000
   0.000000E+000
   0.000000E+000
   0.000000E+000
   0.000000E+000
   0.000000E+000
   0.000000E+000
   0.000000E+000
   0.000000E+000
   0.000000E+000
   0.000000E+000
   0.000000E+000
   0.000000E+000
   0.000000E+000
   0.000000E+000
   0.000000E+000
   0.000000E+000
   0.000000E+000
   0.000000E+000
   0.000000E+000
   0.000000E+000
   0.000000E+000
   0.000000E+000
   0.000000E+000
   0.000000E+000
   0.000000E+000
   0.000000E+000
   0.000000E+000
   0.000000E+000
   0.000000E+000
   0.000000E+000
   0.000000E+000
   0.000000E+000
   0.000000E+000
   0.000000E+000
   0.000000E+000
   0.000000E+000
   0.000000E+000
   0.000000E+000
   0.000000E+000
   0.000000E+000
   0.000000E+000
   0.000000E+000
   0.000000E+000
   0.000000E+000
   0.000000E+000
   0.000000E+000
   0.000000E+000
   0.000000E+000
   0.000000E+000
   0.000000E+000
   0.000000E+000
   0.000000E+000
   0.000000E+000
   0.000000E+000
   0.000000E+000
   0.000000E+000
   0.000000E+000
   0.000000E+000
   0.000000E+000
   0.000000E+000
   0.000000E+000
   0.000000E+000
   0.000000E+000
   0.000000E+000
   0.000000E+000
   0.000000E+000
   0.000000E+000
   0.000000E+000
   0.000000E+000
   0.000000E+000
   0.000000E+000
   0.000000E+000
   0.000000E+000
   0.000000E+000
   0.000000E+000
   0.000000E+000
   0.000000E+000
   0.000000E+000
   0.000000E+000
   0.000000E+000
   0.000000E+000
   0.000000E+000
   0.000000E+000
   0.000000E+000
   0.000000E+000
   0.000000E+000
   0.000000E+000
   0.000000E+000
   0.000000E+000
   0.000000E+000
   0.000000E+000
   0.000000E+000
   0.000000E+000
   0.000000E+000
   0.000000E+000
   0.000000E+000
   0.000000E+000
   0.000000E+000
   0.000000E+000
   0.000000E+000
   0.000000E+000
   0.000000E+000
   0.000000E+000
   0.000000E+000
   0.000000E+000
   0.000000E+000
   0.000000E+000
   0.000000E+000
   0.000000E+000
   0.000000E+000
   0.000000E+000
   0.000000E+000
   0.000000E+000
   0.000000E+000
   0.000000E+000
   0.000000E+000
   0.000000E+000
   0.000000E+000
   0.000000E+000
   0.000000E+000
   0.000000E+000
   0.000000E+000
   0.000000E+000
   0.000000E+000
   0.000000E+000
   0.000000E+000
   0.000000E+000
   0.000000E+000
   0.000000E+000
   0.000000E+000
   0.000000E+000
   0.000000E+000
   0.000000E+000
   0.000000E+000
   0.000000E+000
   0.000000E+000
   0.000000E+000
   0.000000E+000
   0.000000E+000
   0.000000E+000
   0.000000E+000
   0.000000E+000
   0.000000E+000
   0.000000E+000
   0.000000E+000
   0.000000E+000
   0.000000E+000
   0.000000E+000
   0.000000E+000
   0.000000E+000
   0.000000E+000
   0.000000E+000
   0.000000E+000
   0.000000E+000
   0.000000E+000
   0.000000E+000
   0.000000E+000
   0.000000E+000
   0.000000E+000
   0.000000E+000
   0.000000E+000
   0.000000E+000
   0.000000E+000
   0.000000E+000
   0.000000E+000
   0.000000E+000
   0.000000E+000
   0.000000E+000
   0.000000E+000
   0.000000E+000
   0.000000E+000
   0.000000E+000
   0.000000E+000
   0.000000E+000
   0.000000E+000
   0.000000E+000
   0.000000E+000
   0.000000E+000
   0.000000E+000
   0.000000E+000
   0.000000E+000
   0.000000E+000
   0.000000E+000
   0.000000E+000
   0.000000E+000
   0.000000E+000
   0.000000E+000
   0.000000E+000
   0.000000E+000
   0.000000E+000
   0.000000E+000
   0.000000E+000
   0.000000E+000
   0.000000E+000
   0.000000E+000
   0.000000E+000
   0.000000E+000
   0.000000E+000
   0.000000E+000
   0.000000E+000
   0.000000E+000
   0.000000E+000
   0.000000E+000
   0.000000E+000
   0.000000E+000
   0.000000E+000
   0.000000E+000
   0.000000E+000
   0.000000E+000
   0.000000E+000
   0.000000E+000
   0.000000E+000
   0.000000E+000
   0.000000E+000
   0.000000E+000
   0.000000E+000
   0.000000E+000
   0.000000E+000
   0.000000E+000
   0.000000E+000
   0.000000E+000
   0.000000E+000
   0.000000E+000
   0.000000E+000
   0.000000E+000
   0.000000E+000
   0.000000E+000
   0.000000E+000
   0.000000E+000
   0.000000E+000
   0.000000E+000
   0.000000E+000
   0.000000E+000
   0.000000E+000
   0.000000E+000
   0.000000E+000
   0.000000E+000
   0.000000E+000
   0.000000E+000
   0.000000E+000
   0.000000E+000
   0.000000E+000
   0.000000E+000
   0.000000E+000
   0.000000E+000
   0.000000E+000
   0.000000E+000
   0.000000E+000
   0.000000E+000
   0.000000E+000
   0.000000E+000
   0.000000E+000
   0.000000E+000
   0.000000E+000
   0.000000E+000
   0.000000E+000
   0.000000E+000
   0.000000E+000
   0.000000E+000
   0.000000E+000
   0.000000E+000
   0.000000E+000
   0.000000E+000
   0.000000E+000
   0.000000E+000
   0.000000E+000
   0.000000E+000
   0.000000E+000
   0.000000E+000
   0.000000E+000
   0.000000E+000
   0.000000E+000
   0.000000E+000
   0.000000E+000
   0.000000E+000
   0.000000E+000
   0.000000E+000
   0.000000E+000
   0.000000E+000
   0.000000E+000
   0.000000E+000
   0.000000E+000
   0.000000E+000
   0.000000E+000
   0.000000E+000
   0.000000E+000
   0.000000E+000
   0.000000E+000
   0.000000E+000
   0.000000E+000
   0.000000E+000
   0.000000E+000
   0.000000E+000
   0.000000E+000
   0.000000E+000
   0.000000E+000
   0.000000E+000
   0.000000E+000
   0.000000E+000
   0.000000E+000
   0.000000E+000
   0.000000E+000
   0.000000E+000
   0.000000E+000
   0.000000E+000
   0.000000E+000
   0.000000E+000
   0.000000E+000
   0.000000E+000
   0.000000E+000
   0.000000E+000
   0.000000E+000
   0.000000E+000
   0.000000E+000
   0.000000E+000
   0.000000E+000
   0.000000E+000
   0.000000E+000
   0.000000E+000
   0.000000E+000
   0.000000E+000
   0.000000E+000
   0.000000E+000
   0.000000E+000
   0.000000E+000
   0.000000E+000
   0.000000E+000
   0.000000E+000
   0.000000E+000
   0.000000E+000
   0.000000E+000
   0.000000E+000
   0.000000E+000
   0.000000E+000
   0.000000E+000
   0.000000E+000
   0.000000E+000
   0.000000E+000
   0.000000E+000
   0.000000E+000
   0.000000E+000
   0.000000E+000
   0.000000E+000
   0.000000E+000
   0.000000E+000
   0.000000E+000
   0.000000E+000
   0.000000E+000
   0.000000E+000
   0.000000E+000
   0.000000E+000
   0.000000E+000
   0.000000E+000
   0.000000E+000
   0.000000E+000
   0.000000E+000
   0.000000E+000
   0.000000E+000
   0.000000E+000
   0.000000E+000
   0.000000E+000
   0.000000E+000
   0.000000E+000
   0.000000E+000
   0.000000E+000
   0.000000E+000
   0.000000E+000
   0.000000E+000
   0.000000E+000
   0.000000E+000
   0.000000E+000
   0.000000E+000
   0.000000E+000
   0.000000E+000
   0.000000E+000
   0.000000E+000
   0.000000E+000
   0.000000E+000
   0.000000E+000
   0.000000E+000
   0.000000E+000
   0.000000E+000
   0.000000E+000
   0.000000E+000
   0.000000E+000
   0.000000E+000
   0.000000E+000
   0.000000E+000
   0.000000E+000
   0.000000E+000
   0.000000E+000
   0.000000E+000
   0.000000E+000
   0.000000E+000
   0.000000E+000
   0.000000E+000
   0.000000E+000
   0.000000E+000
   0.000000E+000
   0.000000E+000
   0.000000E+000
   0.000000E+000
   0.000000E+000
   0.000000E+000
   0.000000E+000
   0.000000E+000
   0.000000E+000
   0.000000E+000
   0.000000E+000
   0.000000E+000
   0.000000E+000
   0.000000E+000
   0.000000E+000
   0.000000E+000
   0.000000E+000
   0.000000E+000
   0.000000E+000
   0.000000E+000
   0.000000E+000
   0.000000E+000
   0.000000E+000
   0.000000E+000
   0.000000E+000
   0.000000E+000
   0.000000E+000
   0.000000E+000
   0.000000E+000
   0.000000E+000
   0.000000E+000
   0.000000E+000
   0.000000E+000
   0.000000E+000
   0.000000E+000
   0.000000E+000
   0.000000E+000
   0.000000E+000
   0.000000E+000
   0.000000E+000
   0.000000E+000
   0.000000E+000
   0.000000E+000
   0.000000E+000
   0.000000E+000
   0.000000E+000
   0.000000E+000
   0.000000E+000
   0.000000E+000
   0.000000E+000
   0.000000E+000
   0.000000E+000
   0.000000E+000
   0.000000E+000
   0.000000E+000
   0.000000E+000
   0.000000E+000
   0.000000E+000
   0.000000E+000
   0.000000E+000
   0.000000E+000
   0.000000E+000
   0.000000E+000
   0.000000E+000
   0.000000E+000
   0.000000E+000
   0.000000E+000
   0.000000E+000
   0.000000E+000
   0.000000E+000
   0.000000E+000
   0.000000E+000
   0.000000E+000
   0.000000E+000
   0.000000E+000
   0.000000E+000
   0.000000E+000
   0.000000E+000
   0.000000E+000
   0.000000E+000
   0.000000E+000
   0.000000E+000
   0.000000E+000
   0.000000E+000
   0.000000E+000
   0.000000E+000
   0.000000E+000
   0.000000E+000
   0.000000E+000
   0.000000E+000
   0.000000E+000
   0.000000E+000
   0.000000E+000
   0.000000E+000
   0.000000E+000
   0.000000E+000
   0.000000E+000
   0.000000E+000
   0.000000E+000
   0.000000E+000
   0.000000E+000
   0.000000E+000
   0.000000E+000
   0.000000E+000
   0.000000E+000
   0.000000E+000
   0.000000E+000
   0.000000E+000
   0.000000E+000
   0.000000E+000
   0.000000E+000
   0.000000E+000
   0.000000E+000
   0.000000E+000
   0.000000E+000
   0.000000E+000
   0.000000E+000
   0.000000E+000
   0.000000E+000
   0.000000E+000
   0.000000E+000
   0.000000E+000
   0.000000E+000
   0.000000E+000
   0.000000E+000
   0.000000E+000
   0.000000E+000
   0.000000E+000
   0.000000E+000
   0.000000E+000
   0.000000E+000
   0.000000E+000
   0.000000E+000
   0.000000E+000
   0.000000E+000
   0.000000E+000
   0.000000E+000
   0.000000E+000
   0.000000E+000
   0.000000E+000
   0.000000E+000
   0.000000E+000
   0.000000E+000
   0.000000E+000
   0.000000E+000
   0.000000E+000
   0.000000E+000
   0.000000E+000
   0.000000E+000
   0.000000E+000
   0.000000E+000
   0.000000E+000
   0.000000E+000
   0.000000E+000
   0.000000E+000
   0.000000E+000
   0.000000E+000
   0.000000E+000
   0.000000E+000
   0.000000E+000
   0.000000E+000
   0.000000E+000
   0.000000E+000
   0.000000E+000
   0.000000E+000
   0.000000E+000
   0.000000E+000
   0.000000E+000
   0.000000E+000
   0.000000E+000
   0.000000E+000
   0.000000E+000
   0.000000E+000
   0.000000E+000
   0.000000E+000
   0.000000E+000
   0.000000E+000
   0.000000E+000
   0.000000E+000
   0.000000E+000
   0.000000E+000
   0.000000E+000
   0.000000E+000
   0.000000E+000
   0.000000E+000
   0.000000E+000
   0.000000E+000
   0.000000E+000
   0.000000E+000
   0.000000E+000
   0.000000E+000
   0.000000E+000
   0.000000E+000
   0.000000E+000
   0.000000E+000
   0.000000E+000
   0.000000E+000
   0.000000E+000
   0.000000E+000
   0.000000E+000
   0.000000E+000
   0.000000E+000
   0.000000E+000
   0.000000E+000
   0.000000E+000
   0.000000E+000
   0.000000E+000
   0.000000E+000
   0.000000E+000
   0.000000E+000
   0.000000E+000
   0.000000E+000
   0.000000E+000
   0.000000E+000
   0.000000E+000
   0.000000E+000
   0.000000E+000
   0.000000E+000
   0.000000E+000
   0.000000E+000
   0.000000E+000
   0.000000E+000
   0.000000E+000
   0.000000E+000
   0.000000E+000
   0.000000E+000
   0.000000E+000
   0.000000E+000
   0.000000E+000
   0.000000E+000
   0.000000E+000
   0.000000E+000
   0.000000E+000
   0.000000E+000
   0.000000E+000
   0.000000E+000
   0.000000E+000
   0.000000E+000
   0.000000E+000
   0.000000E+000
   0.000000E+000
   0.000000E+000
   0.000000E+000
   0.000000E+000
   0.000000E+000
   0.000000E+000
   0.000000E+000
   0.000000E+000
   0.000000E+000
   0.000000E+000
   0.000000E+000
   0.000000E+000
   0.000000E+000
   0.000000E+000
   0.000000E+000
   0.000000E+000
   0.000000E+000
   0.000000E+000
   0.000000E+000
   0.000000E+000
   0.000000E+000
   0.000000E+000
   0.000000E+000
   0.000000E+000
   0.000000E+000
   0.000000E+000
   0.000000E+000
   0.000000E+000
   0.000000E+000
   0.000000E+000
   0.000000E+000
   0.000000E+000
   0.000000E+000
   0.000000E+000
   0.000000E+000
   0.000000E+000
   0.000000E+000
   0.000000E+000
   0.000000E+000
   0.000000E+000
   0.000000E+000
   0.000000E+000
   0.000000E+000
   0.000000E+000
   0.000000E+000
   0.000000E+000
   0.000000E+000
   0.000000E+000
   0.000000E+000
   0.000000E+000
   0.000000E+000
   0.000000E+000
   0.000000E+000
   0.000000E+000
   0.000000E+000
   0.000000E+000
   0.000000E+000
   0.000000E+000
   0.000000E+000
   0.000000E+000
   0.000000E+000
   0.000000E+000
   0.000000E+000
   0.000000E+000
   0.000000E+000
   0.000000E+000
   0.000000E+000
   0.000000E+000
   0.000000E+000
   0.000000E+000
   0.000000E+000
   0.000000E+000
   0.000000E+000
   0.000000E+000
   0.000000E+000
   0.000000E+000
   0.000000E+000
   0.000000E+000
   0.000000E+000
   0.000000E+000
   0.000000E+000
   0.000000E+000
   0.000000E+000
   0.000000E+000
   0.000000E+000
   0.000000E+000
   0.000000E+000
   0.000000E+000
   0.000000E+000
   0.000000E+000
   0.000000E+000
   0.000000E+000
   0.000000E+000
   0.000000E+000
   0.000000E+000
   0.000000E+000
   0.000000E+000
   0.000000E+000
   0.000000E+000
   0.000000E+000
   0.000000E+000
   0.000000E+000
   0.000000E+000
   0.000000E+000
   0.000000E+000
   0.000000E+000
   0.000000E+000
   0.000000E+000
   0.000000E+000
   0.000000E+000
   0.000000E+000
   0.000000E+000
   0.000000E+000
   0.000000E+000
   0.000000E+000
   0.000000E+000
   0.000000E+000
   0.000000E+000
   0.000000E+000
   0.000000E+000
   0.000000E+000
   0.000000E+000
   0.000000E+000
   0.000000E+000
   0.000000E+000
   0.000000E+000
   0.000000E+000
   0.000000E+000
   0.000000E+000
   0.000000E+000
   0.000000E+000
   0.000000E+000
   0.000000E+000
   0.000000E+000
   0.000000E+000
   0.000000E+000
   0.000000E+000
   0.000000E+000
   0.000000E+000
   0.000000E+000
   0.000000E+000
   0.000000E+000
   0.000000E+000
   0.000000E+000
   0.000000E+000
   0.000000E+000
   0.000000E+000
   0.000000E+000
   0.000000E+000
   0.000000E+000
   0.000000E+000
   0.000000E+000
   0.000000E+000
   0.000000E+000
   0.000000E+000
   0.000000E+000
   0.000000E+000
   0.000000E+000
   0.000000E+000
   0.000000E+000
   0.000000E+000
   0.000000E+000
   0.000000E+000
   0.000000E+000
   0.000000E+000
   0.000000E+000
   0.000000E+000
   0.000000E+000
   0.000000E+000
   0.000000E+000
   0.000000E+000
   0.000000E+000
   0.000000E+000
   0.000000E+000
   0.000000E+000
   0.000000E+000
   0.000000E+000
   0.000000E+000
   0.000000E+000
   0.000000E+000
   0.000000E+000
   0.000000E+000
   0.000000E+000
   0.000000E+000
   0.000000E+000
   0.000000E+000
   0.000000E+000
   0.000000E+000
   0.000000E+000
   0.000000E+000
   0.000000E+000
   0.000000E+000
   0.000000E+000
   0.000000E+000
   0.000000E+000
   0.000000E+000
   0.000000E+000
   0.000000E+000
   0.000000E+000
   0.000000E+000
   0.000000E+000
   0.000000E+000
   0.000000E+000
   0.000000E+000
   0.000000E+000
   0.000000E+000
   0.000000E+000
   0.000000E+000
   0.000000E+000
   0.000000E+000
   0.000000E+000
   0.000000E+000
   0.000000E+000
   0.000000E+000
   0.000000E+000
   0.000000E+000
   0.000000E+000
   0.000000E+000
   0.000000E+000
   0.000000E+000
   0.000000E+000
   0.000000E+000
   0.000000E+000
   0.000000E+000
   0.000000E+000
   0.000000E+000
   0.000000E+000
   0.000000E+000
   0.000000E+000
   0.000000E+000
   0.000000E+000
   0.000000E+000
   0.000000E+000
   0.000000E+000
   0.000000E+000
   0.000000E+000
   0.000000E+000
   0.000000E+000
   0.000000E+000
   0.000000E+000
   0.000000E+000
   0.000000E+000
   0.000000E+000
   0.000000E+000
   0.000000E+000
   0.000000E+000
   0.000000E+000
   0.000000E+000
   0.000000E+000
   0.000000E+000
   0.000000E+000
   0.000000E+000
   0.000000E+000
   0.000000E+000
   0.000000E+000
   0.000000E+000
   0.000000E+000
   0.000000E+000
   0.000000E+000
   0.000000E+000
   0.000000E+000
   0.000000E+000
   0.000000E+000
   0.000000E+000
   0.000000E+000
   0.000000E+000
   0.000000E+000
   0.000000E+000
   0.000000E+000
   0.000000E+000
   0.000000E+000
   0.000000E+000
   0.000000E+000
   0.000000E+000
   0.000000E+000
   0.000000E+000
   0.000000E+000
   0.000000E+000
   0.000000E+000
   0.000000E+000
   0.000000E+000
   0.000000E+000
   0.000000E+000
   0.000000E+000
   0.000000E+000
   0.000000E+000
   0.000000E+000
   0.000000E+000
   0.000000E+000
   0.000000E+000
   0.000000E+000
   0.000000E+000
   0.000000E+000
   0.000000E+000
   0.000000E+000
   0.000000E+000
   0.000000E+000
   0.000000E+000
   0.000000E+000
   0.000000E+000
   0.000000E+000
   0.000000E+000
   0.000000E+000
   0.000000E+000
   0.000000E+000
   0.000000E+000
   0.000000E+000
   0.000000E+000
   0.000000E+000
   0.000000E+000
   0.000000E+000
   0.000000E+000
   0.000000E+000
   0.000000E+000
   0.000000E+000
   0.000000E+000
   0.000000E+000
   0.000000E+000
   0.000000E+000
   0.000000E+000
   0.000000E+000
   0.000000E+000
   0.000000E+000
   0.000000E+000
   0.000000E+000
   0.000000E+000
   0.000000E+000
   0.000000E+000
   0.000000E+000
   0.000000E+000
   0.000000E+000
   0.000000E+000
   0.000000E+000
   0.000000E+000
   0.000000E+000
   0.000000E+000
   0.000000E+000
   0.000000E+000
   0.000000E+000
   0.000000E+000
   0.000000E+000
   0.000000E+000
   0.000000E+000
   0.000000E+000
   0.000000E+000
   0.000000E+000
   0.000000E+000
   0.000000E+000
   0.000000E+000
   0.000000E+000
   0.000000E+000
   0.000000E+000
   0.000000E+000
   0.000000E+000
   0.000000E+000
   0.000000E+000
   0.000000E+000
   0.000000E+000
   0.000000E+000
   0.000000E+000
   0.000000E+000
   0.000000E+000
   0.000000E+000
   0.000000E+000
   0.000000E+000
   0.000000E+000
   0.000000E+000
   0.000000E+000
   0.000000E+000
   0.000000E+000
   0.000000E+000
   0.000000E+000
   0.000000E+000
   0.000000E+000
   0.000000E+000
   0.000000E+000
   0.000000E+000
   0.000000E+000
   0.000000E+000
   0.000000E+000
   0.000000E+000
   0.000000E+000
   0.000000E+000
   0.000000E+000
   0.000000E+000
   0.000000E+000
   0.000000E+000
   0.000000E+000
   0.000000E+000
   0.000000E+000
   0.000000E+000
   0.000000E+000
   0.000000E+000
   0.000000E+000
   0.000000E+000
   0.000000E+000
   0.000000E+000
   0.000000E+000
   0.000000E+000
   0.000000E+000
   0.000000E+000
   0.000000E+000
   0.000000E+000
   0.000000E+000
   0.000000E+000
   0.000000E+000
   0.000000E+000
   0.000000E+000
   0.000000E+000
   0.000000E+000
   0.000000E+000
   0.000000E+000
   0.000000E+000
   0.000000E+000
   0.000000E+000
   0.000000E+000
   0.000000E+000
   0.000000E+000
   0.000000E+000
   0.000000E+000
   0.000000E+000
   0.000000E+000
   0.000000E+000
   0.000000E+000
   0.000000E+000
   0.000000E+000
   0.000000E+000
   0.000000E+000
   0.000000E+000
   0.000000E+000
   0.000000E+000
   0.000000E+000
   0.000000E+000
   0.000000E+000
   0.000000E+000
   0.000000E+000
   0.000000E+000
   0.000000E+000
   0.000000E+000
   0.000000E+000
   0.000000E+000
   0.000000E+000
   0.000000E+000
   0.000000E+000
   0.000000E+000
   0.000000E+000
   0.000000E+000
   0.000000E+000
   0.000000E+000
   0.000000E+000
   0.000000E+000
   0.000000E+000
   0.000000E+000
   0.000000E+000
   0.000000E+000
   0.000000E+000
   0.000000E+000
   0.000000E+000
   0.000000E+000
   0.000000E+000
   0.000000E+000
   0.000000E+000
   0.000000E+000
   0.000000E+000
   0.000000E+000
   0.000000E+000
   0.000000E+000
   0.000000E+000
   0.000000E+000
   0.000000E+000
   0.000000E+000
   0.000000E+000
   0.000000E+000
   0.000000E+000
   0.000000E+000
   0.000000E+000
   0.000000E+000
   0.000000E+000
   0.000000E+000
   0.000000E+000
   0.000000E+000
   0.000000E+000
   0.000000E+000
   0.000000E+000
   0.000000E+000
   0.000000E+000
   0.000000E+000
   0.000000E+000
   0.000000E+000
   0.000000E+000
   0.000000E+000
   0.000000E+000
   0.000000E+000
   0.000000E+000
   0.000000E+000
   0.000000E+000
   0.000000E+000
   0.000000E+000
   0.000000E+000
   0.000000E+000
   0.000000E+000
   0.000000E+000
   0.000000E+000
   0.000000E+000
   0.000000E+000
   0.000000E+000
   0.000000E+000
   0.000000E+000
   0.000000E+000
   0.000000E+000
   0.000000E+000
   0.000000E+000
   0.000000E+000
   0.000000E+000
   0.000000E+000
   0.000000E+000
   0.000000E+000
   0.000000E+000
   0.000000E+000
   0.000000E+000
   0.000000E+000
   0.000000E+000
   0.000000E+000
   0.000000E+000
   0.000000E+000
   0.000000E+000
   0.000000E+000
   0.000000E+000
   0.000000E+000
   0.000000E+000
   0.000000E+000
   0.000000E+000
   0.000000E+000
   0.000000E+000
   0.000000E+000
   0.000000E+000
   0.000000E+000
   0.000000E+000
   0.000000E+000
   0.000000E+000
   0.000000E+000
   0.000000E+000
   0.000000E+000
   0.000000E+000
   0.000000E+000
   0.000000E+000
   0.000000E+000
   0.000000E+000
   0.000000E+000
   0.000000E+000
   0.000000E+000
   0.000000E+000
   0.000000E+000
   0.000000E+000
   0.000000E+000
   0.000000E+000
   0.000000E+000
   0.000000E+000
   0.000000E+000
   0.000000E+000
   0.000000E+000
   0.000000E+000
   0.000000E+000
   0.000000E+000
   0.000000E+000
   0.000000E+000
   0.000000E+000
   0.000000E+000
   0.000000E+000
   0.000000E+000
   0.000000E+000
   0.000000E+000
   0.000000E+000
   0.000000E+000
   0.000000E+000
   0.000000E+000
   0.000000E+000
   0.000000E+000
   0.000000E+000
   0.000000E+000
   0.000000E+000
   0.000000E+000
   0.000000E+000
   0.000000E+000
   0.000000E+000
   0.000000E+000
   0.000000E+000
   0.000000E+000
   0.000000E+000
   0.000000E+000
   0.000000E+000
   0.000000E+000
   0.000000E+000
   0.000000E+000
   0.000000E+000
   0.000000E+000
   0.000000E+000
   0.000000E+000
   0.000000E+000
   0.000000E+000
   0.000000E+000
   0.000000E+000
   0.000000E+000
   0.000000E+000
   0.000000E+000
   0.000000E+000
   0.000000E+000
   0.000000E+000
   0.000000E+000
   0.000000E+000
   0.000000E+000
   0.000000E+000
   0.000000E+000
   0.000000E+000
   0.000000E+000
   0.000000E+000
   0.000000E+000
   0.000000E+000
   0.000000E+000
   0.000000E+000
   0.000000E+000
   0.000000E+000
   0.000000E+000
   0.000000E+000
   0.000000E+000
   0.000000E+000
   0.000000E+000
   0.000000E+000
   0.000000E+000
   0.000000E+000
   0.000000E+000
   0.000000E+000
   0.000000E+000
   0.000000E+000
   0.000000E+000
   0.000000E+000
   0.000000E+000
   0.000000E+000
   0.000000E+000
   0.000000E+000
   0.000000E+000
   0.000000E+000
   0.000000E+000
   0.000000E+000
   0.000000E+000
   0.000000E+000
   0.000000E+000
   0.000000E+000
   0.000000E+000
   0.000000E+000
   0.000000E+000
   0.000000E+000
   0.000000E+000
   0.000000E+000
   0.000000E+000
   0.000000E+000
   0.000000E+000
   0.000000E+000
   0.000000E+000
   0.000000E+000
   0.000000E+000
   0.000000E+000
   0.000000E+000
   0.000000E+000
   0.000000E+000
   0.000000E+000
   0.000000E+000
   0.000000E+000
   0.000000E+000
   0.000000E+000
   0.000000E+000
   0.000000E+000
   0.000000E+000
   0.000000E+000
   0.000000E+000
   0.000000E+000
   0.000000E+000
   0.000000E+000
   0.000000E+000
   0.000000E+000
   0.000000E+000
   0.000000E+000
   0.000000E+000
   0.000000E+000
   0.000000E+000
   0.000000E+000
   0.000000E+000
   0.000000E+000
   0.000000E+000
   0.000000E+000
   0.000000E+000
   0.000000E+000
   0.000000E+000
   0.000000E+000
   0.000000E+000
   0.000000E+000
   0.000000E+000
   0.000000E+000
   0.000000E+000
   0.000000E+000
   0.000000E+000
   0.000000E+000
   0.000000E+000
   0.000000E+000
   0.000000E+000
   0.000000E+000
   0.000000E+000
   0.000000E+000
   0.000000E+000
   0.000000E+000
   0.000000E+000
   0.000000E+000
   0.000000E+000
   0.000000E+000
   0.000000E+000
   0.000000E+000
   0.000000E+000
   0.000000E+000
   0.000000E+000
   0.000000E+000
   0.000000E+000
   0.000000E+000
   0.000000E+000
   0.000000E+000
   0.000000E+000
   0.000000E+000
   0.000000E+000
   0.000000E+000
   0.000000E+000
   0.000000E+000
   0.000000E+000
   0.000000E+000
   0.000000E+000
   0.000000E+000
   0.000000E+000
   0.000000E+000
   0.000000E+000
   0.000000E+000
   0.000000E+000
   0.000000E+000
   0.000000E+000
   0.000000E+000
   0.000000E+000
   0.000000E+000
   0.000000E+000
   0.000000E+000
   0.000000E+000
   0.000000E+000
   0.000000E+000
   0.000000E+000
   0.000000E+000
   0.000000E+000
   0.000000E+000
   0.000000E+000
   0.000000E+000
   0.000000E+000
   0.000000E+000
   0.000000E+000
   0.000000E+000
   0.000000E+000
   0.000000E+000
   0.000000E+000
   0.000000E+000
   0.000000E+000
   0.000000E+000
   0.000000E+000
   0.000000E+000
   0.000000E+000
   0.000000E+000
   0.000000E+000
   0.000000E+000
   0.000000E+000
   0.000000E+000
   0.000000E+000
   0.000000E+000
   0.000000E+000
   0.000000E+000
   0.000000E+000
   0.000000E+000
   0.000000E+000
   0.000000E+000
   0.000000E+000
   0.000000E+000
   0.000000E+000
   0.000000E+000
   0.000000E+000
   0.000000E+000
   0.000000E+000
   0.000000E+000
   0.000000E+000
   0.000000E+000
   0.000000E+000
   0.000000E+000
   0.000000E+000
   0.000000E+000
   0.000000E+000
   0.000000E+000
   0.000000E+000
   0.000000E+000
   0.000000E+000
   0.000000E+000
   0.000000E+000
   0.000000E+000
   0.000000E+000
   0.000000E+000
   0.000000E+000
   0.000000E+000
   0.000000E+000
   0.000000E+000
   0.000000E+000
   0.000000E+000
   0.000000E+000
   0.000000E+000
   0.000000E+000
   0.000000E+000
   0.000000E+000
   0.000000E+000
   0.000000E+000
   0.000000E+000
   0.000000E+000
   0.000000E+000
   0.000000E+000
   0.000000E+000
   0.000000E+000
   0.000000E+000
   0.000000E+000
   0.000000E+000
   0.000000E+000
   0.000000E+000
   0.000000E+000
   0.000000E+000
   0.000000E+000
   0.000000E+000
   0.000000E+000
   0.000000E+000
   0.000000E+000
   0.000000E+000
   0.000000E+000
   0.000000E+000
   0.000000E+000
   0.000000E+000
   0.000000E+000
   0.000000E+000
   0.000000E+000
   0.000000E+000
   0.000000E+000
   0.000000E+000
   0.000000E+000
   0.000000E+000
   0.000000E+000
   0.000000E+000
   0.000000E+000
   0.000000E+000
   0.000000E+000
   0.000000E+000
   0.000000E+000
   0.000000E+000
   0.000000E+000
   0.000000E+000
   0.000000E+000
   0.000000E+000
   0.000000E+000
   0.000000E+000
   0.000000E+000
   0.000000E+000
   0.000000E+000
   0.000000E+000
   0.000000E+000
   0.000000E+000
   0.000000E+000
   0.000000E+000
   0.000000E+000
   0.000000E+000
   0.000000E+000
   0.000000E+000
   0.000000E+000
   0.000000E+000
   0.000000E+000
   0.000000E+000
   0.000000E+000
   0.000000E+000
   0.000000E+000
   0.000000E+000
   0.000000E+000
   0.000000E+000
   0.000000E+000
   0.000000E+000
   0.000000E+000
   0.000000E+000
   0.000000E+000
   0.000000E+000
   0.000000E+000
   0.000000E+000
   0.000000E+000
   0.000000E+000
   0.000000E+000
   0.000000E+000
   0.000000E+000
   0.000000E+000
   0.000000E+000
   0.000000E+000
   0.000000E+000
   0.000000E+000
   0.000000E+000
   0.000000E+000
   0.000000E+000
   0.000000E+000
   0.000000E+000
   0.000000E+000
   0.000000E+000
   0.000000E+000
   0.000000E+000
   0.000000E+000
   0.000000E+000
   0.000000E+000
   0.000000E+000
   0.000000E+000
   0.000000E+000
   0.000000E+000
   0.000000E+000
   0.000000E+000
   0.000000E+000
   0.000000E+000
   0.000000E+000
   0.000000E+000
   0.000000E+000
   0.000000E+000
   0.000000E+000
   0.000000E+000
   0.000000E+000
   0.000000E+000
   0.000000E+000
   0.000000E+000
   0.000000E+000
   0.000000E+000
   0.000000E+000
   0.000000E+000
   0.000000E+000
   0.000000E+000
   0.000000E+000
   0.000000E+000
   0.000000E+000
   0.000000E+000
   0.000000E+000
   0.000000E+000
   0.000000E+000
   0.000000E+000
   0.000000E+000
   0.000000E+000
   0.000000E+000
   0.000000E+000
   0.000000E+000
   0.000000E+000
   0.000000E+000
   0.000000E+000
   0.000000E+000
   0.000000E+000
   0.000000E+000
   0.000000E+000
   0.000000E+000
   0.000000E+000
   0.000000E+000
   0.000000E+000
   0.000000E+000
   0.000000E+000
   0.000000E+000
   0.000000E+000
   0.000000E+000
   0.000000E+000
   0.000000E+000
   0.000000E+000
   0.000000E+000
   0.000000E+000
   0.000000E+000
   0.000000E+000
   0.000000E+000
   0.000000E+000
   0.000000E+000
   0.000000E+000
   0.000000E+000
   0.000000E+000
   0.000000E+000
   0.000000E+000
   0.000000E+000
   0.000000E+000
   0.000000E+000
   0.000000E+000
   0.000000E+000
   0.000000E+000
   0.000000E+000
   0.000000E+000
   0.000000E+000
   0.000000E+000
   0.000000E+000
   0.000000E+000
   0.000000E+000
   0.000000E+000
   0.000000E+000
   0.000000E+000
   0.000000E+000
   0.000000E+000
   0.000000E+000
   0.000000E+000
   0.000000E+000
   0.000000E+000
   0.000000E+000
   0.000000E+000
   0.000000E+000
   0.000000E+000
   0.000000E+000
   0.000000E+000
   0.000000E+000
   0.000000E+000
   0.000000E+000
   0.000000E+000
   0.000000E+000
   0.000000E+000
   0.000000E+000
   0.000000E+000
   0.000000E+000
   0.000000E+000
   0.000000E+000
   0.000000E+000
   0.000000E+000
   0.000000E+000
   0.000000E+000
   0.000000E+000
   0.000000E+000
   0.000000E+000
   0.000000E+000
   0.000000E+000
   0.000000E+000
   0.000000E+000
   0.000000E+000
   0.000000E+000
   0.000000E+000
   0.000000E+000
   0.000000E+000
   0.000000E+000
   0.000000E+000
   0.000000E+000
   0.000000E+000
   0.000000E+000
   0.000000E+000
   0.000000E+000
   0.000000E+000
   0.000000E+000
   0.000000E+000
   0.000000E+000
   0.000000E+000
   0.000000E+000
   0.000000E+000
   0.000000E+000
   0.000000E+000
   0.000000E+000
   0.000000E+000
   0.000000E+000
   0.000000E+000
   0.000000E+000
   0.000000E+000
   0.000000E+000
   0.000000E+000
   0.000000E+000
   0.000000E+000
   0.000000E+000
   0.000000E+000
   0.000000E+000
   0.000000E+000
   0.000000E+000
   0.000000E+000
   0.000000E+000
   0.000000E+000
   0.000000E+000
   0.000000E+000
   0.000000E+000
   0.000000E+000
   0.000000E+000
   0.000000E+000
   0.000000E+000
   0.000000E+000
   0.000000E+000
   0.000000E+000
   0.000000E+000
   0.000000E+000
   0.000000E+000
   0.000000E+000
   0.000000E+000
   0.000000E+000
   0.000000E+000
   0.000000E+000
   0.000000E+000
   0.000000E+000
   0.000000E+000
   0.000000E+000
   0.000000E+000
   0.000000E+000
   0.000000E+000
   0.000000E+000
   0.000000E+000
   0.000000E+000
   0.000000E+000
   0.000000E+000
   0.000000E+000
   0.000000E+000
   0.000000E+000
   0.000000E+000
   0.000000E+000
   0.000000E+000
   0.000000E+000
   0.000000E+000
   0.000000E+000
   0.000000E+000
   0.000000E+000
   0.000000E+000
   0.000000E+000
   0.000000E+000
   0.000000E+000
   0.000000E+000
   0.000000E+000
   0.000000E+000
   0.000000E+000
   0.000000E+000
   0.000000E+000
   0.000000E+000
   0.000000E+000
   0.000000E+000
   0.000000E+000
   0.000000E+000
   0.000000E+000
   0.000000E+000
   0.000000E+000
   0.000000E+000
   0.000000E+000
   0.000000E+000
   0.000000E+000
   0.000000E+000
   0.000000E+000
   0.000000E+000
   0.000000E+000
   0.000000E+000
   0.000000E+000
   0.000000E+000
   0.000000E+000
   0.000000E+000
   0.000000E+000
   0.000000E+000
   0.000000E+000
   0.000000E+000
   0.000000E+000
   0.000000E+000
   0.000000E+000
   0.000000E+000
   0.000000E+000
   0.000000E+000
   0.000000E+000
   0.000000E+000
   0.000000E+000
   0.000000E+000
   0.000000E+000
   0.000000E+000
   0.000000E+000
   0.000000E+000
   0.000000E+000
   0.000000E+000
   0.000000E+000
   0.000000E+000
   0.000000E+000
   0.000000E+000
   0.000000E+000
   0.000000E+000
   0.000000E+000
   0.000000E+000
   0.000000E+000
   0.000000E+000
   0.000000E+000
   0.000000E+000
   0.000000E+000
   0.000000E+000
   0.000000E+000
   0.000000E+000
   0.000000E+000
   0.000000E+000
   0.000000E+000
   0.000000E+000
   0.000000E+000
   0.000000E+000
   0.000000E+000
   0.000000E+000
   0.000000E+000
   0.000000E+000
   0.000000E+000
   0.000000E+000
   0.000000E+000
   0.000000E+000
   0.000000E+000
   0.000000E+000
   0.000000E+000
   0.000000E+000
   0.000000E+000
   0.000000E+000
   0.000000E+000
   0.000000E+000
   0.000000E+000
   0.000000E+000
   0.000000E+000
   0.000000E+000
   0.000000E+000
   0.000000E+000
   0.000000E+000
   0.000000E+000
   0.000000E+000
   0.000000E+000
   0.000000E+000
   0.000000E+000
   0.000000E+000
   0.000000E+000
   0.000000E+000
   0.000000E+000
   0.000000E+000
   0.000000E+000
   0.000000E+000
   0.000000E+000
   0.000000E+000
   0.000000E+000
   0.000000E+000
   0.000000E+000
   0.000000E+000
   0.000000E+000
   0.000000E+000
   0.000000E+000
   0.000000E+000
   0.000000E+000
   0.000000E+000
   0.000000E+000
   0.000000E+000
   0.000000E+000
   0.000000E+000
   0.000000E+000
   0.000000E+000
   0.000000E+000
   0.000000E+000
   0.000000E+000
   0.000000E+000
   0.000000E+000
   0.000000E+000
   0.000000E+000
   0.000000E+000
   0.000000E+000
   0.000000E+000
   0.000000E+000
   0.000000E+000
   0.000000E+000
   0.000000E+000
   0.000000E+000
   0.000000E+000
   0.000000E+000
   0.000000E+000
   0.000000E+000
   0.000000E+000
   0.000000E+000
   0.000000E+000
   0.000000E+000
   0.000000E+000
   0.000000E+000
   0.000000E+000
   0.000000E+000
   0.000000E+000
   0.000000E+000
   0.000000E+000
   0.000000E+000
   0.000000E+000
   0.000000E+000
   0.000000E+000
   0.000000E+000
   0.000000E+000
   0.000000E+000
   0.000000E+000
   0.000000E+000
   0.000000E+000
   0.000000E+000
   0.000000E+000
   0.000000E+000
   0.000000E+000
   0.000000E+000
   0.000000E+000
   0.000000E+000
   0.000000E+000
   0.000000E+000
   0.000000E+000
   0.000000E+000
   0.000000E+000
   0.000000E+000
   0.000000E+000
   0.000000E+000
   0.000000E+000
   0.000000E+000
   0.000000E+000
   0.000000E+000
   0.000000E+000
   0.000000E+000
   0.000000E+000
   0.000000E+000
   0.000000E+000
   0.000000E+000
   0.000000E+000
   0.000000E+000
   0.000000E+000
   0.000000E+000
   0.000000E+000
   0.000000E+000
   0.000000E+000
   0.000000E+000
   0.000000E+000
   0.000000E+000
   0.000000E+000
   0.000000E+000
   0.000000E+000
   0.000000E+000
   0.000000E+000
   0.000000E+000
   0.000000E+000
   0.000000E+000
   0.000000E+000
   0.000000E+000
   0.000000E+000
   0.000000E+000
   0.000000E+000
   0.000000E+000
   0.000000E+000
   0.000000E+000
   0.000000E+000
   0.000000E+000
   0.000000E+000
   0.000000E+000
   0.000000E+000
   0.000000E+000
   0.000000E+000
   0.000000E+000
   0.000000E+000
   0.000000E+000
   0.000000E+000
   0.000000E+000
   0.000000E+000
   0.000000E+000
   0.000000E+000
   0.000000E+000
   0.000000E+000
   0.000000E+000
   0.000000E+000
   0.000000E+000
   0.000000E+000
   0.000000E+000
   0.000000E+000
   0.000000E+000
   0.000000E+000
   0.000000E+000
   0.000000E+000
   0.000000E+000
   0.000000E+000
   0.000000E+000
   0.000000E+000
   0.000000E+000
   0.000000E+000
   0.000000E+000
   0.000000E+000
   0.000000E+000
   0.000000E+000
   0.000000E+000
   0.000000E+000
   0.000000E+000
   0.000000E+000
   0.000000E+000
   0.000000E+000
   0.000000E+000
   0.000000E+000
   0.000000E+000
   0.000000E+000
   0.000000E+000
   0.000000E+000
   0.000000E+000
   0.000000E+000
   0.000000E+000
   0.000000E+000
   0.000000E+000
   0.000000E+000
   0.000000E+000
   0.000000E+000
   0.000000E+000
   0.000000E+000
   0.000000E+000
   0.000000E+000
   0.000000E+000
   0.000000E+000
   0.000000E+000
   0.000000E+000
   0.000000E+000
   0.000000E+000
   0.000000E+000
   0.000000E+000
   0.000000E+000
   0.000000E+000
   0.000000E+000
   0.000000E+000
   0.000000E+000
   0.000000E+000
   0.000000E+000
   0.000000E+000
   0.000000E+000
   0.000000E+000
   0.000000E+000
   0.000000E+000
   0.000000E+000
   0.000000E+000
   0.000000E+000
   0.000000E+000
   0.000000E+000
   0.000000E+000
   0.000000E+000
   0.000000E+000
   0.000000E+000
   0.000000E+000
   0.000000E+000
   0.000000E+000
   0.000000E+000
   0.000000E+000
   0.000000E+000
   0.000000E+000
   0.000000E+000
   0.000000E+000
   0.000000E+000
   0.000000E+000
   0.000000E+000
   0.000000E+000
   0.000000E+000
   0.000000E+000
   0.000000E+000
   0.000000E+000
   0.000000E+000
   0.000000E+000
   0.000000E+000
   0.000000E+000
   0.000000E+000
   0.000000E+000
   0.000000E+000
   0.000000E+000
   0.000000E+000
   0.000000E+000
   0.000000E+000
   0.000000E+000
   0.000000E+000
   0.000000E+000
   0.000000E+000
   0.000000E+000
   0.000000E+000
   0.000000E+000
   0.000000E+000
   0.000000E+000
   0.000000E+000
   0.000000E+000
   0.000000E+000
   0.000000E+000
   0.000000E+000
   0.000000E+000
   0.000000E+000
   0.000000E+000
   0.000000E+000
   0.000000E+000
   0.000000E+000
   0.000000E+000
   0.000000E+000
   0.000000E+000
   0.000000E+000
   0.000000E+000
   0.000000E+000
   0.000000E+000
   0.000000E+000
   0.000000E+000
   0.000000E+000
   0.000000E+000
   0.000000E+000
   0.000000E+000
   0.000000E+000
   0.000000E+000
   0.000000E+000
   0.000000E+000
   0.000000E+000
   0.000000E+000
   0.000000E+000
   0.000000E+000
   0.000000E+000
   0.000000E+000
   0.000000E+000
   0.000000E+000
   0.000000E+000
   0.000000E+000
   0.000000E+000
   0.000000E+000
   0.000000E+000
   0.000000E+000
   0.000000E+000
   0.000000E+000
   0.000000E+000
   0.000000E+000
   0.000000E+000
   0.000000E+000
   0.000000E+000
   0.000000E+000
   0.000000E+000
   0.000000E+000
   0.000000E+000
   0.000000E+000
   0.000000E+000
   0.000000E+000
   0.000000E+000
   0.000000E+000
   0.000000E+000
   0.000000E+000
   0.000000E+000
   0.000000E+000
   0.000000E+000
   0.000000E+000
   0.000000E+000
   0.000000E+000
   0.000000E+000
   0.000000E+000
   0.000000E+000
   0.000000E+000
   0.000000E+000
   0.000000E+000
   0.000000E+000
   0.000000E+000
   0.000000E+000
   0.000000E+000
   0.000000E+000
   0.000000E+000
   0.000000E+000
   0.000000E+000
   0.000000E+000
   0.000000E+000
   0.000000E+000
   0.000000E+000
   0.000000E+000
   0.000000E+000
   0.000000E+000
   0.000000E+000
   0.000000E+000
   0.000000E+000
   0.000000E+000
   0.000000E+000
   0.000000E+000
   0.000000E+000
   0.000000E+000
   0.000000E+000
   0.000000E+000
   0.000000E+000
   0.000000E+000
   0.000000E+000
   0.000000E+000
   0.000000E+000
   0.000000E+000
   0.000000E+000
   0.000000E+000
   0.000000E+000
   0.000000E+000
   0.000000E+000
   0.000000E+000
   0.000000E+000
   0.000000E+000
   0.000000E+000
   0.000000E+000
   0.000000E+000
   0.000000E+000
   0.000000E+000
   0.000000E+000
   0.000000E+000
   0.000000E+000
   0.000000E+000
   0.000000E+000
   0.000000E+000
   0.000000E+000
   0.000000E+000
   0.000000E+000
   0.000000E+000
   0.000000E+000
   0.000000E+000
   0.000000E+000
   0.000000E+000
   0.000000E+000
   0.000000E+000
   0.000000E+000
   0.000000E+000
   0.000000E+000
   0.000000E+000
   0.000000E+000
   0.000000E+000
   0.000000E+000
   0.000000E+000
   0.000000E+000
   0.000000E+000
   0.000000E+000
   0.000000E+000
   0.000000E+000
   0.000000E+000
   0.000000E+000
   0.000000E+000
   0.000000E+000
   0.000000E+000
   0.000000E+000
   0.000000E+000
   0.000000E+000
   0.000000E+000
   0.000000E+000
   0.000000E+000
   0.000000E+000
   0.000000E+000
   0.000000E+000
   0.000000E+000
   0.000000E+000
   0.000000E+000
   0.000000E+000
   0.000000E+000
   0.000000E+000
   0.000000E+000
   0.000000E+000
   0.000000E+000
   0.000000E+000
   0.000000E+000
   0.000000E+000
   0.000000E+000
   0.000000E+000
   0.000000E+000
   0.000000E+000
   0.000000E+000
   0.000000E+000
   0.000000E+000
   0.000000E+000
   0.000000E+000
   0.000000E+000
   0.000000E+000
   0.000000E+000
   0.000000E+000
   0.000000E+000
   0.000000E+000
   0.000000E+000
   0.000000E+000
   0.000000E+000
   0.000000E+000
   0.000000E+000
   0.000000E+000
   0.000000E+000
   0.000000E+000
   0.000000E+000
   0.000000E+000
   0.000000E+000
   0.000000E+000
   0.000000E+000
   0.000000E+000
   0.000000E+000
   0.000000E+000
   0.000000E+000
   0.000000E+000
   0.000000E+000
   0.000000E+000
   0.000000E+000
   0.000000E+000
   0.000000E+000
   0.000000E+000
   0.000000E+000
   0.000000E+000
   0.000000E+000
   0.000000E+000
   0.000000E+000
   0.000000E+000
   0.000000E+000
   0.000000E+000
   0.000000E+000
   0.000000E+000
   0.000000E+000
   0.000000E+000
   0.000000E+000
   0.000000E+000
   0.000000E+000
   0.000000E+000
   0.000000E+000
   0.000000E+000
   0.000000E+000
   0.000000E+000
   0.000000E+000
   0.000000E+000
   0.000000E+000
   0.000000E+000
   0.000000E+000
   0.000000E+000
   0.000000E+000
   0.000000E+000
   0.000000E+000
   0.000000E+000
   0.000000E+000
   0.000000E+000
   0.000000E+000
   0.000000E+000
   0.000000E+000
   0.000000E+000
   0.000000E+000
   0.000000E+000
   0.000000E+000
   0.000000E+000
   0.000000E+000
   0.000000E+000
   0.000000E+000
   0.000000E+000
   0.000000E+000
   0.000000E+000
   0.000000E+000
   0.000000E+000
   0.000000E+000
   0.000000E+000
   0.000000E+000
   0.000000E+000
   0.000000E+000
   0.000000E+000
   0.000000E+000
   0.000000E+000
   0.000000E+000
   0.000000E+000
   0.000000E+000
   0.000000E+000
   0.000000E+000
   0.000000E+000
   0.000000E+000
   0.000000E+000
   0.000000E+000
   0.000000E+000
   0.000000E+000
   0.000000E+000
   0.000000E+000
   0.000000E+000
   0.000000E+000
   0.000000E+000
   0.000000E+000
   0.000000E+000
   0.000000E+000
   0.000000E+000
   0.000000E+000
   0.000000E+000
   0.000000E+000
   0.000000E+000
   0.000000E+000
   0.000000E+000
   0.000000E+000
   0.000000E+000
   0.000000E+000
   0.000000E+000
   0.000000E+000
   0.000000E+000
   0.000000E+000
   0.000000E+000
   0.000000E+000
   0.000000E+000
   0.000000E+000
   0.000000E+000
   0.000000E+000
   0.000000E+000
   0.000000E+000
   0.000000E+000
   0.000000E+000
   0.000000E+000
   0.000000E+000
   0.000000E+000
   0.000000E+000
   0.000000E+000
   0.000000E+000
   0.000000E+000
   0.000000E+000
   0.000000E+000
   0.000000E+000
   0.000000E+000
   0.000000E+000
   0.000000E+000
   0.000000E+000
   0.000000E+000
   0.000000E+000
   0.000000E+000
   0.000000E+000
   0.000000E+000
   0.000000E+000
   0.000000E+000
   0.000000E+000
   0.000000E+000
   0.000000E+000
   0.000000E+000
   0.000000E+000
   0.000000E+000
   0.000000E+000
   0.000000E+000
   0.000000E+000
   0.000000E+000
   0.000000E+000
   0.000000E+000
   0.000000E+000
   0.000000E+000
   0.000000E+000
   0.000000E+000
   0.000000E+000
   0.000000E+000
   0.000000E+000
   0.000000E+000
   0.000000E+000
   0.000000E+000
   0.000000E+000
   0.000000E+000
   0.000000E+000
   0.000000E+000
   0.000000E+000
   0.000000E+000
   0.000000E+000
   0.000000E+000
   0.000000E+000
   0.000000E+000
   0.000000E+000
   0.000000E+000
   0.000000E+000
   0.000000E+000
   0.000000E+000
   0.000000E+000
   0.000000E+000
   0.000000E+000
   0.000000E+000
   0.000000E+000
   0.000000E+000
   0.000000E+000
   0.000000E+000
   0.000000E+000
   0.000000E+000
   0.000000E+000
   0.000000E+000
   0.000000E+000
   0.000000E+000
   0.000000E+000
   0.000000E+000
   0.000000E+000
   0.000000E+000
   0.000000E+000
   0.000000E+000
   0.000000E+000
   0.000000E+000
   0.000000E+000
   0.000000E+000
   0.000000E+000
   0.000000E+000
   0.000000E+000
   0.000000E+000
   0.000000E+000
   0.000000E+000
   0.000000E+000
   0.000000E+000
   0.000000E+000
   0.000000E+000
   0.000000E+000
   0.000000E+000
   0.000000E+000
   0.000000E+000
   0.000000E+000
   0.000000E+000
   0.000000E+000
   0.000000E+000
   0.000000E+000
   0.000000E+000
   0.000000E+000
   0.000000E+000
   0.000000E+000
   0.000000E+000
   0.000000E+000
   0.000000E+000
   0.000000E+000
   0.000000E+000
   0.000000E+000
   0.000000E+000
   0.000000E+000
   0.000000E+000
   0.000000E+000
   0.000000E+000
   0.000000E+000
   0.000000E+000
   0.000000E+000
   0.000000E+000
   0.000000E+000
   0.000000E+000
   0.000000E+000
   0.000000E+000
   0.000000E+000
   0.000000E+000
   0.000000E+000
   0.000000E+000
   0.000000E+000
   0.000000E+000
   0.000000E+000
   0.000000E+000
   0.000000E+000
   0.000000E+000
   0.000000E+000
   0.000000E+000
   0.000000E+000
   0.000000E+000
   0.000000E+000
   0.000000E+000
   0.000000E+000
   0.000000E+000
   0.000000E+000
   0.000000E+000
   0.000000E+000
   0.000000E+000
   0.000000E+000
   0.000000E+000
   0.000000E+000
   0.000000E+000
   0.000000E+000
   0.000000E+000
   0.000000E+000
   0.000000E+000
   0.000000E+000
   0.000000E+000
   0.000000E+000
   0.000000E+000
   0.000000E+000
   0.000000E+000
   0.000000E+000
   0.000000E+000
   0.000000E+000
   0.000000E+000
   0.000000E+000
   0.000000E+000
   0.000000E+000
   0.000000E+000
   0.000000E+000
   0.000000E+000
   0.000000E+000
   0.000000E+000
   0.000000E+000
   0.000000E+000
   0.000000E+000
   0.000000E+000
   0.000000E+000
   0.000000E+000
   0.000000E+000
   0.000000E+000
   0.000000E+000
   0.000000E+000
   0.000000E+000
   0.000000E+000
   0.000000E+000
   0.000000E+000
   0.000000E+000
   0.000000E+000
   0.000000E+000
   0.000000E+000
   0.000000E+000
   0.000000E+000
   0.000000E+000
   0.000000E+000
   0.000000E+000
   0.000000E+000
   0.000000E+000
   0.000000E+000
   0.000000E+000
   0.000000E+000
   0.000000E+000
   0.000000E+000
   0.000000E+000
   0.000000E+000
   0.000000E+000
   0.000000E+000
   0.000000E+000
   0.000000E+000
   0.000000E+000
   0.000000E+000
   0.000000E+000
   0.000000E+000
   0.000000E+000
   0.000000E+000
   0.000000E+000
   0.000000E+000
   0.000000E+000
   0.000000E+000
   0.000000E+000
   0.000000E+000
   0.000000E+000
   0.000000E+000
   0.000000E+000
   0.000000E+000
   0.000000E+000
   0.000000E+000
   0.000000E+000
   0.000000E+000
   0.000000E+000
   0.000000E+000
   0.000000E+000
   0.000000E+000
   0.000000E+000
   0.000000E+000
   0.000000E+000
   0.000000E+000
   0.000000E+000
   0.000000E+000
   0.000000E+000
   0.000000E+000
   0.000000E+000
   0.000000E+000
   0.000000E+000
   0.000000E+000
   0.000000E+000
   0.000000E+000
   0.000000E+000
   0.000000E+000
   0.000000E+000
   0.000000E+000
   0.000000E+000
   0.000000E+000
   0.000000E+000
   0.000000E+000
   0.000000E+000
   0.000000E+000
   0.000000E+000
   0.000000E+000
   0.000000E+000
   0.000000E+000
   0.000000E+000
   0.000000E+000
   0.000000E+000
   0.000000E+000
   0.000000E+000
   0.000000E+000
   0.000000E+000
   0.000000E+000
   0.000000E+000
   0.000000E+000
   0.000000E+000
   0.000000E+000
   0.000000E+000
   0.000000E+000
   0.000000E+000
   0.000000E+000
   0.000000E+000
   0.000000E+000
   0.000000E+000
   0.000000E+000
   0.000000E+000
   0.000000E+000
   0.000000E+000
   0.000000E+000
   0.000000E+000
   0.000000E+000
   0.000000E+000
   0.000000E+000
   0.000000E+000
   0.000000E+000
   0.000000E+000
   0.000000E+000
   0.000000E+000
   0.000000E+000
   0.000000E+000
   0.000000E+000
   0.000000E+000
   0.000000E+000
   0.000000E+000
   0.000000E+000
   0.000000E+000
   0.000000E+000
   0.000000E+000
   0.000000E+000
   0.000000E+000
   0.000000E+000
   0.000000E+000
   0.000000E+000
   0.000000E+000
   0.000000E+000
   0.000000E+000
   0.000000E+000
   0.000000E+000
   0.000000E+000
   0.000000E+000
   0.000000E+000
   0.000000E+000
   0.000000E+000
   0.000000E+000
   0.000000E+000
   0.000000E+000
   0.000000E+000
   0.000000E+000
   0.000000E+000
   0.000000E+000
   0.000000E+000
   0.000000E+000
   0.000000E+000
   0.000000E+000
   0.000000E+000
   0.000000E+000
   0.000000E+000
   0.000000E+000
   0.000000E+000
   0.000000E+000
   0.000000E+000
   0.000000E+000
   0.000000E+000
   0.000000E+000
   0.000000E+000
   0.000000E+000
   0.000000E+000
   0.000000E+000
   0.000000E+000
   0.000000E+000
   0.000000E+000
   0.000000E+000
   0.000000E+000
   0.000000E+000
   0.000000E+000
   0.000000E+000
   0.000000E+000
   0.000000E+000
   0.000000E+000
   0.000000E+000
   0.000000E+000
   0.000000E+000
   0.000000E+000
   0.000000E+000
   0.000000E+000
   0.000000E+000
   0.000000E+000
   0.000000E+000
   0.000000E+000
   0.000000E+000
   0.000000E+000
   0.000000E+000
   0.000000E+000
   0.000000E+000
   0.000000E+000
   0.000000E+000
   0.000000E+000
   0.000000E+000
   0.000000E+000
   0.000000E+000
   0.000000E+000
   0.000000E+000
   0.000000E+000
   0.000000E+000
   0.000000E+000
   0.000000E+000
   0.000000E+000
   0.000000E+000
   0.000000E+000
   0.000000E+000
   0.000000E+000
   0.000000E+000
   0.000000E+000
   0.000000E+000
   0.000000E+000
   0.000000E+000
   0.000000E+000
   0.000000E+000
   0.000000E+000
   0.000000E+000
   0.000000E+000
   0.000000E+000
   0.000000E+000
   0.000000E+000
   0.000000E+000
   0.000000E+000
   0.000000E+000
   0.000000E+000
   0.000000E+000
   0.000000E+000
   0.000000E+000
   0.000000E+000
   0.000000E+000
   0.000000E+000
   0.000000E+000
   0.000000E+000
   0.000000E+000
   0.000000E+000
   0.000000E+000
   0.000000E+000
   0.000000E+000
   0.000000E+000
   0.000000E+000
   0.000000E+000
   0.000000E+000
   0.000000E+000
   0.000000E+000
   0.000000E+000
   0.000000E+000
   0.000000E+000
   0.000000E+000
   0.000000E+000
   0.000000E+000
   0.000000E+000
   0.000000E+000
   0.000000E+000
   0.000000E+000
   0.000000E+000
   0.000000E+000
   0.000000E+000
   0.000000E+000
   0.000000E+000
   0.000000E+000
   0.000000E+000
   0.000000E+000
   0.000000E+000
   0.000000E+000
   0.000000E+000
   0.000000E+000
   0.000000E+000
   0.000000E+000
   0.000000E+000
   0.000000E+000
   0.000000E+000
   0.000000E+000
   0.000000E+000
   0.000000E+000
   0.000000E+000
   0.000000E+000
   0.000000E+000
   0.000000E+000
   0.000000E+000
   0.000000E+000
   0.000000E+000
   0.000000E+000
   0.000000E+000
   0.000000E+000
   0.000000E+000
   0.000000E+000
   0.000000E+000
   0.000000E+000
   0.000000E+000
   0.000000E+000
   0.000000E+000
   0.000000E+000
   0.000000E+000
   0.000000E+000
   0.000000E+000
   0.000000E+000
   0.000000E+000
   0.000000E+000
   0.000000E+000
   0.000000E+000
   0.000000E+000
   0.000000E+000
   0.000000E+000
   0.000000E+000
   0.000000E+000
   0.000000E+000
   0.000000E+000
   0.000000E+000
   0.000000E+000
   0.000000E+000
   0.000000E+000
   0.000000E+000
   0.000000E+000
   0.000000E+000
   0.000000E+000
   0.000000E+000
   0.000000E+000
   0.000000E+000
   0.000000E+000
   0.000000E+000
   0.000000E+000
   0.000000E+000
   0.000000E+000
   0.000000E+000
   0.000000E+000
   0.000000E+000
   0.000000E+000
   0.000000E+000
   0.000000E+000
   0.000000E+000
   0.000000E+000
   0.000000E+000
   0.000000E+000
   0.000000E+000
   0.000000E+000
   0.000000E+000
   0.000000E+000
   0.000000E+000
   0.000000E+000
   0.000000E+000
   0.000000E+000
   0.000000E+000
   0.000000E+000
   0.000000E+000
   0.000000E+000
   0.000000E+000
   0.000000E+000
   0.000000E+000
   0.000000E+000
   0.000000E+000
   0.000000E+000
   0.000000E+000
   0.000000E+000
   0.000000E+000
   0.000000E+000
   0.000000E+000
   0.000000E+000
   0.000000E+000
   0.000000E+000
   0.000000E+000
   0.000000E+000
   0.000000E+000
   0.000000E+000
   0.000000E+000
   0.000000E+000
   0.000000E+000
   0.000000E+000
   0.000000E+000
   0.000000E+000
   0.000000E+000
   0.000000E+000
   0.000000E+000
   0.000000E+000
   0.000000E+000
   0.000000E+000
   0.000000E+000
   0.000000E+000
   0.000000E+000
   0.000000E+000
   0.000000E+000
   0.000000E+000
   0.000000E+000
   0.000000E+000
   0.000000E+000
   0.000000E+000
   0.000000E+000
   0.000000E+000
   0.000000E+000
   0.000000E+000
   0.000000E+000
   0.000000E+000
   0.000000E+000
   0.000000E+000
   0.000000E+000
   0.000000E+000
   0.000000E+000
   0.000000E+000
   0.000000E+000
   0.000000E+000
   0.000000E+000
   0.000000E+000
   0.000000E+000
   0.000000E+000
   0.000000E+000
   0.000000E+000
   0.000000E+000
   0.000000E+000
   0.000000E+000
   0.000000E+000
   0.000000E+000
   0.000000E+000
   0.000000E+000
   0.000000E+000
   0.000000E+000
   0.000000E+000
   0.000000E+000
   0.000000E+000
   0.000000E+000
   0.000000E+000
   0.000000E+000
   0.000000E+000
   0.000000E+000
   0.000000E+000
   0.000000E+000
   0.000000E+000
   0.000000E+000
   0.000000E+000
   0.000000E+000
   0.000000E+000
   0.000000E+000
   0.000000E+000
   0.000000E+000
   0.000000E+000
   0.000000E+000
   0.000000E+000
   0.000000E+000
   0.000000E+000
   0.000000E+000
   0.000000E+000
   0.000000E+000
   0.000000E+000
   0.000000E+000
   0.000000E+000
   0.000000E+000
   0.000000E+000
   0.000000E+000
   0.000000E+000
   0.000000E+000
   0.000000E+000
   0.000000E+000
   0.000000E+000
   0.000000E+000
   0.000000E+000
   0.000000E+000
   0.000000E+000
   0.000000E+000
   0.000000E+000
   0.000000E+000
   0.000000E+000
   0.000000E+000
   0.000000E+000
   0.000000E+000
   0.000000E+000
   0.000000E+000
   0.000000E+000
   0.000000E+000
   0.000000E+000
   0.000000E+000
   0.000000E+000
   0.000000E+000
   0.000000E+000
   0.000000E+000
   0.000000E+000
   0.000000E+000
   0.000000E+000
   0.000000E+000
   0.000000E+000
   0.000000E+000
   0.000000E+000
   0.000000E+000
   0.000000E+000
   0.000000E+000
   0.000000E+000
   0.000000E+000
   0.000000E+000
   0.000000E+000
   0.000000E+000
   0.000000E+000
   0.000000E+000
   0.000000E+000
   0.000000E+000
   0.000000E+000
   0.000000E+000
   0.000000E+000
   0.000000E+000
   0.000000E+000
   0.000000E+000
   0.000000E+000
   0.000000E+000
   0.000000E+000
   0.000000E+000
   0.000000E+000
   0.000000E+000
   0.000000E+000
   0.000000E+000
   0.000000E+000
   0.000000E+000
   0.000000E+000
   0.000000E+000
   0.000000E+000
   0.000000E+000
   0.000000E+000
   0.000000E+000
   0.000000E+000
   0.000000E+000
   0.000000E+000
   0.000000E+000
   0.000000E+000
   0.000000E+000
   0.000000E+000
   0.000000E+000
   0.000000E+000
   0.000000E+000
   0.000000E+000
   0.000000E+000
   0.000000E+000
   0.000000E+000
   0.000000E+000
   0.000000E+000
   0.000000E+000
   0.000000E+000
   0.000000E+000
   0.000000E+000
   0.000000E+000
   0.000000E+000
   0.000000E+000
   0.000000E+000
   0.000000E+000
   0.000000E+000
   0.000000E+000
   0.000000E+000
   0.000000E+000
   0.000000E+000
   0.000000E+000
   0.000000E+000
   0.000000E+000
   0.000000E+000
   0.000000E+000
   0.000000E+000
   0.000000E+000
   0.000000E+000
   0.000000E+000
   0.000000E+000
   0.000000E+000
   0.000000E+000
   0.000000E+000
   0.000000E+000
   0.000000E+000
   0.000000E+000
   0.000000E+000
   0.000000E+000
   0.000000E+000
   0.000000E+000
   0.000000E+000
   0.000000E+000
   0.000000E+000
   0.000000E+000
   0.000000E+000
   0.000000E+000
   0.000000E+000
   0.000000E+000
   0.000000E+000
   0.000000E+000
   0.000000E+000
   0.000000E+000
   0.000000E+000
   0.000000E+000
   0.000000E+000
   0.000000E+000
   0.000000E+000
   0.000000E+000
   0.000000E+000
   0.000000E+000
   0.000000E+000
   0.000000E+000
   0.000000E+000
   0.000000E+000
   0.000000E+000
   0.000000E+000
   0.000000E+000
   0.000000E+000
   0.000000E+000
   0.000000E+000
   0.000000E+000
   0.000000E+000
   0.000000E+000
   0.000000E+000
   0.000000E+000
   0.000000E+000
   0.000000E+000
   0.000000E+000
   0.000000E+000
   0.000000E+000
   0.000000E+000
   0.000000E+000
   0.000000E+000
   0.000000E+000
   0.000000E+000
   0.000000E+000
   0.000000E+000
   0.000000E+000
   0.000000E+000
   0.000000E+000
   0.000000E+000
   0.000000E+000
   0.000000E+000
   0.000000E+000
   0.000000E+000
   0.000000E+000
   0.000000E+000
   0.000000E+000
   0.000000E+000
   0.000000E+000
   0.000000E+000
   0.000000E+000
   0.000000E+000
   0.000000E+000
   0.000000E+000
   0.000000E+000
   0.000000E+000
   0.000000E+000
   0.000000E+000
   0.000000E+000
   0.000000E+000
   0.000000E+000
   0.000000E+000
   0.000000E+000
   0.000000E+000
   0.000000E+000
   0.000000E+000
   0.000000E+000
   0.000000E+000
   0.000000E+000
   0.000000E+000
   0.000000E+000
   0.000000E+000
   0.000000E+000
   0.000000E+000
   0.000000E+000
   0.000000E+000
   0.000000E+000
   0.000000E+000
   0.000000E+000
   0.000000E+000
   0.000000E+000
   0.000000E+000
   0.000000E+000
   0.000000E+000
   0.000000E+000
   0.000000E+000
   0.000000E+000
   0.000000E+000
   0.000000E+000
   0.000000E+000
   0.000000E+000
   0.000000E+000
   0.000000E+000
   0.000000E+000
   0.000000E+000
   0.000000E+000
   0.000000E+000
   0.000000E+000
   0.000000E+000
   0.000000E+000
   0.000000E+000
   0.000000E+000
   0.000000E+000
   0.000000E+000
   0.000000E+000
   0.000000E+000
   0.000000E+000
   0.000000E+000
   0.000000E+000
   0.000000E+000
   0.000000E+000
   0.000000E+000
   0.000000E+000
   0.000000E+000
   0.000000E+000
   0.000000E+000
   0.000000E+000
   0.000000E+000
   0.000000E+000
   0.000000E+000
   0.000000E+000
   0.000000E+000
   0.000000E+000
   0.000000E+000
   0.000000E+000
   0.000000E+000
   0.000000E+000
   0.000000E+000
   0.000000E+000
   0.000000E+000
   0.000000E+000
   0.000000E+000
   0.000000E+000
   0.000000E+000
   0.000000E+000
   0.000000E+000
   0.000000E+000
   0.000000E+000
   0.000000E+000
   0.000000E+000
   0.000000E+000
   0.000000E+000
   0.000000E+000
   0.000000E+000
   0.000000E+000
   0.000000E+000
   0.000000E+000
   0.000000E+000
   0.000000E+000
   0.000000E+000
   0.000000E+000
   0.000000E+000
   0.000000E+000
   0.000000E+000
   0.000000E+000
   0.000000E+000
   0.000000E+000
   0.000000E+000
   0.000000E+000
   0.000000E+000
   0.000000E+000
   0.000000E+000
   0.000000E+000
   0.000000E+000
   0.000000E+000
   0.000000E+000
   0.000000E+000
   0.000000E+000
   0.000000E+000
   0.000000E+000
   0.000000E+000
   0.000000E+000
   0.000000E+000
   0.000000E+000
   0.000000E+000
   0.000000E+000
   0.000000E+000
   0.000000E+000
   0.000000E+000
   0.000000E+000
   0.000000E+000
   0.000000E+000
   0.000000E+000
   0.000000E+000
   0.000000E+000
   0.000000E+000
   0.000000E+000
   0.000000E+000
   0.000000E+000
   0.000000E+000
   0.000000E+000
   0.000000E+000
   0.000000E+000
   0.000000E+000
   0.000000E+000
   0.000000E+000
   0.000000E+000
   0.000000E+000
   0.000000E+000
   0.000000E+000
   0.000000E+000
   0.000000E+000
   0.000000E+000
   0.000000E+000
   0.000000E+000
   0.000000E+000
   0.000000E+000
   0.000000E+000
   0.000000E+000
   0.000000E+000
   0.000000E+000
   0.000000E+000
   0.000000E+000
   0.000000E+000
   0.000000E+000
   0.000000E+000
   0.000000E+000
   0.000000E+000
   0.000000E+000
   0.000000E+000
   0.000000E+000
   0.000000E+000
   0.000000E+000
   0.000000E+000
   0.000000E+000
   0.000000E+000
   0.000000E+000
   0.000000E+000
   0.000000E+000
   0.000000E+000
   0.000000E+000
   0.000000E+000
   0.000000E+000
   0.000000E+000
   0.000000E+000
   0.000000E+000
   0.000000E+000
   0.000000E+000
   0.000000E+000
   0.000000E+000
   0.000000E+000
   0.000000E+000
   0.000000E+000
   0.000000E+000
   0.000000E+000
   0.000000E+000
   0.000000E+000
   0.000000E+000
   0.000000E+000
   0.000000E+000
   0.000000E+000
   0.000000E+000
   0.000000E+000
   0.000000E+000
   0.000000E+000
   0.000000E+000
   0.000000E+000
   0.000000E+000
   0.000000E+000
   0.000000E+000
   0.000000E+000
   0.000000E+000
   0.000000E+000
