   6.056667E+006
   6.054244E+006
   6.046989E+006
   6.034935E+006
   6.018139E+006
   5.996682E+006
   5.970664E+006
   5.940204E+006
   5.905442E+006
   5.866534E+006
   5.823651E+006
   5.776977E+006
   5.726709E+006
   5.673053E+006
   5.616223E+006
   5.556437E+006
   5.493921E+006
   5.428898E+006
   5.361596E+006
   5.292238E+006
   5.221048E+006
   5.148244E+006
   5.074038E+006
   4.998638E+006
   4.922242E+006
   4.845043E+006
   4.767223E+006
   4.688957E+006
   4.610409E+006
   4.531734E+006
   4.453078E+006
   4.374575E+006
   4.296353E+006
   4.218526E+006
   4.141201E+006
   4.064476E+006
   3.988439E+006
   3.913171E+006
   3.838743E+006
   3.765220E+006
   3.692657E+006
   3.621105E+006
   3.550607E+006
   3.481199E+006
   3.412914E+006
   3.345775E+006
   3.279806E+006
   3.215021E+006
   3.151434E+006
   3.089052E+006
   3.027879E+006
   2.967918E+006
   2.909167E+006
   2.851622E+006
   2.795277E+006
   2.740123E+006
   2.686150E+006
   2.633345E+006
   2.581695E+006
   2.531186E+006
   2.481801E+006
   2.433524E+006
   2.386336E+006
   2.340219E+006
   2.295156E+006
   2.251125E+006
   2.208107E+006
   2.166082E+006
   2.125031E+006
   2.084932E+006
   2.045765E+006
   2.007510E+006
   1.970146E+006
   1.933654E+006
   1.898013E+006
   1.863203E+006
   1.829205E+006
   1.795999E+006
   1.763566E+006
   1.731887E+006
   1.700944E+006
   1.670718E+006
   1.641192E+006
   1.612348E+006
   1.584168E+006
   1.556637E+006
   1.529736E+006
   1.503451E+006
   1.477766E+006
   1.452664E+006
   1.428132E+006
   1.404153E+006
   1.380715E+006
   1.357803E+006
   1.335403E+006
   1.313502E+006
   1.292087E+006
   1.271146E+006
   1.250666E+006
   1.230636E+006
   1.211043E+006
   1.191876E+006
   1.173125E+006
   1.154778E+006
   1.136826E+006
   1.119258E+006
   1.102064E+006
   1.085235E+006
   1.068761E+006
   1.052633E+006
   1.036843E+006
   1.021381E+006
   1.006240E+006
   9.914119E+005
   9.768881E+005
   9.626612E+005
   9.487238E+005
   9.350686E+005
   9.216888E+005
   9.085773E+005
   8.957276E+005
   8.831333E+005
   1.393261E+007
   1.373897E+007
   1.354913E+007
   1.336298E+007
   1.318045E+007
   1.300144E+007
   1.282586E+007
   1.265365E+007
   1.248471E+007
   1.231897E+007
   1.215635E+007
   1.199678E+007
   1.184019E+007
   1.168650E+007
   1.153566E+007
   1.138758E+007
   1.124222E+007
   1.109951E+007
   1.095938E+007
   1.082177E+007
   1.068664E+007
   1.055392E+007
   1.042356E+007
   1.029550E+007
   1.016970E+007
   1.004610E+007
   9.924662E+006
   9.805326E+006
   9.688051E+006
   9.572791E+006
   9.459502E+006
   9.348142E+006
   9.238668E+006
   9.131040E+006
   9.025219E+006
   8.921164E+006
   8.818840E+006
   8.718208E+006
   8.619234E+006
   8.521881E+006
   8.426117E+006
   8.331908E+006
   8.239222E+006
   8.148027E+006
   8.058293E+006
   7.969988E+006
   7.883085E+006
   7.797555E+006
   7.713369E+006
   7.630501E+006
   7.548923E+006
   7.468611E+006
   7.389539E+006
   7.311682E+006
   7.235017E+006
   7.159519E+006
   7.085166E+006
   7.011935E+006
   6.939805E+006
   6.868754E+006
   6.798762E+006
   6.729808E+006
   6.661871E+006
   6.594934E+006
   6.528976E+006
   6.463979E+006
   6.399926E+006
   6.336798E+006
   6.274578E+006
   6.213249E+006
   6.152795E+006
   6.093199E+006
   6.034446E+006
   5.976520E+006
   5.919407E+006
   5.863090E+006
   5.807557E+006
   5.752792E+006
   5.698783E+006
   5.645515E+006
   5.592975E+006
   5.541151E+006
   5.490029E+006
   5.439597E+006
   5.389844E+006
   5.340757E+006
   5.292325E+006
   5.244536E+006
   5.197380E+006
   5.150845E+006
   5.104920E+006
   5.059596E+006
   5.014862E+006
   4.970708E+006
   4.927124E+006
   4.884101E+006
   4.841629E+006
   4.799699E+006
   4.758302E+006
   4.717429E+006
   4.677072E+006
   4.637222E+006
   4.597871E+006
   4.559010E+006
   4.520632E+006
   4.482729E+006
   4.445293E+006
   4.408316E+006
   4.371792E+006
   4.335713E+006
   4.300071E+006
   4.264861E+006
   4.230075E+006
   4.195706E+006
   4.161749E+006
   4.128195E+006
   4.095040E+006
   4.062277E+006
   4.029900E+006
   3.997904E+006
   3.966281E+006
   3.935027E+006
   3.904135E+006
   2.421001E+005
   2.402137E+005
   2.383490E+005
   2.365056E+005
   2.346832E+005
   2.328815E+005
   2.311003E+005
   2.293391E+005
   2.275977E+005
   2.258758E+005
   2.241732E+005
   2.224894E+005
   2.208244E+005
   2.191777E+005
   2.175492E+005
   2.159385E+005
   2.143454E+005
   2.127697E+005
   2.112110E+005
   2.096693E+005
   2.081441E+005
   2.066354E+005
   2.051428E+005
   2.036661E+005
   2.022051E+005
   2.007596E+005
   1.993294E+005
   1.979142E+005
   1.965139E+005
   1.951283E+005
   1.937571E+005
   1.924001E+005
   1.910572E+005
   1.897281E+005
   1.884127E+005
   1.871108E+005
   1.858222E+005
   1.845468E+005
   1.832842E+005
   1.820345E+005
   1.807974E+005
   1.795727E+005
   1.783603E+005
   1.771600E+005
   1.759716E+005
   1.747951E+005
   1.736302E+005
   1.724768E+005
   1.713347E+005
   1.702039E+005
   1.690841E+005
   1.679752E+005
   1.668770E+005
   1.657896E+005
   1.647126E+005
   1.636459E+005
   1.625895E+005
   1.615432E+005
   1.605069E+005
   1.594804E+005
   1.584637E+005
   1.574566E+005
   1.564589E+005
   1.554706E+005
   1.544916E+005
   1.535217E+005
   1.525608E+005
   1.516089E+005
   1.506658E+005
   1.497313E+005
   1.488055E+005
   1.478881E+005
   1.469791E+005
   1.460785E+005
   1.451860E+005
   1.443016E+005
   1.434251E+005
   1.425566E+005
   1.416959E+005
   1.408429E+005
   1.399975E+005
   1.391596E+005
   1.383292E+005
   1.375062E+005
   1.366904E+005
   1.358817E+005
   1.350802E+005
   1.342857E+005
   1.334982E+005
   1.327175E+005
   1.319436E+005
   1.311763E+005
   1.304157E+005
   1.296617E+005
   1.289141E+005
   1.281729E+005
   1.274381E+005
   1.267095E+005
   1.259871E+005
   1.252708E+005
   1.245605E+005
   1.238563E+005
   1.231579E+005
   1.224654E+005
   1.217787E+005
   1.210977E+005
   1.204224E+005
   1.197527E+005
   1.190885E+005
   1.184297E+005
   1.177764E+005
   1.171285E+005
   1.164858E+005
   1.158484E+005
   1.152161E+005
   1.145890E+005
   1.139670E+005
   1.133500E+005
   1.127379E+005
   1.121308E+005
   1.115285E+005
   1.109311E+005
   1.103383E+005
   0.000000E+000
   0.000000E+000
   0.000000E+000
   0.000000E+000
   0.000000E+000
   0.000000E+000
   0.000000E+000
   0.000000E+000
   0.000000E+000
   0.000000E+000
   0.000000E+000
   0.000000E+000
   0.000000E+000
   0.000000E+000
   0.000000E+000
   0.000000E+000
   0.000000E+000
   0.000000E+000
   0.000000E+000
   0.000000E+000
   0.000000E+000
   0.000000E+000
   0.000000E+000
   0.000000E+000
   0.000000E+000
   3.058866E-298
   3.927547E-267
   6.400796E-238
   1.618183E-210
   7.527006E-185
   7.431239E-161
   1.749291E-138
   1.074372E-117
   1.833709E-098
   8.995731E-081
   1.268244E-064
   4.925684E-050
   4.771489E-037
   9.573833E-026
   2.840609E-016
   6.359864E-009
   1.454840E-004
   2.931413E-003
   1.254897E-002
   7.073403E-002
   2.637103E-002
   1.354826E-001
   1.344164E-001
   8.393057E-003
   1.086584E-001
   1.669730E-001
   5.205350E-002
   1.135183E-001
   1.383154E-001
   3.116611E-001
   2.527224E-001
   2.687361E-001
   3.399694E-001
   1.574386E-001
   6.724702E-002
   2.959939E-001
   1.431333E-001
   3.386744E-002
   2.642943E-001
   3.541508E-001
   3.472524E-001
   3.471349E-001
   3.469455E-001
   2.529142E-001
   4.701893E-002
   6.519045E-002
   3.341659E-001
   7.788050E-002
   1.818868E-001
   1.717567E-001
   1.748470E-001
   8.160019E-002
   3.019940E-001
   2.448056E-002
   1.227701E-001
   2.986735E-001
   1.662587E-001
   1.315297E-002
   2.769632E-002
   1.299113E-001
   2.154044E-001
   2.551779E-001
   2.640483E-001
   2.613789E-001
   2.566996E-001
   2.487116E-001
   2.276312E-001
   1.806289E-001
   1.048255E-001
   2.619156E-002
   2.738659E-003
   7.718290E-002
   1.933417E-001
   2.039498E-001
   7.110900E-002
   3.971991E-003
   1.357148E-001
   1.930566E-001
   3.506644E-002
   4.961790E-002
   1.926400E-001
   5.254000E-002
   4.990137E-002
   1.803433E-001
   1.266912E-002
   1.180843E-001
   1.090081E-001
   2.468530E-002
   1.627612E-001
   9.860948E-005
   1.564174E-001
   1.345114E-002
   1.345144E-001
   2.660952E-002
   1.222777E-001
   2.626439E-002
   1.242967E-001
   1.389830E-002
   1.061688E+004
   1.057420E+004
   1.053179E+004
   1.048962E+004
   1.044771E+004
   1.040605E+004
   1.036463E+004
   1.032347E+004
   1.028254E+004
   1.024186E+004
   1.020142E+004
   1.016121E+004
   1.012124E+004
   1.008151E+004
   1.004201E+004
   1.000274E+004
   9.963703E+003
   9.924890E+003
   9.886303E+003
   9.847940E+003
   9.809799E+003
   9.771878E+003
   9.734176E+003
   9.696692E+003
   9.659422E+003
   9.622367E+003
   9.585523E+003
   9.548891E+003
   9.512467E+003
   9.476250E+003
   9.440240E+003
   9.404433E+003
   9.368829E+003
   9.333427E+003
   9.298224E+003
   9.263219E+003
   9.228411E+003
   9.193799E+003
   9.159380E+003
   9.125153E+003
   9.091118E+003
   9.057271E+003
   9.023613E+003
   8.990142E+003
   8.956856E+003
   8.923754E+003
   8.890835E+003
   8.858097E+003
   8.825539E+003
   8.793159E+003
   8.760957E+003
   8.728931E+003
   8.697080E+003
   8.665403E+003
   8.633897E+003
   8.602563E+003
   8.571398E+003
   8.540402E+003
   8.509574E+003
   8.478911E+003
   8.448414E+003
   8.418080E+003
   8.387909E+003
   8.357900E+003
   8.328050E+003
   8.298360E+003
   8.268828E+003
   8.239453E+003
   8.210234E+003
   8.181170E+003
   8.152259E+003
   8.123501E+003
   8.094894E+003
   8.066438E+003
   8.038131E+003
   8.009972E+003
   7.981961E+003
   7.954096E+003
   7.926377E+003
   7.898801E+003
   7.871369E+003
   7.844079E+003
   7.816931E+003
   7.789923E+003
   7.763054E+003
   7.736324E+003
   7.709731E+003
   7.683275E+003
   7.656954E+003
   7.630768E+003
   7.604716E+003
   7.578797E+003
   7.553009E+003
   7.527353E+003
   7.501827E+003
   7.476430E+003
   7.451162E+003
   7.426021E+003
   7.401007E+003
   7.376118E+003
   7.351355E+003
   7.326716E+003
   7.302201E+003
   7.277808E+003
   7.253536E+003
   7.229386E+003
   7.205356E+003
   7.181445E+003
   7.157652E+003
   7.133978E+003
   7.110420E+003
   7.086979E+003
   7.063653E+003
   7.040442E+003
   7.017344E+003
   6.994360E+003
   6.971489E+003
   6.948729E+003
   6.926080E+003
   6.903542E+003
   6.881113E+003
   6.858793E+003
   0.000000E+000
   0.000000E+000
   0.000000E+000
   0.000000E+000
   0.000000E+000
   0.000000E+000
   0.000000E+000
   0.000000E+000
   0.000000E+000
   0.000000E+000
   0.000000E+000
   0.000000E+000
   0.000000E+000
   0.000000E+000
   0.000000E+000
   0.000000E+000
   0.000000E+000
   0.000000E+000
   0.000000E+000
   0.000000E+000
   0.000000E+000
   0.000000E+000
   0.000000E+000
   0.000000E+000
   0.000000E+000
   0.000000E+000
   0.000000E+000
   0.000000E+000
   0.000000E+000
   0.000000E+000
   0.000000E+000
   0.000000E+000
   0.000000E+000
   0.000000E+000
   0.000000E+000
   0.000000E+000
   0.000000E+000
   0.000000E+000
   0.000000E+000
   0.000000E+000
   0.000000E+000
   0.000000E+000
   0.000000E+000
   0.000000E+000
   0.000000E+000
   0.000000E+000
   0.000000E+000
   0.000000E+000
   0.000000E+000
   0.000000E+000
   0.000000E+000
   0.000000E+000
   0.000000E+000
   0.000000E+000
   0.000000E+000
   0.000000E+000
   0.000000E+000
   0.000000E+000
   0.000000E+000
   0.000000E+000
   0.000000E+000
   0.000000E+000
   0.000000E+000
   0.000000E+000
   0.000000E+000
   0.000000E+000
   0.000000E+000
   0.000000E+000
   0.000000E+000
   0.000000E+000
   0.000000E+000
   0.000000E+000
   0.000000E+000
   0.000000E+000
   0.000000E+000
   0.000000E+000
   0.000000E+000
   0.000000E+000
   0.000000E+000
   0.000000E+000
   0.000000E+000
   0.000000E+000
   0.000000E+000
   0.000000E+000
   0.000000E+000
   0.000000E+000
   0.000000E+000
   0.000000E+000
   0.000000E+000
   0.000000E+000
   0.000000E+000
   0.000000E+000
   0.000000E+000
   0.000000E+000
   0.000000E+000
   0.000000E+000
   0.000000E+000
   0.000000E+000
   0.000000E+000
   0.000000E+000
   0.000000E+000
   0.000000E+000
   0.000000E+000
   0.000000E+000
   0.000000E+000
   0.000000E+000
   0.000000E+000
   0.000000E+000
   0.000000E+000
   0.000000E+000
   0.000000E+000
   0.000000E+000
   0.000000E+000
   0.000000E+000
   0.000000E+000
   0.000000E+000
   0.000000E+000
   0.000000E+000
   0.000000E+000
   0.000000E+000
   0.000000E+000
   0.000000E+000
   0.000000E+000
   0.000000E+000
   0.000000E+000
   0.000000E+000
   0.000000E+000
   0.000000E+000
   0.000000E+000
   0.000000E+000
   0.000000E+000
   0.000000E+000
   0.000000E+000
   0.000000E+000
   0.000000E+000
   0.000000E+000
   0.000000E+000
   0.000000E+000
   0.000000E+000
   0.000000E+000
   0.000000E+000
   0.000000E+000
   0.000000E+000
   0.000000E+000
   0.000000E+000
   0.000000E+000
   0.000000E+000
   0.000000E+000
   0.000000E+000
   0.000000E+000
   0.000000E+000
   0.000000E+000
   0.000000E+000
   0.000000E+000
   0.000000E+000
   0.000000E+000
   0.000000E+000
   0.000000E+000
   0.000000E+000
   0.000000E+000
   0.000000E+000
   0.000000E+000
   0.000000E+000
   0.000000E+000
   0.000000E+000
   0.000000E+000
   0.000000E+000
   0.000000E+000
   0.000000E+000
   0.000000E+000
   0.000000E+000
   0.000000E+000
   0.000000E+000
   0.000000E+000
   0.000000E+000
   0.000000E+000
   0.000000E+000
   0.000000E+000
   0.000000E+000
   0.000000E+000
   0.000000E+000
   0.000000E+000
   0.000000E+000
   0.000000E+000
   0.000000E+000
   0.000000E+000
   0.000000E+000
   0.000000E+000
   0.000000E+000
   0.000000E+000
   0.000000E+000
   0.000000E+000
   0.000000E+000
   0.000000E+000
   0.000000E+000
   0.000000E+000
   0.000000E+000
   0.000000E+000
   0.000000E+000
   0.000000E+000
   0.000000E+000
   0.000000E+000
   0.000000E+000
   0.000000E+000
   0.000000E+000
   0.000000E+000
   0.000000E+000
   0.000000E+000
   0.000000E+000
   0.000000E+000
   0.000000E+000
   0.000000E+000
   0.000000E+000
   0.000000E+000
   0.000000E+000
   0.000000E+000
   0.000000E+000
   0.000000E+000
   0.000000E+000
   0.000000E+000
   0.000000E+000
   0.000000E+000
   0.000000E+000
   0.000000E+000
   0.000000E+000
   0.000000E+000
   0.000000E+000
   0.000000E+000
   0.000000E+000
   0.000000E+000
   0.000000E+000
   0.000000E+000
   0.000000E+000
   0.000000E+000
   0.000000E+000
   0.000000E+000
   0.000000E+000
   0.000000E+000
   0.000000E+000
   0.000000E+000
   0.000000E+000
   0.000000E+000
   0.000000E+000
   0.000000E+000
   0.000000E+000
   0.000000E+000
   0.000000E+000
   0.000000E+000
   0.000000E+000
   0.000000E+000
   0.000000E+000
   0.000000E+000
   0.000000E+000
   0.000000E+000
   0.000000E+000
   0.000000E+000
   0.000000E+000
   0.000000E+000
   0.000000E+000
   0.000000E+000
   0.000000E+000
   0.000000E+000
   0.000000E+000
   0.000000E+000
   0.000000E+000
   0.000000E+000
   0.000000E+000
   0.000000E+000
   0.000000E+000
   0.000000E+000
   0.000000E+000
   0.000000E+000
   0.000000E+000
   0.000000E+000
   0.000000E+000
   0.000000E+000
   0.000000E+000
   0.000000E+000
   0.000000E+000
   0.000000E+000
   0.000000E+000
   0.000000E+000
   0.000000E+000
   0.000000E+000
   0.000000E+000
   0.000000E+000
   0.000000E+000
   0.000000E+000
   0.000000E+000
   0.000000E+000
   0.000000E+000
   0.000000E+000
   0.000000E+000
   0.000000E+000
   0.000000E+000
   0.000000E+000
   0.000000E+000
   0.000000E+000
   0.000000E+000
   0.000000E+000
   0.000000E+000
   0.000000E+000
   0.000000E+000
   0.000000E+000
   0.000000E+000
   0.000000E+000
   0.000000E+000
   0.000000E+000
   0.000000E+000
   0.000000E+000
   0.000000E+000
   0.000000E+000
   0.000000E+000
   0.000000E+000
   0.000000E+000
   0.000000E+000
   0.000000E+000
   0.000000E+000
   0.000000E+000
   0.000000E+000
   0.000000E+000
   0.000000E+000
   0.000000E+000
   0.000000E+000
   0.000000E+000
   0.000000E+000
   0.000000E+000
   0.000000E+000
   0.000000E+000
   0.000000E+000
   0.000000E+000
   0.000000E+000
   0.000000E+000
   0.000000E+000
   0.000000E+000
   0.000000E+000
   0.000000E+000
   0.000000E+000
   0.000000E+000
   0.000000E+000
   0.000000E+000
   0.000000E+000
   0.000000E+000
   0.000000E+000
   0.000000E+000
   0.000000E+000
   0.000000E+000
   0.000000E+000
   0.000000E+000
   0.000000E+000
   0.000000E+000
   0.000000E+000
   0.000000E+000
   0.000000E+000
   0.000000E+000
   0.000000E+000
   0.000000E+000
   0.000000E+000
   0.000000E+000
   0.000000E+000
   0.000000E+000
   0.000000E+000
   0.000000E+000
   0.000000E+000
   0.000000E+000
   0.000000E+000
   0.000000E+000
   0.000000E+000
   0.000000E+000
   0.000000E+000
   0.000000E+000
   0.000000E+000
   0.000000E+000
   0.000000E+000
   0.000000E+000
   0.000000E+000
   0.000000E+000
   0.000000E+000
   0.000000E+000
   0.000000E+000
   0.000000E+000
   0.000000E+000
   0.000000E+000
   0.000000E+000
   0.000000E+000
   0.000000E+000
   0.000000E+000
   0.000000E+000
   0.000000E+000
   0.000000E+000
   0.000000E+000
   0.000000E+000
   0.000000E+000
   0.000000E+000
   0.000000E+000
   0.000000E+000
   0.000000E+000
   0.000000E+000
   0.000000E+000
   0.000000E+000
   0.000000E+000
   0.000000E+000
   0.000000E+000
   0.000000E+000
   0.000000E+000
   0.000000E+000
   0.000000E+000
   0.000000E+000
   0.000000E+000
   0.000000E+000
   0.000000E+000
   0.000000E+000
   0.000000E+000
   0.000000E+000
   0.000000E+000
   0.000000E+000
   0.000000E+000
   0.000000E+000
   0.000000E+000
   0.000000E+000
   0.000000E+000
   0.000000E+000
   0.000000E+000
   0.000000E+000
   0.000000E+000
   0.000000E+000
   0.000000E+000
   0.000000E+000
   0.000000E+000
   0.000000E+000
   0.000000E+000
   0.000000E+000
   0.000000E+000
   0.000000E+000
   0.000000E+000
   0.000000E+000
   0.000000E+000
   0.000000E+000
   0.000000E+000
   0.000000E+000
   0.000000E+000
   0.000000E+000
   0.000000E+000
   0.000000E+000
   0.000000E+000
   0.000000E+000
   0.000000E+000
   0.000000E+000
   0.000000E+000
   0.000000E+000
   0.000000E+000
   0.000000E+000
   0.000000E+000
   0.000000E+000
   0.000000E+000
   0.000000E+000
   0.000000E+000
   0.000000E+000
   0.000000E+000
   0.000000E+000
   0.000000E+000
   0.000000E+000
   0.000000E+000
   0.000000E+000
   0.000000E+000
   0.000000E+000
   0.000000E+000
   0.000000E+000
   0.000000E+000
   0.000000E+000
   0.000000E+000
   0.000000E+000
   0.000000E+000
   0.000000E+000
   0.000000E+000
   0.000000E+000
   0.000000E+000
   0.000000E+000
   0.000000E+000
   0.000000E+000
   0.000000E+000
   0.000000E+000
   0.000000E+000
   0.000000E+000
   0.000000E+000
   0.000000E+000
   0.000000E+000
   0.000000E+000
   0.000000E+000
   0.000000E+000
   0.000000E+000
   0.000000E+000
   0.000000E+000
   0.000000E+000
   0.000000E+000
   0.000000E+000
   0.000000E+000
   0.000000E+000
   0.000000E+000
   0.000000E+000
   0.000000E+000
   0.000000E+000
   0.000000E+000
   0.000000E+000
   0.000000E+000
   0.000000E+000
   0.000000E+000
   0.000000E+000
   0.000000E+000
   0.000000E+000
   0.000000E+000
   0.000000E+000
   0.000000E+000
   0.000000E+000
   0.000000E+000
   0.000000E+000
   0.000000E+000
   0.000000E+000
   0.000000E+000
   0.000000E+000
   0.000000E+000
   0.000000E+000
   0.000000E+000
   0.000000E+000
   0.000000E+000
   0.000000E+000
   0.000000E+000
   0.000000E+000
   0.000000E+000
   0.000000E+000
   0.000000E+000
   0.000000E+000
   0.000000E+000
   0.000000E+000
   0.000000E+000
   0.000000E+000
   0.000000E+000
   0.000000E+000
   0.000000E+000
   0.000000E+000
   0.000000E+000
   0.000000E+000
   0.000000E+000
   0.000000E+000
   0.000000E+000
   0.000000E+000
   0.000000E+000
   0.000000E+000
   0.000000E+000
   0.000000E+000
   0.000000E+000
   0.000000E+000
   0.000000E+000
   0.000000E+000
   0.000000E+000
   0.000000E+000
   0.000000E+000
   0.000000E+000
   0.000000E+000
   0.000000E+000
   0.000000E+000
   0.000000E+000
   0.000000E+000
   0.000000E+000
   0.000000E+000
   0.000000E+000
   0.000000E+000
   0.000000E+000
   0.000000E+000
   0.000000E+000
   0.000000E+000
   0.000000E+000
   0.000000E+000
   0.000000E+000
   0.000000E+000
   0.000000E+000
   0.000000E+000
   0.000000E+000
   0.000000E+000
   0.000000E+000
   0.000000E+000
   0.000000E+000
   0.000000E+000
   0.000000E+000
   0.000000E+000
   0.000000E+000
   0.000000E+000
   0.000000E+000
   0.000000E+000
   0.000000E+000
   0.000000E+000
   0.000000E+000
   0.000000E+000
   0.000000E+000
   0.000000E+000
   0.000000E+000
   0.000000E+000
   0.000000E+000
   0.000000E+000
   0.000000E+000
   0.000000E+000
   0.000000E+000
   0.000000E+000
   0.000000E+000
   0.000000E+000
   0.000000E+000
   0.000000E+000
   0.000000E+000
   0.000000E+000
   0.000000E+000
   0.000000E+000
   0.000000E+000
   0.000000E+000
   0.000000E+000
   0.000000E+000
   0.000000E+000
   0.000000E+000
   0.000000E+000
   0.000000E+000
   0.000000E+000
   0.000000E+000
   0.000000E+000
   0.000000E+000
   0.000000E+000
   0.000000E+000
   0.000000E+000
   0.000000E+000
   0.000000E+000
   0.000000E+000
   0.000000E+000
   0.000000E+000
   0.000000E+000
   0.000000E+000
   0.000000E+000
   0.000000E+000
   0.000000E+000
   0.000000E+000
   0.000000E+000
   0.000000E+000
   0.000000E+000
   0.000000E+000
   0.000000E+000
   0.000000E+000
   0.000000E+000
   0.000000E+000
   0.000000E+000
   0.000000E+000
   0.000000E+000
   0.000000E+000
   0.000000E+000
   0.000000E+000
   0.000000E+000
   0.000000E+000
   0.000000E+000
   0.000000E+000
   0.000000E+000
   0.000000E+000
   0.000000E+000
   0.000000E+000
   0.000000E+000
   0.000000E+000
   0.000000E+000
   0.000000E+000
   0.000000E+000
   0.000000E+000
   0.000000E+000
   0.000000E+000
   0.000000E+000
   0.000000E+000
   0.000000E+000
   0.000000E+000
   0.000000E+000
   0.000000E+000
   0.000000E+000
   0.000000E+000
   0.000000E+000
   0.000000E+000
   0.000000E+000
   0.000000E+000
   0.000000E+000
   0.000000E+000
   0.000000E+000
   0.000000E+000
   0.000000E+000
   0.000000E+000
   0.000000E+000
   0.000000E+000
   0.000000E+000
   0.000000E+000
   0.000000E+000
   0.000000E+000
   0.000000E+000
   0.000000E+000
   0.000000E+000
   0.000000E+000
   0.000000E+000
   0.000000E+000
   0.000000E+000
   0.000000E+000
   0.000000E+000
   0.000000E+000
   0.000000E+000
   0.000000E+000
   0.000000E+000
   0.000000E+000
   0.000000E+000
   0.000000E+000
   0.000000E+000
   0.000000E+000
   0.000000E+000
   0.000000E+000
   0.000000E+000
   0.000000E+000
   0.000000E+000
   0.000000E+000
   0.000000E+000
   0.000000E+000
   0.000000E+000
   0.000000E+000
   0.000000E+000
   0.000000E+000
   0.000000E+000
   0.000000E+000
   0.000000E+000
   0.000000E+000
   0.000000E+000
   0.000000E+000
   0.000000E+000
   0.000000E+000
   0.000000E+000
   0.000000E+000
   0.000000E+000
   0.000000E+000
   0.000000E+000
   0.000000E+000
   0.000000E+000
   0.000000E+000
   0.000000E+000
   0.000000E+000
   0.000000E+000
   0.000000E+000
   0.000000E+000
   0.000000E+000
   0.000000E+000
   0.000000E+000
   0.000000E+000
   0.000000E+000
   0.000000E+000
   0.000000E+000
   0.000000E+000
   0.000000E+000
   0.000000E+000
   0.000000E+000
   0.000000E+000
   0.000000E+000
   0.000000E+000
   0.000000E+000
   0.000000E+000
   0.000000E+000
   0.000000E+000
   0.000000E+000
   0.000000E+000
   0.000000E+000
   0.000000E+000
   0.000000E+000
   0.000000E+000
   0.000000E+000
   0.000000E+000
   0.000000E+000
   0.000000E+000
   0.000000E+000
   0.000000E+000
   0.000000E+000
   0.000000E+000
   0.000000E+000
   0.000000E+000
   0.000000E+000
   0.000000E+000
   0.000000E+000
   0.000000E+000
   0.000000E+000
   0.000000E+000
   0.000000E+000
   0.000000E+000
   0.000000E+000
   0.000000E+000
   0.000000E+000
   0.000000E+000
   0.000000E+000
   0.000000E+000
   0.000000E+000
   0.000000E+000
   0.000000E+000
   0.000000E+000
   0.000000E+000
   0.000000E+000
   0.000000E+000
   0.000000E+000
   0.000000E+000
   0.000000E+000
   0.000000E+000
   0.000000E+000
   0.000000E+000
   0.000000E+000
   0.000000E+000
   0.000000E+000
   0.000000E+000
   0.000000E+000
   0.000000E+000
   0.000000E+000
   0.000000E+000
   0.000000E+000
   0.000000E+000
   0.000000E+000
   0.000000E+000
   0.000000E+000
   0.000000E+000
   0.000000E+000
   0.000000E+000
   0.000000E+000
   0.000000E+000
   0.000000E+000
   0.000000E+000
   0.000000E+000
   0.000000E+000
   0.000000E+000
   0.000000E+000
   0.000000E+000
   0.000000E+000
   0.000000E+000
   0.000000E+000
   0.000000E+000
   0.000000E+000
   0.000000E+000
   0.000000E+000
   0.000000E+000
   0.000000E+000
   0.000000E+000
   0.000000E+000
   0.000000E+000
   0.000000E+000
   0.000000E+000
   0.000000E+000
   0.000000E+000
   0.000000E+000
   0.000000E+000
   0.000000E+000
   0.000000E+000
   0.000000E+000
   0.000000E+000
   0.000000E+000
   0.000000E+000
   0.000000E+000
   0.000000E+000
   0.000000E+000
   0.000000E+000
   0.000000E+000
   0.000000E+000
   0.000000E+000
   0.000000E+000
   0.000000E+000
   0.000000E+000
   0.000000E+000
   0.000000E+000
   0.000000E+000
   0.000000E+000
   0.000000E+000
   0.000000E+000
   0.000000E+000
   0.000000E+000
   0.000000E+000
   0.000000E+000
   0.000000E+000
   0.000000E+000
   0.000000E+000
   0.000000E+000
   0.000000E+000
   0.000000E+000
   0.000000E+000
   0.000000E+000
   0.000000E+000
   0.000000E+000
   0.000000E+000
   0.000000E+000
   0.000000E+000
   0.000000E+000
   0.000000E+000
   0.000000E+000
   0.000000E+000
   0.000000E+000
   0.000000E+000
   0.000000E+000
   0.000000E+000
   0.000000E+000
   0.000000E+000
   0.000000E+000
   0.000000E+000
   0.000000E+000
   0.000000E+000
   0.000000E+000
   0.000000E+000
   0.000000E+000
   0.000000E+000
   0.000000E+000
   0.000000E+000
   0.000000E+000
   0.000000E+000
   0.000000E+000
   0.000000E+000
   0.000000E+000
   0.000000E+000
   0.000000E+000
   0.000000E+000
   0.000000E+000
   0.000000E+000
   0.000000E+000
   0.000000E+000
   0.000000E+000
   0.000000E+000
   0.000000E+000
   0.000000E+000
   0.000000E+000
   0.000000E+000
   0.000000E+000
   0.000000E+000
   0.000000E+000
   0.000000E+000
   0.000000E+000
   0.000000E+000
   0.000000E+000
   0.000000E+000
   0.000000E+000
   0.000000E+000
   0.000000E+000
   0.000000E+000
   0.000000E+000
   0.000000E+000
   0.000000E+000
   0.000000E+000
   0.000000E+000
   0.000000E+000
   0.000000E+000
   0.000000E+000
   0.000000E+000
   0.000000E+000
   0.000000E+000
   0.000000E+000
   0.000000E+000
   0.000000E+000
   0.000000E+000
   0.000000E+000
   0.000000E+000
   0.000000E+000
   0.000000E+000
   0.000000E+000
   0.000000E+000
   0.000000E+000
   0.000000E+000
   0.000000E+000
   0.000000E+000
   0.000000E+000
   0.000000E+000
   0.000000E+000
   0.000000E+000
   0.000000E+000
   0.000000E+000
   0.000000E+000
   0.000000E+000
   0.000000E+000
   0.000000E+000
   0.000000E+000
   0.000000E+000
   0.000000E+000
   0.000000E+000
   0.000000E+000
   0.000000E+000
   0.000000E+000
   0.000000E+000
   0.000000E+000
   0.000000E+000
   0.000000E+000
   0.000000E+000
   0.000000E+000
   0.000000E+000
   0.000000E+000
   0.000000E+000
   0.000000E+000
   0.000000E+000
   0.000000E+000
   0.000000E+000
   0.000000E+000
   0.000000E+000
   0.000000E+000
   0.000000E+000
   0.000000E+000
   0.000000E+000
   0.000000E+000
   0.000000E+000
   0.000000E+000
   0.000000E+000
   0.000000E+000
   0.000000E+000
   0.000000E+000
   0.000000E+000
   0.000000E+000
   0.000000E+000
   0.000000E+000
   0.000000E+000
   0.000000E+000
   0.000000E+000
   0.000000E+000
   0.000000E+000
   0.000000E+000
   0.000000E+000
   0.000000E+000
   0.000000E+000
   0.000000E+000
   0.000000E+000
   0.000000E+000
   0.000000E+000
   0.000000E+000
   0.000000E+000
   0.000000E+000
   0.000000E+000
   0.000000E+000
   0.000000E+000
   0.000000E+000
   0.000000E+000
   0.000000E+000
   0.000000E+000
   0.000000E+000
   0.000000E+000
   0.000000E+000
   0.000000E+000
   0.000000E+000
   0.000000E+000
   0.000000E+000
   0.000000E+000
   0.000000E+000
   0.000000E+000
   0.000000E+000
   0.000000E+000
   0.000000E+000
   0.000000E+000
   0.000000E+000
   0.000000E+000
   0.000000E+000
   0.000000E+000
   0.000000E+000
   0.000000E+000
   0.000000E+000
   0.000000E+000
   0.000000E+000
   0.000000E+000
   0.000000E+000
   0.000000E+000
   0.000000E+000
   0.000000E+000
   0.000000E+000
   0.000000E+000
   0.000000E+000
   0.000000E+000
   0.000000E+000
   0.000000E+000
   0.000000E+000
   0.000000E+000
   0.000000E+000
   0.000000E+000
   0.000000E+000
   0.000000E+000
   0.000000E+000
   0.000000E+000
   0.000000E+000
   0.000000E+000
   0.000000E+000
   0.000000E+000
   0.000000E+000
   0.000000E+000
   0.000000E+000
   0.000000E+000
   0.000000E+000
   0.000000E+000
   0.000000E+000
   0.000000E+000
   0.000000E+000
   0.000000E+000
   0.000000E+000
   0.000000E+000
   0.000000E+000
   0.000000E+000
   0.000000E+000
   0.000000E+000
   0.000000E+000
   0.000000E+000
   0.000000E+000
   0.000000E+000
   0.000000E+000
   0.000000E+000
   0.000000E+000
   0.000000E+000
   0.000000E+000
   0.000000E+000
   0.000000E+000
   0.000000E+000
   0.000000E+000
   0.000000E+000
   0.000000E+000
   0.000000E+000
   0.000000E+000
   0.000000E+000
   0.000000E+000
   0.000000E+000
   0.000000E+000
   0.000000E+000
   0.000000E+000
   0.000000E+000
   0.000000E+000
   0.000000E+000
   0.000000E+000
   0.000000E+000
   0.000000E+000
   0.000000E+000
   0.000000E+000
   0.000000E+000
   0.000000E+000
   0.000000E+000
   0.000000E+000
   0.000000E+000
   0.000000E+000
   0.000000E+000
   0.000000E+000
   0.000000E+000
   0.000000E+000
   0.000000E+000
   0.000000E+000
   0.000000E+000
   0.000000E+000
   0.000000E+000
   0.000000E+000
   0.000000E+000
   0.000000E+000
   0.000000E+000
   0.000000E+000
   0.000000E+000
   0.000000E+000
   0.000000E+000
   0.000000E+000
   0.000000E+000
   0.000000E+000
   0.000000E+000
   0.000000E+000
   0.000000E+000
   0.000000E+000
   0.000000E+000
   0.000000E+000
   0.000000E+000
   0.000000E+000
   0.000000E+000
   0.000000E+000
   0.000000E+000
   0.000000E+000
   0.000000E+000
   0.000000E+000
   0.000000E+000
   0.000000E+000
   0.000000E+000
   0.000000E+000
   0.000000E+000
   0.000000E+000
   0.000000E+000
   0.000000E+000
   0.000000E+000
   0.000000E+000
   0.000000E+000
   0.000000E+000
   0.000000E+000
   0.000000E+000
   0.000000E+000
   0.000000E+000
   0.000000E+000
   0.000000E+000
   0.000000E+000
   0.000000E+000
   0.000000E+000
   0.000000E+000
   0.000000E+000
   0.000000E+000
   0.000000E+000
   0.000000E+000
   0.000000E+000
   0.000000E+000
   0.000000E+000
   0.000000E+000
   0.000000E+000
   0.000000E+000
   0.000000E+000
   0.000000E+000
   0.000000E+000
   0.000000E+000
   0.000000E+000
   0.000000E+000
   0.000000E+000
   0.000000E+000
   0.000000E+000
   0.000000E+000
   0.000000E+000
   0.000000E+000
   0.000000E+000
   0.000000E+000
   0.000000E+000
   0.000000E+000
   0.000000E+000
   0.000000E+000
   0.000000E+000
   0.000000E+000
   0.000000E+000
   0.000000E+000
   0.000000E+000
   0.000000E+000
   0.000000E+000
   0.000000E+000
   0.000000E+000
   0.000000E+000
   0.000000E+000
   0.000000E+000
   0.000000E+000
   0.000000E+000
   0.000000E+000
   0.000000E+000
   0.000000E+000
   0.000000E+000
   0.000000E+000
   0.000000E+000
   0.000000E+000
   0.000000E+000
   0.000000E+000
   0.000000E+000
   0.000000E+000
   0.000000E+000
   0.000000E+000
   0.000000E+000
   0.000000E+000
   0.000000E+000
   0.000000E+000
   0.000000E+000
   0.000000E+000
   0.000000E+000
   0.000000E+000
   0.000000E+000
   0.000000E+000
   0.000000E+000
   0.000000E+000
   0.000000E+000
   0.000000E+000
   0.000000E+000
   0.000000E+000
   0.000000E+000
   0.000000E+000
   0.000000E+000
   0.000000E+000
   0.000000E+000
   0.000000E+000
   0.000000E+000
   0.000000E+000
   0.000000E+000
   0.000000E+000
   0.000000E+000
   0.000000E+000
   0.000000E+000
   0.000000E+000
   0.000000E+000
   0.000000E+000
   0.000000E+000
   0.000000E+000
   0.000000E+000
   0.000000E+000
   0.000000E+000
   0.000000E+000
   0.000000E+000
   0.000000E+000
   0.000000E+000
   0.000000E+000
   0.000000E+000
   0.000000E+000
   0.000000E+000
   0.000000E+000
   0.000000E+000
   0.000000E+000
   0.000000E+000
   0.000000E+000
   0.000000E+000
   0.000000E+000
   0.000000E+000
   0.000000E+000
   0.000000E+000
   0.000000E+000
   0.000000E+000
   0.000000E+000
   0.000000E+000
   0.000000E+000
   0.000000E+000
   0.000000E+000
   0.000000E+000
   0.000000E+000
   0.000000E+000
   0.000000E+000
   0.000000E+000
   0.000000E+000
   0.000000E+000
   0.000000E+000
   0.000000E+000
   0.000000E+000
   0.000000E+000
   0.000000E+000
   0.000000E+000
   0.000000E+000
   0.000000E+000
   0.000000E+000
   0.000000E+000
   0.000000E+000
   0.000000E+000
   0.000000E+000
   0.000000E+000
   0.000000E+000
   0.000000E+000
   0.000000E+000
   0.000000E+000
   0.000000E+000
   0.000000E+000
   0.000000E+000
   0.000000E+000
   0.000000E+000
   0.000000E+000
   0.000000E+000
   0.000000E+000
   0.000000E+000
   0.000000E+000
   0.000000E+000
   0.000000E+000
   0.000000E+000
   0.000000E+000
   0.000000E+000
   0.000000E+000
   0.000000E+000
   0.000000E+000
   0.000000E+000
   0.000000E+000
   0.000000E+000
   0.000000E+000
   0.000000E+000
   0.000000E+000
   0.000000E+000
   0.000000E+000
   0.000000E+000
   0.000000E+000
   0.000000E+000
   0.000000E+000
   0.000000E+000
   0.000000E+000
   0.000000E+000
   0.000000E+000
   0.000000E+000
   0.000000E+000
   0.000000E+000
   0.000000E+000
   0.000000E+000
   0.000000E+000
   0.000000E+000
   0.000000E+000
   0.000000E+000
   0.000000E+000
   0.000000E+000
   0.000000E+000
   0.000000E+000
   0.000000E+000
   0.000000E+000
   0.000000E+000
   0.000000E+000
   0.000000E+000
   0.000000E+000
   0.000000E+000
   0.000000E+000
   0.000000E+000
   0.000000E+000
   0.000000E+000
   0.000000E+000
   0.000000E+000
   0.000000E+000
   0.000000E+000
   0.000000E+000
   0.000000E+000
   0.000000E+000
   0.000000E+000
   0.000000E+000
   0.000000E+000
   0.000000E+000
   0.000000E+000
   0.000000E+000
   0.000000E+000
   0.000000E+000
   0.000000E+000
   0.000000E+000
   0.000000E+000
   0.000000E+000
   0.000000E+000
   0.000000E+000
   0.000000E+000
   0.000000E+000
   0.000000E+000
   0.000000E+000
   0.000000E+000
   0.000000E+000
   0.000000E+000
   0.000000E+000
   0.000000E+000
   0.000000E+000
   0.000000E+000
   0.000000E+000
   0.000000E+000
   0.000000E+000
   0.000000E+000
   0.000000E+000
   0.000000E+000
   0.000000E+000
   0.000000E+000
   0.000000E+000
   0.000000E+000
   0.000000E+000
   0.000000E+000
   0.000000E+000
   0.000000E+000
   0.000000E+000
   0.000000E+000
   0.000000E+000
   0.000000E+000
   0.000000E+000
   0.000000E+000
   0.000000E+000
   0.000000E+000
   0.000000E+000
   0.000000E+000
   0.000000E+000
   0.000000E+000
   0.000000E+000
   0.000000E+000
   0.000000E+000
   0.000000E+000
   0.000000E+000
   0.000000E+000
   0.000000E+000
   0.000000E+000
   0.000000E+000
   0.000000E+000
   0.000000E+000
   0.000000E+000
   0.000000E+000
   0.000000E+000
   0.000000E+000
   0.000000E+000
   0.000000E+000
   0.000000E+000
   0.000000E+000
   0.000000E+000
   0.000000E+000
   0.000000E+000
   0.000000E+000
   0.000000E+000
   0.000000E+000
   0.000000E+000
   0.000000E+000
   0.000000E+000
   0.000000E+000
   0.000000E+000
   0.000000E+000
   0.000000E+000
   0.000000E+000
   0.000000E+000
   0.000000E+000
   0.000000E+000
   0.000000E+000
   0.000000E+000
   0.000000E+000
   0.000000E+000
   0.000000E+000
   0.000000E+000
   0.000000E+000
   0.000000E+000
   0.000000E+000
   0.000000E+000
   0.000000E+000
   0.000000E+000
   0.000000E+000
   0.000000E+000
   0.000000E+000
   0.000000E+000
   0.000000E+000
   0.000000E+000
   0.000000E+000
   0.000000E+000
   0.000000E+000
   0.000000E+000
   0.000000E+000
   0.000000E+000
   0.000000E+000
   0.000000E+000
   0.000000E+000
   0.000000E+000
   0.000000E+000
   0.000000E+000
   0.000000E+000
   0.000000E+000
   0.000000E+000
   0.000000E+000
   0.000000E+000
   0.000000E+000
   0.000000E+000
   0.000000E+000
   0.000000E+000
   0.000000E+000
   0.000000E+000
   0.000000E+000
   0.000000E+000
   0.000000E+000
   0.000000E+000
   0.000000E+000
   0.000000E+000
   0.000000E+000
   0.000000E+000
   0.000000E+000
   0.000000E+000
   0.000000E+000
   0.000000E+000
   0.000000E+000
   0.000000E+000
   0.000000E+000
   0.000000E+000
   0.000000E+000
   0.000000E+000
   0.000000E+000
   0.000000E+000
   0.000000E+000
   0.000000E+000
   0.000000E+000
   0.000000E+000
   0.000000E+000
   0.000000E+000
   0.000000E+000
   0.000000E+000
   0.000000E+000
   0.000000E+000
   0.000000E+000
   0.000000E+000
   0.000000E+000
   0.000000E+000
   0.000000E+000
   0.000000E+000
   0.000000E+000
   0.000000E+000
   0.000000E+000
   0.000000E+000
   0.000000E+000
   0.000000E+000
   0.000000E+000
   0.000000E+000
   0.000000E+000
   0.000000E+000
   0.000000E+000
   0.000000E+000
   0.000000E+000
   0.000000E+000
   0.000000E+000
   0.000000E+000
   0.000000E+000
   0.000000E+000
   0.000000E+000
   0.000000E+000
   0.000000E+000
   0.000000E+000
   0.000000E+000
   0.000000E+000
   0.000000E+000
   0.000000E+000
   0.000000E+000
   0.000000E+000
   0.000000E+000
   0.000000E+000
   0.000000E+000
   0.000000E+000
   0.000000E+000
   0.000000E+000
   0.000000E+000
   0.000000E+000
   0.000000E+000
   0.000000E+000
   0.000000E+000
   0.000000E+000
   0.000000E+000
   0.000000E+000
   0.000000E+000
   0.000000E+000
   0.000000E+000
   0.000000E+000
   0.000000E+000
   0.000000E+000
   0.000000E+000
   0.000000E+000
   0.000000E+000
   0.000000E+000
   0.000000E+000
   0.000000E+000
   0.000000E+000
   0.000000E+000
   0.000000E+000
   0.000000E+000
   0.000000E+000
   0.000000E+000
   0.000000E+000
   0.000000E+000
   0.000000E+000
   0.000000E+000
   0.000000E+000
   0.000000E+000
   0.000000E+000
   0.000000E+000
   0.000000E+000
   0.000000E+000
   0.000000E+000
   0.000000E+000
   0.000000E+000
   0.000000E+000
   0.000000E+000
   0.000000E+000
   0.000000E+000
   0.000000E+000
   0.000000E+000
   0.000000E+000
   0.000000E+000
   0.000000E+000
   0.000000E+000
   0.000000E+000
   0.000000E+000
   0.000000E+000
   0.000000E+000
   0.000000E+000
   0.000000E+000
   0.000000E+000
   0.000000E+000
   0.000000E+000
   0.000000E+000
   0.000000E+000
   0.000000E+000
   0.000000E+000
   0.000000E+000
   0.000000E+000
   0.000000E+000
   0.000000E+000
   0.000000E+000
   0.000000E+000
   0.000000E+000
   0.000000E+000
   0.000000E+000
   0.000000E+000
   0.000000E+000
   0.000000E+000
   0.000000E+000
   0.000000E+000
   0.000000E+000
   0.000000E+000
   0.000000E+000
   0.000000E+000
   0.000000E+000
   0.000000E+000
   0.000000E+000
   0.000000E+000
   0.000000E+000
   0.000000E+000
   0.000000E+000
   0.000000E+000
   0.000000E+000
   0.000000E+000
   0.000000E+000
   0.000000E+000
   0.000000E+000
   0.000000E+000
   0.000000E+000
   0.000000E+000
   0.000000E+000
   0.000000E+000
   0.000000E+000
   0.000000E+000
   0.000000E+000
   0.000000E+000
   0.000000E+000
   0.000000E+000
   0.000000E+000
   0.000000E+000
   0.000000E+000
   0.000000E+000
   0.000000E+000
   0.000000E+000
   0.000000E+000
   0.000000E+000
   0.000000E+000
   0.000000E+000
   0.000000E+000
   0.000000E+000
   0.000000E+000
   0.000000E+000
   0.000000E+000
   0.000000E+000
   0.000000E+000
   0.000000E+000
   0.000000E+000
   0.000000E+000
   0.000000E+000
   0.000000E+000
   0.000000E+000
   0.000000E+000
   0.000000E+000
   0.000000E+000
   0.000000E+000
   0.000000E+000
   0.000000E+000
   0.000000E+000
   0.000000E+000
   0.000000E+000
   0.000000E+000
   0.000000E+000
   0.000000E+000
   0.000000E+000
   0.000000E+000
   0.000000E+000
   0.000000E+000
   0.000000E+000
   0.000000E+000
   0.000000E+000
   0.000000E+000
   0.000000E+000
   0.000000E+000
   0.000000E+000
   0.000000E+000
   0.000000E+000
   0.000000E+000
   0.000000E+000
   0.000000E+000
   0.000000E+000
   0.000000E+000
   0.000000E+000
   0.000000E+000
   0.000000E+000
   0.000000E+000
   0.000000E+000
   0.000000E+000
   0.000000E+000
   0.000000E+000
   0.000000E+000
   0.000000E+000
   0.000000E+000
   0.000000E+000
   0.000000E+000
   0.000000E+000
   0.000000E+000
   0.000000E+000
   0.000000E+000
   0.000000E+000
   0.000000E+000
   0.000000E+000
   0.000000E+000
   0.000000E+000
   0.000000E+000
   0.000000E+000
   0.000000E+000
   0.000000E+000
   0.000000E+000
   0.000000E+000
   0.000000E+000
   0.000000E+000
   0.000000E+000
   0.000000E+000
   0.000000E+000
   0.000000E+000
   0.000000E+000
   0.000000E+000
   0.000000E+000
   0.000000E+000
   0.000000E+000
   0.000000E+000
   0.000000E+000
   0.000000E+000
   0.000000E+000
   0.000000E+000
   0.000000E+000
   0.000000E+000
   0.000000E+000
   0.000000E+000
   0.000000E+000
   0.000000E+000
   0.000000E+000
   0.000000E+000
   0.000000E+000
   0.000000E+000
   0.000000E+000
   0.000000E+000
   0.000000E+000
   0.000000E+000
   0.000000E+000
   0.000000E+000
   0.000000E+000
   0.000000E+000
   0.000000E+000
   0.000000E+000
   0.000000E+000
   0.000000E+000
   0.000000E+000
   0.000000E+000
   0.000000E+000
   0.000000E+000
   0.000000E+000
   0.000000E+000
   0.000000E+000
   0.000000E+000
   0.000000E+000
   0.000000E+000
   0.000000E+000
   0.000000E+000
   0.000000E+000
   0.000000E+000
   0.000000E+000
   0.000000E+000
   0.000000E+000
   0.000000E+000
   0.000000E+000
   0.000000E+000
   0.000000E+000
   0.000000E+000
   0.000000E+000
   0.000000E+000
   0.000000E+000
   0.000000E+000
   0.000000E+000
   0.000000E+000
   0.000000E+000
   0.000000E+000
   0.000000E+000
   0.000000E+000
   0.000000E+000
   0.000000E+000
   0.000000E+000
   0.000000E+000
   0.000000E+000
   0.000000E+000
   0.000000E+000
   0.000000E+000
   0.000000E+000
   0.000000E+000
   0.000000E+000
   0.000000E+000
   0.000000E+000
   0.000000E+000
   0.000000E+000
   0.000000E+000
   0.000000E+000
   0.000000E+000
   0.000000E+000
   0.000000E+000
   0.000000E+000
   0.000000E+000
   0.000000E+000
   0.000000E+000
   0.000000E+000
   0.000000E+000
   0.000000E+000
   0.000000E+000
   0.000000E+000
   0.000000E+000
   0.000000E+000
   0.000000E+000
   0.000000E+000
   0.000000E+000
   0.000000E+000
   0.000000E+000
   0.000000E+000
   0.000000E+000
   0.000000E+000
   0.000000E+000
   0.000000E+000
   0.000000E+000
   0.000000E+000
   0.000000E+000
   0.000000E+000
   0.000000E+000
   0.000000E+000
   0.000000E+000
   0.000000E+000
   0.000000E+000
   0.000000E+000
   0.000000E+000
   0.000000E+000
   0.000000E+000
   0.000000E+000
   0.000000E+000
   0.000000E+000
   0.000000E+000
   0.000000E+000
   0.000000E+000
   0.000000E+000
   0.000000E+000
   0.000000E+000
   0.000000E+000
   0.000000E+000
   0.000000E+000
   0.000000E+000
   0.000000E+000
   0.000000E+000
   0.000000E+000
   0.000000E+000
   0.000000E+000
   0.000000E+000
   0.000000E+000
   0.000000E+000
   0.000000E+000
   0.000000E+000
   0.000000E+000
   0.000000E+000
   0.000000E+000
   0.000000E+000
   0.000000E+000
   0.000000E+000
   0.000000E+000
   0.000000E+000
   0.000000E+000
   0.000000E+000
   0.000000E+000
   0.000000E+000
   0.000000E+000
   0.000000E+000
   0.000000E+000
   0.000000E+000
   0.000000E+000
   0.000000E+000
   0.000000E+000
   0.000000E+000
   0.000000E+000
   0.000000E+000
   0.000000E+000
   0.000000E+000
   0.000000E+000
   0.000000E+000
   0.000000E+000
   0.000000E+000
   0.000000E+000
   0.000000E+000
   0.000000E+000
   0.000000E+000
   0.000000E+000
   0.000000E+000
   0.000000E+000
   0.000000E+000
   0.000000E+000
   0.000000E+000
   0.000000E+000
   0.000000E+000
   0.000000E+000
   0.000000E+000
   0.000000E+000
   0.000000E+000
   0.000000E+000
   0.000000E+000
   0.000000E+000
   0.000000E+000
   0.000000E+000
   0.000000E+000
   0.000000E+000
   0.000000E+000
   0.000000E+000
   0.000000E+000
   0.000000E+000
   0.000000E+000
   0.000000E+000
   0.000000E+000
   0.000000E+000
   0.000000E+000
   0.000000E+000
   0.000000E+000
   0.000000E+000
   0.000000E+000
   0.000000E+000
   0.000000E+000
   0.000000E+000
   0.000000E+000
   0.000000E+000
   0.000000E+000
   0.000000E+000
   0.000000E+000
   0.000000E+000
   0.000000E+000
   0.000000E+000
   0.000000E+000
   0.000000E+000
   0.000000E+000
   0.000000E+000
   0.000000E+000
   0.000000E+000
   0.000000E+000
   0.000000E+000
   0.000000E+000
   0.000000E+000
   0.000000E+000
   0.000000E+000
   0.000000E+000
   0.000000E+000
   0.000000E+000
   0.000000E+000
   0.000000E+000
   0.000000E+000
   0.000000E+000
   0.000000E+000
   0.000000E+000
   0.000000E+000
   0.000000E+000
   0.000000E+000
   0.000000E+000
   0.000000E+000
   0.000000E+000
   0.000000E+000
   0.000000E+000
   0.000000E+000
   0.000000E+000
   0.000000E+000
   0.000000E+000
   0.000000E+000
   0.000000E+000
   0.000000E+000
   0.000000E+000
   0.000000E+000
   0.000000E+000
   0.000000E+000
   0.000000E+000
   0.000000E+000
   0.000000E+000
   0.000000E+000
   0.000000E+000
   0.000000E+000
   0.000000E+000
   0.000000E+000
   0.000000E+000
   0.000000E+000
   0.000000E+000
   0.000000E+000
   0.000000E+000
   0.000000E+000
   0.000000E+000
   0.000000E+000
   0.000000E+000
   0.000000E+000
   0.000000E+000
   0.000000E+000
   0.000000E+000
   0.000000E+000
   0.000000E+000
   0.000000E+000
   0.000000E+000
   0.000000E+000
   0.000000E+000
   0.000000E+000
   0.000000E+000
   0.000000E+000
   0.000000E+000
   0.000000E+000
   0.000000E+000
   0.000000E+000
   0.000000E+000
   0.000000E+000
   0.000000E+000
   0.000000E+000
   0.000000E+000
   0.000000E+000
   0.000000E+000
   0.000000E+000
   0.000000E+000
   0.000000E+000
   0.000000E+000
   0.000000E+000
   0.000000E+000
   0.000000E+000
   0.000000E+000
   0.000000E+000
   0.000000E+000
   0.000000E+000
   0.000000E+000
   0.000000E+000
   0.000000E+000
   0.000000E+000
   0.000000E+000
   0.000000E+000
   0.000000E+000
   0.000000E+000
   0.000000E+000
   0.000000E+000
   0.000000E+000
   0.000000E+000
   0.000000E+000
   0.000000E+000
   0.000000E+000
   0.000000E+000
   0.000000E+000
   0.000000E+000
   0.000000E+000
   0.000000E+000
   0.000000E+000
   0.000000E+000
   0.000000E+000
   0.000000E+000
   0.000000E+000
   0.000000E+000
   0.000000E+000
   0.000000E+000
   0.000000E+000
   0.000000E+000
   0.000000E+000
   0.000000E+000
   0.000000E+000
   0.000000E+000
   0.000000E+000
   0.000000E+000
   0.000000E+000
   0.000000E+000
   0.000000E+000
   0.000000E+000
   0.000000E+000
   0.000000E+000
   0.000000E+000
   0.000000E+000
   0.000000E+000
   0.000000E+000
   0.000000E+000
   0.000000E+000
   0.000000E+000
   0.000000E+000
   0.000000E+000
   0.000000E+000
   0.000000E+000
   0.000000E+000
   0.000000E+000
   0.000000E+000
   0.000000E+000
   0.000000E+000
   0.000000E+000
   0.000000E+000
   0.000000E+000
   0.000000E+000
   0.000000E+000
   0.000000E+000
   0.000000E+000
   0.000000E+000
   0.000000E+000
   0.000000E+000
   0.000000E+000
   0.000000E+000
   0.000000E+000
   0.000000E+000
   0.000000E+000
   0.000000E+000
   0.000000E+000
   0.000000E+000
   0.000000E+000
   0.000000E+000
   0.000000E+000
   0.000000E+000
   0.000000E+000
   0.000000E+000
   0.000000E+000
   0.000000E+000
   0.000000E+000
   0.000000E+000
   0.000000E+000
   0.000000E+000
   0.000000E+000
   0.000000E+000
   0.000000E+000
   0.000000E+000
   0.000000E+000
   0.000000E+000
   0.000000E+000
   0.000000E+000
   0.000000E+000
   0.000000E+000
   0.000000E+000
   0.000000E+000
   0.000000E+000
   0.000000E+000
   0.000000E+000
   0.000000E+000
   0.000000E+000
   0.000000E+000
   0.000000E+000
   0.000000E+000
   0.000000E+000
   0.000000E+000
   0.000000E+000
   0.000000E+000
   0.000000E+000
   0.000000E+000
   0.000000E+000
   0.000000E+000
   0.000000E+000
   0.000000E+000
   0.000000E+000
   0.000000E+000
   0.000000E+000
   0.000000E+000
   0.000000E+000
   0.000000E+000
   0.000000E+000
   0.000000E+000
   0.000000E+000
   0.000000E+000
   0.000000E+000
   0.000000E+000
   0.000000E+000
   0.000000E+000
   0.000000E+000
   0.000000E+000
   0.000000E+000
   0.000000E+000
   0.000000E+000
   0.000000E+000
   0.000000E+000
   0.000000E+000
   0.000000E+000
   0.000000E+000
   0.000000E+000
   0.000000E+000
   0.000000E+000
   0.000000E+000
   0.000000E+000
   0.000000E+000
   0.000000E+000
   0.000000E+000
   0.000000E+000
   0.000000E+000
   0.000000E+000
   0.000000E+000
   0.000000E+000
   0.000000E+000
   0.000000E+000
   0.000000E+000
   0.000000E+000
   0.000000E+000
   0.000000E+000
   0.000000E+000
   0.000000E+000
   0.000000E+000
   0.000000E+000
   0.000000E+000
   0.000000E+000
   0.000000E+000
   0.000000E+000
   0.000000E+000
   0.000000E+000
   0.000000E+000
   0.000000E+000
   0.000000E+000
   0.000000E+000
   0.000000E+000
   0.000000E+000
   0.000000E+000
   0.000000E+000
   0.000000E+000
   0.000000E+000
   0.000000E+000
   0.000000E+000
   0.000000E+000
   0.000000E+000
   0.000000E+000
   0.000000E+000
   0.000000E+000
   0.000000E+000
   0.000000E+000
   0.000000E+000
   0.000000E+000
   0.000000E+000
   0.000000E+000
   0.000000E+000
   0.000000E+000
   0.000000E+000
   0.000000E+000
   0.000000E+000
   0.000000E+000
   0.000000E+000
   0.000000E+000
   0.000000E+000
   0.000000E+000
   0.000000E+000
   0.000000E+000
   0.000000E+000
   0.000000E+000
   0.000000E+000
   0.000000E+000
   0.000000E+000
   0.000000E+000
   0.000000E+000
   0.000000E+000
   0.000000E+000
   0.000000E+000
   0.000000E+000
   0.000000E+000
   0.000000E+000
   0.000000E+000
   0.000000E+000
   0.000000E+000
   0.000000E+000
   0.000000E+000
   0.000000E+000
   0.000000E+000
   0.000000E+000
   0.000000E+000
   0.000000E+000
   0.000000E+000
   0.000000E+000
   0.000000E+000
   0.000000E+000
   0.000000E+000
   0.000000E+000
   0.000000E+000
   0.000000E+000
   0.000000E+000
   0.000000E+000
   0.000000E+000
   0.000000E+000
   0.000000E+000
   0.000000E+000
   0.000000E+000
   0.000000E+000
   0.000000E+000
   0.000000E+000
   0.000000E+000
   0.000000E+000
   0.000000E+000
   0.000000E+000
   0.000000E+000
   0.000000E+000
   0.000000E+000
   0.000000E+000
   0.000000E+000
   0.000000E+000
   0.000000E+000
   0.000000E+000
   0.000000E+000
   0.000000E+000
   0.000000E+000
   0.000000E+000
   0.000000E+000
   0.000000E+000
   0.000000E+000
   0.000000E+000
   0.000000E+000
   0.000000E+000
   0.000000E+000
   0.000000E+000
   0.000000E+000
   0.000000E+000
   0.000000E+000
   0.000000E+000
   0.000000E+000
   0.000000E+000
   0.000000E+000
   0.000000E+000
   0.000000E+000
   0.000000E+000
   0.000000E+000
   0.000000E+000
   0.000000E+000
   0.000000E+000
   0.000000E+000
   0.000000E+000
   0.000000E+000
   0.000000E+000
   0.000000E+000
   0.000000E+000
   0.000000E+000
   0.000000E+000
   0.000000E+000
   0.000000E+000
   0.000000E+000
   0.000000E+000
   0.000000E+000
   0.000000E+000
   0.000000E+000
   0.000000E+000
   0.000000E+000
   0.000000E+000
   0.000000E+000
   0.000000E+000
   0.000000E+000
   0.000000E+000
   0.000000E+000
   0.000000E+000
   0.000000E+000
   0.000000E+000
   0.000000E+000
   0.000000E+000
   0.000000E+000
   0.000000E+000
   0.000000E+000
   0.000000E+000
   0.000000E+000
   0.000000E+000
   0.000000E+000
   0.000000E+000
   0.000000E+000
   0.000000E+000
   0.000000E+000
   0.000000E+000
   0.000000E+000
   0.000000E+000
   0.000000E+000
   0.000000E+000
   0.000000E+000
   0.000000E+000
   0.000000E+000
   0.000000E+000
   0.000000E+000
   0.000000E+000
   0.000000E+000
   0.000000E+000
   0.000000E+000
   0.000000E+000
   0.000000E+000
   0.000000E+000
   0.000000E+000
   0.000000E+000
   0.000000E+000
   0.000000E+000
   0.000000E+000
   0.000000E+000
   0.000000E+000
   0.000000E+000
   0.000000E+000
   0.000000E+000
   0.000000E+000
   0.000000E+000
   0.000000E+000
   0.000000E+000
   0.000000E+000
   0.000000E+000
   0.000000E+000
   0.000000E+000
   0.000000E+000
   0.000000E+000
   0.000000E+000
   0.000000E+000
   0.000000E+000
   0.000000E+000
   0.000000E+000
   0.000000E+000
   0.000000E+000
   0.000000E+000
   0.000000E+000
   0.000000E+000
   0.000000E+000
   0.000000E+000
   0.000000E+000
   0.000000E+000
   0.000000E+000
   0.000000E+000
   0.000000E+000
   0.000000E+000
   0.000000E+000
   0.000000E+000
   0.000000E+000
   0.000000E+000
   0.000000E+000
   0.000000E+000
   0.000000E+000
   0.000000E+000
   0.000000E+000
   0.000000E+000
   0.000000E+000
   0.000000E+000
   0.000000E+000
   0.000000E+000
   0.000000E+000
   0.000000E+000
   0.000000E+000
   0.000000E+000
   0.000000E+000
   0.000000E+000
   0.000000E+000
   0.000000E+000
   0.000000E+000
   0.000000E+000
   0.000000E+000
   0.000000E+000
   0.000000E+000
   0.000000E+000
   0.000000E+000
   0.000000E+000
   0.000000E+000
   0.000000E+000
   0.000000E+000
   0.000000E+000
   0.000000E+000
   0.000000E+000
   0.000000E+000
   0.000000E+000
   0.000000E+000
   0.000000E+000
   0.000000E+000
   0.000000E+000
   0.000000E+000
   0.000000E+000
   0.000000E+000
   0.000000E+000
   0.000000E+000
   0.000000E+000
   0.000000E+000
   0.000000E+000
   0.000000E+000
   0.000000E+000
   0.000000E+000
   0.000000E+000
   0.000000E+000
   0.000000E+000
   0.000000E+000
   0.000000E+000
   0.000000E+000
   0.000000E+000
   0.000000E+000
   0.000000E+000
   0.000000E+000
   0.000000E+000
   0.000000E+000
   0.000000E+000
   0.000000E+000
   0.000000E+000
   0.000000E+000
   0.000000E+000
   0.000000E+000
   0.000000E+000
   0.000000E+000
   0.000000E+000
   0.000000E+000
   0.000000E+000
   0.000000E+000
   0.000000E+000
   0.000000E+000
   0.000000E+000
   0.000000E+000
   0.000000E+000
   0.000000E+000
   0.000000E+000
   0.000000E+000
   0.000000E+000
   0.000000E+000
   0.000000E+000
   0.000000E+000
   0.000000E+000
   0.000000E+000
   0.000000E+000
   0.000000E+000
   0.000000E+000
   0.000000E+000
   0.000000E+000
   0.000000E+000
   0.000000E+000
   0.000000E+000
   0.000000E+000
   0.000000E+000
   0.000000E+000
   0.000000E+000
   0.000000E+000
   0.000000E+000
   0.000000E+000
   0.000000E+000
   0.000000E+000
   0.000000E+000
   0.000000E+000
   0.000000E+000
   0.000000E+000
   0.000000E+000
   0.000000E+000
   0.000000E+000
   0.000000E+000
   0.000000E+000
   0.000000E+000
   0.000000E+000
   0.000000E+000
   0.000000E+000
   0.000000E+000
   0.000000E+000
   0.000000E+000
   0.000000E+000
   0.000000E+000
   0.000000E+000
   0.000000E+000
   0.000000E+000
   0.000000E+000
   0.000000E+000
   0.000000E+000
   0.000000E+000
   0.000000E+000
   0.000000E+000
   0.000000E+000
   0.000000E+000
   0.000000E+000
   0.000000E+000
   0.000000E+000
   0.000000E+000
   0.000000E+000
   0.000000E+000
   0.000000E+000
   0.000000E+000
   0.000000E+000
   0.000000E+000
   0.000000E+000
   0.000000E+000
   0.000000E+000
   0.000000E+000
   0.000000E+000
   0.000000E+000
   0.000000E+000
   0.000000E+000
   0.000000E+000
   0.000000E+000
   0.000000E+000
   0.000000E+000
   0.000000E+000
   0.000000E+000
   0.000000E+000
   0.000000E+000
   0.000000E+000
   0.000000E+000
   0.000000E+000
   0.000000E+000
   0.000000E+000
   0.000000E+000
   0.000000E+000
   0.000000E+000
   0.000000E+000
   0.000000E+000
   0.000000E+000
   0.000000E+000
   0.000000E+000
   0.000000E+000
   0.000000E+000
   0.000000E+000
   0.000000E+000
   0.000000E+000
   0.000000E+000
   0.000000E+000
   0.000000E+000
   0.000000E+000
   0.000000E+000
   0.000000E+000
   0.000000E+000
   0.000000E+000
   0.000000E+000
   0.000000E+000
   0.000000E+000
   0.000000E+000
   0.000000E+000
   0.000000E+000
   0.000000E+000
   0.000000E+000
   0.000000E+000
   0.000000E+000
   0.000000E+000
   0.000000E+000
   0.000000E+000
   0.000000E+000
   0.000000E+000
   0.000000E+000
   0.000000E+000
   0.000000E+000
   0.000000E+000
   0.000000E+000
   0.000000E+000
   0.000000E+000
   0.000000E+000
   0.000000E+000
   0.000000E+000
   0.000000E+000
   0.000000E+000
   0.000000E+000
   0.000000E+000
   0.000000E+000
   0.000000E+000
   0.000000E+000
   0.000000E+000
   0.000000E+000
   0.000000E+000
   0.000000E+000
   0.000000E+000
   0.000000E+000
   0.000000E+000
   0.000000E+000
   0.000000E+000
   0.000000E+000
   0.000000E+000
   0.000000E+000
   0.000000E+000
   0.000000E+000
   0.000000E+000
   0.000000E+000
   0.000000E+000
   0.000000E+000
   0.000000E+000
   0.000000E+000
   0.000000E+000
   0.000000E+000
   0.000000E+000
   0.000000E+000
   0.000000E+000
   0.000000E+000
   0.000000E+000
   0.000000E+000
   0.000000E+000
   0.000000E+000
   0.000000E+000
   0.000000E+000
   0.000000E+000
   0.000000E+000
   0.000000E+000
   0.000000E+000
   0.000000E+000
   0.000000E+000
   0.000000E+000
   0.000000E+000
   0.000000E+000
   0.000000E+000
   0.000000E+000
   0.000000E+000
   0.000000E+000
   0.000000E+000
   0.000000E+000
   0.000000E+000
   0.000000E+000
   0.000000E+000
   0.000000E+000
   0.000000E+000
   0.000000E+000
   0.000000E+000
   0.000000E+000
   0.000000E+000
   0.000000E+000
   0.000000E+000
   0.000000E+000
   0.000000E+000
   0.000000E+000
   0.000000E+000
   0.000000E+000
   0.000000E+000
   0.000000E+000
   0.000000E+000
   0.000000E+000
   0.000000E+000
   0.000000E+000
   0.000000E+000
   0.000000E+000
   0.000000E+000
   0.000000E+000
   0.000000E+000
   0.000000E+000
   0.000000E+000
   0.000000E+000
   0.000000E+000
   0.000000E+000
   0.000000E+000
   0.000000E+000
   0.000000E+000
   0.000000E+000
   0.000000E+000
   0.000000E+000
   0.000000E+000
   0.000000E+000
   0.000000E+000
   0.000000E+000
   0.000000E+000
   0.000000E+000
   0.000000E+000
   0.000000E+000
   0.000000E+000
   0.000000E+000
   0.000000E+000
   0.000000E+000
   0.000000E+000
   0.000000E+000
   0.000000E+000
   0.000000E+000
   0.000000E+000
   0.000000E+000
   0.000000E+000
   0.000000E+000
   0.000000E+000
   0.000000E+000
   0.000000E+000
   0.000000E+000
   0.000000E+000
   0.000000E+000
   0.000000E+000
   0.000000E+000
   0.000000E+000
   0.000000E+000
   0.000000E+000
   0.000000E+000
   0.000000E+000
   0.000000E+000
   0.000000E+000
   0.000000E+000
   0.000000E+000
   0.000000E+000
   0.000000E+000
   0.000000E+000
   0.000000E+000
   0.000000E+000
   0.000000E+000
   0.000000E+000
   0.000000E+000
   0.000000E+000
   0.000000E+000
   0.000000E+000
   0.000000E+000
   0.000000E+000
   0.000000E+000
   0.000000E+000
   0.000000E+000
   0.000000E+000
   0.000000E+000
   0.000000E+000
   0.000000E+000
   0.000000E+000
   0.000000E+000
   0.000000E+000
   0.000000E+000
   0.000000E+000
   0.000000E+000
   0.000000E+000
   0.000000E+000
   0.000000E+000
   0.000000E+000
   0.000000E+000
   0.000000E+000
   0.000000E+000
   0.000000E+000
   0.000000E+000
   0.000000E+000
   0.000000E+000
   0.000000E+000
   0.000000E+000
   0.000000E+000
   0.000000E+000
   0.000000E+000
   0.000000E+000
   0.000000E+000
   0.000000E+000
   0.000000E+000
   0.000000E+000
   0.000000E+000
   0.000000E+000
   0.000000E+000
   0.000000E+000
   0.000000E+000
   0.000000E+000
   0.000000E+000
   0.000000E+000
   0.000000E+000
   0.000000E+000
   0.000000E+000
   0.000000E+000
   0.000000E+000
   0.000000E+000
   0.000000E+000
   0.000000E+000
   0.000000E+000
   0.000000E+000
   0.000000E+000
   0.000000E+000
   0.000000E+000
   0.000000E+000
   0.000000E+000
   0.000000E+000
   0.000000E+000
   0.000000E+000
   0.000000E+000
   0.000000E+000
   0.000000E+000
   0.000000E+000
   0.000000E+000
   0.000000E+000
   0.000000E+000
   0.000000E+000
   0.000000E+000
   0.000000E+000
   0.000000E+000
   0.000000E+000
   0.000000E+000
   0.000000E+000
   0.000000E+000
   0.000000E+000
   0.000000E+000
   0.000000E+000
   0.000000E+000
   0.000000E+000
   0.000000E+000
   0.000000E+000
   0.000000E+000
   0.000000E+000
   0.000000E+000
   0.000000E+000
   0.000000E+000
   0.000000E+000
   0.000000E+000
   0.000000E+000
   0.000000E+000
   0.000000E+000
   0.000000E+000
   0.000000E+000
   0.000000E+000
   0.000000E+000
   0.000000E+000
   0.000000E+000
   0.000000E+000
   0.000000E+000
   0.000000E+000
   0.000000E+000
   0.000000E+000
   0.000000E+000
   0.000000E+000
   0.000000E+000
   0.000000E+000
   0.000000E+000
   0.000000E+000
   0.000000E+000
   0.000000E+000
   0.000000E+000
   0.000000E+000
   0.000000E+000
   0.000000E+000
   0.000000E+000
   0.000000E+000
   0.000000E+000
   0.000000E+000
   0.000000E+000
   0.000000E+000
   0.000000E+000
   0.000000E+000
   0.000000E+000
   0.000000E+000
   0.000000E+000
   0.000000E+000
   0.000000E+000
   0.000000E+000
   0.000000E+000
   0.000000E+000
   0.000000E+000
   0.000000E+000
   0.000000E+000
   0.000000E+000
   0.000000E+000
   0.000000E+000
   0.000000E+000
   0.000000E+000
   0.000000E+000
   0.000000E+000
   0.000000E+000
   0.000000E+000
   0.000000E+000
   0.000000E+000
   0.000000E+000
   0.000000E+000
   0.000000E+000
   0.000000E+000
   0.000000E+000
   0.000000E+000
   0.000000E+000
   0.000000E+000
   0.000000E+000
   0.000000E+000
   0.000000E+000
   0.000000E+000
   0.000000E+000
   0.000000E+000
   0.000000E+000
   0.000000E+000
   0.000000E+000
   0.000000E+000
   0.000000E+000
   0.000000E+000
   0.000000E+000
   0.000000E+000
   0.000000E+000
   0.000000E+000
   0.000000E+000
   0.000000E+000
   0.000000E+000
   0.000000E+000
   0.000000E+000
   0.000000E+000
   0.000000E+000
   0.000000E+000
   0.000000E+000
   0.000000E+000
   0.000000E+000
   0.000000E+000
   0.000000E+000
   0.000000E+000
   0.000000E+000
   0.000000E+000
   0.000000E+000
   0.000000E+000
   0.000000E+000
   0.000000E+000
   0.000000E+000
   0.000000E+000
   0.000000E+000
   0.000000E+000
   0.000000E+000
   0.000000E+000
   0.000000E+000
   0.000000E+000
   0.000000E+000
   0.000000E+000
   0.000000E+000
   0.000000E+000
   0.000000E+000
   0.000000E+000
   0.000000E+000
   0.000000E+000
   0.000000E+000
   0.000000E+000
   0.000000E+000
   0.000000E+000
   0.000000E+000
   0.000000E+000
   0.000000E+000
   0.000000E+000
   0.000000E+000
   0.000000E+000
   0.000000E+000
   0.000000E+000
   0.000000E+000
   0.000000E+000
   0.000000E+000
   0.000000E+000
   0.000000E+000
   0.000000E+000
   0.000000E+000
   0.000000E+000
   0.000000E+000
   0.000000E+000
   0.000000E+000
   0.000000E+000
   0.000000E+000
   0.000000E+000
   0.000000E+000
   0.000000E+000
   0.000000E+000
   0.000000E+000
   0.000000E+000
   0.000000E+000
   0.000000E+000
   0.000000E+000
   0.000000E+000
   0.000000E+000
   0.000000E+000
   0.000000E+000
   0.000000E+000
   0.000000E+000
   0.000000E+000
   0.000000E+000
   0.000000E+000
   0.000000E+000
   0.000000E+000
   0.000000E+000
   0.000000E+000
   0.000000E+000
   0.000000E+000
   0.000000E+000
   0.000000E+000
   0.000000E+000
   0.000000E+000
   0.000000E+000
   0.000000E+000
   0.000000E+000
   0.000000E+000
   0.000000E+000
   0.000000E+000
   0.000000E+000
   0.000000E+000
   0.000000E+000
   0.000000E+000
   0.000000E+000
   0.000000E+000
   0.000000E+000
   0.000000E+000
   0.000000E+000
   0.000000E+000
   0.000000E+000
   0.000000E+000
   0.000000E+000
   0.000000E+000
   0.000000E+000
   0.000000E+000
   0.000000E+000
   0.000000E+000
   0.000000E+000
   0.000000E+000
   0.000000E+000
   0.000000E+000
   0.000000E+000
   0.000000E+000
   0.000000E+000
   0.000000E+000
   0.000000E+000
   0.000000E+000
   0.000000E+000
   0.000000E+000
   0.000000E+000
   0.000000E+000
   0.000000E+000
   0.000000E+000
   0.000000E+000
   0.000000E+000
   0.000000E+000
   0.000000E+000
   0.000000E+000
   0.000000E+000
   0.000000E+000
   0.000000E+000
   0.000000E+000
   0.000000E+000
   0.000000E+000
   0.000000E+000
   0.000000E+000
   0.000000E+000
   0.000000E+000
   0.000000E+000
   0.000000E+000
   0.000000E+000
   0.000000E+000
   0.000000E+000
   0.000000E+000
   0.000000E+000
   0.000000E+000
   0.000000E+000
   0.000000E+000
   0.000000E+000
   0.000000E+000
   0.000000E+000
   0.000000E+000
   0.000000E+000
   0.000000E+000
   0.000000E+000
   0.000000E+000
   0.000000E+000
   0.000000E+000
   0.000000E+000
   0.000000E+000
   0.000000E+000
   0.000000E+000
   0.000000E+000
   0.000000E+000
   0.000000E+000
   0.000000E+000
   0.000000E+000
   0.000000E+000
   0.000000E+000
   0.000000E+000
   0.000000E+000
   0.000000E+000
   0.000000E+000
   0.000000E+000
   0.000000E+000
   0.000000E+000
   0.000000E+000
   0.000000E+000
   0.000000E+000
   0.000000E+000
   0.000000E+000
   0.000000E+000
   0.000000E+000
   0.000000E+000
   0.000000E+000
   0.000000E+000
   0.000000E+000
   0.000000E+000
   0.000000E+000
   0.000000E+000
   0.000000E+000
   0.000000E+000
   0.000000E+000
   0.000000E+000
   0.000000E+000
   0.000000E+000
   0.000000E+000
   0.000000E+000
   0.000000E+000
   0.000000E+000
   0.000000E+000
   0.000000E+000
   0.000000E+000
   0.000000E+000
   0.000000E+000
   0.000000E+000
   0.000000E+000
   0.000000E+000
   0.000000E+000
   0.000000E+000
   0.000000E+000
   0.000000E+000
   0.000000E+000
   0.000000E+000
   0.000000E+000
   0.000000E+000
   0.000000E+000
   0.000000E+000
   0.000000E+000
   0.000000E+000
   0.000000E+000
   0.000000E+000
   0.000000E+000
   0.000000E+000
   0.000000E+000
   0.000000E+000
   0.000000E+000
   0.000000E+000
   0.000000E+000
   0.000000E+000
   0.000000E+000
   0.000000E+000
   0.000000E+000
   0.000000E+000
   0.000000E+000
   0.000000E+000
   0.000000E+000
   0.000000E+000
   0.000000E+000
   0.000000E+000
   0.000000E+000
   0.000000E+000
   0.000000E+000
   0.000000E+000
   0.000000E+000
   0.000000E+000
   0.000000E+000
   0.000000E+000
   0.000000E+000
   0.000000E+000
   0.000000E+000
   0.000000E+000
   0.000000E+000
   0.000000E+000
   0.000000E+000
   0.000000E+000
   0.000000E+000
   0.000000E+000
   0.000000E+000
   0.000000E+000
   0.000000E+000
   0.000000E+000
   0.000000E+000
   0.000000E+000
   0.000000E+000
   0.000000E+000
   0.000000E+000
   0.000000E+000
   0.000000E+000
   0.000000E+000
   0.000000E+000
   0.000000E+000
   0.000000E+000
   0.000000E+000
   0.000000E+000
   0.000000E+000
   0.000000E+000
   0.000000E+000
   0.000000E+000
   0.000000E+000
   0.000000E+000
   0.000000E+000
   0.000000E+000
   0.000000E+000
   0.000000E+000
   0.000000E+000
   0.000000E+000
   0.000000E+000
   0.000000E+000
   0.000000E+000
   0.000000E+000
   0.000000E+000
   0.000000E+000
   0.000000E+000
   0.000000E+000
   0.000000E+000
   0.000000E+000
   0.000000E+000
   0.000000E+000
   0.000000E+000
   0.000000E+000
   0.000000E+000
   0.000000E+000
   0.000000E+000
   0.000000E+000
   0.000000E+000
   0.000000E+000
   0.000000E+000
   0.000000E+000
   0.000000E+000
   0.000000E+000
   0.000000E+000
   0.000000E+000
   0.000000E+000
   0.000000E+000
   0.000000E+000
   0.000000E+000
   0.000000E+000
   0.000000E+000
   0.000000E+000
   0.000000E+000
   0.000000E+000
   0.000000E+000
   0.000000E+000
   0.000000E+000
   0.000000E+000
   0.000000E+000
   0.000000E+000
   0.000000E+000
   0.000000E+000
   0.000000E+000
   0.000000E+000
   0.000000E+000
   0.000000E+000
   0.000000E+000
   0.000000E+000
   0.000000E+000
   0.000000E+000
   0.000000E+000
   0.000000E+000
   0.000000E+000
   0.000000E+000
   0.000000E+000
   0.000000E+000
   0.000000E+000
   0.000000E+000
   0.000000E+000
   0.000000E+000
   0.000000E+000
   0.000000E+000
   0.000000E+000
   0.000000E+000
   0.000000E+000
   0.000000E+000
   0.000000E+000
   0.000000E+000
   0.000000E+000
   0.000000E+000
   0.000000E+000
   0.000000E+000
   0.000000E+000
   0.000000E+000
   0.000000E+000
   0.000000E+000
   0.000000E+000
   0.000000E+000
   0.000000E+000
   0.000000E+000
   0.000000E+000
   0.000000E+000
   0.000000E+000
   0.000000E+000
   0.000000E+000
   0.000000E+000
   0.000000E+000
   0.000000E+000
   0.000000E+000
   0.000000E+000
   0.000000E+000
   0.000000E+000
   0.000000E+000
   0.000000E+000
   0.000000E+000
   0.000000E+000
   0.000000E+000
   0.000000E+000
   0.000000E+000
   0.000000E+000
   0.000000E+000
   0.000000E+000
   0.000000E+000
   0.000000E+000
   0.000000E+000
   0.000000E+000
   0.000000E+000
   0.000000E+000
   0.000000E+000
   0.000000E+000
   0.000000E+000
   0.000000E+000
   0.000000E+000
   0.000000E+000
   0.000000E+000
   0.000000E+000
   0.000000E+000
   0.000000E+000
   0.000000E+000
   0.000000E+000
   0.000000E+000
   0.000000E+000
   0.000000E+000
   0.000000E+000
   0.000000E+000
   0.000000E+000
   0.000000E+000
   0.000000E+000
   0.000000E+000
   0.000000E+000
   0.000000E+000
   0.000000E+000
   0.000000E+000
   0.000000E+000
   0.000000E+000
   0.000000E+000
   0.000000E+000
   0.000000E+000
   0.000000E+000
   0.000000E+000
   0.000000E+000
   0.000000E+000
   0.000000E+000
   0.000000E+000
   0.000000E+000
   0.000000E+000
   0.000000E+000
   0.000000E+000
   0.000000E+000
   0.000000E+000
   0.000000E+000
   0.000000E+000
   0.000000E+000
   0.000000E+000
   0.000000E+000
   0.000000E+000
   0.000000E+000
   0.000000E+000
   0.000000E+000
   0.000000E+000
   0.000000E+000
   0.000000E+000
   0.000000E+000
   0.000000E+000
   0.000000E+000
   0.000000E+000
   0.000000E+000
   0.000000E+000
   0.000000E+000
   0.000000E+000
   0.000000E+000
   0.000000E+000
   0.000000E+000
   0.000000E+000
   0.000000E+000
   0.000000E+000
   0.000000E+000
   0.000000E+000
   0.000000E+000
   0.000000E+000
   0.000000E+000
   0.000000E+000
   0.000000E+000
   0.000000E+000
   0.000000E+000
   0.000000E+000
   0.000000E+000
   0.000000E+000
   0.000000E+000
   0.000000E+000
   0.000000E+000
   0.000000E+000
   0.000000E+000
   0.000000E+000
   0.000000E+000
   0.000000E+000
   0.000000E+000
   0.000000E+000
   0.000000E+000
   0.000000E+000
   0.000000E+000
   0.000000E+000
   0.000000E+000
   0.000000E+000
   0.000000E+000
   0.000000E+000
   0.000000E+000
   0.000000E+000
   0.000000E+000
   0.000000E+000
   0.000000E+000
   0.000000E+000
   0.000000E+000
   0.000000E+000
   0.000000E+000
   0.000000E+000
   0.000000E+000
   0.000000E+000
   0.000000E+000
   0.000000E+000
   0.000000E+000
   0.000000E+000
   0.000000E+000
   0.000000E+000
   0.000000E+000
   0.000000E+000
   0.000000E+000
   0.000000E+000
   0.000000E+000
   0.000000E+000
   0.000000E+000
   0.000000E+000
   0.000000E+000
   0.000000E+000
   0.000000E+000
   0.000000E+000
   0.000000E+000
   0.000000E+000
   0.000000E+000
   0.000000E+000
   0.000000E+000
   0.000000E+000
   0.000000E+000
   0.000000E+000
   0.000000E+000
   0.000000E+000
   0.000000E+000
   0.000000E+000
   0.000000E+000
   0.000000E+000
   0.000000E+000
   0.000000E+000
   0.000000E+000
   0.000000E+000
   0.000000E+000
   0.000000E+000
   0.000000E+000
   0.000000E+000
   0.000000E+000
   0.000000E+000
   0.000000E+000
   0.000000E+000
   0.000000E+000
   0.000000E+000
   0.000000E+000
   0.000000E+000
   0.000000E+000
   0.000000E+000
   0.000000E+000
   0.000000E+000
   0.000000E+000
   0.000000E+000
   0.000000E+000
   0.000000E+000
   0.000000E+000
   0.000000E+000
   0.000000E+000
   0.000000E+000
   0.000000E+000
   0.000000E+000
   0.000000E+000
   0.000000E+000
   0.000000E+000
   0.000000E+000
   0.000000E+000
   0.000000E+000
   0.000000E+000
   0.000000E+000
   0.000000E+000
   0.000000E+000
   0.000000E+000
   0.000000E+000
   0.000000E+000
   0.000000E+000
   0.000000E+000
   0.000000E+000
   0.000000E+000
   0.000000E+000
   0.000000E+000
   0.000000E+000
   0.000000E+000
   0.000000E+000
   0.000000E+000
   0.000000E+000
   0.000000E+000
   0.000000E+000
   0.000000E+000
   0.000000E+000
   0.000000E+000
   0.000000E+000
   0.000000E+000
   0.000000E+000
   0.000000E+000
   0.000000E+000
   0.000000E+000
   0.000000E+000
   0.000000E+000
   0.000000E+000
   0.000000E+000
   0.000000E+000
   0.000000E+000
   0.000000E+000
   0.000000E+000
   0.000000E+000
   0.000000E+000
   0.000000E+000
   0.000000E+000
   0.000000E+000
   0.000000E+000
   0.000000E+000
   0.000000E+000
   0.000000E+000
   0.000000E+000
   0.000000E+000
   0.000000E+000
   0.000000E+000
   0.000000E+000
   0.000000E+000
   0.000000E+000
   0.000000E+000
   0.000000E+000
   0.000000E+000
   0.000000E+000
   0.000000E+000
   0.000000E+000
   0.000000E+000
   0.000000E+000
   0.000000E+000
   0.000000E+000
   0.000000E+000
   0.000000E+000
   0.000000E+000
   0.000000E+000
   0.000000E+000
   0.000000E+000
   0.000000E+000
   0.000000E+000
   0.000000E+000
   0.000000E+000
   0.000000E+000
   0.000000E+000
   0.000000E+000
   0.000000E+000
   0.000000E+000
   0.000000E+000
   0.000000E+000
   0.000000E+000
   0.000000E+000
   0.000000E+000
   0.000000E+000
   0.000000E+000
   0.000000E+000
   0.000000E+000
   0.000000E+000
   0.000000E+000
   0.000000E+000
   0.000000E+000
   0.000000E+000
   0.000000E+000
   0.000000E+000
   0.000000E+000
   0.000000E+000
   0.000000E+000
   0.000000E+000
   0.000000E+000
   0.000000E+000
   0.000000E+000
   0.000000E+000
   0.000000E+000
   0.000000E+000
   0.000000E+000
   0.000000E+000
   0.000000E+000
   0.000000E+000
   0.000000E+000
   0.000000E+000
   0.000000E+000
   0.000000E+000
   0.000000E+000
   0.000000E+000
   0.000000E+000
   0.000000E+000
   0.000000E+000
   0.000000E+000
   0.000000E+000
   0.000000E+000
   0.000000E+000
   0.000000E+000
   0.000000E+000
   0.000000E+000
   0.000000E+000
   0.000000E+000
   0.000000E+000
   0.000000E+000
   0.000000E+000
   0.000000E+000
   0.000000E+000
   0.000000E+000
   0.000000E+000
   0.000000E+000
   0.000000E+000
   0.000000E+000
   0.000000E+000
   0.000000E+000
   0.000000E+000
   0.000000E+000
   0.000000E+000
   0.000000E+000
   0.000000E+000
   0.000000E+000
   0.000000E+000
   0.000000E+000
   0.000000E+000
   0.000000E+000
   0.000000E+000
   0.000000E+000
   0.000000E+000
   0.000000E+000
   0.000000E+000
   0.000000E+000
   0.000000E+000
   0.000000E+000
   0.000000E+000
   0.000000E+000
   0.000000E+000
   0.000000E+000
   0.000000E+000
   0.000000E+000
   0.000000E+000
   0.000000E+000
   0.000000E+000
   0.000000E+000
   0.000000E+000
   0.000000E+000
   0.000000E+000
   0.000000E+000
   0.000000E+000
   0.000000E+000
   0.000000E+000
   0.000000E+000
   0.000000E+000
   0.000000E+000
   0.000000E+000
   0.000000E+000
   0.000000E+000
   0.000000E+000
   0.000000E+000
   0.000000E+000
   0.000000E+000
   0.000000E+000
   0.000000E+000
   0.000000E+000
   0.000000E+000
   0.000000E+000
   0.000000E+000
   0.000000E+000
   0.000000E+000
   0.000000E+000
   0.000000E+000
   0.000000E+000
   0.000000E+000
   0.000000E+000
   0.000000E+000
   0.000000E+000
   0.000000E+000
   0.000000E+000
   0.000000E+000
   0.000000E+000
   0.000000E+000
   0.000000E+000
   0.000000E+000
   0.000000E+000
   0.000000E+000
   0.000000E+000
   0.000000E+000
   0.000000E+000
   0.000000E+000
   0.000000E+000
   0.000000E+000
   0.000000E+000
   0.000000E+000
   0.000000E+000
   0.000000E+000
   0.000000E+000
   0.000000E+000
   0.000000E+000
   0.000000E+000
   0.000000E+000
   0.000000E+000
   0.000000E+000
   0.000000E+000
   0.000000E+000
   0.000000E+000
   0.000000E+000
   0.000000E+000
   0.000000E+000
   0.000000E+000
   0.000000E+000
   0.000000E+000
   0.000000E+000
   0.000000E+000
   0.000000E+000
   0.000000E+000
   0.000000E+000
   0.000000E+000
   0.000000E+000
   0.000000E+000
   0.000000E+000
   0.000000E+000
   0.000000E+000
   0.000000E+000
   0.000000E+000
   0.000000E+000
   0.000000E+000
   0.000000E+000
   0.000000E+000
   0.000000E+000
   0.000000E+000
   0.000000E+000
   0.000000E+000
   0.000000E+000
   0.000000E+000
   0.000000E+000
   0.000000E+000
   0.000000E+000
   0.000000E+000
   0.000000E+000
   0.000000E+000
   0.000000E+000
   0.000000E+000
   0.000000E+000
   0.000000E+000
   0.000000E+000
   0.000000E+000
   0.000000E+000
   0.000000E+000
   0.000000E+000
   0.000000E+000
   0.000000E+000
   0.000000E+000
   0.000000E+000
   0.000000E+000
   0.000000E+000
   0.000000E+000
   0.000000E+000
   0.000000E+000
   0.000000E+000
   0.000000E+000
   0.000000E+000
   0.000000E+000
   0.000000E+000
   0.000000E+000
   0.000000E+000
   0.000000E+000
   0.000000E+000
   0.000000E+000
   0.000000E+000
   0.000000E+000
   0.000000E+000
   0.000000E+000
   0.000000E+000
   0.000000E+000
   0.000000E+000
   0.000000E+000
   0.000000E+000
   0.000000E+000
   0.000000E+000
   0.000000E+000
   0.000000E+000
   0.000000E+000
   0.000000E+000
   0.000000E+000
   0.000000E+000
   0.000000E+000
   0.000000E+000
   0.000000E+000
   0.000000E+000
   0.000000E+000
   0.000000E+000
   0.000000E+000
   0.000000E+000
   0.000000E+000
   0.000000E+000
   0.000000E+000
   0.000000E+000
   0.000000E+000
   0.000000E+000
   0.000000E+000
   0.000000E+000
   0.000000E+000
   0.000000E+000
   0.000000E+000
   0.000000E+000
   0.000000E+000
   0.000000E+000
   0.000000E+000
   0.000000E+000
   0.000000E+000
   0.000000E+000
   0.000000E+000
   0.000000E+000
   0.000000E+000
   0.000000E+000
   0.000000E+000
   0.000000E+000
   0.000000E+000
   0.000000E+000
   0.000000E+000
   0.000000E+000
   0.000000E+000
   0.000000E+000
   0.000000E+000
   0.000000E+000
   0.000000E+000
   0.000000E+000
   0.000000E+000
   0.000000E+000
   0.000000E+000
   0.000000E+000
   0.000000E+000
   0.000000E+000
   0.000000E+000
   0.000000E+000
   0.000000E+000
   0.000000E+000
   0.000000E+000
   0.000000E+000
   0.000000E+000
   0.000000E+000
   0.000000E+000
   0.000000E+000
   0.000000E+000
   0.000000E+000
   0.000000E+000
   0.000000E+000
   0.000000E+000
   0.000000E+000
   0.000000E+000
   0.000000E+000
   0.000000E+000
   0.000000E+000
   0.000000E+000
   0.000000E+000
   0.000000E+000
   0.000000E+000
   0.000000E+000
   0.000000E+000
   0.000000E+000
   0.000000E+000
   0.000000E+000
   0.000000E+000
   0.000000E+000
   0.000000E+000
   0.000000E+000
   0.000000E+000
   0.000000E+000
   0.000000E+000
   0.000000E+000
   0.000000E+000
   0.000000E+000
   0.000000E+000
   0.000000E+000
   0.000000E+000
   0.000000E+000
   0.000000E+000
   0.000000E+000
   0.000000E+000
   0.000000E+000
   0.000000E+000
   0.000000E+000
   0.000000E+000
   0.000000E+000
   0.000000E+000
   0.000000E+000
   0.000000E+000
   0.000000E+000
   0.000000E+000
   0.000000E+000
   0.000000E+000
   0.000000E+000
   0.000000E+000
   0.000000E+000
   0.000000E+000
   0.000000E+000
   0.000000E+000
   0.000000E+000
   0.000000E+000
   0.000000E+000
   0.000000E+000
   0.000000E+000
   0.000000E+000
   0.000000E+000
   0.000000E+000
   0.000000E+000
   0.000000E+000
   0.000000E+000
   0.000000E+000
   0.000000E+000
   0.000000E+000
   0.000000E+000
   0.000000E+000
   0.000000E+000
   0.000000E+000
   0.000000E+000
   0.000000E+000
   0.000000E+000
   0.000000E+000
   0.000000E+000
   0.000000E+000
   0.000000E+000
   0.000000E+000
   0.000000E+000
   0.000000E+000
   0.000000E+000
   0.000000E+000
   0.000000E+000
   0.000000E+000
   0.000000E+000
   0.000000E+000
   0.000000E+000
   0.000000E+000
   0.000000E+000
   0.000000E+000
   0.000000E+000
   0.000000E+000
   0.000000E+000
   0.000000E+000
   0.000000E+000
   0.000000E+000
   0.000000E+000
   0.000000E+000
   0.000000E+000
   0.000000E+000
   0.000000E+000
   0.000000E+000
   0.000000E+000
   0.000000E+000
   0.000000E+000
   0.000000E+000
   0.000000E+000
   0.000000E+000
   0.000000E+000
   0.000000E+000
   0.000000E+000
   0.000000E+000
   0.000000E+000
   0.000000E+000
   0.000000E+000
   0.000000E+000
   0.000000E+000
   0.000000E+000
   0.000000E+000
   0.000000E+000
   0.000000E+000
   0.000000E+000
   0.000000E+000
   0.000000E+000
   0.000000E+000
   0.000000E+000
   0.000000E+000
   0.000000E+000
   0.000000E+000
   0.000000E+000
   0.000000E+000
   0.000000E+000
   0.000000E+000
   0.000000E+000
   0.000000E+000
   0.000000E+000
   0.000000E+000
   0.000000E+000
   0.000000E+000
   0.000000E+000
   0.000000E+000
   0.000000E+000
   0.000000E+000
   0.000000E+000
   0.000000E+000
   0.000000E+000
   0.000000E+000
   0.000000E+000
   0.000000E+000
   0.000000E+000
   0.000000E+000
   0.000000E+000
   0.000000E+000
   0.000000E+000
   0.000000E+000
   0.000000E+000
   0.000000E+000
   0.000000E+000
   0.000000E+000
   0.000000E+000
   0.000000E+000
   0.000000E+000
   0.000000E+000
   0.000000E+000
   0.000000E+000
   0.000000E+000
   0.000000E+000
   0.000000E+000
   0.000000E+000
   0.000000E+000
   0.000000E+000
   0.000000E+000
   0.000000E+000
   0.000000E+000
   0.000000E+000
   0.000000E+000
   0.000000E+000
   0.000000E+000
   0.000000E+000
   0.000000E+000
   0.000000E+000
   0.000000E+000
   0.000000E+000
   0.000000E+000
   0.000000E+000
   0.000000E+000
   0.000000E+000
   0.000000E+000
   0.000000E+000
   0.000000E+000
   0.000000E+000
   0.000000E+000
   0.000000E+000
   0.000000E+000
   0.000000E+000
   0.000000E+000
   0.000000E+000
   0.000000E+000
   0.000000E+000
   0.000000E+000
   0.000000E+000
   0.000000E+000
   0.000000E+000
   0.000000E+000
   0.000000E+000
   0.000000E+000
   0.000000E+000
   0.000000E+000
   0.000000E+000
   0.000000E+000
   0.000000E+000
   0.000000E+000
   0.000000E+000
   0.000000E+000
   0.000000E+000
   0.000000E+000
   0.000000E+000
   0.000000E+000
   0.000000E+000
   0.000000E+000
   0.000000E+000
   0.000000E+000
   0.000000E+000
   0.000000E+000
   0.000000E+000
   0.000000E+000
   0.000000E+000
   0.000000E+000
   0.000000E+000
   0.000000E+000
   0.000000E+000
   0.000000E+000
   0.000000E+000
   0.000000E+000
   0.000000E+000
   0.000000E+000
   0.000000E+000
   0.000000E+000
   0.000000E+000
   0.000000E+000
   0.000000E+000
   0.000000E+000
   0.000000E+000
   0.000000E+000
   0.000000E+000
   0.000000E+000
   0.000000E+000
   0.000000E+000
   0.000000E+000
   0.000000E+000
   0.000000E+000
   0.000000E+000
   0.000000E+000
   0.000000E+000
   0.000000E+000
   0.000000E+000
   0.000000E+000
   0.000000E+000
   0.000000E+000
   0.000000E+000
   0.000000E+000
   0.000000E+000
   0.000000E+000
   0.000000E+000
   0.000000E+000
   0.000000E+000
   0.000000E+000
   0.000000E+000
   0.000000E+000
   0.000000E+000
   0.000000E+000
   0.000000E+000
   0.000000E+000
   0.000000E+000
   0.000000E+000
   0.000000E+000
   0.000000E+000
   0.000000E+000
   0.000000E+000
   0.000000E+000
   0.000000E+000
   0.000000E+000
   0.000000E+000
   0.000000E+000
   0.000000E+000
   0.000000E+000
   0.000000E+000
   0.000000E+000
   0.000000E+000
   0.000000E+000
   0.000000E+000
   0.000000E+000
   0.000000E+000
   0.000000E+000
   0.000000E+000
   0.000000E+000
   0.000000E+000
   0.000000E+000
   0.000000E+000
   0.000000E+000
   0.000000E+000
   0.000000E+000
   0.000000E+000
   0.000000E+000
   0.000000E+000
   0.000000E+000
   0.000000E+000
   0.000000E+000
   0.000000E+000
   0.000000E+000
   0.000000E+000
   0.000000E+000
   0.000000E+000
   0.000000E+000
   0.000000E+000
   0.000000E+000
   0.000000E+000
   0.000000E+000
   0.000000E+000
   0.000000E+000
   0.000000E+000
   0.000000E+000
   0.000000E+000
   0.000000E+000
   0.000000E+000
   0.000000E+000
   0.000000E+000
   0.000000E+000
   0.000000E+000
   0.000000E+000
   0.000000E+000
   0.000000E+000
   0.000000E+000
   0.000000E+000
   0.000000E+000
   0.000000E+000
   0.000000E+000
   0.000000E+000
   0.000000E+000
   0.000000E+000
   0.000000E+000
   0.000000E+000
   0.000000E+000
   0.000000E+000
   0.000000E+000
   0.000000E+000
   0.000000E+000
   0.000000E+000
   0.000000E+000
   0.000000E+000
   0.000000E+000
   0.000000E+000
   0.000000E+000
   0.000000E+000
   0.000000E+000
   0.000000E+000
   0.000000E+000
   0.000000E+000
   0.000000E+000
   0.000000E+000
   0.000000E+000
   0.000000E+000
   0.000000E+000
   0.000000E+000
   0.000000E+000
   0.000000E+000
   0.000000E+000
   0.000000E+000
   0.000000E+000
   0.000000E+000
   0.000000E+000
   0.000000E+000
   0.000000E+000
   0.000000E+000
   0.000000E+000
   0.000000E+000
   0.000000E+000
   0.000000E+000
   0.000000E+000
   0.000000E+000
   0.000000E+000
   0.000000E+000
   0.000000E+000
   0.000000E+000
   0.000000E+000
   0.000000E+000
   0.000000E+000
   0.000000E+000
   0.000000E+000
   0.000000E+000
   0.000000E+000
   0.000000E+000
   0.000000E+000
   0.000000E+000
   0.000000E+000
   0.000000E+000
   0.000000E+000
   0.000000E+000
   0.000000E+000
   0.000000E+000
   0.000000E+000
   0.000000E+000
   0.000000E+000
   0.000000E+000
   0.000000E+000
   0.000000E+000
   0.000000E+000
   0.000000E+000
   0.000000E+000
   0.000000E+000
   0.000000E+000
   0.000000E+000
   0.000000E+000
   0.000000E+000
   0.000000E+000
   0.000000E+000
   0.000000E+000
   0.000000E+000
   0.000000E+000
   0.000000E+000
   0.000000E+000
   0.000000E+000
   0.000000E+000
   0.000000E+000
   0.000000E+000
   0.000000E+000
   0.000000E+000
   0.000000E+000
   0.000000E+000
   0.000000E+000
   0.000000E+000
   0.000000E+000
   0.000000E+000
   0.000000E+000
   0.000000E+000
   0.000000E+000
   0.000000E+000
   0.000000E+000
   0.000000E+000
   0.000000E+000
   0.000000E+000
   0.000000E+000
   0.000000E+000
   0.000000E+000
   0.000000E+000
   0.000000E+000
   0.000000E+000
