   4.421031E-276
   4.419332E-276
   4.414217E-276
   4.405637E-276
   4.393507E-276
   4.377712E-276
   4.358104E-276
   4.334503E-276
   4.306701E-276
   4.274460E-276
   4.237515E-276
   4.195581E-276
   4.148346E-276
   4.095482E-276
   4.036647E-276
   3.971488E-276
   3.899645E-276
   3.820759E-276
   3.734479E-276
   3.640469E-276
   3.538414E-276
   3.428034E-276
   3.309095E-276
   3.181420E-276
   3.044905E-276
   2.899535E-276
   2.745404E-276
   2.582735E-276
   2.411903E-276
   2.233465E-276
   2.048183E-276
   1.857065E-276
   1.661394E-276
   1.462772E-276
   1.263168E-276
   1.064960E-276
   8.709967E-277
   6.846534E-277
   5.099011E-277
   3.513777E-277
   2.144684E-277
   1.053930E-277
   3.130180E-278
   3.793362E-280
   2.195875E-278
   1.066455E-277
   2.664522E-277
   5.149449E-277
   8.674023E-277
   1.340959E-276
   1.950886E-276
   2.708601E-276
   3.624319E-276
   4.705665E-276
   5.957137E-276
   7.379583E-276
   8.969710E-276
   1.071962E-275
   1.261643E-275
   1.464188E-275
   1.677215E-275
   1.897763E-275
   2.122294E-275
   2.346702E-275
   2.566342E-275
   2.776074E-275
   2.970334E-275
   3.143226E-275
   3.288645E-275
   3.400424E-275
   3.472523E-275
   3.499251E-275
   3.475531E-275
   3.397210E-275
   3.261417E-275
   3.066979E-275
   2.814894E-275
   2.508865E-275
   2.155904E-275
   1.767014E-275
   1.357947E-275
   9.500444E-276
   5.711783E-276
   2.567824E-276
   5.099241E-277
   7.896701E-278
   1.907162E-276
   6.521481E-276
   1.425941E-275
   2.527317E-275
   3.950897E-275
   5.669311E-275
   7.632610E-275
   9.768624E-275
   1.198437E-274
   1.416864E-274
   1.619593E-274
   1.793173E-274
   1.923944E-274
   1.998896E-274
   2.006709E-274
   1.939000E-274
   1.791773E-274
   1.567109E-274
   1.275090E-274
   9.359970E-275
   5.827843E-275
   2.638574E-275
   4.616567E-276
   1.863568E-276
   2.959627E-275
   1.010598E-274
   2.239580E-274
   4.008263E-274
   6.289377E-274
   8.999305E-274
   1.199903E-273
   1.509885E-273
   1.806724E-273
   2.064411E-273
   2.255885E-273
   2.355354E-273
   2.341156E-273
   2.199208E-273
   1.927077E-273
   1.538707E-273
   1.069850E-273
   5.842367E-274
   1.805290E-274
   1.043047E-277
   2.357104E-274
   1.133561E-273
   2.855783E-273
   5.422860E-273
   8.743621E-273
   1.260879E-272
   1.670076E-272
   2.061410E-272
   2.388747E-272
   2.604775E-272
   2.666697E-272
   2.543292E-272
   2.223413E-272
   1.726006E-272
   1.111716E-272
   4.961903E-273
   6.513087E-274
   9.121109E-274
   9.529257E-273
   3.049322E-272
   6.454016E-272
   1.101691E-271
   1.636523E-271
   2.192632E-271
   2.697794E-271
   3.072481E-271
   3.240245E-271
   3.140995E-271
   2.747296E-271
   2.083843E-271
   1.250247E-271
   4.472993E-272
   6.871938E-274
   4.256038E-272
   2.395380E-271
   6.388584E-271
   1.225477E-270
   1.946386E-270
   2.711563E-270
   3.403466E-270
   3.891962E-270
   4.054819E-270
   3.804043E-270
   3.118266E-270
   2.081480E-270
   9.283508E-271
   9.640820E-272
   2.853678E-271
   2.523800E-270
   7.818209E-270
   1.597440E-269
   2.609635E-269
   3.666598E-269
   4.572957E-269
   5.119863E-269
   5.125882E-269
   4.489088E-269
   3.250773E-269
   1.671203E-269
   3.178741E-270
   1.667072E-270
   2.716676E-269
   9.761221E-269
   2.119192E-268
   3.548401E-268
   5.012240E-268
   6.192864E-268
   6.763851E-268
   6.467975E-268
   5.215547E-268
   3.204015E-268
   1.059493E-268
   9.614132E-272
   2.027852E-268
   1.003526E-267
   2.504024E-267
   4.479445E-267
   6.546151E-267
   8.207060E-267
   8.951650E-267
   8.391766E-267
   6.433784E-267
   3.488153E-267
   7.174154E-268
   3.238428E-268
   5.877894E-267
   2.177448E-266
   4.695393E-266
   7.637353E-266
   1.028186E-265
   1.182023E-265
   1.156709E-265
   9.233285E-266
   5.262381E-266
   1.232463E-266
   3.248914E-267
   7.861863E-266
   3.073577E-265
   6.730620E-265
   1.090630E-264
   1.443855E-264
   1.608658E-264
   1.490602E-264
   1.072994E-264
   4.757607E-265
   2.532908E-266
   3.357784E-265
   2.398355E-264
   6.858523E-264
   1.268047E-263
   1.821095E-263
   2.152152E-263
   2.096625E-263
   1.592395E-263
   7.717885E-264
   7.159032E-265
   3.614708E-264
   3.090124E-263
   9.409969E-263
   1.773167E-262
   2.544032E-262
   2.957730E-262
   2.777185E-262
   1.948761E-262
   7.559263E-263
   2.316180E-265
   1.224769E-262
   6.864900E-262
   1.738248E-261
   2.937311E-261
   3.844590E-261
   4.031933E-261
   3.259042E-261
   1.697882E-261
   2.041248E-262
   6.362902E-262
   6.222040E-261
   1.967362E-260
   3.682171E-260
   5.111126E-260
   5.581706E-260
   4.666659E-260
   2.530267E-260
   3.495299E-261
   8.110269E-261
   8.683265E-260
   2.815789E-259
   5.269478E-259
   7.207626E-259
   7.630878E-259
   5.991814E-259
   2.759888E-259
   1.048763E-260
   2.699785E-259
   1.854125E-258
   5.019294E-258
   8.438371E-258
   1.051240E-257
   9.916398E-258
   6.370900E-258
   1.606972E-258
   5.170694E-259
   1.249318E-257
   4.920995E-257
   9.932237E-257
   1.387422E-256
   1.448172E-256
   1.066572E-256
   3.922228E-257
   3.051362E-259
   1.104062E-256
   5.563890E-256
   1.263592E-255
   1.871737E-255
   2.029066E-255
   1.543571E-255
   5.965473E-256
   1.199183E-258
   1.505829E-255
   7.881135E-255
   1.803879E-254
   2.645384E-254
   2.792207E-254
   1.998142E-254
   6.280454E-255
   6.401856E-256
   3.179954E-254
   1.391748E-253
   2.859117E-253
   3.860616E-253
   3.686432E-253
   2.186070E-253
   3.183671E-254
   8.064898E-254
   8.887509E-253
   2.797341E-252
   4.754229E-252
   5.507728E-252
   4.298212E-252
   1.598026E-252
   3.027752E-254
   5.445992E-252
   2.663507E-251
   5.662848E-251
   7.580221E-251
   6.898916E-251
   3.536713E-251
   1.592347E-252
   3.735184E-251
   2.693958E-250
   6.930340E-250
   1.025317E-249
   1.014659E-249
   5.925367E-250
   6.474377E-251
   3.402999E-250
   3.179169E-249
   9.113199E-249
   1.411684E-248
   1.432076E-248
   8.505873E-249
   9.536084E-250
   4.881628E-249
   4.613245E-248
   1.314993E-247
   2.001454E-247
   1.959798E-247
   1.063316E-247
   5.747127E-249
   1.085219E-247
   8.140588E-247
   2.061079E-246
   2.887847E-246
   2.548654E-246
   1.082246E-246
   2.796183E-249
   3.116276E-246
   1.631729E-245
   3.375076E-245
   4.090485E-245
   2.962773E-245
   6.868228E-246
   5.728390E-246
   9.822145E-245
   3.369987E-244
   5.444356E-244
   5.322445E-244
   2.640734E-244
   2.596031E-246
   4.874569E-244
   2.986553E-243
   6.556906E-243
   8.005507E-243
   5.586169E-243
   1.012887E-243
   1.941835E-243
   2.473332E-242
   7.541649E-242
   1.108100E-241
   9.469750E-242
   3.229633E-242
   4.874447E-243
   2.107087E-241
   8.670431E-241
   1.486647E-240
   1.447089E-240
   6.489449E-241
   2.042068E-243
   2.015373E-240
   1.040544E-239
   1.998905E-239
   2.100144E-239
   1.062614E-239
   4.943269E-242
   2.304486E-239
   1.351521E-238
   2.749844E-238
   2.965783E-238
   1.528895E-238
   8.755658E-241
   3.278563E-238
   1.935871E-237
   3.901678E-237
   4.101827E-237
   1.955735E-237
   1.277529E-240
   5.776346E-237
   3.042790E-236
   5.678375E-236
   5.502536E-236
   2.137638E-236
   1.810986E-237
   1.203315E-235
   5.108221E-235
   8.318040E-235
   6.956994E-235
   1.738909E-235
   1.592043E-235
   2.778806E-234
   8.789306E-234
   1.187627E-233
   7.804181E-234
   5.904487E-235
   8.154506E-234
   6.555782E-233
   1.478745E-232
   1.572860E-232
   6.751375E-233
   2.905735E-234
   3.266764E-232
   1.445093E-231
   2.310485E-231
   1.772806E-231
   2.735947E-232
   1.021142E-231
   1.104731E-230
   2.803436E-230
   3.130445E-230
   1.386097E-230
   5.399687E-232
   6.676378E-230
   2.941420E-229
   4.560916E-229
   3.224107E-229
   2.807818E-230
   3.291528E-229
   2.727738E-228
   5.933505E-228
   5.691566E-228
   1.645516E-228
   1.125462E-228
   2.306110E-227
   7.195875E-227
   8.770833E-227
   4.148508E-227
   1.050020E-228
   1.882084E-226
   8.394969E-226
   1.256172E-225
   7.876555E-226
   1.562441E-227
   1.564540E-225
   9.701083E-225
   1.733585E-224
   1.303531E-224
   1.193017E-225
   1.379557E-224
   1.143677E-223
   2.361460E-223
   1.997658E-223
   3.074330E-224
   1.355071E-223
   1.413237E-222
   3.228309E-222
   2.920030E-222
   5.513722E-223
   1.567626E-222
   1.866831E-221
   4.474924E-221
   4.128303E-221
   7.925512E-222
   2.220096E-221
   2.659939E-220
   6.313158E-220
   5.663144E-220
   9.244150E-221
   3.837058E-220
   4.076144E-219
   9.037798E-219
   7.487910E-219
   7.961131E-220
   7.754002E-219
   6.623547E-218
   1.300254E-217
   9.368007E-218
   3.292610E-219
   1.731928E-217
   1.115257E-216
   1.849538E-216
   1.068176E-216
   3.003759E-219
   4.074964E-216
   1.891402E-215
   2.539937E-215
   1.025765E-215
   2.683848E-216
   9.697218E-215
   3.134625E-214
   3.249404E-214
   6.714536E-215
   1.829582E-214
   2.222856E-213
   4.919070E-213
   3.644434E-213
   9.572795E-215
   7.738639E-213
   4.666147E-212
   7.038778E-212
   3.141600E-212
   5.623203E-213
   2.614998E-211
   8.659122E-211
   8.660797E-211
   1.329731E-211
   7.423720E-211
   7.212391E-210
   1.378459E-209
   8.083548E-210
   1.163199E-211
   3.801158E-209
   1.572940E-208
   1.782693E-208
   3.743977E-209
   1.110130E-208
   1.310322E-207
   2.682210E-207
   1.618945E-207
   2.185367E-209
   7.667091E-207
   3.132351E-206
   3.403056E-206
   5.562870E-207
   2.969629E-206
   2.903057E-205
   5.275514E-205
   2.584795E-205
   4.013060E-206
   2.113752E-204
   6.735337E-204
   5.838742E-204
   2.334778E-205
   1.207581E-203
   7.349481E-203
   9.917623E-203
   2.616405E-203
   5.005807E-203
   6.938911E-202
   1.431972E-201
   7.624313E-202
   8.599877E-203
   5.734492E-201
   1.850580E-200
   1.527374E-200
   2.076706E-202
   4.236696E-200
   2.200197E-199
   2.556538E-199
   3.674220E-200
   2.821738E-199
   2.453317E-198
   3.855676E-198
   1.200893E-198
   1.632892E-198
   2.613410E-197
   5.447577E-197
   2.618071E-197
   7.322549E-198
   2.715515E-196
   7.388164E-196
   4.751274E-196
   1.727320E-197
   2.815354E-195
   9.791463E-195
   7.790527E-195
   1.575998E-198
   2.975737E-194
   1.285476E-193
   1.199353E-193
   2.500341E-195
   3.276324E-193
   1.694459E-192
   1.779521E-192
   9.353518E-194
   3.791153E-192
   2.249193E-191
   2.544831E-191
   1.853393E-192
   4.820885E-191
   3.094948E-190
   3.692163E-190
   3.512108E-191
   6.095926E-190
   4.108345E-189
   4.715101E-189
   2.394436E-190
   1.097492E-188
   6.735290E-188
   8.450043E-188
   1.374802E-188
   8.598955E-188
   5.969703E-187
   3.967599E-187
   2.220695E-187
   7.135504E-186
   3.044536E-185
   5.420565E-185
   5.613292E-185
   3.231784E-185
   7.229353E-185
   1.050265E-183
   7.095580E-183
   2.819457E-182
   9.473241E-182
   2.987150E-181
   8.138453E-181
   1.989389E-180
   7.082968E-180
   2.983416E-179
   1.022102E-178
   2.968776E-178
   1.052102E-177
   3.755774E-177
   1.120425E-176
   3.138425E-176
   1.170278E-175
   4.205399E-175
   1.244555E-174
   3.685123E-174
   1.366200E-173
   4.597542E-173
   1.291313E-172
   4.040679E-172
   1.491879E-171
   4.797816E-171
   1.322926E-170
   4.411342E-170
   1.575247E-169
   4.777942E-169
   1.327497E-168
   4.641831E-168
   1.585397E-167
   4.551890E-167
   1.329146E-166
   4.718706E-166
   1.521569E-165
   4.181173E-165
   1.315237E-164
   4.587268E-164
   1.388735E-163
   3.798294E-163
   1.273240E-162
   4.246393E-162
   1.205436E-161
   3.463745E-161
   1.188481E-160
   3.727378E-160
   1.010875E-159
   3.149771E-159
   1.058304E-158
   3.095428E-158
   8.471085E-158
   2.799593E-157
   8.922658E-157
   2.445316E-156
   7.181930E-156
   2.386648E-155
   7.092505E-155
   1.902211E-154
   6.041254E-154
   1.926325E-153
   5.320818E-153
   1.505745E-152
   4.907931E-152
   1.461657E-151
   3.885127E-151
   1.196684E-150
   3.776902E-150
   1.041760E-149
   2.891347E-149
   9.235834E-149
   2.725011E-148
   7.192488E-148
   2.175475E-147
   6.748861E-147
   1.840772E-146
   5.076125E-146
   1.591996E-145
   4.609153E-145
   1.208454E-144
   3.627872E-144
   1.100091E-143
   2.944067E-143
   8.156682E-143
   2.512710E-142
   7.078903E-142
   1.851257E-141
   5.549707E-141
   1.634805E-140
   4.278288E-140
   1.202861E-139
   3.626204E-139
   9.867339E-139
   2.602389E-138
   7.780174E-138
   2.209477E-137
   5.686521E-137
   1.630398E-136
   4.769855E-136
   1.249448E-135
   3.376111E-135
   9.966763E-135
   2.706443E-134
   6.983477E-134
   2.028041E-133
   5.692618E-133
   1.450018E-132
   4.047929E-132
   1.160769E-131
   3.004868E-131
   7.986856E-131
   2.302475E-130
   6.132840E-130
   1.567940E-129
   4.462147E-129
   1.220723E-128
   3.071405E-128
   8.488710E-128
   2.365822E-127
   5.987664E-127
   1.592641E-126
   4.473896E-126
   1.153477E-125
   2.958612E-125
   8.278192E-125
   2.180117E-124
   5.454929E-124
   1.502991E-123
   4.029042E-123
   9.983450E-123
   2.684839E-122
   7.282202E-122
   1.809900E-121
   4.730075E-121
   1.289299E-120
   3.238876E-120
   8.233229E-120
   2.239735E-119
   5.701814E-119
   1.417254E-118
   3.823491E-118
   9.853884E-118
   2.413079E-117
   6.422841E-117
   1.671008E-116
   4.061557E-116
   1.062846E-115
   2.781730E-115
   6.750480E-115
   1.733983E-114
   4.549647E-114
   1.106533E-113
   2.790445E-113
   7.316737E-113
   1.786897E-112
   4.430685E-112
   1.157826E-111
   2.840481E-111
   6.941316E-111
   1.803879E-110
   4.443099E-110
   1.072833E-109
   2.768262E-109
   6.838157E-109
   1.635445E-108
   4.185920E-108
   1.035605E-107
   2.458262E-107
   6.238233E-107
   1.543693E-106
   3.642471E-106
   9.164039E-106
   2.265420E-105
   5.319158E-105
   1.327113E-104
   3.273840E-104
   7.654047E-104
   1.894724E-103
   4.659853E-103
   1.085150E-102
   2.666927E-102
   6.533888E-102
   1.515772E-101
   3.701123E-101
   9.026868E-101
   2.086116E-100
   5.064332E-100
   1.228878E-099
   2.828899E-099
   6.832464E-099
   1.648580E-098
   3.780052E-098
   9.088642E-098
   2.179468E-097
   4.977568E-097
   1.192028E-096
   2.839414E-096
   6.459863E-096
   1.541477E-095
   3.645320E-095
   8.263653E-095
   1.965371E-094
   4.611654E-094
   1.042143E-093
   2.470564E-093
   5.748771E-093
   1.295859E-092
   3.061751E-092
   7.061109E-092
   1.589011E-091
   3.740519E-091
   8.545799E-091
   1.921729E-090
   4.504376E-090
   1.019201E-089
   2.292460E-089
   5.345836E-089
   1.198026E-088
   2.697640E-088
   6.251678E-088
   1.388303E-087
   3.131338E-087
   7.202514E-087
   1.586650E-086
   3.585100E-086
   8.172963E-086
   1.789120E-085
   4.047852E-085
   9.132571E-085
   1.991218E-084
   4.505908E-084
   1.004892E-083
   2.188098E-083
   4.943783E-083
   1.089102E-082
   2.374386E-082
   5.344301E-082
   1.163365E-081
   2.544049E-081
   5.689515E-081
   1.225798E-080
   2.690533E-080
   5.962317E-080
   1.275246E-079
   2.807112E-079
   6.148712E-079
   1.310807E-078
   2.887284E-078
   6.241113E-078
   1.331619E-077
   2.925446E-077
   6.241134E-077
   1.336610E-076
   2.917527E-076
   6.157713E-076
   1.324686E-075
   2.861930E-075
   6.002982E-075
   1.294990E-074
   2.761042E-074
   5.786853E-074
   1.247236E-073
   2.622279E-073
   5.515543E-073
   1.182055E-072
   2.456649E-072
   5.192812E-072
   1.101304E-071
   2.274808E-071
   4.822335E-071
   1.008648E-070
   2.083959E-070
   4.409970E-070
   9.096037E-070
   1.887901E-069
   3.965153E-069
   8.098878E-069
   1.688733E-068
   3.502367E-068
   7.134101E-068
   1.488520E-067
   3.042297E-067
   6.218558E-067
   1.290278E-066
   2.606930E-066
   5.356232E-066
   1.098396E-065
   2.209980E-065
   4.548020E-065
   9.190218E-065
   1.854646E-064
   3.797449E-064
   7.583473E-064
   1.538361E-063
   3.112736E-063
   6.191881E-063
   1.257695E-062
   2.507526E-062
   5.005541E-062
   1.010544E-061
   1.993219E-061
   3.998199E-061
   7.967763E-061
   1.568557E-060
   3.145097E-060
   6.178264E-060
   1.221863E-059
   2.428976E-059
   4.733518E-059
   9.394343E-059
   1.840845E-058
   3.592051E-058
   7.102046E-058
   1.374528E-057
   2.695557E-057
   5.265706E-057
   1.015812E-056
   1.992539E-056
   3.836579E-056
   7.432877E-056
   1.445270E-055
   2.761947E-055
   5.366510E-055
   1.028378E-054
   1.969542E-054
   3.805747E-054
   7.215243E-054
   1.387765E-053
   2.645380E-053
   5.013347E-053
   9.615038E-053
   1.809692E-052
   3.445476E-052
   6.528203E-052
   1.225386E-051
   2.330994E-051
   4.356402E-051
   8.213247E-051
   1.545563E-050
   2.875381E-050
   5.423006E-050
   1.006118E-049
   1.879153E-049
   3.509388E-049
   6.473426E-049
   1.210271E-048
   2.228007E-048
   4.124251E-048
   7.638843E-048
   1.397358E-047
   2.589614E-047
   4.727902E-047
   8.677202E-047
   1.593012E-046
   2.890132E-046
   5.308848E-046
   9.607545E-046
   1.748804E-045
   3.180424E-045
   5.723203E-045
   1.041868E-044
   1.868164E-044
   3.373286E-044
   6.073462E-044
   1.084186E-043
   1.955360E-043
   3.472901E-043
   6.221110E-043
   1.108183E-042
   1.962811E-042
   3.505142E-042
   6.165911E-042
   1.095569E-041
   1.929619E-041
   3.391854E-041
   5.992411E-041
   1.044230E-040
   1.839449E-040
   3.201820E-040
   5.586263E-040
   9.752801E-040
   1.684381E-039
   2.938596E-039
   5.054322E-039
   8.750561E-039
   1.507795E-038
   2.582329E-038
   4.454545E-038
   7.573802E-038
   1.300044E-037
   2.208835E-037
   3.753048E-037
   6.388488E-037
   1.074795E-036
   1.825982E-036
   3.058531E-036
   5.154374E-036
   8.639726E-036
   1.439991E-035
   2.414599E-035
   3.990648E-035
   6.659363E-035
   1.097659E-034
   1.813227E-034
   2.990577E-034
   4.884487E-034
   8.043440E-034
   1.303836E-033
   2.131652E-033
   3.447605E-033
   5.570499E-033
   9.006490E-033
   1.437861E-032
   2.316572E-032
   3.669179E-032
   5.856119E-032
   9.246533E-032
   1.455458E-031
   2.293623E-031
   3.559827E-031
   5.577557E-031
   8.568095E-031
   1.326043E-030
   2.025045E-030
   3.078897E-030
   4.677894E-030
   6.975778E-030
   1.049598E-029
   1.538700E-029
   2.273230E-029
   3.286762E-029
   4.723711E-029
   6.732105E-029
   9.340040E-029
   1.300629E-028
   1.731753E-028
   2.313506E-028
   2.932595E-028
   3.643064E-028
   4.298578E-028
   4.687975E-028
   4.796723E-028
   3.942774E-028
   2.593083E-028
   5.593692E-029
   3.227424E-029
   7.630253E-028
   3.662058E-027
   1.175040E-026
   3.226813E-026
   7.672754E-026
   1.755639E-025
   3.707396E-025
   7.696705E-025
   1.527803E-024
   2.979959E-024
   5.690585E-024
   1.063576E-023
   1.973670E-023
   3.580842E-023
   6.487854E-023
   1.152733E-022
   2.044924E-022
   3.577567E-022
   6.229880E-022
   1.076424E-021
   1.845075E-021
   3.152668E-021
   5.333857E-021
   9.016950E-021
   1.509443E-020
   2.525006E-020
   4.189778E-020
   6.937727E-020
   1.142372E-019
   1.873668E-019
   3.063124E-019
   4.980778E-019
   8.085481E-019
   1.304649E-018
   2.102892E-018
   3.370003E-018
   5.393292E-018
   8.589413E-018
   1.365041E-017
   2.161377E-017
   3.411796E-017
   5.371672E-017
   8.425354E-017
   1.319061E-016
   2.056539E-016
   3.201430E-016
   4.963272E-016
   7.682257E-016
   1.184628E-015
   1.823151E-015
   2.796821E-015
   4.280121E-015
   6.532583E-015
   9.942217E-015
   1.509762E-014
   2.285484E-014
   3.452972E-014
   5.199969E-014
   7.816148E-014
   1.171106E-013
   1.751286E-013
   2.610946E-013
   3.884424E-013
   5.762783E-013
   8.529765E-013
   1.259272E-012
   1.854456E-012
   2.724437E-012
   3.991949E-012
   5.836026E-012
   8.508554E-012
   1.237800E-011
   1.795710E-011
   2.599459E-011
   3.752566E-011
   5.405279E-011
   7.764771E-011
   1.112895E-010
   1.590855E-010
   2.268748E-010
   3.227190E-010
   4.579366E-010
   6.481815E-010
   9.151631E-010
   1.288936E-009
   1.810710E-009
   2.537520E-009
   3.546857E-009
   4.946090E-009
   6.879726E-009
   9.546802E-009
   1.321366E-008
   1.824530E-008
   2.512748E-008
   3.452157E-008
   4.730378E-008
   6.465824E-008
   8.814749E-008
   1.198662E-007
   1.625682E-007
   2.199139E-007
   2.966980E-007
   3.992391E-007
   5.357809E-007
   7.170953E-007
   9.571742E-007
   1.274149E-006
   1.691456E-006
   2.239219E-006
   2.956162E-006
   3.891669E-006
   5.108836E-006
   6.687516E-006
   8.729050E-006
   1.136073E-005
   1.474294E-005
   1.907564E-005
   2.460879E-005
   3.165172E-005
   4.058795E-005
   5.188842E-005
   6.613197E-005
   8.402378E-005
   1.064227E-004
   1.343664E-004
   1.691065E-004
   2.121421E-004
   2.652632E-004
   3.305939E-004
   4.106432E-004
   5.083590E-004
   6.271834E-004
   7.711176E-004
   9.447758E-004
   1.153458E-003
   1.403196E-003
   1.700826E-003
   2.054011E-003
   2.471403E-003
   2.962555E-003
   3.537939E-003
   4.208886E-003
   4.987619E-003
   5.887056E-003
   6.920787E-003
   8.102743E-003
   9.447093E-003
   1.096775E-002
   1.267817E-002
   1.459068E-002
   1.671614E-002
   1.906311E-002
   2.163744E-002
   2.444118E-002
   2.747219E-002
   3.072295E-002
   3.418016E-002
   3.782359E-002
   4.162576E-002
   4.555109E-002
   4.955578E-002
   5.358738E-002
   5.758517E-002
   6.148039E-002
   6.519717E-002
   6.865375E-002
   7.176397E-002
   7.443975E-002
   7.659308E-002
   7.813967E-002
   7.900138E-002
   7.911082E-002
   7.841380E-002
   7.687439E-002
   7.447691E-002
   7.123059E-002
   6.717052E-002
   6.236085E-002
   5.689403E-002
   5.089165E-002
   4.450123E-002
   3.789409E-002
   3.125941E-002
   2.479881E-002
   1.871809E-002
   1.321905E-002
   8.489681E-003
   4.694798E-003
   1.966310E-003
   3.946469E-004
   2.155268E-005
   8.348598E-004
   2.765625E-003
   5.688134E-003
   9.423427E-003
   1.374569E-002
   1.839290E-002
   2.307906E-002
   2.751091E-002
   3.140370E-002
   3.450081E-002
   3.658917E-002
   3.751701E-002
   3.720433E-002
   3.565341E-002
   3.295015E-002
   2.926323E-002
   2.483399E-002
   1.996295E-002
   1.498914E-002
   1.026659E-002
   6.137592E-003
   2.905805E-003
   8.107640E-004
   6.474104E-006
   5.457933E-004
   2.372609E-003
   5.323007E-003
   9.135413E-003
   1.347064E-002
   1.793840E-002
   2.213157E-002
   2.566118E-002
   2.819382E-002
   2.948300E-002
   2.939551E-002
   2.792677E-002
   2.520449E-002
   2.147994E-002
   1.710528E-002
   1.250144E-002
   8.115926E-003
   4.378015E-003
   1.652973E-003
   2.024336E-004
   1.540846E-004
   1.485269E-003
   4.022597E-003
   7.458377E-003
   1.138390E-002
   1.533322E-002
   1.883565E-002
   2.146940E-002
   2.291385E-002
   2.298719E-002
   2.167328E-002
   1.912381E-002
   1.564498E-002
   1.165980E-002
   7.658602E-003
   4.136519E-003
   1.530836E-003
   1.627581E-004
   1.938030E-004
   1.601747E-003
   4.180671E-003
   7.566289E-003
   1.128249E-002
   1.480610E-002
   1.763767E-002
   1.937273E-002
   1.975951E-002
   1.873706E-002
   1.644681E-002
   1.321360E-002
   9.501669E-003
   5.846246E-003
   2.775789E-003
   7.315518E-004
   2.762555E-007
   6.684397E-004
   2.606987E-003
   5.489554E-003
   8.841295E-003
   1.211386E-002
   1.477058E-002
   1.637531E-002
   1.666147E-002
   1.557963E-002
   1.330530E-002
   1.021300E-002
   6.814205E-003
   3.672320E-003
   1.307159E-003
   1.055026E-004
   2.534145E-004
   1.702539E-003
   4.177025E-003
   7.220898E-003
   1.027764E-002
   1.279049E-002
   1.430036E-002
   1.453186E-002
   1.344120E-002
   1.122842E-002
   8.298457E-003
   5.188949E-003
   2.468537E-003
   6.308758E-004
   2.339764E-007
   6.694838E-004
   2.481597E-003
   5.059309E-003
   7.878372E-003
   1.036988E-002
   1.203206E-002
   1.253121E-002
   1.176665E-002
   9.894113E-003
   7.291613E-003
   4.485701E-003
   2.041476E-003
   4.477639E-004
   1.462378E-005
   8.089236E-004
   2.639889E-003
   5.098732E-003
   7.645846E-003
   9.725191E-003
   1.088394E-002
   1.087092E-002
   9.689665E-003
   7.600102E-003
   5.058698E-003
   2.620217E-003
   8.123155E-004
   1.903661E-005
   3.937452E-004
   1.824891E-003
   3.961803E-003
   6.294372E-003
   8.271555E-003
   9.428063E-003
   9.492606E-003
   8.452253E-003
   6.553188E-003
   4.244871E-003
   2.070350E-003
   5.384836E-004
   1.341939E-007
   5.644030E-004
   2.072440E-003
   4.136007E-003
   6.233318E-003
   7.836718E-003
   8.543788E-003
   8.178219E-003
   6.832241E-003
   4.846150E-003
   2.719350E-003
   9.859298E-004
   7.613688E-005
   2.067999E-004
   1.324671E-003
   3.120025E-003
   5.107890E-003
   6.754715E-003
   7.619288E-003
   7.470903E-003
   6.348916E-003
   4.555634E-003
   2.571986E-003
   9.304255E-004
   6.824195E-005
   2.090012E-004
   1.300329E-003
   3.027869E-003
   4.901929E-003
   6.393660E-003
   7.081546E-003
   6.772403E-003
   5.552729E-003
   3.768418E-003
   1.923548E-003
   5.388070E-004
   9.276969E-007
   4.515159E-004
   1.745591E-003
   3.493615E-003
   5.174304E-003
   6.288982E-003
   6.505747E-003
   5.761417E-003
   4.276957E-003
   2.494707E-003
   9.446063E-004
   8.532729E-005
   1.659536E-004
   1.150118E-003
   2.726603E-003
   4.405173E-003
   5.665063E-003
   6.117281E-003
   5.621755E-003
   4.332788E-003
   2.650549E-003
   1.095652E-003
   1.477458E-004
   9.355089E-005
   9.372279E-004
   2.399048E-003
   4.003498E-003
   5.232131E-003
   5.688268E-003
   5.224752E-003
   3.992647E-003
   2.389842E-003
   9.349509E-004
   9.576031E-005
   1.378608E-004
   1.036635E-003
   2.485480E-003
   3.996928E-003
   5.064796E-003
   5.330950E-003
   4.707774E-003
   3.403897E-003
   1.857316E-003
   5.854270E-004
   1.077574E-005
   3.174184E-004
   1.388290E-003
   2.844983E-003
   4.179030E-003
   4.925116E-003
   4.824509E-003
   3.912683E-003
   2.507691E-003
   1.099732E-003
   1.775742E-004
   5.830205E-005
   7.744135E-004
   2.062553E-003
   3.457376E-003
   4.456878E-003
   4.701652E-003
   4.105047E-003
   2.881530E-003
   1.472334E-003
   3.829088E-004
   9.420772E-007
   4.545485E-004
   1.566069E-003
   2.917100E-003
   4.003827E-003
   4.421003E-003
   4.014430E-003
   2.936016E-003
   1.587881E-003
   4.724217E-004
   2.523421E-006
   3.473612E-004
   1.367961E-003
   2.669686E-003
   3.752458E-003
   4.201161E-003
   3.843298E-003
   2.817488E-003
   1.517130E-003
   4.415343E-004
   1.107131E-006
   3.587429E-004
   1.366117E-003
   2.621967E-003
   3.628062E-003
   3.986759E-003
   3.555758E-003
   2.505902E-003
   1.253733E-003
   2.948105E-004
   7.721565E-006
   5.013324E-004
   1.571277E-003
   2.781635E-003
   3.640779E-003
   3.799034E-003
   3.192862E-003
   2.068246E-003
   8.829443E-004
   1.183022E-004
   8.188272E-005
   7.810057E-004
   1.919570E-003
   3.019756E-003
   3.621278E-003
   3.472367E-003
   2.634854E-003
   1.460351E-003
   4.405363E-004
   2.324310E-006
   3.262637E-004
   1.270214E-003
   2.428906E-003
   3.306714E-003
   3.527137E-003
   2.995805E-003
   1.940130E-003
   8.125207E-004
   9.676047E-005
   9.772193E-005
   8.097089E-004
   1.917766E-003
   2.934524E-003
   3.412089E-003
   3.140224E-003
   2.237402E-003
   1.101602E-003
   2.343297E-004
   1.859985E-005
   5.485600E-004
   1.586161E-003
   2.665884E-003
   3.302631E-003
   3.209601E-003
   2.427047E-003
   1.307534E-003
   3.554733E-004
   4.026434E-007
   4.007704E-004
   1.370819E-003
   2.463727E-003
   3.176280E-003
   3.179127E-003
   2.469497E-003
   1.374946E-003
   4.013017E-004
   3.443839E-007
   3.582248E-004
   1.307838E-003
   2.404742E-003
   3.134913E-003
   3.154564E-003
   2.453483E-003
   1.361041E-003
   3.910279E-004
   7.394487E-008
   3.697231E-004
   1.319758E-003
   2.392753E-003
   3.072955E-003
   3.032262E-003
   2.289923E-003
   1.203346E-003
   2.960669E-004
   5.805246E-006
   4.712231E-004
   1.464129E-003
   2.499030E-003
   3.069860E-003
   2.896096E-003
   2.062596E-003
   9.775982E-004
   1.731688E-004
   4.347666E-005
   6.488280E-004
   1.685333E-003
   2.634649E-003
   3.022152E-003
   2.652858E-003
   1.711414E-003
   6.692715E-004
   4.920571E-005
   1.623108E-004
   9.498842E-004
   2.012118E-003
   2.809385E-003
   2.936354E-003
   2.327457E-003
   1.292532E-003
   3.584805E-004
   3.138492E-007
   3.974626E-004
   1.340721E-003
   2.339477E-003
   2.874505E-003
   2.667609E-003
   1.825639E-003
   7.866122E-004
   9.190289E-005
   1.032352E-004
   8.131558E-004
   1.847633E-003
   2.661941E-003
   2.826312E-003
   2.253992E-003
   1.246654E-003
   3.357341E-004
   1.292767E-006
   4.158759E-004
   1.352911E-003
   2.306883E-003
   2.764459E-003
   2.478761E-003
   1.603946E-003
   6.111827E-004
   3.536188E-005
   1.860510E-004
   9.789501E-004
   1.981202E-003
   2.645878E-003
   2.610307E-003
   1.893683E-003
   8.872333E-004
   1.405993E-004
   5.952756E-005
   6.830448E-004
   1.661307E-003
   2.449353E-003
   2.608016E-003
   2.048959E-003
   1.083626E-003
   2.499438E-004
   1.278675E-005
   5.028150E-004
   1.443090E-003
   2.303552E-003
   2.599254E-003
   2.163371E-003
   1.241513E-003
   3.539827E-004
   1.092895E-007
   3.753950E-004
   1.259864E-003
   2.143934E-003
   2.519093E-003
   2.169668E-003
   1.296768E-003
   4.025183E-004
   1.268360E-006
   3.223805E-004
   1.177268E-003
   2.068287E-003
   2.476929E-003
   2.165735E-003
   1.315625E-003
   4.216997E-004
   2.968089E-006
   2.992138E-004
   1.130321E-003
   2.002494E-003
   2.399294E-003
   2.085964E-003
   1.248588E-003
   3.831008E-004
   6.711522E-007
   3.246248E-004
   1.157350E-003
   1.998319E-003
   2.342870E-003
   1.984466E-003
   1.138456E-003
   3.123042E-004
   1.282890E-006
   3.888800E-004
   1.236512E-003
   2.027277E-003
   2.279784E-003
   1.840295E-003
   9.762948E-004
   2.144487E-004
   1.816891E-005
   5.044524E-004
   1.371497E-003
   2.084079E-003
   2.202354E-003
   1.653081E-003
   7.755933E-004
   1.117482E-004
   7.034433E-005
   6.732948E-004
   1.541587E-003
   2.131184E-003
   2.072562E-003
   1.402351E-003
   5.406865E-004
   2.766597E-005
   1.842561E-004
   9.093776E-004
   1.743313E-003
   2.157750E-003
   1.890031E-003
   1.109982E-003
   3.119182E-004
   7.845520E-007
   3.700494E-004
   1.178368E-003
   1.904218E-003
   2.079885E-003
   1.592390E-003
   7.558655E-004
   1.094205E-004
   6.921958E-005
   6.590970E-004
   1.495185E-003
   2.033910E-003
   1.925517E-003
   1.240921E-003
   4.249986E-004
   6.505303E-006
   2.519505E-004
   9.922784E-004
   1.734509E-003
   1.987212E-003
   1.583807E-003
   7.917586E-004
   1.352615E-004
   4.707501E-005
   5.819504E-004
   1.380789E-003
   1.910098E-003
   1.817326E-003
   1.165453E-003
   3.892666E-004
   3.770074E-006
   2.589614E-004
   9.736292E-004
   1.658910E-003
   1.849395E-003
   1.416999E-003
   6.558592E-004
   8.204834E-005
   8.207622E-005
   6.509650E-004
   1.396774E-003
   1.808898E-003
   1.606394E-003
   9.290337E-004
   2.393883E-004
   4.971753E-006
   3.773953E-004
   1.090302E-003
   1.644831E-003
   1.655620E-003
   1.116443E-003
   4.026754E-004
   9.583255E-006
   2.073259E-004
   8.538307E-004
   1.495147E-003
   1.682766E-003
   1.286580E-003
   5.845329E-004
   6.578229E-005
   8.753694E-005
   6.248468E-004
   1.290946E-003
   1.611268E-003
   1.358890E-003
   7.137390E-004
   1.344788E-004
   3.220907E-005
   4.784843E-004
   1.154085E-003
   1.576696E-003
   1.444330E-003
   8.516913E-004
   2.221005E-004
   4.615084E-006
   3.517154E-004
   1.009702E-003
   1.501102E-003
   1.469694E-003
   9.376988E-004
   2.911456E-004
   5.654557E-008
   2.770950E-004
   9.217941E-004
   1.465233E-003
   1.510970E-003
   1.025329E-003
   3.622748E-004
   5.792614E-006
   2.147413E-004
   8.324259E-004
   1.401219E-003
   1.499807E-003
   1.054553E-003
   3.953589E-004
   1.156586E-005
   1.893437E-004
   7.978296E-004
   1.385262E-003
   1.514544E-003
   1.089248E-003
   4.259818E-004
   1.815521E-005
   1.664229E-004
   7.535612E-004
   1.333010E-003
   1.465590E-003
   1.051210E-003
   4.039708E-004
   1.426025E-005
   1.764060E-004
   7.653215E-004
   1.331954E-003
   1.445231E-003
   1.019588E-003
   3.795578E-004
   1.018257E-005
   1.861598E-004
   7.626370E-004
   1.288892E-003
   1.356723E-003
   9.147041E-004
   3.061049E-004
   1.460835E-006
   2.334414E-004
   8.174392E-004
   1.296710E-003
   1.298189E-003
   8.223778E-004
   2.399576E-004
   6.164815E-007
   2.813395E-004
   8.505100E-004
   1.253241E-003
   1.170649E-003
   6.698976E-004
   1.481340E-004
   1.626230E-005
   3.736160E-004
   9.313940E-004
   1.243995E-003
   1.063783E-003
   5.357529E-004
   7.902177E-005
   5.074040E-005
   4.621172E-004
   9.732342E-004
   1.168709E-003
   8.918949E-004
   3.680554E-004
   1.984125E-005
   1.246409E-004
   5.919312E-004
   1.039238E-003
   1.103429E-003
   7.343128E-004
   2.319128E-004
   3.772004E-008
   2.175053E-004
   6.955363E-004
   1.035894E-003
   9.583141E-004
   5.285274E-004
   1.009259E-004
   2.534082E-005
   3.593015E-004
   8.229102E-004
   1.031762E-003
   8.143920E-004
   3.518399E-004
   2.458576E-005
   9.612852E-005
   4.961110E-004
   8.825782E-004
   9.296709E-004
   5.992147E-004
   1.700315E-004
   1.590959E-006
   2.319328E-004
   6.633071E-004
   9.305856E-004
   8.092731E-004
   4.028910E-004
   5.308337E-005
   4.930823E-005
   3.852833E-004
   7.675499E-004
   8.672240E-004
   6.000762E-004
   1.958886E-004
   1.219157E-007
   1.778820E-004
   5.738287E-004
   8.470238E-004
   7.636156E-004
   3.963285E-004
   5.953395E-005
   3.766012E-005
   3.412181E-004
   7.005070E-004
   8.010915E-004
   5.561169E-004
   1.799159E-004
   2.577730E-008
   1.717965E-004
   5.440320E-004
   7.918228E-004
   6.998166E-004
   3.490359E-004
   4.420446E-005
   4.672749E-005
   3.470365E-004
   6.753661E-004
   7.404799E-004
   4.853960E-004
   1.363254E-004
   2.014004E-006
   2.010021E-004
   5.572279E-004
   7.559873E-004
   6.220477E-004
   2.741306E-004
   1.874512E-005
   7.826037E-005
   3.942193E-004
   6.807674E-004
   6.804403E-004
   3.938223E-004
   7.852354E-005
   1.802665E-005
   2.673410E-004
   6.034387E-004
   7.252317E-004
   5.236343E-004
   1.795201E-004
   5.686317E-007
   1.442726E-004
   4.764861E-004
   6.934984E-004
   5.974997E-004
   2.760759E-004
   2.248425E-005
   6.894488E-005
   3.748104E-004
   6.628548E-004
   6.714105E-004
   3.927162E-004
   8.003836E-005
   1.640154E-005
   2.560178E-004
   5.752728E-004
   6.786634E-004
   4.706115E-004
   1.435816E-004
   4.844823E-007
   1.748818E-004
   5.070468E-004
   6.910484E-004
   5.572311E-004
   2.291950E-004
   8.921454E-006
   9.675241E-005
   4.058830E-004
   6.443649E-004
   5.880087E-004
   2.898867E-004
   3.043893E-005
   5.481471E-005
   3.424906E-004
   6.255990E-004
   6.394783E-004
   3.711002E-004
   7.140939E-005
   1.966222E-005
   2.606899E-004
   5.631553E-004
   6.386638E-004
   4.152404E-004
   1.057536E-004
   6.013524E-006
   2.130915E-004
   5.319492E-004
   6.601146E-004
   4.756641E-004
   1.537684E-004
   1.823117E-008
   1.585329E-004
   4.742138E-004
   6.416915E-004
   4.990467E-004
   1.839758E-004
   1.589911E-006
   1.299140E-004
   4.470557E-004
   6.477832E-004
   5.382559E-004
   2.239859E-004
   8.289274E-006
   9.848008E-005
   4.045471E-004
   6.266801E-004
   5.474578E-004
   2.442872E-004
   1.411414E-005
   8.304829E-005
   3.844017E-004
   6.233192E-004
   5.655879E-004
   2.677720E-004
   2.176733E-005
   6.764326E-005
   3.571374E-004
   6.016648E-004
   5.580230E-004
   2.695997E-004
   2.333492E-005
   6.505090E-005
   3.547957E-004
   6.056486E-004
   5.685017E-004
   2.801083E-004
   2.690621E-005
   5.950177E-005
   3.424623E-004
   5.898398E-004
   5.520672E-004
   2.669398E-004
   2.241983E-005
   6.702997E-005
   3.586448E-004
   6.053922E-004
   5.591073E-004
   2.660792E-004
   2.104485E-005
   6.961937E-005
   3.594867E-004
   5.934536E-004
   5.317271E-004
   2.370478E-004
   1.193776E-005
   9.032723E-005
   3.972282E-004
   6.229174E-004
   5.380717E-004
   2.285158E-004
   8.610318E-006
   9.996059E-005
   4.044496E-004
   6.053178E-004
   4.937886E-004
   1.853413E-004
   1.342127E-006
   1.366666E-004
   4.561751E-004
   6.322851E-004
   4.832277E-004
   1.622258E-004
   4.928095E-010
   1.621836E-004
   4.771575E-004
   6.145666E-004
   4.300693E-004
   1.169162E-004
   4.863863E-006
   2.149030E-004
   5.309207E-004
   6.239429E-004
   3.963717E-004
   8.557068E-005
   1.593913E-005
   2.582734E-004
   5.547384E-004
   5.905372E-004
   3.271593E-004
   4.446628E-005
   4.498832E-005
   3.319195E-004
   6.034342E-004
   5.718437E-004
   2.700383E-004
   1.812601E-005
   8.315962E-005
   3.937291E-004
   6.154249E-004
   5.089842E-004
   1.884413E-004
   7.125768E-007
   1.529398E-004
   4.871404E-004
   6.470196E-004
   4.605660E-004
   1.271268E-004
   4.725445E-006
   2.242098E-004
   5.467917E-004
   6.214124E-004
   3.659118E-004
   5.861089E-005
   3.783862E-005
   3.331776E-004
   6.296819E-004
   6.074890E-004
   2.898168E-004
   1.976146E-005
   8.833088E-005
   4.174022E-004
   6.446013E-004
   5.196051E-004
   1.794682E-004
   1.678615E-009
   1.835548E-004
   5.346667E-004
   6.716889E-004
   4.446486E-004
   1.010106E-004
   1.543499E-005
   2.790650E-004
   5.992999E-004
   6.217928E-004
   3.213761E-004
   3.063470E-005
   7.309067E-005
   4.048503E-004
   6.613976E-004
   5.597554E-004
   2.118771E-004
   1.288065E-006
   1.580434E-004
   5.032198E-004
   6.482239E-004
   4.290120E-004
   9.186217E-005
   2.118930E-005
   3.096608E-004
   6.498395E-004
   6.712471E-004
   3.503540E-004
   3.703591E-005
   6.686585E-005
   3.907099E-004
   6.344594E-004
   5.208902E-004
   1.801073E-004
   1.450674E-008
   1.858237E-004
   5.264952E-004
   6.333878E-004
   3.828392E-004
   6.092860E-005
   4.301748E-005
   3.671538E-004
   6.844441E-004
   6.463575E-004
   2.949187E-004
   1.548575E-005
   1.049015E-004
   4.422461E-004
   6.326970E-004
   4.582153E-004
   1.214608E-004
   7.325914E-006
   2.384414E-004
   5.361426E-004
   5.465294E-004
   2.553155E-004
   1.030073E-005
   1.208439E-004
   4.941515E-004
   7.295404E-004
   5.684224E-004
   1.876977E-004
   7.287486E-008
   1.887247E-004
   5.079495E-004
   5.749317E-004
   3.127537E-004
   3.277774E-005
   6.472974E-005
   3.685019E-004
   5.819287E-004
   4.490504E-004
   1.267640E-004
   6.670782E-006
   2.555839E-004
   6.111643E-004
   6.767232E-004
   3.775913E-004
   4.936874E-005
   5.349162E-005
   3.648154E-004
   6.085528E-004
   4.995080E-004
   1.688765E-004
   8.669693E-008
   1.735197E-004
   4.598248E-004
   5.026326E-004
   2.492574E-004
   1.381909E-005
   9.686780E-005
   4.177188E-004
   6.033306E-004
   4.326065E-004
   1.059802E-004
   1.295418E-005
   2.690822E-004
   5.742233E-004
   5.662969E-004
   2.531867E-004
   7.897280E-006
   1.280572E-004
   4.814346E-004
   6.592614E-004
   4.564337E-004
   1.094584E-004
   1.189679E-005
   2.507727E-004
   5.152876E-004
   4.789810E-004
   1.899979E-004
   1.424396E-006
   1.348180E-004
   4.122335E-004
   4.815145E-004
   2.547510E-004
   1.892080E-005
   8.087387E-005
   3.826928E-004
   5.642982E-004
   4.030944E-004
   9.333952E-005
   1.681714E-005
   2.780967E-004
   5.713321E-004
   5.464396E-004
   2.330299E-004
   5.100763E-006
   1.282828E-004
   4.403061E-004
   5.535074E-004
   3.296732E-004
   4.525180E-005
   4.737412E-005
   3.267405E-004
   5.332448E-004
   4.111816E-004
   1.133156E-004
   6.129066E-006
   2.122900E-004
   4.614257E-004
   4.336909E-004
   1.642020E-004
   3.270776E-008
   1.625316E-004
   4.638557E-004
   5.361704E-004
   2.898174E-004
   2.723027E-005
   6.789885E-005
   3.519346E-004
   5.178729E-004
   3.566688E-004
   7.233527E-005
   2.294370E-005
   2.691343E-004
   4.987778E-004
   4.217888E-004
   1.356944E-004
   1.568162E-006
   1.876724E-004
   4.573843E-004
   4.691932E-004
   2.085979E-004
   5.081870E-006
   1.136254E-004
   3.923524E-004
   4.848807E-004
   2.739586E-004
   2.856061E-005
   5.860435E-005
   3.196289E-004
   4.724522E-004
   3.197684E-004
   5.905204E-005
   2.761682E-005
   2.680241E-004
   4.728762E-004
   3.799277E-004
   1.086570E-004
   4.971368E-006
   1.951167E-004
   4.250237E-004
   3.921381E-004
   1.394285E-004
   2.852850E-007
   1.649519E-004
   4.305868E-004
   4.602752E-004
   2.166270E-004
   8.748356E-006
   9.266360E-005
   3.440243E-004
   4.261149E-004
   2.309837E-004
   1.771084E-005
   6.965630E-005
   3.214881E-004
   4.446300E-004
   2.781490E-004
   3.963538E-005
   3.993335E-005
   2.765456E-004
   4.385675E-004
   3.147267E-004
   6.775462E-005
   1.681467E-005
   2.178677E-004
   3.951123E-004
   3.100454E-004
   7.743864E-005
   1.104786E-005
   2.057500E-004
   4.104138E-004
   3.587688E-004
   1.190442E-004
   7.478800E-007
   1.454641E-004
   3.452759E-004
   3.261166E-004
   1.147697E-004
   5.392739E-007
   1.456632E-004
   3.661720E-004
   3.749356E-004
   1.614238E-004
   2.707974E-006
   9.461075E-005
   2.969661E-004
   3.292537E-004
   1.486292E-004
   2.690934E-006
   9.114606E-005
   2.956949E-004
   3.410059E-004
   1.665084E-004
   6.742411E-006
   7.416597E-005
   2.743270E-004
   3.360987E-004
   1.774380E-004
   1.196477E-005
   5.651224E-005
   2.396152E-004
   3.045473E-004
   1.618234E-004
   9.595041E-006
   6.053426E-005
   2.503198E-004
   3.248456E-004
   1.849400E-004
   1.817804E-005
   4.129642E-005
   2.080225E-004
   2.796579E-004
   1.562132E-004
   1.157012E-005
   5.005814E-005
   2.230138E-004
   2.955954E-004
   1.694721E-004
   1.624556E-005
   3.995069E-005
   1.983109E-004
   2.660167E-004
   1.486360E-004
   1.122696E-005
   4.603464E-005
   2.046377E-004
   2.664545E-004
   1.460338E-004
   1.055734E-005
   4.559634E-005
   1.974457E-004
   2.507980E-004
   1.308696E-004
   6.710465E-006
   5.272286E-005
   2.041036E-004
   2.486445E-004
   1.244381E-004
   5.157515E-006
   5.475072E-005
   1.980793E-004
   2.295756E-004
   1.045873E-004
   1.547800E-006
   6.834156E-005
   2.125596E-004
   2.320373E-004
   9.995357E-005
   9.273595E-007
   6.872679E-005
   1.988750E-004
   2.010652E-004
   7.222836E-005
   4.732877E-007
   9.497091E-005
   2.279296E-004
   2.144693E-004
   7.389083E-005
   3.828967E-007
   8.679345E-005
   1.967784E-004
   1.658974E-004
   4.020180E-005
   8.840189E-006
   1.286179E-004
   2.380740E-004
   1.856499E-004
   4.453186E-005
   6.874328E-006
   1.106806E-004
   1.917992E-004
   1.271340E-004
   1.477227E-005
   2.964943E-005
   1.648915E-004
   2.359036E-004
   1.436443E-004
   1.670353E-005
   2.638635E-005
   1.428306E-004
   1.849438E-004
   8.880202E-005
   1.287014E-006
   6.209929E-005
   1.941695E-004
   2.115645E-004
   8.928068E-005
   5.076450E-007
   6.571162E-005
   1.798946E-004
   1.702030E-004
   5.141975E-005
   3.202258E-006
   1.028295E-004
   2.083578E-004
   1.661449E-004
   3.753461E-005
   9.501231E-006
   1.199548E-004
   2.029790E-004
   1.349530E-004
   1.731207E-005
   2.524814E-005
   1.470090E-004
   2.012569E-004
   1.070508E-004
   4.806296E-006
   4.752116E-005
   1.726070E-004
   1.945296E-004
   8.081570E-005
   1.127570E-007
   7.060846E-005
   1.844242E-004
   1.700366E-004
   4.923643E-005
   3.839572E-006
   1.025412E-004
   1.977044E-004
   1.467809E-004
   2.611377E-005
   1.607705E-005
   1.302077E-004
   1.955835E-004
   1.136086E-004
   8.106234E-006
   3.770985E-005
   1.562434E-004
   1.832430E-004
   7.765702E-005
   1.076912E-007
   6.922578E-005
   1.813963E-004
   1.674228E-004
   4.857239E-005
   3.571564E-006
   9.717745E-005
   1.831904E-004
   1.288662E-004
   1.799969E-005
   2.261127E-005
   1.391481E-004
   1.924569E-004
   1.020948E-004
   4.468063E-006
   4.442148E-005
   1.553023E-004
   1.636091E-004
   5.652831E-005
   1.159769E-006
   8.623451E-005
   1.841106E-004
   1.459406E-004
   2.993891E-005
   1.152997E-005
   1.141586E-004
   1.754392E-004
   9.959078E-005
   5.361096E-006
   4.111461E-005
   1.540096E-004
   1.709805E-004
   6.607815E-005
   7.236624E-008
   7.148640E-005
   1.654545E-004
   1.340767E-004
   2.678651E-005
   1.254873E-005
   1.157847E-004
   1.774874E-004
   1.022862E-004
   6.496539E-006
   3.657048E-005
   1.415922E-004
   1.547226E-004
   5.527594E-005
   8.165909E-007
   7.918355E-005
   1.695877E-004
   1.312287E-004
   2.390488E-005
   1.424897E-005
   1.146219E-004
   1.648611E-004
   8.529146E-005
   2.241790E-006
   4.806505E-005
   1.513650E-004
   1.493118E-004
   4.507067E-005
   3.125638E-006
   8.930922E-005
   1.667285E-004
   1.126324E-004
   1.283342E-005
   2.533409E-005
   1.294216E-004
   1.588237E-004
   6.654054E-005
   8.345845E-010
   6.622966E-005
   1.607039E-004
   1.333172E-004
   2.759540E-005
   1.137254E-005
   1.091603E-004
   1.635295E-004
   8.723167E-005
   2.765816E-006
   4.585847E-005
   1.475972E-004
   1.447556E-004
   4.182345E-005
   4.119692E-006
   9.242317E-005
   1.651556E-004
   1.056947E-004
   9.470240E-006
   3.000270E-005
   1.319153E-004
   1.489574E-004
   5.330814E-005
   9.919323E-007
   7.932199E-005
   1.643913E-004
   1.200187E-004
   1.734295E-005
   1.968938E-005
   1.188405E-004
   1.501784E-004
   6.190776E-005
   6.257501E-008
   7.012045E-005
   1.630630E-004
   1.303294E-004
   2.438614E-005
   1.351698E-005
   1.092311E-004
   1.501895E-004
   6.809695E-005
   8.620858E-008
   6.292746E-005
   1.590187E-004
   1.337489E-004
   2.784571E-005
   1.114553E-005
   1.056988E-004
   1.518728E-004
   7.251920E-005
   3.965702E-007
   5.867155E-005
   1.558928E-004
   1.344349E-004
   2.919637E-005
   1.019072E-005
   1.034441E-004
   1.504662E-004
   7.225369E-005
   4.106470E-007
   5.808046E-005
   1.538160E-004
   1.311229E-004
   2.711672E-005
   1.154947E-005
   1.065885E-004
   1.517804E-004
   7.157421E-005
   3.341136E-007
   5.778727E-005
   1.492376E-004
   1.228880E-004
   2.249251E-005
   1.454778E-005
   1.110098E-004
   1.498179E-004
   6.592856E-005
   1.710564E-008
   6.292541E-005
   1.497167E-004
   1.150183E-004
   1.684794E-005
   2.013465E-005
   1.203101E-004
   1.501793E-004
   5.980124E-005
   1.920026E-007
   6.982451E-005
   1.496658E-004
   1.042591E-004
   1.054084E-005
   2.841465E-005
   1.302541E-004
   1.459251E-004
   4.907923E-005
   1.895628E-006
   8.171644E-005
   1.511665E-004
   9.158134E-005
   4.704065E-006
   4.028214E-005
   1.409107E-004
   1.375911E-004
   3.579010E-005
   6.781097E-006
   9.775354E-005
   1.525776E-004
   7.772324E-005
   1.004319E-006
   5.314662E-005
   1.446220E-004
   1.186834E-004
   1.968192E-005
   1.774471E-005
   1.177302E-004
   1.502036E-004
   6.019491E-005
   1.869951E-007
   6.901059E-005
   1.442657E-004
   9.465289E-005
   6.654074E-006
   3.517387E-005
   1.352314E-004
   1.374639E-004
   3.820596E-005
   5.131042E-006
   8.932227E-005
   1.401187E-004
   6.816786E-005
   2.425383E-007
   5.782095E-005
   1.445699E-004
   1.120298E-004
   1.609773E-005
   1.952482E-005
   1.104848E-004
   1.261680E-004
   3.876421E-005
   4.046745E-006
   8.796263E-005
   1.491969E-004
   8.326217E-005
   2.808907E-006
   4.082890E-005
   1.216442E-004
   9.855613E-005
   1.338375E-005
   2.123785E-005
   1.145467E-004
   1.334034E-004
   4.512667E-005
   1.874472E-006
   7.480184E-005
   1.316768E-004
   7.150547E-005
   1.326446E-006
   4.517134E-005
   1.247672E-004
   9.895534E-005
   1.359677E-005
   1.954263E-005
   1.051603E-004
   1.178528E-004
   3.513686E-005
   4.082899E-006
   8.015416E-005
   1.290794E-004
   6.483012E-005
   5.550746E-007
   4.643286E-005
   1.159952E-004
   8.312853E-005
   7.380617E-006
   2.652986E-005
   1.094075E-004
   1.102373E-004
   2.760723E-005
   6.730178E-006
   8.178676E-005
   1.170056E-004
   4.951278E-005
   1.081362E-007
   5.590913E-005
   1.150872E-004
   7.070643E-005
   2.925677E-006
   3.514181E-005
   1.120872E-004
   9.766186E-005
   1.757145E-005
   1.255101E-005
   8.713904E-005
   1.041949E-004
   3.278545E-005
   3.174007E-006
   7.100324E-005
   1.160813E-004
   5.807272E-005
   3.712659E-007
   4.388569E-005
   1.069330E-004
   7.454431E-005
   5.866707E-006
   2.535321E-005
   9.680775E-005
   8.989778E-005
   1.720971E-005
   1.142247E-005
   8.431033E-005
   1.050333E-004
   3.663812E-005
   1.389238E-006
   5.836560E-005
   9.881586E-005
   4.742599E-005
   1.081357E-008
   4.654161E-005
   1.048445E-004
   6.973169E-005
   4.641246E-006
   2.580394E-005
   9.097581E-005
   7.890847E-005
   1.217638E-005
   1.412605E-005
   8.103254E-005
   8.945890E-005
   2.403972E-005
   4.903633E-006
   6.536099E-005
   9.171481E-005
   3.494091E-005
   8.620381E-007
   5.274573E-005
   9.405715E-005
   4.837078E-005
   3.001455E-007
   3.642611E-005
   8.502797E-005
   5.302545E-005
   1.615522E-006
   3.084087E-005
   9.025740E-005
   7.138453E-005
   8.992184E-006
   1.488224E-005
   7.001907E-005
   6.508385E-005
   9.762725E-006
   1.410429E-005
   7.757684E-005
   8.587475E-005
   2.384451E-005
   3.767921E-006
   5.578427E-005
   7.528041E-005
   2.412251E-005
   3.051421E-006
   5.821755E-005
   9.020152E-005
   3.989469E-005
   2.961678E-008
   4.106654E-005
   8.055437E-005
   4.198837E-005
   1.009163E-007
   3.721376E-005
   8.516561E-005
   5.389638E-005
   2.200191E-006
   2.617778E-005
   7.793380E-005
   5.808080E-005
   4.754808E-006
   2.002420E-005
   7.506100E-005
   6.520651E-005
   9.233570E-006
   1.341215E-005
   6.942751E-005
   7.070474E-005
   1.501741E-005
   7.484086E-006
   6.007693E-005
   7.039786E-005
   1.854879E-005
   4.956005E-006
   5.745281E-005
   7.712937E-005
   2.666272E-005
   1.635261E-006
   4.891550E-005
   7.838556E-005
   3.462313E-005
   4.082068E-008
   3.562481E-005
   6.687042E-005
   3.128244E-005
   1.109292E-007
   3.942821E-005
   7.938241E-005
   4.536950E-005
   8.887316E-007
   2.790240E-005
   7.285427E-005
   5.036343E-005
   3.542941E-006
   1.669039E-005
   5.455954E-005
   3.757706E-005
   1.029097E-006
   2.572176E-005
   7.536446E-005
   6.014714E-005
   7.716948E-006
   1.225005E-005
   5.800158E-005
   5.401467E-005
   8.803874E-006
   8.674722E-006
   4.844027E-005
   4.563174E-005
   5.927094E-006
   1.248692E-005
   5.973022E-005
   5.965005E-005
   1.208063E-005
   7.010773E-006
   5.213588E-005
   5.945305E-005
   1.540158E-005
   3.567799E-006
   4.012666E-005
   4.662135E-005
   9.513419E-006
   7.378828E-006
   5.160363E-005
   5.895074E-005
   1.474496E-005
   4.811532E-006
   4.921114E-005
   6.262912E-005
   1.974023E-005
   1.745188E-006
   3.579427E-005
   4.623739E-005
   1.075781E-005
   6.381938E-006
   5.210125E-005
   6.439988E-005
   1.961829E-005
   2.314173E-006
   4.095688E-005
   5.470920E-005
   1.569426E-005
   3.490809E-006
   4.431644E-005
   5.744708E-005
   1.664403E-005
   3.228344E-006
   4.353318E-005
   5.612928E-005
   1.547367E-005
   4.028674E-006
   4.698846E-005
   6.037070E-005
   1.780615E-005
   2.905910E-006
   4.248207E-005
   5.465815E-005
   1.465965E-005
   4.241495E-006
   4.603252E-005
   5.697096E-005
   1.518427E-005
   4.013414E-006
   4.417371E-005
   5.274028E-005
   1.199755E-005
   6.332369E-006
   5.103920E-005
   5.897223E-005
   1.448657E-005
   4.718757E-006
   4.488762E-005
   5.014479E-005
   9.550040E-006
   8.353921E-006
   5.309259E-005
   5.572205E-005
   1.094922E-005
   7.312893E-006
   4.873944E-005
   4.845619E-005
   7.020734E-006
   1.140920E-005
   5.650093E-005
   5.322692E-005
   8.182858E-006
   9.664755E-006
   4.909947E-005
   4.190488E-005
   3.293664E-006
   1.740710E-005
   6.214814E-005
   5.011045E-005
   4.998721E-006
   1.395131E-005
   5.248293E-005
   3.832913E-005
   1.518854E-006
   2.127126E-005
   6.065270E-005
   4.042505E-005
   1.384742E-006
   2.142281E-005
   5.705002E-005
   3.413373E-005
   3.087677E-007
   2.580688E-005
   5.825013E-005
   3.076846E-005
   8.202292E-009
   2.942081E-005
   5.858246E-005
   2.769340E-005
   7.176492E-008
   3.072619E-005
   5.372533E-005
   2.053530E-005
   1.303396E-006
   3.870344E-005
   5.778160E-005
   1.972869E-005
   1.744555E-006
   3.795919E-005
   5.081898E-005
   1.338240E-005
   4.360933E-006
   4.297328E-005
   4.879578E-005
   9.724681E-006
   7.016323E-006
   4.547402E-005
   4.385233E-005
   5.495422E-006
   1.200578E-005
   5.236128E-005
   4.437384E-005
   4.497129E-006
   1.266560E-005
   4.702160E-005
   3.301921E-005
   8.956740E-007
   2.046554E-005
   5.224374E-005
   2.969574E-005
   6.815848E-008
   2.645142E-005
   5.531421E-005
   2.738338E-005
   3.608411E-009
   2.620616E-005
   4.607999E-005
   1.638218E-005
   1.826610E-006
   3.588271E-005
   4.798933E-005
   1.255999E-005
   4.284603E-006
   4.131987E-005
   4.669968E-005
   9.413817E-006
   6.149415E-006
   3.994780E-005
   3.673730E-005
   3.641987E-006
   1.203977E-005
   4.401087E-005
   3.079010E-005
   7.558525E-007
   2.001610E-005
   5.082027E-005
   2.959147E-005
   2.426370E-007
   2.097195E-005
   4.334760E-005
   1.841009E-005
   6.277914E-007
   2.902366E-005
   4.271274E-005
   1.211303E-005
   3.431658E-006
   3.705604E-005
   4.290798E-005
   8.852713E-006
   5.443255E-006
   3.568038E-005
   3.161248E-005
   2.305887E-006
   1.367322E-005
   4.458933E-005
   3.034983E-005
   8.825406E-007
   1.691037E-005
   4.137367E-005
   2.094896E-005
   4.224303E-008
   2.290346E-005
   3.810385E-005
   1.185180E-005
   2.786103E-006
   3.469074E-005
   4.252636E-005
   1.011095E-005
   3.850811E-006
   3.118795E-005
   2.880070E-005
   2.199495E-006
   1.237104E-005
   4.059758E-005
   2.727454E-005
   6.684501E-007
   1.583783E-005
   3.656334E-005
   1.623988E-005
   6.042614E-007
   2.778700E-005
   4.295786E-005
   1.454838E-005
   1.315075E-006
   2.591236E-005
   2.973588E-005
   4.087178E-006
   8.564532E-006
   3.735399E-005
   2.916582E-005
   1.465669E-006
   1.407593E-005
   3.915602E-005
   2.179239E-005
   2.874713E-010
   2.174138E-005
   3.996254E-005
   1.518814E-005
   9.728587E-007
   2.583799E-005
   3.208646E-005
   5.389758E-006
   7.590929E-006
   3.862231E-005
   3.312942E-005
   2.733232E-006
   1.165305E-005
   3.750380E-005
   2.217676E-005
   1.593774E-008
   2.089672E-005
   3.910873E-005
   1.438051E-005
   1.413389E-006
   2.900626E-005
   3.613057E-005
   7.016295E-006
   6.060822E-006
   3.498467E-005
   2.920615E-005
   1.595268E-006
   1.410385E-005
   3.986767E-005
   2.225113E-005
   1.811444E-009
   2.100635E-005
   3.690174E-005
   1.191238E-005
   2.273761E-006
   2.984196E-005
   3.311019E-005
   4.797332E-006
   7.999826E-006
   3.512770E-005
   2.529397E-005
   5.698803E-007
   1.602551E-005
   3.639659E-005
   1.576995E-005
   6.073856E-007
   2.503457E-005
   3.422472E-005
   7.617520E-006
   4.694245E-006
   3.137489E-005
   2.759684E-005
   2.019759E-006
   1.034618E-005
   2.952285E-005
   1.336832E-005
   9.274039E-007
   2.846044E-005
   4.276867E-005
   1.456905E-005
   8.548734E-007
   1.951491E-005
   1.825168E-005
   3.661956E-007
   1.641333E-005
   4.217366E-005
   2.548532E-005
   5.048332E-007
   1.256671E-005
   2.321212E-005
   5.189779E-006
   5.135168E-006
   3.155185E-005
   2.907516E-005
   2.767680E-006
   9.577973E-006
   3.265190E-005
   2.034417E-005
   1.880940E-007
   1.298042E-005
   2.250583E-005
   4.691405E-006
   5.607660E-006
   3.291526E-005
   3.171330E-005
   4.641129E-006
   5.059257E-006
   2.015874E-005
   8.862888E-006
   1.631717E-006
   2.875976E-005
   4.210684E-005
   1.536463E-005
   2.760657E-007
   1.404130E-005
   1.247517E-005
   8.841830E-009
   1.664924E-005
   3.575407E-005
   1.745810E-005
   2.394458E-008
   1.657360E-005
   2.399501E-005
   4.467856E-006
   5.250053E-006
   2.702404E-005
   2.065428E-005
   5.785771E-007
   1.249624E-005
   2.890961E-005
   1.247196E-005
   4.131259E-007
   1.731942E-005
   2.046148E-005
   2.160031E-006
   8.034880E-006
   2.852984E-005
   1.827671E-005
   1.580008E-007
   1.249511E-005
   2.226741E-005
   5.284842E-006
   4.084371E-006
   2.676027E-005
   2.396001E-005
   1.774959E-006
   9.363828E-006
   2.754999E-005
   1.416644E-005
   7.454064E-008
   1.560710E-005
   2.153117E-005
   3.430168E-006
   5.903178E-006
   2.674639E-005
   1.980251E-005
   6.659287E-007
   9.672090E-006
   2.040176E-005
   5.844422E-006
   2.713702E-006
   2.221164E-005
   2.045017E-005
   1.320019E-006
   9.238169E-006
   2.573544E-005
   1.224925E-005
   3.184930E-007
   1.790229E-005
   2.397416E-005
   4.425808E-006
   4.547176E-006
   2.277908E-005
   1.546030E-005
   5.285290E-008
   1.341354E-005
   2.447189E-005
   7.373283E-006
   1.968476E-006
   1.955628E-005
   1.732744E-005
   6.828437E-007
   9.916935E-006
   2.363412E-005
   9.297861E-006
   9.713166E-007
   1.868178E-005
   2.056753E-005
   2.138648E-006
   7.180946E-006
   2.398699E-005
   1.296266E-005
   6.364588E-008
   1.478429E-005
   2.082994E-005
   3.589827E-006
   4.847975E-006
   2.238239E-005
   1.480961E-005
   4.498299E-008
   1.232701E-005
   2.111555E-005
   5.109631E-006
   3.134942E-006
   2.057130E-005
   1.611378E-005
   3.629244E-007
   1.010503E-005
   2.069801E-005
   6.307797E-006
   1.992559E-006
   1.858587E-005
   1.628935E-005
   6.243459E-007
   9.160257E-006
   2.106176E-005
   7.543011E-006
   1.280653E-006
   1.733206E-005
   1.679694E-005
   9.702070E-007
   8.181977E-006
   2.097083E-005
   8.362330E-006
   8.967945E-007
   1.668091E-005
   1.757508E-005
   1.453254E-006
   6.933623E-006
   1.977072E-005
   8.262859E-006
   8.251112E-007
   1.658965E-005
   1.809685E-005
   1.756816E-006
   6.284714E-006
   1.897307E-005
   7.985030E-006
   8.865929E-007
   1.695841E-005
   1.866745E-005
   1.956362E-006
   5.967333E-006
   1.859445E-005
   7.840558E-006
   8.969433E-007
   1.682470E-005
   1.831909E-005
   1.823579E-006
   6.131313E-006
   1.858102E-005
   7.732071E-006
   8.822658E-007
   1.611420E-005
   1.679958E-005
   1.239963E-006
   7.226672E-006
   1.962437E-005
   7.839751E-006
   8.970642E-007
   1.551095E-005
   1.503233E-005
   6.306152E-007
   8.765861E-006
   2.042925E-005
   7.216172E-006
   1.279354E-006
   1.597745E-005
   1.362257E-005
   1.825520E-007
   1.091178E-005
   2.146799E-005
   6.410395E-006
   1.943038E-006
   1.699430E-005
   1.254084E-005
   7.514268E-009
   1.283916E-005
   2.138660E-005
   4.906608E-006
   3.266454E-006
   1.884700E-005
   1.174975E-005
   5.552183E-008
   1.452706E-005
   2.042072E-005
   3.190633E-006
   5.235315E-006
   2.071521E-005
   1.050266E-005
   4.135323E-007
   1.674213E-005
   1.957180E-005
   1.853679E-006
   7.471720E-006
   2.202212E-005
   8.948624E-006
   1.106043E-006
   1.846426E-005
   1.777424E-005
   7.389951E-007
   1.007468E-005
   2.266158E-005
   7.120127E-006
   2.171660E-006
   1.983360E-005
   1.568750E-005
   1.546645E-007
   1.198555E-005
   2.110082E-005
   4.470561E-006
   4.191798E-006
   2.166506E-005
   1.352942E-005
   1.270182E-008
   1.417495E-005
   1.969956E-005
   2.667498E-006
   5.905538E-006
   2.064829E-005
   9.147725E-006
   9.460004E-007
   1.905341E-005
   2.070208E-005
   2.094933E-006
   6.034191E-006
   1.646014E-005
   4.312926E-006
   3.773314E-006
   2.357026E-005
   1.921024E-005
   8.259932E-007
   8.081101E-006
   1.556662E-005
   2.502963E-006
   5.424714E-006
   2.162340E-005
   1.226915E-005
   6.463216E-008
   1.382772E-005
   1.793476E-005
   2.242925E-006
   4.969290E-006
   1.526813E-005
   4.574584E-006
   3.012709E-006
   2.218950E-005
   2.022247E-005
   1.794381E-006
   4.836214E-006
   1.073859E-005
   1.076912E-006
   7.402186E-006
   2.489388E-005
   1.555219E-005
   1.578064E-007
   8.217088E-006
   1.098383E-005
   4.698732E-007
   7.928294E-006
   1.846174E-005
   6.188975E-006
   1.547482E-006
   1.605846E-005
   1.367693E-005
   4.657995E-007
   6.331382E-006
   1.059343E-005
   7.878195E-007
   7.391334E-006
   2.213248E-005
   1.234180E-005
   1.902591E-008
   7.238990E-006
   7.365031E-006
   2.198211E-009
   1.099725E-005
   1.953038E-005
   5.943511E-006
   1.116560E-006
   1.078435E-005
   6.308261E-006
   3.115819E-007
   1.133633E-005
   1.286573E-005
   1.008893E-006
   5.381502E-006
   1.390307E-005
   4.548797E-006
   1.256900E-006
   1.125457E-005
   7.525355E-006
   4.190625E-008
   9.485596E-006
   1.252758E-005
   1.490570E-006
   3.904706E-006
   1.191258E-005
   4.107642E-006
   1.202015E-006
   1.113345E-005
   8.104318E-006
   4.594996E-010
   8.043799E-006
   1.166657E-005
   1.638305E-006
   3.177850E-006
   1.045994E-005
   3.508834E-006
   1.396150E-006
   1.159860E-005
   8.717373E-006
   3.075618E-008
   7.062139E-006
   1.040337E-005
   1.162428E-006
   3.962904E-006
   1.167654E-005
   3.961378E-006
   1.277566E-006
   1.134813E-005
   8.177983E-006
   1.101361E-010
   7.953537E-006
   1.072670E-005
   9.205966E-007
   4.872063E-006
   1.278721E-005
   3.899959E-006
   1.689904E-006
   1.251700E-005
   8.247874E-006
   2.365431E-008
   9.107690E-006
   1.095594E-005
   5.710777E-007
   6.444920E-006
   1.466824E-005
   4.123183E-006
   1.846164E-006
   1.220408E-005
   6.552488E-006
   4.814259E-007
   1.267529E-005
   1.323878E-005
   7.214131E-007
   6.165385E-006
   1.273146E-005
   2.240566E-006
   3.967009E-006
   1.569206E-005
   7.539232E-006
   4.086459E-007
   1.124165E-005
   9.708132E-006
   1.719930E-008
   9.488085E-006
   1.453922E-005
   2.124283E-006
   3.959573E-006
   1.309128E-005
   4.289788E-006
   1.730172E-006
   1.335329E-005
   8.755662E-006
   2.951333E-008
   9.499806E-006
   1.102064E-005
   5.065513E-007
   6.255581E-006
   1.291593E-005
   2.808535E-006
   2.476075E-006
   1.126479E-005
   4.651760E-006
   9.525341E-007
   1.122357E-005
   8.651641E-006
   1.381736E-008
   7.311093E-006
   9.906530E-006
   8.275762E-007
   4.005708E-006
   9.124121E-006
   1.533890E-006
   3.370698E-006
   1.288921E-005
   6.575684E-006
   9.182740E-008
   6.343809E-006
   4.831649E-006
   1.012675E-007
   7.719744E-006
   8.958728E-006
   5.356549E-007
   4.384236E-006
   9.581410E-006
   2.172862E-006
   1.702444E-006
   7.885316E-006
   3.072055E-006
   7.970824E-007
   7.667763E-006
   4.802217E-006
   1.510858E-007
   7.748185E-006
   8.851233E-006
   7.429161E-007
   2.789247E-006
   5.751226E-006
   4.900137E-007
   3.634220E-006
   9.584687E-006
   3.130238E-006
   9.816352E-007
   8.149253E-006
   5.179655E-006
   2.667477E-008
   5.172900E-006
   4.738497E-006
   3.176859E-009
   6.024868E-006
   8.284544E-006
   8.083636E-007
   3.324494E-006
   8.857648E-006
   2.596012E-006
   1.046342E-006
   6.674675E-006
   2.850077E-006
   7.612210E-007
   7.934601E-006
   5.642311E-006
   2.072899E-008
   6.881593E-006
   8.866057E-006
   9.547736E-007
   2.392669E-006
   5.385923E-006
   4.036057E-007
   4.117134E-006
   1.084821E-005
   3.904295E-006
   7.256602E-007
   7.864449E-006
   5.158906E-006
   3.049579E-008
   5.198479E-006
   4.447974E-006
   5.580679E-008
   7.325330E-006
   9.661804E-006
   1.084253E-006
   2.999596E-006
   8.093810E-006
   1.996481E-006
   1.441328E-006
   6.726509E-006
   2.135079E-006
   1.531365E-006
   9.813648E-006
   6.453490E-006
   2.035672E-009
   5.651731E-006
   6.014461E-006
   7.976458E-008
   4.522777E-006
   6.561340E-006
   3.383988E-007
   4.317972E-006
   9.329380E-006
   2.128839E-006
   1.750646E-006
   8.178493E-006
   3.396018E-006
   5.662534E-007
   6.463660E-006
   3.491948E-006
   4.952394E-007
   8.357869E-006
   7.488913E-006
   1.294129E-007
   4.567665E-006
   6.511719E-006
   3.155277E-007
   3.993324E-006
   7.738572E-006
   1.085112E-006
   2.832656E-006
   8.745844E-006
   2.693910E-006
   1.184899E-006
   7.768427E-006
   3.797787E-006
   4.054418E-007
   6.797546E-006
   4.655967E-006
   1.040799E-007
   6.773210E-006
   6.942003E-006
   1.615755E-007
   4.261692E-006
   6.371127E-006
   3.218404E-007
   4.111893E-006
   8.458998E-006
   1.632679E-006
   1.892417E-006
   6.984900E-006
   1.919435E-006
   1.537509E-006
   8.008188E-006
   3.739449E-006
   3.915740E-007
   6.334856E-006
   4.104574E-006
   1.371127E-007
   5.997373E-006
   5.241816E-006
   6.643678E-010
   5.162458E-006
   6.269942E-006
   2.285324E-007
   3.720593E-006
   6.230497E-006
   4.958825E-007
   3.178565E-006
   7.117075E-006
   1.290529E-006
   1.945554E-006
   6.680982E-006
   1.813875E-006
   1.345558E-006
   6.798711E-006
   2.735910E-006
   6.437859E-007
   6.124754E-006
   3.288912E-006
   3.121682E-007
   5.850146E-006
   4.091528E-006
   7.528746E-008
   5.541038E-006
   5.287457E-006
   3.616385E-008
   3.947858E-006
   4.820889E-006
   5.868091E-008
   4.152910E-006
   6.299497E-006
   5.411516E-007
   2.640801E-006
   5.575296E-006
   6.236480E-007
   2.606540E-006
   6.783107E-006
   1.577780E-006
   1.349918E-006
   5.723653E-006
   1.694201E-006
   1.155077E-006
   6.258813E-006
   2.732202E-006
   4.323895E-007
   5.056264E-006
   2.609964E-006
   4.202059E-007
   5.871677E-006
   4.215004E-006
   1.176186E-008
   4.109675E-006
   3.661083E-006
   1.176953E-008
   4.514986E-006
   4.994434E-006
   1.216876E-007
   3.049330E-006
   4.290807E-006
   1.025426E-007
   3.424411E-006
   5.752500E-006
   6.587774E-007
   1.985056E-006
   4.719821E-006
   6.090727E-007
   2.056280E-006
   5.598352E-006
   1.296761E-006
   1.149758E-006
   4.701273E-006
   1.230627E-006
   1.196486E-006
   5.536416E-006
   2.213438E-006
   4.447915E-007
   4.220492E-006
   1.867155E-006
   5.234512E-007
   4.890038E-006
   2.795574E-006
   1.407988E-007
   3.929345E-006
   2.658936E-006
   1.023140E-007
   3.925390E-006
   3.095368E-006
   1.775898E-008
   3.541554E-006
   3.311005E-006
   6.879906E-010
   3.101518E-006
   3.287161E-006
   6.844262E-009
   3.094905E-006
   3.756788E-006
   8.145915E-008
   2.533355E-006
   3.519049E-006
   8.601762E-008
   2.611735E-006
   3.966698E-006
   2.187577E-007
   2.182346E-006
   3.788962E-006
   2.308645E-007
   2.230555E-006
   4.202812E-006
   4.064723E-007
   1.870335E-006
   4.035804E-006
   4.290616E-007
   1.885274E-006
   4.346820E-006
   6.032384E-007
   1.642155E-006
   4.291080E-006
   6.606886E-007
   1.603718E-006
   4.518664E-006
   8.221634E-007
   1.453535E-006
   4.608039E-006
   9.796765E-007
   1.275561E-006
   4.489130E-006
   9.790695E-007
   1.374546E-006
   5.077436E-006
   1.434465E-006
   9.105444E-007
   4.327423E-006
   1.124939E-006
   1.222826E-006
   5.234981E-006
   1.714601E-006
   7.737184E-007
   4.571663E-006
   1.543146E-006
   8.334050E-007
   4.766658E-006
   1.681014E-006
   8.098402E-007
   5.105252E-006
   2.122962E-006
   4.881844E-007
   4.253705E-006
   1.596925E-006
   8.495225E-007
   5.484533E-006
   2.522919E-006
   3.574593E-007
   4.218925E-006
   1.794885E-006
   7.003364E-007
   5.317135E-006
   2.557957E-006
   3.533542E-007
   4.409089E-006
   2.010850E-006
   6.012150E-007
   5.286419E-006
   2.645047E-006
   3.379890E-007
   4.564501E-006
   2.231082E-006
   4.884879E-007
   5.038268E-006
   2.526890E-006
   3.928371E-007
   4.827148E-006
   2.431089E-006
   4.229293E-007
   4.922374E-006
   2.481471E-006
   4.091574E-007
   4.897700E-006
   2.466746E-006
   4.084624E-007
   4.850764E-006
   2.396410E-006
   4.457944E-007
   4.968769E-006
   2.486846E-006
   3.925654E-007
   4.695168E-006
   2.269130E-006
   4.654613E-007
   4.796018E-006
   2.265410E-006
   4.669346E-007
   4.742157E-006
   2.227933E-006
   4.373851E-007
   4.429762E-006
   1.924401E-006
   5.660208E-007
   4.635224E-006
   1.980310E-006
   5.134019E-007
   4.309129E-006
   1.732214E-006
   5.836714E-007
   4.170266E-006
   1.504421E-006
   7.199382E-007
   4.330923E-006
   1.552855E-006
   6.122178E-007
   3.718023E-006
   1.076700E-006
   9.373685E-007
   4.161967E-006
   1.203563E-006
   7.908573E-007
   3.611350E-006
   8.630697E-007
   1.009364E-006
   3.686055E-006
   7.994878E-007
   1.000438E-006
   3.309974E-006
   5.339995E-007
   1.301845E-006
   3.570185E-006
   6.028651E-007
   1.048049E-006
   2.712537E-006
   2.077688E-007
   1.748978E-006
   3.488158E-006
   4.159107E-007
   1.135239E-006
   2.225431E-006
   4.207873E-008
   2.123000E-006
   3.136602E-006
   1.681156E-007
   1.523241E-006
   2.217239E-006
   1.559318E-008
   2.017695E-006
   2.358045E-006
   9.389116E-009
   1.983519E-006
   2.055197E-006
   1.081719E-009
   2.116671E-006
   1.833548E-006
   2.705780E-008
   2.305608E-006
   1.697532E-006
   6.503182E-008
   2.332485E-006
   1.401563E-006
   1.819415E-007
   2.677120E-006
   1.426538E-006
   1.864811E-007
   2.390967E-006
   9.781524E-007
   4.256404E-007
   2.762934E-006
   9.670868E-007
   4.509182E-007
   2.468166E-006
   5.888205E-007
   8.175868E-007
   2.906961E-006
   6.465748E-007
   7.118460E-007
   2.263334E-006
   2.261300E-007
   1.364819E-006
   2.901861E-006
   3.127226E-007
   1.161769E-006
   2.271623E-006
   8.627060E-008
   1.627409E-006
   2.381521E-006
   4.922341E-008
   1.703390E-006
   2.059774E-006
   1.201172E-009
   2.030963E-006
   1.988538E-006
   3.416094E-009
   2.063432E-006
   1.636983E-006
   5.218717E-008
   2.192005E-006
   1.285037E-006
   2.205949E-007
   2.778000E-006
   1.476564E-006
   1.532450E-007
   2.100193E-006
   6.899782E-007
   6.650740E-007
   3.062766E-006
   9.383191E-007
   5.262357E-007
   2.450138E-006
   4.542729E-007
   9.997708E-007
   2.828144E-006
   4.070140E-007
   1.077144E-006
   2.490862E-006
   1.651919E-007
   1.539226E-006
   2.609610E-006
   9.381826E-008
   1.726387E-006
   2.355092E-006
   1.373719E-008
   2.079938E-006
   2.230218E-006
   2.810006E-010
   2.185433E-006
   1.748333E-006
   9.587484E-008
   2.904664E-006
   1.933639E-006
   8.726312E-008
   2.437020E-006
   1.124750E-006
   4.491771E-007
   3.168942E-006
   1.153512E-006
   5.021181E-007
   2.814859E-006
   6.508825E-007
   9.403712E-007
   3.076211E-006
   5.074387E-007
   1.064652E-006
   2.567849E-006
   1.441046E-007
   1.787437E-006
   2.964572E-006
   1.446828E-007
   1.515120E-006
   1.892011E-006
   8.378415E-009
   2.476997E-006
   2.138946E-006
   1.502688E-008
   2.162103E-006
   1.289846E-006
   2.433522E-007
   2.651607E-006
   1.057201E-006
   4.219878E-007
   2.485815E-006
   5.576340E-007
   8.580173E-007
   2.625689E-006
   3.525694E-007
   1.010301E-006
   1.993860E-006
   3.126924E-008
   1.802533E-006
   2.210868E-006
   1.270080E-008
   1.560877E-006
   1.196020E-006
   1.677330E-007
   2.560719E-006
   1.372378E-006
   1.576953E-007
   1.872673E-006
   4.597097E-007
   8.045541E-007
   2.547388E-006
   3.990248E-007
   8.921029E-007
   1.973805E-006
   6.933689E-008
   1.418540E-006
   1.754044E-006
   7.767733E-010
   1.900731E-006
   1.537426E-006
   5.293956E-008
   1.964408E-006
   9.718725E-007
   2.929700E-007
   2.147430E-006
   5.523272E-007
   7.183833E-007
   2.450354E-006
   4.069540E-007
   8.027157E-007
   1.782170E-006
   4.191647E-008
   1.507582E-006
   1.836133E-006
   1.564485E-010
   1.806769E-006
   1.552163E-006
   2.824011E-008
   1.717678E-006
   8.204713E-007
   3.642629E-007
   2.388605E-006
   7.591145E-007
   4.807330E-007
   2.097467E-006
   3.623596E-007
   7.520874E-007
   1.674077E-006
   3.035547E-008
   1.657631E-006
   2.279377E-006
   8.109141E-008
   1.008671E-006
   8.404207E-007
   2.039824E-007
   2.510607E-006
   1.510422E-006
   4.943333E-008
   1.376498E-006
   3.604523E-007
   6.783617E-007
   2.194793E-006
   3.767309E-007
   7.254275E-007
   1.779466E-006
   1.286825E-007
   8.705656E-007
   1.133753E-006
   1.642000E-008
   1.758157E-006
   1.449111E-006
   9.416914E-009
   1.294804E-006
   6.406421E-007
   2.253324E-007
   1.421983E-006
   2.422419E-007
   8.032216E-007
   2.166202E-006
   4.196645E-007
   3.637429E-007
   7.280585E-007
   2.929136E-008
   1.660905E-006
   1.454119E-006
   5.650392E-010
   1.129233E-006
   6.562770E-007
   1.303343E-007
   1.073106E-006
   1.433725E-007
   8.401756E-007
   2.005491E-006
   3.383794E-007
   3.783665E-007
   6.467428E-007
   4.894177E-008
   1.607260E-006
   1.239263E-006
   9.115631E-009
   1.010471E-006
   3.714068E-007
   3.597699E-007
   1.435355E-006
   2.190898E-007
   5.881559E-007
   1.182745E-006
   1.200677E-008
   1.127448E-006
   1.205043E-006
   9.023769E-010
   1.021630E-006
   4.904460E-007
   3.144476E-007
   1.788144E-006
   5.574716E-007
   2.715455E-007
   1.005996E-006
   2.170445E-008
   1.095004E-006
   1.401722E-006
   7.858089E-009
   9.832644E-007
   6.774850E-007
   1.475908E-007
   1.490817E-006
   4.971225E-007
   3.344035E-007
   1.327764E-006
   1.241357E-007
   8.125794E-007
   1.343820E-006
   1.353706E-008
   1.073263E-006
   9.618220E-007
   4.078506E-008
   1.282051E-006
   5.298227E-007
   2.964084E-007
   1.471752E-006
   2.654274E-007
   5.198185E-007
   1.080508E-006
   3.452812E-009
   1.169040E-006
   1.091741E-006
   1.945937E-008
   1.220059E-006
   5.417730E-007
   2.802992E-007
   1.459179E-006
   2.502034E-007
   5.999518E-007
   1.281236E-006
   2.362060E-008
   1.039890E-006
   1.044478E-006
   2.158750E-008
   1.257335E-006
   5.936310E-007
   2.284805E-007
   1.308703E-006
   1.874660E-007
   6.817533E-007
   1.329742E-006
   2.502226E-008
   9.957656E-007
   9.236960E-007
   4.970150E-008
   1.348968E-006
   5.565896E-007
   2.947098E-007
   1.439145E-006
   2.110018E-007
   6.527572E-007
   1.253406E-006
   1.490717E-008
   1.009023E-006
   8.879360E-007
   4.526472E-008
   1.150239E-006
   3.648382E-007
   4.264881E-007
   1.504656E-006
   2.069611E-007
   5.433011E-007
   8.809221E-007
   6.241787E-009
   1.199306E-006
   7.950884E-007
   9.465581E-008
   1.222261E-006
   3.405149E-007
   3.839423E-007
   1.161845E-006
   7.056752E-008
   6.905306E-007
   8.051888E-007
   2.271351E-008
   1.168366E-006
   6.629785E-007
   9.029301E-008
   8.489922E-007
   1.013988E-007
   5.900624E-007
   1.052727E-006
   2.047450E-008
   6.889993E-007
   5.516741E-007
   8.034447E-008
   1.021465E-006
   3.266912E-007
   2.518931E-007
   8.576606E-007
   4.268912E-008
   6.052361E-007
   7.032984E-007
   1.042118E-008
   8.591019E-007
   4.509562E-007
   1.045476E-007
   6.953358E-007
   5.153970E-008
   6.149841E-007
   1.016166E-006
   4.336233E-008
   3.844099E-007
   2.065017E-007
   2.750526E-007
   1.343001E-006
   5.029829E-007
   6.686731E-008
   3.105868E-007
   3.504672E-008
   1.169264E-006
   1.077442E-006
   8.036535E-009
   4.139167E-007
   9.002542E-008
   4.619479E-007
   1.165233E-006
   1.407461E-007
   3.869135E-007
   5.430857E-007
   2.157278E-008
   8.719439E-007
   3.996891E-007
   1.916328E-007
   1.033229E-006
   1.786606E-007
   3.740962E-007
   6.595509E-007
   8.858025E-009
   1.066895E-006
   7.571096E-007
   4.489159E-008
   8.451931E-007
   1.655715E-007
   4.784672E-007
   1.043089E-006
   2.216662E-008
   8.023700E-007
   7.349174E-007
   4.835826E-008
   1.067509E-006
   3.527542E-007
   3.223728E-007
   1.083224E-006
   6.178783E-008
   7.090324E-007
   7.912448E-007
   3.466741E-008
   1.204560E-006
   5.648117E-007
   1.760518E-007
   9.653285E-007
   6.284754E-008
   7.706342E-007
   1.039207E-006
   3.495146E-011
   9.138006E-007
   4.701154E-007
   2.061064E-007
   1.107338E-006
   1.371330E-007
   5.685474E-007
   8.805012E-007
   1.788438E-009
   9.605429E-007
   5.173787E-007
   1.799958E-007
   1.112971E-006
   1.737857E-007
   4.671250E-007
   7.744868E-007
   4.503629E-009
   9.716577E-007
   5.679574E-007
   9.658287E-008
   7.221334E-007
   2.436152E-008
   8.969666E-007
   1.272364E-006
   3.816990E-008
   4.543985E-007
   1.649683E-007
   4.032089E-007
   1.228728E-006
   1.409026E-007
   4.910440E-007
   6.809921E-007
   1.491102E-008
   9.017125E-007
   4.212127E-007
   1.226217E-007
   5.355748E-007
   2.051278E-009
   1.120579E-006
   1.137702E-006
   2.758904E-009
   5.828014E-007
   2.035631E-007
   2.293496E-007
   5.483595E-007
   8.763859E-009
   1.087257E-006
   8.873662E-007
   9.723160E-009
   6.948400E-007
   1.895893E-007
   2.378977E-007
   4.617012E-007
   2.724396E-008
   1.014330E-006
   5.942173E-007
   8.972439E-008
   8.868897E-007
   2.081984E-007
   1.867955E-007
   2.665910E-007
   1.229923E-007
   1.133187E-006
   4.546683E-007
   1.619067E-007
   8.090497E-007
   8.641683E-008
   3.021455E-007
   2.479713E-007
   1.579529E-007
   9.333703E-007
   1.775239E-007
   3.844249E-007
   8.177698E-007
   1.537749E-008
   4.887541E-007
   2.712930E-007
   1.582217E-007
   6.987465E-007
   3.409282E-008
   5.856194E-007
   6.934368E-007
   1.549723E-009
   5.057659E-007
   9.583960E-008
   4.161559E-007
   8.096301E-007
   6.623902E-009
   6.546200E-007
   4.387903E-007
   1.072821E-007
   8.280625E-007
   1.377373E-007
   3.162465E-007
   4.466577E-007
   3.866953E-008
   8.384089E-007
   3.061014E-007
   1.859818E-007
   5.896483E-007
   1.417941E-010
   7.665595E-007
   5.650991E-007
   5.932249E-008
   7.352753E-007
   1.020377E-007
   4.600280E-007
   7.515885E-007
   2.811740E-010
   6.095974E-007
   2.677711E-007
   1.946357E-007
   7.004243E-007
   2.120749E-008
   5.530616E-007
   4.475730E-007
   9.338675E-008
   9.161625E-007
   2.127791E-007
   3.089738E-007
   6.656668E-007
   1.768585E-010
   6.505301E-007
   3.516777E-007
   1.343318E-007
   6.862249E-007
   3.851791E-008
   5.138457E-007
   5.453321E-007
   2.378090E-008
   6.486673E-007
   1.362958E-007
   3.658284E-007
   7.752107E-007
   1.436227E-008
   4.741389E-007
   2.531230E-007
   1.900305E-007
   8.573934E-007
   1.244550E-007
   2.794000E-007
   3.310500E-007
   7.416800E-008
   8.522710E-007
   3.006975E-007
   1.270418E-007
   3.913638E-007
   4.667829E-009
   6.434886E-007
   3.681510E-007
   7.663967E-008
   5.112884E-007
   2.310484E-008
   4.565140E-007
   4.841174E-007
   1.286880E-008
   4.923271E-007
   9.918396E-008
   2.766829E-007
   5.092385E-007
   6.608530E-012
   4.543914E-007
   1.849023E-007
   1.686938E-007
   5.439574E-007
   1.312459E-008
   4.129533E-007
   2.902926E-007
   8.455356E-008
   5.701590E-007
   5.882922E-008
   3.233457E-007
   3.610844E-007
   3.855206E-008
   5.996200E-007
   1.357088E-007
   2.378687E-007
   4.355082E-007
   7.527477E-009
   5.901064E-007
   2.289693E-007
   1.647989E-007
   5.182547E-007
   2.700087E-009
   4.965532E-007
   2.817731E-007
   1.305428E-007
   6.347037E-007
   3.711415E-008
   4.363018E-007
   4.098598E-007
   4.946075E-008
   6.082149E-007
   8.239460E-008
   3.687640E-007
   5.132688E-007
   1.133817E-008
   5.937475E-007
   1.567532E-007
   2.673007E-007
   5.618260E-007
   3.609316E-010
   6.147107E-007
   2.990201E-007
   1.315595E-007
   5.361565E-007
   6.509742E-009
   5.067562E-007
   3.399115E-007
   9.068282E-008
   5.978110E-007
   4.726404E-008
   3.846379E-007
   4.027252E-007
   2.959425E-008
   5.086647E-007
   7.528238E-008
   2.993264E-007
   4.272866E-007
   8.067117E-009
   4.774062E-007
   1.322054E-007
   1.877223E-007
   3.952644E-007
   8.569863E-010
   4.336795E-007
   1.900224E-007
   9.877065E-008
   3.330873E-007
   1.330259E-010
   3.733531E-007
   2.109728E-007
   6.218260E-008
   3.185466E-007
   7.123802E-009
   2.737174E-007
   1.916343E-007
   4.707646E-008
   3.151504E-007
   2.341631E-008
   1.885015E-007
   1.650382E-007
   3.278848E-008
   2.707033E-007
   2.413498E-008
   1.706403E-007
   1.769679E-007
   1.630565E-008
   2.309768E-007
   2.795437E-008
   1.407430E-007
   1.691832E-007
   8.821896E-009
   1.975244E-007
   2.791370E-008
   1.232473E-007
   1.583338E-007
   8.659584E-009
   2.087335E-007
   4.281915E-008
   9.135863E-008
   1.311447E-007
   1.469365E-008
   2.500783E-007
   7.259831E-008
   5.957892E-008
   1.080307E-007
   1.924306E-008
   2.730868E-007
   9.047210E-008
   4.519270E-008
   8.489843E-008
   4.132920E-008
   3.829161E-007
   1.544555E-007
   3.090284E-008
   1.077143E-007
   1.492885E-008
   2.806966E-007
   8.849643E-008
   9.039087E-008
   2.369078E-007
   2.005213E-009
   1.424200E-007
   2.409906E-008
   2.006149E-007
   3.979629E-007
   2.323395E-008
   1.073063E-007
   2.151349E-008
   1.973552E-007
   3.732797E-007
   6.032780E-009
   2.333213E-007
   1.301603E-007
   4.862888E-008
   1.660492E-007
   1.224719E-008
   4.478767E-007
   2.836521E-007
   9.774689E-009
   1.331416E-007
   5.226394E-009
   3.206894E-007
   1.469323E-007
   7.644516E-008
   3.025327E-007
   1.110878E-008
   1.561829E-007
   4.453457E-008
   2.016700E-007
   5.056975E-007
   5.837295E-008
   8.658725E-008
   2.508837E-008
   1.910049E-007
   3.968795E-007
   1.287901E-008
   1.877056E-007
   8.462682E-008
   8.845027E-008
   2.179181E-007
   3.653060E-009
   3.436907E-007
   1.669747E-007
   4.148871E-008
   1.539184E-007
   8.222522E-009
   2.954803E-007
   9.309609E-008
   1.001656E-007
   2.292482E-007
   8.908213E-011
   1.777443E-007
   1.967686E-008
   2.189950E-007
   3.176964E-007
   2.054729E-010
   1.730989E-007
   1.875863E-008
   1.963620E-007
   2.442918E-007
   4.525543E-009
   2.132846E-007
   2.076547E-008
   1.844233E-007
   1.969449E-007
   1.600109E-008
   2.315212E-007
   1.473802E-008
   2.006109E-007
   1.842667E-007
   2.110498E-008
   2.133017E-007
   5.164303E-009
   2.275023E-007
   1.684167E-007
   3.409112E-008
   2.320429E-007
   5.715127E-009
   2.005928E-007
   1.119768E-007
   7.596176E-008
   2.926029E-007
   9.550464E-009
   1.816487E-007
   8.417487E-008
   1.019672E-007
   3.000682E-007
   5.085610E-009
   2.008695E-007
   8.501056E-008
   9.464093E-008
   2.419844E-007
   1.624405E-010
   2.583250E-007
   9.209800E-008
   9.824479E-008
   2.285008E-007
   1.318745E-009
   2.498400E-007
   6.454413E-008
   1.295754E-007
   2.312177E-007
   3.493244E-009
   2.460558E-007
   4.416727E-008
   1.604114E-007
   2.313695E-007
   5.803189E-009
   2.327679E-007
   2.833925E-008
   1.713391E-007
   1.878914E-007
   2.048072E-008
   2.567613E-007
   2.325469E-008
   1.663653E-007
   1.407093E-007
   4.223721E-008
   2.639707E-007
   1.459694E-008
   1.660157E-007
   1.037558E-007
   5.970392E-008
   2.252310E-007
   1.192099E-009
   2.060150E-007
   9.247345E-008
   6.609360E-008
   1.761481E-007
   2.443404E-009
   2.284867E-007
   6.550360E-008
   8.472995E-008
   1.391902E-007
   1.668563E-008
   2.450831E-007
   4.003632E-008
   1.111886E-007
   1.201621E-007
   2.803599E-008
   2.128484E-007
   1.281491E-008
   1.372162E-007
   8.569809E-008
   5.152929E-008
   1.870844E-007
   8.779452E-010
   1.514473E-007
   4.308073E-008
   1.009795E-007
   1.830811E-007
   1.431737E-009
   1.660508E-007
   2.215615E-008
   1.304428E-007
   1.470737E-007
   1.318201E-008
   1.749501E-007
   1.031886E-008
   1.308911E-007
   8.885960E-008
   3.505208E-008
   1.406332E-007
   7.382779E-011
   1.541988E-007
   4.165638E-008
   8.202718E-008
   1.274675E-007
   1.116143E-008
   1.871706E-007
   2.065051E-008
   1.236466E-007
   1.197664E-007
   2.047239E-008
   1.637249E-007
   4.586365E-009
   1.363581E-007
   7.801560E-008
   3.161799E-008
   9.390562E-008
   7.820603E-009
   1.724248E-007
   3.299758E-008
   7.017627E-008
   6.160651E-008
   5.073111E-008
   2.115598E-007
   9.280747E-009
   1.189086E-007
   4.659248E-008
   9.338538E-008
   2.227074E-007
   3.536854E-009
   9.625737E-008
   9.092554E-009
   1.339277E-007
   1.342820E-007
   1.185199E-008
   1.260383E-007
   1.189936E-012
   1.805271E-007
   7.514993E-008
   6.285076E-008
   1.476602E-007
   4.407137E-009
   1.827427E-007
   2.432101E-008
   1.202744E-007
   1.051513E-007
   4.256665E-008
   2.169181E-007
   3.862196E-009
   1.788733E-007
   8.361689E-008
   6.158563E-008
   1.442271E-007
   9.008915E-009
   2.230124E-007
   3.881953E-008
   9.318063E-008
   6.871862E-008
   8.205523E-008
   2.856114E-007
   1.029038E-008
   1.582539E-007
   6.520767E-008
   8.458954E-008
   1.766603E-007
   2.263756E-009
   1.537958E-007
   5.946403E-009
   1.933249E-007
   1.480744E-007
   2.976497E-008
   1.698124E-007
   6.696512E-010
   2.594521E-007
   1.240922E-007
   3.100517E-008
   7.168876E-008
   4.501634E-008
   2.825928E-007
   3.946040E-008
   8.586035E-008
   3.970789E-008
   1.294132E-007
   3.293608E-007
   2.151352E-008
   7.303359E-008
   3.105538E-009
   2.091823E-007
   2.420003E-007
   1.232890E-011
   7.908803E-008
   6.160399E-009
   2.869904E-007
   1.614253E-007
   1.633917E-008
   7.165784E-008
   3.327985E-008
   2.972881E-007
   8.226516E-008
   3.564007E-008
   2.525230E-008
   1.067776E-007
   2.770809E-007
   1.621197E-008
   8.123550E-008
   1.245746E-008
   1.309476E-007
   1.625534E-007
   3.848792E-009
   1.199477E-007
   1.917021E-009
   1.300093E-007
   5.235436E-008
   7.136088E-008
   1.684145E-007
   5.109724E-010
   7.461234E-008
   7.192577E-013
   2.098661E-007
   1.921858E-007
   1.943885E-011
   2.630636E-008
   4.139722E-008
   3.093870E-007
   1.417579E-007
   1.927596E-009
   3.152625E-009
   1.251621E-007
   3.009457E-007
   4.787514E-008
   1.936756E-008
   6.306183E-010
   2.296545E-007
   3.107840E-007
   2.636711E-008
   1.026893E-008
   2.194865E-008
   2.506613E-007
   1.588200E-007
   2.001504E-011
   7.360826E-009
   7.880390E-008
   2.736834E-007
   6.008091E-008
   2.638265E-008
   1.194843E-008
   9.186867E-008
   1.973818E-007
   1.285372E-008
   2.988566E-008
   9.359248E-011
   1.164860E-007
   7.078010E-008
   1.796156E-008
   6.508628E-008
   9.093308E-009
   1.513675E-007
   3.059740E-008
   5.493789E-008
   5.738496E-008
