   1.052730E+006
   1.052309E+006
   1.051048E+006
   1.048953E+006
   1.046034E+006
   1.042304E+006
   1.037782E+006
   1.032488E+006
   1.026446E+006
   1.019683E+006
   1.012229E+006
   1.004117E+006
   9.953793E+005
   9.860532E+005
   9.761753E+005
   9.657838E+005
   9.549175E+005
   9.436157E+005
   9.319176E+005
   9.198624E+005
   9.074886E+005
   8.948343E+005
   8.819363E+005
   8.688307E+005
   8.555521E+005
   8.421338E+005
   8.286077E+005
   8.150039E+005
   8.013512E+005
   7.876765E+005
   7.740050E+005
   7.603602E+005
   7.467641E+005
   7.332367E+005
   7.197966E+005
   7.064608E+005
   6.932446E+005
   6.801619E+005
   6.672254E+005
   6.544460E+005
   6.418336E+005
   6.293969E+005
   6.171434E+005
   6.050794E+005
   5.932104E+005
   5.815409E+005
   5.700745E+005
   5.588141E+005
   5.477617E+005
   5.369188E+005
   5.262862E+005
   5.158642E+005
   5.056525E+005
   4.956504E+005
   4.858569E+005
   4.762703E+005
   4.668890E+005
   4.577109E+005
   4.487335E+005
   4.399543E+005
   4.313705E+005
   4.229792E+005
   4.147774E+005
   4.067617E+005
   3.989290E+005
   3.912758E+005
   3.837988E+005
   3.764943E+005
   3.693590E+005
   3.623892E+005
   3.555815E+005
   3.489323E+005
   3.424380E+005
   3.360951E+005
   3.299002E+005
   3.238498E+005
   3.179404E+005
   3.121688E+005
   3.065315E+005
   3.010253E+005
   2.956470E+005
   2.903934E+005
   2.852613E+005
   2.802478E+005
   2.753498E+005
   2.705645E+005
   2.658888E+005
   2.613201E+005
   2.568556E+005
   2.524926E+005
   2.482286E+005
   2.440608E+005
   2.399869E+005
   2.360044E+005
   2.321110E+005
   2.283044E+005
   2.245822E+005
   2.209423E+005
   2.173826E+005
   2.139011E+005
   2.104955E+005
   2.071641E+005
   2.039049E+005
   2.007161E+005
   1.975957E+005
   1.945421E+005
   1.915536E+005
   1.886284E+005
   1.857650E+005
   1.829618E+005
   1.802172E+005
   1.775298E+005
   1.748981E+005
   1.723208E+005
   1.697963E+005
   1.673235E+005
   1.649010E+005
   1.625275E+005
   1.602019E+005
   1.579230E+005
   1.556895E+005
   1.535005E+005
   1.513547E+005
   2.388018E+006
   2.355021E+006
   2.322666E+006
   2.290939E+006
   2.259825E+006
   2.229308E+006
   2.199375E+006
   2.170011E+006
   2.141203E+006
   2.112938E+006
   2.085202E+006
   2.057984E+006
   2.031272E+006
   2.005053E+006
   1.979316E+006
   1.954050E+006
   1.929244E+006
   1.904887E+006
   1.880970E+006
   1.857482E+006
   1.834414E+006
   1.811755E+006
   1.789497E+006
   1.767631E+006
   1.746148E+006
   1.725040E+006
   1.704298E+006
   1.683914E+006
   1.663880E+006
   1.644189E+006
   1.624833E+006
   1.605805E+006
   1.587098E+006
   1.568705E+006
   1.550619E+006
   1.532833E+006
   1.515342E+006
   1.498139E+006
   1.481218E+006
   1.464573E+006
   1.448198E+006
   1.432088E+006
   1.416237E+006
   1.400640E+006
   1.385291E+006
   1.370187E+006
   1.355320E+006
   1.340688E+006
   1.326284E+006
   1.312105E+006
   1.298145E+006
   1.284402E+006
   1.270869E+006
   1.257544E+006
   1.244421E+006
   1.231497E+006
   1.218769E+006
   1.206232E+006
   1.193882E+006
   1.181717E+006
   1.169731E+006
   1.157923E+006
   1.146288E+006
   1.134824E+006
   1.123527E+006
   1.112393E+006
   1.101421E+006
   1.090606E+006
   1.079946E+006
   1.069439E+006
   1.059080E+006
   1.048868E+006
   1.038800E+006
   1.028873E+006
   1.019084E+006
   1.009432E+006
   9.999129E+005
   9.905253E+005
   9.812666E+005
   9.721345E+005
   9.631267E+005
   9.542411E+005
   9.454754E+005
   9.368276E+005
   9.282957E+005
   9.198775E+005
   9.115711E+005
   9.033747E+005
   8.952863E+005
   8.873040E+005
   8.794260E+005
   8.716506E+005
   8.639760E+005
   8.564006E+005
   8.489225E+005
   8.415404E+005
   8.342524E+005
   8.270571E+005
   8.199528E+005
   8.129382E+005
   8.060118E+005
   7.991720E+005
   7.924175E+005
   7.857468E+005
   7.791587E+005
   7.726518E+005
   7.662248E+005
   7.598764E+005
   7.536054E+005
   7.474104E+005
   7.412904E+005
   7.352441E+005
   7.292703E+005
   7.233680E+005
   7.175360E+005
   7.117733E+005
   7.060786E+005
   7.004511E+005
   6.948896E+005
   6.893931E+005
   6.839607E+005
   6.785913E+005
   4.208026E+004
   4.175238E+004
   4.142826E+004
   4.110786E+004
   4.079111E+004
   4.047795E+004
   4.016834E+004
   3.986223E+004
   3.955955E+004
   3.926027E+004
   3.896432E+004
   3.867167E+004
   3.838226E+004
   3.809604E+004
   3.781298E+004
   3.753302E+004
   3.725612E+004
   3.698224E+004
   3.671133E+004
   3.644335E+004
   3.617826E+004
   3.591601E+004
   3.565658E+004
   3.539991E+004
   3.514598E+004
   3.489473E+004
   3.464614E+004
   3.440017E+004
   3.415677E+004
   3.391593E+004
   3.367759E+004
   3.344173E+004
   3.320831E+004
   3.297730E+004
   3.274867E+004
   3.252238E+004
   3.229841E+004
   3.207672E+004
   3.185727E+004
   3.164005E+004
   3.142502E+004
   3.121216E+004
   3.100142E+004
   3.079279E+004
   3.058625E+004
   3.038175E+004
   3.017927E+004
   2.997879E+004
   2.978029E+004
   2.958373E+004
   2.938909E+004
   2.919635E+004
   2.900548E+004
   2.881646E+004
   2.862926E+004
   2.844387E+004
   2.826025E+004
   2.807839E+004
   2.789826E+004
   2.771985E+004
   2.754313E+004
   2.736807E+004
   2.719467E+004
   2.702289E+004
   2.685272E+004
   2.668414E+004
   2.651713E+004
   2.635167E+004
   2.618774E+004
   2.602532E+004
   2.586440E+004
   2.570495E+004
   2.554696E+004
   2.539041E+004
   2.523528E+004
   2.508156E+004
   2.492922E+004
   2.477826E+004
   2.462866E+004
   2.448039E+004
   2.433345E+004
   2.418782E+004
   2.404348E+004
   2.390043E+004
   2.375863E+004
   2.361808E+004
   2.347877E+004
   2.334067E+004
   2.320378E+004
   2.306809E+004
   2.293357E+004
   2.280021E+004
   2.266801E+004
   2.253695E+004
   2.240701E+004
   2.227818E+004
   2.215045E+004
   2.202381E+004
   2.189825E+004
   2.177375E+004
   2.165030E+004
   2.152789E+004
   2.140651E+004
   2.128614E+004
   2.116678E+004
   2.104842E+004
   2.093104E+004
   2.081463E+004
   2.069918E+004
   2.058468E+004
   2.047113E+004
   2.035850E+004
   2.024680E+004
   2.013601E+004
   2.002612E+004
   1.991712E+004
   1.980900E+004
   1.970176E+004
   1.959537E+004
   1.948984E+004
   1.938516E+004
   1.928131E+004
   1.917829E+004
   0.000000E+000
   0.000000E+000
   0.000000E+000
   0.000000E+000
   0.000000E+000
   0.000000E+000
   0.000000E+000
   0.000000E+000
   0.000000E+000
   0.000000E+000
   0.000000E+000
   0.000000E+000
   0.000000E+000
   0.000000E+000
   0.000000E+000
   0.000000E+000
   0.000000E+000
   0.000000E+000
   0.000000E+000
   0.000000E+000
   0.000000E+000
   0.000000E+000
   0.000000E+000
   0.000000E+000
   0.000000E+000
   0.000000E+000
   1.398234E-277
   8.933170E-248
   8.334043E-220
   1.359158E-193
   4.508748E-169
   3.446380E-146
   6.698187E-125
   3.556622E-105
   5.388477E-087
   2.355855E-070
   2.891149E-055
   9.203116E-042
   6.516327E-030
   7.774240E-020
   9.207736E-012
   2.983836E-006
   4.043464E-004
   2.693326E-004
   9.432327E-003
   9.012682E-003
   1.684921E-002
   1.964107E-002
   2.796372E-002
   1.716520E-002
   3.817435E-003
   1.438345E-002
   4.863709E-002
   2.171997E-004
   4.384898E-002
   5.487190E-002
   5.443354E-002
   5.812056E-002
   2.840426E-002
   6.052038E-003
   5.922200E-002
   7.375236E-003
   2.806868E-002
   6.183062E-002
   4.635239E-002
   2.887029E-002
   2.530286E-002
   3.532612E-002
   5.435176E-002
   5.630862E-002
   1.604939E-002
   9.211221E-003
   5.817444E-002
   5.741853E-003
   4.624234E-002
   9.447710E-003
   5.177311E-002
   1.150803E-004
   4.235064E-002
   3.918963E-002
   1.041483E-003
   1.819715E-002
   4.708275E-002
   4.528679E-002
   2.541200E-002
   8.687491E-003
   1.295481E-003
   1.271757E-005
   5.794177E-004
   7.073455E-004
   1.510771E-004
   3.209610E-004
   3.853111E-003
   1.321810E-002
   2.748937E-002
   3.897164E-002
   3.592245E-002
   1.632665E-002
   2.934459E-004
   1.154743E-002
   3.459522E-002
   2.669324E-002
   1.290515E-003
   1.453082E-002
   3.410373E-002
   7.900582E-003
   8.546605E-003
   3.241836E-002
   4.720468E-003
   1.542214E-002
   2.566056E-002
   3.290580E-004
   2.884683E-002
   4.642581E-003
   1.924666E-002
   1.380641E-002
   1.058488E-002
   1.923932E-002
   6.391838E-003
   2.062259E-002
   5.628076E-003
   1.911597E-002
   7.592847E-003
   1.845356E+003
   1.837939E+003
   1.830566E+003
   1.823238E+003
   1.815953E+003
   1.808711E+003
   1.801513E+003
   1.794358E+003
   1.787244E+003
   1.780173E+003
   1.773144E+003
   1.766156E+003
   1.759209E+003
   1.752303E+003
   1.745437E+003
   1.738612E+003
   1.731826E+003
   1.725080E+003
   1.718373E+003
   1.711705E+003
   1.705075E+003
   1.698484E+003
   1.691931E+003
   1.685416E+003
   1.678938E+003
   1.672497E+003
   1.666093E+003
   1.659726E+003
   1.653395E+003
   1.647100E+003
   1.640841E+003
   1.634617E+003
   1.628429E+003
   1.622275E+003
   1.616157E+003
   1.610072E+003
   1.604022E+003
   1.598006E+003
   1.592024E+003
   1.586075E+003
   1.580159E+003
   1.574276E+003
   1.568426E+003
   1.562608E+003
   1.556822E+003
   1.551069E+003
   1.545347E+003
   1.539657E+003
   1.533998E+003
   1.528370E+003
   1.522773E+003
   1.517206E+003
   1.511670E+003
   1.506164E+003
   1.500688E+003
   1.495241E+003
   1.489825E+003
   1.484437E+003
   1.479079E+003
   1.473749E+003
   1.468448E+003
   1.463176E+003
   1.457932E+003
   1.452716E+003
   1.447527E+003
   1.442367E+003
   1.437234E+003
   1.432128E+003
   1.427049E+003
   1.421998E+003
   1.416973E+003
   1.411974E+003
   1.407002E+003
   1.402056E+003
   1.397136E+003
   1.392241E+003
   1.387372E+003
   1.382529E+003
   1.377711E+003
   1.372918E+003
   1.368150E+003
   1.363407E+003
   1.358688E+003
   1.353994E+003
   1.349324E+003
   1.344677E+003
   1.340055E+003
   1.335457E+003
   1.330882E+003
   1.326330E+003
   1.321802E+003
   1.317297E+003
   1.312815E+003
   1.308355E+003
   1.303919E+003
   1.299504E+003
   1.295112E+003
   1.290743E+003
   1.286395E+003
   1.282069E+003
   1.277765E+003
   1.273482E+003
   1.269221E+003
   1.264981E+003
   1.260762E+003
   1.256565E+003
   1.252388E+003
   1.248232E+003
   1.244097E+003
   1.239982E+003
   1.235887E+003
   1.231813E+003
   1.227758E+003
   1.223724E+003
   1.219709E+003
   1.215714E+003
   1.211739E+003
   1.207783E+003
   1.203846E+003
   1.199929E+003
   1.196030E+003
   1.192151E+003
   1.188290E+003
   0.000000E+000
   0.000000E+000
   0.000000E+000
   0.000000E+000
   0.000000E+000
   0.000000E+000
   0.000000E+000
   0.000000E+000
   0.000000E+000
   0.000000E+000
   0.000000E+000
   0.000000E+000
   0.000000E+000
   0.000000E+000
   0.000000E+000
   0.000000E+000
   0.000000E+000
   0.000000E+000
   0.000000E+000
   0.000000E+000
   0.000000E+000
   0.000000E+000
   0.000000E+000
   0.000000E+000
   0.000000E+000
   0.000000E+000
   0.000000E+000
   0.000000E+000
   0.000000E+000
   0.000000E+000
   0.000000E+000
   0.000000E+000
   0.000000E+000
   0.000000E+000
   0.000000E+000
   0.000000E+000
   0.000000E+000
   0.000000E+000
   0.000000E+000
   0.000000E+000
   0.000000E+000
   0.000000E+000
   0.000000E+000
   0.000000E+000
   0.000000E+000
   0.000000E+000
   0.000000E+000
   0.000000E+000
   0.000000E+000
   0.000000E+000
   0.000000E+000
   0.000000E+000
   0.000000E+000
   0.000000E+000
   0.000000E+000
   0.000000E+000
   0.000000E+000
   0.000000E+000
   0.000000E+000
   0.000000E+000
   0.000000E+000
   0.000000E+000
   0.000000E+000
   0.000000E+000
   0.000000E+000
   0.000000E+000
   0.000000E+000
   0.000000E+000
   0.000000E+000
   0.000000E+000
   0.000000E+000
   0.000000E+000
   0.000000E+000
   0.000000E+000
   0.000000E+000
   0.000000E+000
   0.000000E+000
   0.000000E+000
   0.000000E+000
   0.000000E+000
   0.000000E+000
   0.000000E+000
   0.000000E+000
   0.000000E+000
   0.000000E+000
   0.000000E+000
   0.000000E+000
   0.000000E+000
   0.000000E+000
   0.000000E+000
   0.000000E+000
   0.000000E+000
   0.000000E+000
   0.000000E+000
   0.000000E+000
   0.000000E+000
   0.000000E+000
   0.000000E+000
   0.000000E+000
   0.000000E+000
   0.000000E+000
   0.000000E+000
   0.000000E+000
   0.000000E+000
   0.000000E+000
   0.000000E+000
   0.000000E+000
   0.000000E+000
   0.000000E+000
   0.000000E+000
   0.000000E+000
   0.000000E+000
   0.000000E+000
   0.000000E+000
   0.000000E+000
   0.000000E+000
   0.000000E+000
   0.000000E+000
   0.000000E+000
   0.000000E+000
   0.000000E+000
   0.000000E+000
   0.000000E+000
   0.000000E+000
   0.000000E+000
   0.000000E+000
   0.000000E+000
   0.000000E+000
   0.000000E+000
   0.000000E+000
   0.000000E+000
   0.000000E+000
   0.000000E+000
   0.000000E+000
   0.000000E+000
   0.000000E+000
   0.000000E+000
   0.000000E+000
   0.000000E+000
   0.000000E+000
   0.000000E+000
   0.000000E+000
   0.000000E+000
   0.000000E+000
   0.000000E+000
   0.000000E+000
   0.000000E+000
   0.000000E+000
   0.000000E+000
   0.000000E+000
   0.000000E+000
   0.000000E+000
   0.000000E+000
   0.000000E+000
   0.000000E+000
   0.000000E+000
   0.000000E+000
   0.000000E+000
   0.000000E+000
   0.000000E+000
   0.000000E+000
   0.000000E+000
   0.000000E+000
   0.000000E+000
   0.000000E+000
   0.000000E+000
   0.000000E+000
   0.000000E+000
   0.000000E+000
   0.000000E+000
   0.000000E+000
   0.000000E+000
   0.000000E+000
   0.000000E+000
   0.000000E+000
   0.000000E+000
   0.000000E+000
   0.000000E+000
   0.000000E+000
   0.000000E+000
   0.000000E+000
   0.000000E+000
   0.000000E+000
   0.000000E+000
   0.000000E+000
   0.000000E+000
   0.000000E+000
   0.000000E+000
   0.000000E+000
   0.000000E+000
   0.000000E+000
   0.000000E+000
   0.000000E+000
   0.000000E+000
   0.000000E+000
   0.000000E+000
   0.000000E+000
   0.000000E+000
   0.000000E+000
   0.000000E+000
   0.000000E+000
   0.000000E+000
   0.000000E+000
   0.000000E+000
   0.000000E+000
   0.000000E+000
   0.000000E+000
   0.000000E+000
   0.000000E+000
   0.000000E+000
   0.000000E+000
   0.000000E+000
   0.000000E+000
   0.000000E+000
   0.000000E+000
   0.000000E+000
   0.000000E+000
   0.000000E+000
   0.000000E+000
   0.000000E+000
   0.000000E+000
   0.000000E+000
   0.000000E+000
   0.000000E+000
   0.000000E+000
   0.000000E+000
   0.000000E+000
   0.000000E+000
   0.000000E+000
   0.000000E+000
   0.000000E+000
   0.000000E+000
   0.000000E+000
   0.000000E+000
   0.000000E+000
   0.000000E+000
   0.000000E+000
   0.000000E+000
   0.000000E+000
   0.000000E+000
   0.000000E+000
   0.000000E+000
   0.000000E+000
   0.000000E+000
   0.000000E+000
   0.000000E+000
   0.000000E+000
   0.000000E+000
   0.000000E+000
   0.000000E+000
   0.000000E+000
   0.000000E+000
   0.000000E+000
   0.000000E+000
   0.000000E+000
   0.000000E+000
   0.000000E+000
   0.000000E+000
   0.000000E+000
   0.000000E+000
   0.000000E+000
   0.000000E+000
   0.000000E+000
   0.000000E+000
   0.000000E+000
   0.000000E+000
   0.000000E+000
   0.000000E+000
   0.000000E+000
   0.000000E+000
   0.000000E+000
   0.000000E+000
   0.000000E+000
   0.000000E+000
   0.000000E+000
   0.000000E+000
   0.000000E+000
   0.000000E+000
   0.000000E+000
   0.000000E+000
   0.000000E+000
   0.000000E+000
   0.000000E+000
   0.000000E+000
   0.000000E+000
   0.000000E+000
   0.000000E+000
   0.000000E+000
   0.000000E+000
   0.000000E+000
   0.000000E+000
   0.000000E+000
   0.000000E+000
   0.000000E+000
   0.000000E+000
   0.000000E+000
   0.000000E+000
   0.000000E+000
   0.000000E+000
   0.000000E+000
   0.000000E+000
   0.000000E+000
   0.000000E+000
   0.000000E+000
   0.000000E+000
   0.000000E+000
   0.000000E+000
   0.000000E+000
   0.000000E+000
   0.000000E+000
   0.000000E+000
   0.000000E+000
   0.000000E+000
   0.000000E+000
   0.000000E+000
   0.000000E+000
   0.000000E+000
   0.000000E+000
   0.000000E+000
   0.000000E+000
   0.000000E+000
   0.000000E+000
   0.000000E+000
   0.000000E+000
   0.000000E+000
   0.000000E+000
   0.000000E+000
   0.000000E+000
   0.000000E+000
   0.000000E+000
   0.000000E+000
   0.000000E+000
   0.000000E+000
   0.000000E+000
   0.000000E+000
   0.000000E+000
   0.000000E+000
   0.000000E+000
   0.000000E+000
   0.000000E+000
   0.000000E+000
   0.000000E+000
   0.000000E+000
   0.000000E+000
   0.000000E+000
   0.000000E+000
   0.000000E+000
   0.000000E+000
   0.000000E+000
   0.000000E+000
   0.000000E+000
   0.000000E+000
   0.000000E+000
   0.000000E+000
   0.000000E+000
   0.000000E+000
   0.000000E+000
   0.000000E+000
   0.000000E+000
   0.000000E+000
   0.000000E+000
   0.000000E+000
   0.000000E+000
   0.000000E+000
   0.000000E+000
   0.000000E+000
   0.000000E+000
   0.000000E+000
   0.000000E+000
   0.000000E+000
   0.000000E+000
   0.000000E+000
   0.000000E+000
   0.000000E+000
   0.000000E+000
   0.000000E+000
   0.000000E+000
   0.000000E+000
   0.000000E+000
   0.000000E+000
   0.000000E+000
   0.000000E+000
   0.000000E+000
   0.000000E+000
   0.000000E+000
   0.000000E+000
   0.000000E+000
   0.000000E+000
   0.000000E+000
   0.000000E+000
   0.000000E+000
   0.000000E+000
   0.000000E+000
   0.000000E+000
   0.000000E+000
   0.000000E+000
   0.000000E+000
   0.000000E+000
   0.000000E+000
   0.000000E+000
   0.000000E+000
   0.000000E+000
   0.000000E+000
   0.000000E+000
   0.000000E+000
   0.000000E+000
   0.000000E+000
   0.000000E+000
   0.000000E+000
   0.000000E+000
   0.000000E+000
   0.000000E+000
   0.000000E+000
   0.000000E+000
   0.000000E+000
   0.000000E+000
   0.000000E+000
   0.000000E+000
   0.000000E+000
   0.000000E+000
   0.000000E+000
   0.000000E+000
   0.000000E+000
   0.000000E+000
   0.000000E+000
   0.000000E+000
   0.000000E+000
   0.000000E+000
   0.000000E+000
   0.000000E+000
   0.000000E+000
   0.000000E+000
   0.000000E+000
   0.000000E+000
   0.000000E+000
   0.000000E+000
   0.000000E+000
   0.000000E+000
   0.000000E+000
   0.000000E+000
   0.000000E+000
   0.000000E+000
   0.000000E+000
   0.000000E+000
   0.000000E+000
   0.000000E+000
   0.000000E+000
   0.000000E+000
   0.000000E+000
   0.000000E+000
   0.000000E+000
   0.000000E+000
   0.000000E+000
   0.000000E+000
   0.000000E+000
   0.000000E+000
   0.000000E+000
   0.000000E+000
   0.000000E+000
   0.000000E+000
   0.000000E+000
   0.000000E+000
   0.000000E+000
   0.000000E+000
   0.000000E+000
   0.000000E+000
   0.000000E+000
   0.000000E+000
   0.000000E+000
   0.000000E+000
   0.000000E+000
   0.000000E+000
   0.000000E+000
   0.000000E+000
   0.000000E+000
   0.000000E+000
   0.000000E+000
   0.000000E+000
   0.000000E+000
   0.000000E+000
   0.000000E+000
   0.000000E+000
   0.000000E+000
   0.000000E+000
   0.000000E+000
   0.000000E+000
   0.000000E+000
   0.000000E+000
   0.000000E+000
   0.000000E+000
   0.000000E+000
   0.000000E+000
   0.000000E+000
   0.000000E+000
   0.000000E+000
   0.000000E+000
   0.000000E+000
   0.000000E+000
   0.000000E+000
   0.000000E+000
   0.000000E+000
   0.000000E+000
   0.000000E+000
   0.000000E+000
   0.000000E+000
   0.000000E+000
   0.000000E+000
   0.000000E+000
   0.000000E+000
   0.000000E+000
   0.000000E+000
   0.000000E+000
   0.000000E+000
   0.000000E+000
   0.000000E+000
   0.000000E+000
   0.000000E+000
   0.000000E+000
   0.000000E+000
   0.000000E+000
   0.000000E+000
   0.000000E+000
   0.000000E+000
   0.000000E+000
   0.000000E+000
   0.000000E+000
   0.000000E+000
   0.000000E+000
   0.000000E+000
   0.000000E+000
   0.000000E+000
   0.000000E+000
   0.000000E+000
   0.000000E+000
   0.000000E+000
   0.000000E+000
   0.000000E+000
   0.000000E+000
   0.000000E+000
   0.000000E+000
   0.000000E+000
   0.000000E+000
   0.000000E+000
   0.000000E+000
   0.000000E+000
   0.000000E+000
   0.000000E+000
   0.000000E+000
   0.000000E+000
   0.000000E+000
   0.000000E+000
   0.000000E+000
   0.000000E+000
   0.000000E+000
   0.000000E+000
   0.000000E+000
   0.000000E+000
   0.000000E+000
   0.000000E+000
   0.000000E+000
   0.000000E+000
   0.000000E+000
   0.000000E+000
   0.000000E+000
   0.000000E+000
   0.000000E+000
   0.000000E+000
   0.000000E+000
   0.000000E+000
   0.000000E+000
   0.000000E+000
   0.000000E+000
   0.000000E+000
   0.000000E+000
   0.000000E+000
   0.000000E+000
   0.000000E+000
   0.000000E+000
   0.000000E+000
   0.000000E+000
   0.000000E+000
   0.000000E+000
   0.000000E+000
   0.000000E+000
   0.000000E+000
   0.000000E+000
   0.000000E+000
   0.000000E+000
   0.000000E+000
   0.000000E+000
   0.000000E+000
   0.000000E+000
   0.000000E+000
   0.000000E+000
   0.000000E+000
   0.000000E+000
   0.000000E+000
   0.000000E+000
   0.000000E+000
   0.000000E+000
   0.000000E+000
   0.000000E+000
   0.000000E+000
   0.000000E+000
   0.000000E+000
   0.000000E+000
   0.000000E+000
   0.000000E+000
   0.000000E+000
   0.000000E+000
   0.000000E+000
   0.000000E+000
   0.000000E+000
   0.000000E+000
   0.000000E+000
   0.000000E+000
   0.000000E+000
   0.000000E+000
   0.000000E+000
   0.000000E+000
   0.000000E+000
   0.000000E+000
   0.000000E+000
   0.000000E+000
   0.000000E+000
   0.000000E+000
   0.000000E+000
   0.000000E+000
   0.000000E+000
   0.000000E+000
   0.000000E+000
   0.000000E+000
   0.000000E+000
   0.000000E+000
   0.000000E+000
   0.000000E+000
   0.000000E+000
   0.000000E+000
   0.000000E+000
   0.000000E+000
   0.000000E+000
   0.000000E+000
   0.000000E+000
   0.000000E+000
   0.000000E+000
   0.000000E+000
   0.000000E+000
   0.000000E+000
   0.000000E+000
   0.000000E+000
   0.000000E+000
   0.000000E+000
   0.000000E+000
   0.000000E+000
   0.000000E+000
   0.000000E+000
   0.000000E+000
   0.000000E+000
   0.000000E+000
   0.000000E+000
   0.000000E+000
   0.000000E+000
   0.000000E+000
   0.000000E+000
   0.000000E+000
   0.000000E+000
   0.000000E+000
   0.000000E+000
   0.000000E+000
   0.000000E+000
   0.000000E+000
   0.000000E+000
   0.000000E+000
   0.000000E+000
   0.000000E+000
   0.000000E+000
   0.000000E+000
   0.000000E+000
   0.000000E+000
   0.000000E+000
   0.000000E+000
   0.000000E+000
   0.000000E+000
   0.000000E+000
   0.000000E+000
   0.000000E+000
   0.000000E+000
   0.000000E+000
   0.000000E+000
   0.000000E+000
   0.000000E+000
   0.000000E+000
   0.000000E+000
   0.000000E+000
   0.000000E+000
   0.000000E+000
   0.000000E+000
   0.000000E+000
   0.000000E+000
   0.000000E+000
   0.000000E+000
   0.000000E+000
   0.000000E+000
   0.000000E+000
   0.000000E+000
   0.000000E+000
   0.000000E+000
   0.000000E+000
   0.000000E+000
   0.000000E+000
   0.000000E+000
   0.000000E+000
   0.000000E+000
   0.000000E+000
   0.000000E+000
   0.000000E+000
   0.000000E+000
   0.000000E+000
   0.000000E+000
   0.000000E+000
   0.000000E+000
   0.000000E+000
   0.000000E+000
   0.000000E+000
   0.000000E+000
   0.000000E+000
   0.000000E+000
   0.000000E+000
   0.000000E+000
   0.000000E+000
   0.000000E+000
   0.000000E+000
   0.000000E+000
   0.000000E+000
   0.000000E+000
   0.000000E+000
   0.000000E+000
   0.000000E+000
   0.000000E+000
   0.000000E+000
   0.000000E+000
   0.000000E+000
   0.000000E+000
   0.000000E+000
   0.000000E+000
   0.000000E+000
   0.000000E+000
   0.000000E+000
   0.000000E+000
   0.000000E+000
   0.000000E+000
   0.000000E+000
   0.000000E+000
   0.000000E+000
   0.000000E+000
   0.000000E+000
   0.000000E+000
   0.000000E+000
   0.000000E+000
   0.000000E+000
   0.000000E+000
   0.000000E+000
   0.000000E+000
   0.000000E+000
   0.000000E+000
   0.000000E+000
   0.000000E+000
   0.000000E+000
   0.000000E+000
   0.000000E+000
   0.000000E+000
   0.000000E+000
   0.000000E+000
   0.000000E+000
   0.000000E+000
   0.000000E+000
   0.000000E+000
   0.000000E+000
   0.000000E+000
   0.000000E+000
   0.000000E+000
   0.000000E+000
   0.000000E+000
   0.000000E+000
   0.000000E+000
   0.000000E+000
   0.000000E+000
   0.000000E+000
   0.000000E+000
   0.000000E+000
   0.000000E+000
   0.000000E+000
   0.000000E+000
   0.000000E+000
   0.000000E+000
   0.000000E+000
   0.000000E+000
   0.000000E+000
   0.000000E+000
   0.000000E+000
   0.000000E+000
   0.000000E+000
   0.000000E+000
   0.000000E+000
   0.000000E+000
   0.000000E+000
   0.000000E+000
   0.000000E+000
   0.000000E+000
   0.000000E+000
   0.000000E+000
   0.000000E+000
   0.000000E+000
   0.000000E+000
   0.000000E+000
   0.000000E+000
   0.000000E+000
   0.000000E+000
   0.000000E+000
   0.000000E+000
   0.000000E+000
   0.000000E+000
   0.000000E+000
   0.000000E+000
   0.000000E+000
   0.000000E+000
   0.000000E+000
   0.000000E+000
   0.000000E+000
   0.000000E+000
   0.000000E+000
   0.000000E+000
   0.000000E+000
   0.000000E+000
   0.000000E+000
   0.000000E+000
   0.000000E+000
   0.000000E+000
   0.000000E+000
   0.000000E+000
   0.000000E+000
   0.000000E+000
   0.000000E+000
   0.000000E+000
   0.000000E+000
   0.000000E+000
   0.000000E+000
   0.000000E+000
   0.000000E+000
   0.000000E+000
   0.000000E+000
   0.000000E+000
   0.000000E+000
   0.000000E+000
   0.000000E+000
   0.000000E+000
   0.000000E+000
   0.000000E+000
   0.000000E+000
   0.000000E+000
   0.000000E+000
   0.000000E+000
   0.000000E+000
   0.000000E+000
   0.000000E+000
   0.000000E+000
   0.000000E+000
   0.000000E+000
   0.000000E+000
   0.000000E+000
   0.000000E+000
   0.000000E+000
   0.000000E+000
   0.000000E+000
   0.000000E+000
   0.000000E+000
   0.000000E+000
   0.000000E+000
   0.000000E+000
   0.000000E+000
   0.000000E+000
   0.000000E+000
   0.000000E+000
   0.000000E+000
   0.000000E+000
   0.000000E+000
   0.000000E+000
   0.000000E+000
   0.000000E+000
   0.000000E+000
   0.000000E+000
   0.000000E+000
   0.000000E+000
   0.000000E+000
   0.000000E+000
   0.000000E+000
   0.000000E+000
   0.000000E+000
   0.000000E+000
   0.000000E+000
   0.000000E+000
   0.000000E+000
   0.000000E+000
   0.000000E+000
   0.000000E+000
   0.000000E+000
   0.000000E+000
   0.000000E+000
   0.000000E+000
   0.000000E+000
   0.000000E+000
   0.000000E+000
   0.000000E+000
   0.000000E+000
   0.000000E+000
   0.000000E+000
   0.000000E+000
   0.000000E+000
   0.000000E+000
   0.000000E+000
   0.000000E+000
   0.000000E+000
   0.000000E+000
   0.000000E+000
   0.000000E+000
   0.000000E+000
   0.000000E+000
   0.000000E+000
   0.000000E+000
   0.000000E+000
   0.000000E+000
   0.000000E+000
   0.000000E+000
   0.000000E+000
   0.000000E+000
   0.000000E+000
   0.000000E+000
   0.000000E+000
   0.000000E+000
   0.000000E+000
   0.000000E+000
   0.000000E+000
   0.000000E+000
   0.000000E+000
   0.000000E+000
   0.000000E+000
   0.000000E+000
   0.000000E+000
   0.000000E+000
   0.000000E+000
   0.000000E+000
   0.000000E+000
   0.000000E+000
   0.000000E+000
   0.000000E+000
   0.000000E+000
   0.000000E+000
   0.000000E+000
   0.000000E+000
   0.000000E+000
   0.000000E+000
   0.000000E+000
   0.000000E+000
   0.000000E+000
   0.000000E+000
   0.000000E+000
   0.000000E+000
   0.000000E+000
   0.000000E+000
   0.000000E+000
   0.000000E+000
   0.000000E+000
   0.000000E+000
   0.000000E+000
   0.000000E+000
   0.000000E+000
   0.000000E+000
   0.000000E+000
   0.000000E+000
   0.000000E+000
   0.000000E+000
   0.000000E+000
   0.000000E+000
   0.000000E+000
   0.000000E+000
   0.000000E+000
   0.000000E+000
   0.000000E+000
   0.000000E+000
   0.000000E+000
   0.000000E+000
   0.000000E+000
   0.000000E+000
   0.000000E+000
   0.000000E+000
   0.000000E+000
   0.000000E+000
   0.000000E+000
   0.000000E+000
   0.000000E+000
   0.000000E+000
   0.000000E+000
   0.000000E+000
   0.000000E+000
   0.000000E+000
   0.000000E+000
   0.000000E+000
   0.000000E+000
   0.000000E+000
   0.000000E+000
   0.000000E+000
   0.000000E+000
   0.000000E+000
   0.000000E+000
   0.000000E+000
   0.000000E+000
   0.000000E+000
   0.000000E+000
   0.000000E+000
   0.000000E+000
   0.000000E+000
   0.000000E+000
   0.000000E+000
   0.000000E+000
   0.000000E+000
   0.000000E+000
   0.000000E+000
   0.000000E+000
   0.000000E+000
   0.000000E+000
   0.000000E+000
   0.000000E+000
   0.000000E+000
   0.000000E+000
   0.000000E+000
   0.000000E+000
   0.000000E+000
   0.000000E+000
   0.000000E+000
   0.000000E+000
   0.000000E+000
   0.000000E+000
   0.000000E+000
   0.000000E+000
   0.000000E+000
   0.000000E+000
   0.000000E+000
   0.000000E+000
   0.000000E+000
   0.000000E+000
   0.000000E+000
   0.000000E+000
   0.000000E+000
   0.000000E+000
   0.000000E+000
   0.000000E+000
   0.000000E+000
   0.000000E+000
   0.000000E+000
   0.000000E+000
   0.000000E+000
   0.000000E+000
   0.000000E+000
   0.000000E+000
   0.000000E+000
   0.000000E+000
   0.000000E+000
   0.000000E+000
   0.000000E+000
   0.000000E+000
   0.000000E+000
   0.000000E+000
   0.000000E+000
   0.000000E+000
   0.000000E+000
   0.000000E+000
   0.000000E+000
   0.000000E+000
   0.000000E+000
   0.000000E+000
   0.000000E+000
   0.000000E+000
   0.000000E+000
   0.000000E+000
   0.000000E+000
   0.000000E+000
   0.000000E+000
   0.000000E+000
   0.000000E+000
   0.000000E+000
   0.000000E+000
   0.000000E+000
   0.000000E+000
   0.000000E+000
   0.000000E+000
   0.000000E+000
   0.000000E+000
   0.000000E+000
   0.000000E+000
   0.000000E+000
   0.000000E+000
   0.000000E+000
   0.000000E+000
   0.000000E+000
   0.000000E+000
   0.000000E+000
   0.000000E+000
   0.000000E+000
   0.000000E+000
   0.000000E+000
   0.000000E+000
   0.000000E+000
   0.000000E+000
   0.000000E+000
   0.000000E+000
   0.000000E+000
   0.000000E+000
   0.000000E+000
   0.000000E+000
   0.000000E+000
   0.000000E+000
   0.000000E+000
   0.000000E+000
   0.000000E+000
   0.000000E+000
   0.000000E+000
   0.000000E+000
   0.000000E+000
   0.000000E+000
   0.000000E+000
   0.000000E+000
   0.000000E+000
   0.000000E+000
   0.000000E+000
   0.000000E+000
   0.000000E+000
   0.000000E+000
   0.000000E+000
   0.000000E+000
   0.000000E+000
   0.000000E+000
   0.000000E+000
   0.000000E+000
   0.000000E+000
   0.000000E+000
   0.000000E+000
   0.000000E+000
   0.000000E+000
   0.000000E+000
   0.000000E+000
   0.000000E+000
   0.000000E+000
   0.000000E+000
   0.000000E+000
   0.000000E+000
   0.000000E+000
   0.000000E+000
   0.000000E+000
   0.000000E+000
   0.000000E+000
   0.000000E+000
   0.000000E+000
   0.000000E+000
   0.000000E+000
   0.000000E+000
   0.000000E+000
   0.000000E+000
   0.000000E+000
   0.000000E+000
   0.000000E+000
   0.000000E+000
   0.000000E+000
   0.000000E+000
   0.000000E+000
   0.000000E+000
   0.000000E+000
   0.000000E+000
   0.000000E+000
   0.000000E+000
   0.000000E+000
   0.000000E+000
   0.000000E+000
   0.000000E+000
   0.000000E+000
   0.000000E+000
   0.000000E+000
   0.000000E+000
   0.000000E+000
   0.000000E+000
   0.000000E+000
   0.000000E+000
   0.000000E+000
   0.000000E+000
   0.000000E+000
   0.000000E+000
   0.000000E+000
   0.000000E+000
   0.000000E+000
   0.000000E+000
   0.000000E+000
   0.000000E+000
   0.000000E+000
   0.000000E+000
   0.000000E+000
   0.000000E+000
   0.000000E+000
   0.000000E+000
   0.000000E+000
   0.000000E+000
   0.000000E+000
   0.000000E+000
   0.000000E+000
   0.000000E+000
   0.000000E+000
   0.000000E+000
   0.000000E+000
   0.000000E+000
   0.000000E+000
   0.000000E+000
   0.000000E+000
   0.000000E+000
   0.000000E+000
   0.000000E+000
   0.000000E+000
   0.000000E+000
   0.000000E+000
   0.000000E+000
   0.000000E+000
   0.000000E+000
   0.000000E+000
   0.000000E+000
   0.000000E+000
   0.000000E+000
   0.000000E+000
   0.000000E+000
   0.000000E+000
   0.000000E+000
   0.000000E+000
   0.000000E+000
   0.000000E+000
   0.000000E+000
   0.000000E+000
   0.000000E+000
   0.000000E+000
   0.000000E+000
   0.000000E+000
   0.000000E+000
   0.000000E+000
   0.000000E+000
   0.000000E+000
   0.000000E+000
   0.000000E+000
   0.000000E+000
   0.000000E+000
   0.000000E+000
   0.000000E+000
   0.000000E+000
   0.000000E+000
   0.000000E+000
   0.000000E+000
   0.000000E+000
   0.000000E+000
   0.000000E+000
   0.000000E+000
   0.000000E+000
   0.000000E+000
   0.000000E+000
   0.000000E+000
   0.000000E+000
   0.000000E+000
   0.000000E+000
   0.000000E+000
   0.000000E+000
   0.000000E+000
   0.000000E+000
   0.000000E+000
   0.000000E+000
   0.000000E+000
   0.000000E+000
   0.000000E+000
   0.000000E+000
   0.000000E+000
   0.000000E+000
   0.000000E+000
   0.000000E+000
   0.000000E+000
   0.000000E+000
   0.000000E+000
   0.000000E+000
   0.000000E+000
   0.000000E+000
   0.000000E+000
   0.000000E+000
   0.000000E+000
   0.000000E+000
   0.000000E+000
   0.000000E+000
   0.000000E+000
   0.000000E+000
   0.000000E+000
   0.000000E+000
   0.000000E+000
   0.000000E+000
   0.000000E+000
   0.000000E+000
   0.000000E+000
   0.000000E+000
   0.000000E+000
   0.000000E+000
   0.000000E+000
   0.000000E+000
   0.000000E+000
   0.000000E+000
   0.000000E+000
   0.000000E+000
   0.000000E+000
   0.000000E+000
   0.000000E+000
   0.000000E+000
   0.000000E+000
   0.000000E+000
   0.000000E+000
   0.000000E+000
   0.000000E+000
   0.000000E+000
   0.000000E+000
   0.000000E+000
   0.000000E+000
   0.000000E+000
   0.000000E+000
   0.000000E+000
   0.000000E+000
   0.000000E+000
   0.000000E+000
   0.000000E+000
   0.000000E+000
   0.000000E+000
   0.000000E+000
   0.000000E+000
   0.000000E+000
   0.000000E+000
   0.000000E+000
   0.000000E+000
   0.000000E+000
   0.000000E+000
   0.000000E+000
   0.000000E+000
   0.000000E+000
   0.000000E+000
   0.000000E+000
   0.000000E+000
   0.000000E+000
   0.000000E+000
   0.000000E+000
   0.000000E+000
   0.000000E+000
   0.000000E+000
   0.000000E+000
   0.000000E+000
   0.000000E+000
   0.000000E+000
   0.000000E+000
   0.000000E+000
   0.000000E+000
   0.000000E+000
   0.000000E+000
   0.000000E+000
   0.000000E+000
   0.000000E+000
   0.000000E+000
   0.000000E+000
   0.000000E+000
   0.000000E+000
   0.000000E+000
   0.000000E+000
   0.000000E+000
   0.000000E+000
   0.000000E+000
   0.000000E+000
   0.000000E+000
   0.000000E+000
   0.000000E+000
   0.000000E+000
   0.000000E+000
   0.000000E+000
   0.000000E+000
   0.000000E+000
   0.000000E+000
   0.000000E+000
   0.000000E+000
   0.000000E+000
   0.000000E+000
   0.000000E+000
   0.000000E+000
   0.000000E+000
   0.000000E+000
   0.000000E+000
   0.000000E+000
   0.000000E+000
   0.000000E+000
   0.000000E+000
   0.000000E+000
   0.000000E+000
   0.000000E+000
   0.000000E+000
   0.000000E+000
   0.000000E+000
   0.000000E+000
   0.000000E+000
   0.000000E+000
   0.000000E+000
   0.000000E+000
   0.000000E+000
   0.000000E+000
   0.000000E+000
   0.000000E+000
   0.000000E+000
   0.000000E+000
   0.000000E+000
   0.000000E+000
   0.000000E+000
   0.000000E+000
   0.000000E+000
   0.000000E+000
   0.000000E+000
   0.000000E+000
   0.000000E+000
   0.000000E+000
   0.000000E+000
   0.000000E+000
   0.000000E+000
   0.000000E+000
   0.000000E+000
   0.000000E+000
   0.000000E+000
   0.000000E+000
   0.000000E+000
   0.000000E+000
   0.000000E+000
   0.000000E+000
   0.000000E+000
   0.000000E+000
   0.000000E+000
   0.000000E+000
   0.000000E+000
   0.000000E+000
   0.000000E+000
   0.000000E+000
   0.000000E+000
   0.000000E+000
   0.000000E+000
   0.000000E+000
   0.000000E+000
   0.000000E+000
   0.000000E+000
   0.000000E+000
   0.000000E+000
   0.000000E+000
   0.000000E+000
   0.000000E+000
   0.000000E+000
   0.000000E+000
   0.000000E+000
   0.000000E+000
   0.000000E+000
   0.000000E+000
   0.000000E+000
   0.000000E+000
   0.000000E+000
   0.000000E+000
   0.000000E+000
   0.000000E+000
   0.000000E+000
   0.000000E+000
   0.000000E+000
   0.000000E+000
   0.000000E+000
   0.000000E+000
   0.000000E+000
   0.000000E+000
   0.000000E+000
   0.000000E+000
   0.000000E+000
   0.000000E+000
   0.000000E+000
   0.000000E+000
   0.000000E+000
   0.000000E+000
   0.000000E+000
   0.000000E+000
   0.000000E+000
   0.000000E+000
   0.000000E+000
   0.000000E+000
   0.000000E+000
   0.000000E+000
   0.000000E+000
   0.000000E+000
   0.000000E+000
   0.000000E+000
   0.000000E+000
   0.000000E+000
   0.000000E+000
   0.000000E+000
   0.000000E+000
   0.000000E+000
   0.000000E+000
   0.000000E+000
   0.000000E+000
   0.000000E+000
   0.000000E+000
   0.000000E+000
   0.000000E+000
   0.000000E+000
   0.000000E+000
   0.000000E+000
   0.000000E+000
   0.000000E+000
   0.000000E+000
   0.000000E+000
   0.000000E+000
   0.000000E+000
   0.000000E+000
   0.000000E+000
   0.000000E+000
   0.000000E+000
   0.000000E+000
   0.000000E+000
   0.000000E+000
   0.000000E+000
   0.000000E+000
   0.000000E+000
   0.000000E+000
   0.000000E+000
   0.000000E+000
   0.000000E+000
   0.000000E+000
   0.000000E+000
   0.000000E+000
   0.000000E+000
   0.000000E+000
   0.000000E+000
   0.000000E+000
   0.000000E+000
   0.000000E+000
   0.000000E+000
   0.000000E+000
   0.000000E+000
   0.000000E+000
   0.000000E+000
   0.000000E+000
   0.000000E+000
   0.000000E+000
   0.000000E+000
   0.000000E+000
   0.000000E+000
   0.000000E+000
   0.000000E+000
   0.000000E+000
   0.000000E+000
   0.000000E+000
   0.000000E+000
   0.000000E+000
   0.000000E+000
   0.000000E+000
   0.000000E+000
   0.000000E+000
   0.000000E+000
   0.000000E+000
   0.000000E+000
   0.000000E+000
   0.000000E+000
   0.000000E+000
   0.000000E+000
   0.000000E+000
   0.000000E+000
   0.000000E+000
   0.000000E+000
   0.000000E+000
   0.000000E+000
   0.000000E+000
   0.000000E+000
   0.000000E+000
   0.000000E+000
   0.000000E+000
   0.000000E+000
   0.000000E+000
   0.000000E+000
   0.000000E+000
   0.000000E+000
   0.000000E+000
   0.000000E+000
   0.000000E+000
   0.000000E+000
   0.000000E+000
   0.000000E+000
   0.000000E+000
   0.000000E+000
   0.000000E+000
   0.000000E+000
   0.000000E+000
   0.000000E+000
   0.000000E+000
   0.000000E+000
   0.000000E+000
   0.000000E+000
   0.000000E+000
   0.000000E+000
   0.000000E+000
   0.000000E+000
   0.000000E+000
   0.000000E+000
   0.000000E+000
   0.000000E+000
   0.000000E+000
   0.000000E+000
   0.000000E+000
   0.000000E+000
   0.000000E+000
   0.000000E+000
   0.000000E+000
   0.000000E+000
   0.000000E+000
   0.000000E+000
   0.000000E+000
   0.000000E+000
   0.000000E+000
   0.000000E+000
   0.000000E+000
   0.000000E+000
   0.000000E+000
   0.000000E+000
   0.000000E+000
   0.000000E+000
   0.000000E+000
   0.000000E+000
   0.000000E+000
   0.000000E+000
   0.000000E+000
   0.000000E+000
   0.000000E+000
   0.000000E+000
   0.000000E+000
   0.000000E+000
   0.000000E+000
   0.000000E+000
   0.000000E+000
   0.000000E+000
   0.000000E+000
   0.000000E+000
   0.000000E+000
   0.000000E+000
   0.000000E+000
   0.000000E+000
   0.000000E+000
   0.000000E+000
   0.000000E+000
   0.000000E+000
   0.000000E+000
   0.000000E+000
   0.000000E+000
   0.000000E+000
   0.000000E+000
   0.000000E+000
   0.000000E+000
   0.000000E+000
   0.000000E+000
   0.000000E+000
   0.000000E+000
   0.000000E+000
   0.000000E+000
   0.000000E+000
   0.000000E+000
   0.000000E+000
   0.000000E+000
   0.000000E+000
   0.000000E+000
   0.000000E+000
   0.000000E+000
   0.000000E+000
   0.000000E+000
   0.000000E+000
   0.000000E+000
   0.000000E+000
   0.000000E+000
   0.000000E+000
   0.000000E+000
   0.000000E+000
   0.000000E+000
   0.000000E+000
   0.000000E+000
   0.000000E+000
   0.000000E+000
   0.000000E+000
   0.000000E+000
   0.000000E+000
   0.000000E+000
   0.000000E+000
   0.000000E+000
   0.000000E+000
   0.000000E+000
   0.000000E+000
   0.000000E+000
   0.000000E+000
   0.000000E+000
   0.000000E+000
   0.000000E+000
   0.000000E+000
   0.000000E+000
   0.000000E+000
   0.000000E+000
   0.000000E+000
   0.000000E+000
   0.000000E+000
   0.000000E+000
   0.000000E+000
   0.000000E+000
   0.000000E+000
   0.000000E+000
   0.000000E+000
   0.000000E+000
   0.000000E+000
   0.000000E+000
   0.000000E+000
   0.000000E+000
   0.000000E+000
   0.000000E+000
   0.000000E+000
   0.000000E+000
   0.000000E+000
   0.000000E+000
   0.000000E+000
   0.000000E+000
   0.000000E+000
   0.000000E+000
   0.000000E+000
   0.000000E+000
   0.000000E+000
   0.000000E+000
   0.000000E+000
   0.000000E+000
   0.000000E+000
   0.000000E+000
   0.000000E+000
   0.000000E+000
   0.000000E+000
   0.000000E+000
   0.000000E+000
   0.000000E+000
   0.000000E+000
   0.000000E+000
   0.000000E+000
   0.000000E+000
   0.000000E+000
   0.000000E+000
   0.000000E+000
   0.000000E+000
   0.000000E+000
   0.000000E+000
   0.000000E+000
   0.000000E+000
   0.000000E+000
   0.000000E+000
   0.000000E+000
   0.000000E+000
   0.000000E+000
   0.000000E+000
   0.000000E+000
   0.000000E+000
   0.000000E+000
   0.000000E+000
   0.000000E+000
   0.000000E+000
   0.000000E+000
   0.000000E+000
   0.000000E+000
   0.000000E+000
   0.000000E+000
   0.000000E+000
   0.000000E+000
   0.000000E+000
   0.000000E+000
   0.000000E+000
   0.000000E+000
   0.000000E+000
   0.000000E+000
   0.000000E+000
   0.000000E+000
   0.000000E+000
   0.000000E+000
   0.000000E+000
   0.000000E+000
   0.000000E+000
   0.000000E+000
   0.000000E+000
   0.000000E+000
   0.000000E+000
   0.000000E+000
   0.000000E+000
   0.000000E+000
   0.000000E+000
   0.000000E+000
   0.000000E+000
   0.000000E+000
   0.000000E+000
   0.000000E+000
   0.000000E+000
   0.000000E+000
   0.000000E+000
   0.000000E+000
   0.000000E+000
   0.000000E+000
   0.000000E+000
   0.000000E+000
   0.000000E+000
   0.000000E+000
   0.000000E+000
   0.000000E+000
   0.000000E+000
   0.000000E+000
   0.000000E+000
   0.000000E+000
   0.000000E+000
   0.000000E+000
   0.000000E+000
   0.000000E+000
   0.000000E+000
   0.000000E+000
   0.000000E+000
   0.000000E+000
   0.000000E+000
   0.000000E+000
   0.000000E+000
   0.000000E+000
   0.000000E+000
   0.000000E+000
   0.000000E+000
   0.000000E+000
   0.000000E+000
   0.000000E+000
   0.000000E+000
   0.000000E+000
   0.000000E+000
   0.000000E+000
   0.000000E+000
   0.000000E+000
   0.000000E+000
   0.000000E+000
   0.000000E+000
   0.000000E+000
   0.000000E+000
   0.000000E+000
   0.000000E+000
   0.000000E+000
   0.000000E+000
   0.000000E+000
   0.000000E+000
   0.000000E+000
   0.000000E+000
   0.000000E+000
   0.000000E+000
   0.000000E+000
   0.000000E+000
   0.000000E+000
   0.000000E+000
   0.000000E+000
   0.000000E+000
   0.000000E+000
   0.000000E+000
   0.000000E+000
   0.000000E+000
   0.000000E+000
   0.000000E+000
   0.000000E+000
   0.000000E+000
   0.000000E+000
   0.000000E+000
   0.000000E+000
   0.000000E+000
   0.000000E+000
   0.000000E+000
   0.000000E+000
   0.000000E+000
   0.000000E+000
   0.000000E+000
   0.000000E+000
   0.000000E+000
   0.000000E+000
   0.000000E+000
   0.000000E+000
   0.000000E+000
   0.000000E+000
   0.000000E+000
   0.000000E+000
   0.000000E+000
   0.000000E+000
   0.000000E+000
   0.000000E+000
   0.000000E+000
   0.000000E+000
   0.000000E+000
   0.000000E+000
   0.000000E+000
   0.000000E+000
   0.000000E+000
   0.000000E+000
   0.000000E+000
   0.000000E+000
   0.000000E+000
   0.000000E+000
   0.000000E+000
   0.000000E+000
   0.000000E+000
   0.000000E+000
   0.000000E+000
   0.000000E+000
   0.000000E+000
   0.000000E+000
   0.000000E+000
   0.000000E+000
   0.000000E+000
   0.000000E+000
   0.000000E+000
   0.000000E+000
   0.000000E+000
   0.000000E+000
   0.000000E+000
   0.000000E+000
   0.000000E+000
   0.000000E+000
   0.000000E+000
   0.000000E+000
   0.000000E+000
   0.000000E+000
   0.000000E+000
   0.000000E+000
   0.000000E+000
   0.000000E+000
   0.000000E+000
   0.000000E+000
   0.000000E+000
   0.000000E+000
   0.000000E+000
   0.000000E+000
   0.000000E+000
   0.000000E+000
   0.000000E+000
   0.000000E+000
   0.000000E+000
   0.000000E+000
   0.000000E+000
   0.000000E+000
   0.000000E+000
   0.000000E+000
   0.000000E+000
   0.000000E+000
   0.000000E+000
   0.000000E+000
   0.000000E+000
   0.000000E+000
   0.000000E+000
   0.000000E+000
   0.000000E+000
   0.000000E+000
   0.000000E+000
   0.000000E+000
   0.000000E+000
   0.000000E+000
   0.000000E+000
   0.000000E+000
   0.000000E+000
   0.000000E+000
   0.000000E+000
   0.000000E+000
   0.000000E+000
   0.000000E+000
   0.000000E+000
   0.000000E+000
   0.000000E+000
   0.000000E+000
   0.000000E+000
   0.000000E+000
   0.000000E+000
   0.000000E+000
   0.000000E+000
   0.000000E+000
   0.000000E+000
   0.000000E+000
   0.000000E+000
   0.000000E+000
   0.000000E+000
   0.000000E+000
   0.000000E+000
   0.000000E+000
   0.000000E+000
   0.000000E+000
   0.000000E+000
   0.000000E+000
   0.000000E+000
   0.000000E+000
   0.000000E+000
   0.000000E+000
   0.000000E+000
   0.000000E+000
   0.000000E+000
   0.000000E+000
   0.000000E+000
   0.000000E+000
   0.000000E+000
   0.000000E+000
   0.000000E+000
   0.000000E+000
   0.000000E+000
   0.000000E+000
   0.000000E+000
   0.000000E+000
   0.000000E+000
   0.000000E+000
   0.000000E+000
   0.000000E+000
   0.000000E+000
   0.000000E+000
   0.000000E+000
   0.000000E+000
   0.000000E+000
   0.000000E+000
   0.000000E+000
   0.000000E+000
   0.000000E+000
   0.000000E+000
   0.000000E+000
   0.000000E+000
   0.000000E+000
   0.000000E+000
   0.000000E+000
   0.000000E+000
   0.000000E+000
   0.000000E+000
   0.000000E+000
   0.000000E+000
   0.000000E+000
   0.000000E+000
   0.000000E+000
   0.000000E+000
   0.000000E+000
   0.000000E+000
   0.000000E+000
   0.000000E+000
   0.000000E+000
   0.000000E+000
   0.000000E+000
   0.000000E+000
   0.000000E+000
   0.000000E+000
   0.000000E+000
   0.000000E+000
   0.000000E+000
   0.000000E+000
   0.000000E+000
   0.000000E+000
   0.000000E+000
   0.000000E+000
   0.000000E+000
   0.000000E+000
   0.000000E+000
   0.000000E+000
   0.000000E+000
   0.000000E+000
   0.000000E+000
   0.000000E+000
   0.000000E+000
   0.000000E+000
   0.000000E+000
   0.000000E+000
   0.000000E+000
   0.000000E+000
   0.000000E+000
   0.000000E+000
   0.000000E+000
   0.000000E+000
   0.000000E+000
   0.000000E+000
   0.000000E+000
   0.000000E+000
   0.000000E+000
   0.000000E+000
   0.000000E+000
   0.000000E+000
   0.000000E+000
   0.000000E+000
   0.000000E+000
   0.000000E+000
   0.000000E+000
   0.000000E+000
   0.000000E+000
   0.000000E+000
   0.000000E+000
   0.000000E+000
   0.000000E+000
   0.000000E+000
   0.000000E+000
   0.000000E+000
   0.000000E+000
   0.000000E+000
   0.000000E+000
   0.000000E+000
   0.000000E+000
   0.000000E+000
   0.000000E+000
   0.000000E+000
   0.000000E+000
   0.000000E+000
   0.000000E+000
   0.000000E+000
   0.000000E+000
   0.000000E+000
   0.000000E+000
   0.000000E+000
   0.000000E+000
   0.000000E+000
   0.000000E+000
   0.000000E+000
   0.000000E+000
   0.000000E+000
   0.000000E+000
   0.000000E+000
   0.000000E+000
   0.000000E+000
   0.000000E+000
   0.000000E+000
   0.000000E+000
   0.000000E+000
   0.000000E+000
   0.000000E+000
   0.000000E+000
   0.000000E+000
   0.000000E+000
   0.000000E+000
   0.000000E+000
   0.000000E+000
   0.000000E+000
   0.000000E+000
   0.000000E+000
   0.000000E+000
   0.000000E+000
   0.000000E+000
   0.000000E+000
   0.000000E+000
   0.000000E+000
   0.000000E+000
   0.000000E+000
   0.000000E+000
   0.000000E+000
   0.000000E+000
   0.000000E+000
   0.000000E+000
   0.000000E+000
   0.000000E+000
   0.000000E+000
   0.000000E+000
   0.000000E+000
   0.000000E+000
   0.000000E+000
   0.000000E+000
   0.000000E+000
   0.000000E+000
   0.000000E+000
   0.000000E+000
   0.000000E+000
   0.000000E+000
   0.000000E+000
   0.000000E+000
   0.000000E+000
   0.000000E+000
   0.000000E+000
   0.000000E+000
   0.000000E+000
   0.000000E+000
   0.000000E+000
   0.000000E+000
   0.000000E+000
   0.000000E+000
   0.000000E+000
   0.000000E+000
   0.000000E+000
   0.000000E+000
   0.000000E+000
   0.000000E+000
   0.000000E+000
   0.000000E+000
   0.000000E+000
   0.000000E+000
   0.000000E+000
   0.000000E+000
   0.000000E+000
   0.000000E+000
   0.000000E+000
   0.000000E+000
   0.000000E+000
   0.000000E+000
   0.000000E+000
   0.000000E+000
   0.000000E+000
   0.000000E+000
   0.000000E+000
   0.000000E+000
   0.000000E+000
   0.000000E+000
   0.000000E+000
   0.000000E+000
   0.000000E+000
   0.000000E+000
   0.000000E+000
   0.000000E+000
   0.000000E+000
   0.000000E+000
   0.000000E+000
   0.000000E+000
   0.000000E+000
   0.000000E+000
   0.000000E+000
   0.000000E+000
   0.000000E+000
   0.000000E+000
   0.000000E+000
   0.000000E+000
   0.000000E+000
   0.000000E+000
   0.000000E+000
   0.000000E+000
   0.000000E+000
   0.000000E+000
   0.000000E+000
   0.000000E+000
   0.000000E+000
   0.000000E+000
   0.000000E+000
   0.000000E+000
   0.000000E+000
   0.000000E+000
   0.000000E+000
   0.000000E+000
   0.000000E+000
   0.000000E+000
   0.000000E+000
   0.000000E+000
   0.000000E+000
   0.000000E+000
   0.000000E+000
   0.000000E+000
   0.000000E+000
   0.000000E+000
   0.000000E+000
   0.000000E+000
   0.000000E+000
   0.000000E+000
   0.000000E+000
   0.000000E+000
   0.000000E+000
   0.000000E+000
   0.000000E+000
   0.000000E+000
   0.000000E+000
   0.000000E+000
   0.000000E+000
   0.000000E+000
   0.000000E+000
   0.000000E+000
   0.000000E+000
   0.000000E+000
   0.000000E+000
   0.000000E+000
   0.000000E+000
   0.000000E+000
   0.000000E+000
   0.000000E+000
   0.000000E+000
   0.000000E+000
   0.000000E+000
   0.000000E+000
   0.000000E+000
   0.000000E+000
   0.000000E+000
   0.000000E+000
   0.000000E+000
   0.000000E+000
   0.000000E+000
   0.000000E+000
   0.000000E+000
   0.000000E+000
   0.000000E+000
   0.000000E+000
   0.000000E+000
   0.000000E+000
   0.000000E+000
   0.000000E+000
   0.000000E+000
   0.000000E+000
   0.000000E+000
   0.000000E+000
   0.000000E+000
   0.000000E+000
   0.000000E+000
   0.000000E+000
   0.000000E+000
   0.000000E+000
   0.000000E+000
   0.000000E+000
   0.000000E+000
   0.000000E+000
   0.000000E+000
   0.000000E+000
   0.000000E+000
   0.000000E+000
   0.000000E+000
   0.000000E+000
   0.000000E+000
   0.000000E+000
   0.000000E+000
   0.000000E+000
   0.000000E+000
   0.000000E+000
   0.000000E+000
   0.000000E+000
   0.000000E+000
   0.000000E+000
   0.000000E+000
   0.000000E+000
   0.000000E+000
   0.000000E+000
   0.000000E+000
   0.000000E+000
   0.000000E+000
   0.000000E+000
   0.000000E+000
   0.000000E+000
   0.000000E+000
   0.000000E+000
   0.000000E+000
   0.000000E+000
   0.000000E+000
   0.000000E+000
   0.000000E+000
   0.000000E+000
   0.000000E+000
   0.000000E+000
   0.000000E+000
   0.000000E+000
   0.000000E+000
   0.000000E+000
   0.000000E+000
   0.000000E+000
   0.000000E+000
   0.000000E+000
   0.000000E+000
   0.000000E+000
   0.000000E+000
   0.000000E+000
   0.000000E+000
   0.000000E+000
   0.000000E+000
   0.000000E+000
   0.000000E+000
   0.000000E+000
   0.000000E+000
   0.000000E+000
   0.000000E+000
   0.000000E+000
   0.000000E+000
   0.000000E+000
   0.000000E+000
   0.000000E+000
   0.000000E+000
   0.000000E+000
   0.000000E+000
   0.000000E+000
   0.000000E+000
   0.000000E+000
   0.000000E+000
   0.000000E+000
   0.000000E+000
   0.000000E+000
   0.000000E+000
   0.000000E+000
   0.000000E+000
   0.000000E+000
   0.000000E+000
   0.000000E+000
   0.000000E+000
   0.000000E+000
   0.000000E+000
   0.000000E+000
   0.000000E+000
   0.000000E+000
   0.000000E+000
   0.000000E+000
   0.000000E+000
   0.000000E+000
   0.000000E+000
   0.000000E+000
   0.000000E+000
   0.000000E+000
   0.000000E+000
   0.000000E+000
   0.000000E+000
   0.000000E+000
   0.000000E+000
   0.000000E+000
   0.000000E+000
   0.000000E+000
   0.000000E+000
   0.000000E+000
   0.000000E+000
   0.000000E+000
   0.000000E+000
   0.000000E+000
   0.000000E+000
   0.000000E+000
   0.000000E+000
   0.000000E+000
   0.000000E+000
   0.000000E+000
   0.000000E+000
   0.000000E+000
   0.000000E+000
   0.000000E+000
   0.000000E+000
   0.000000E+000
   0.000000E+000
   0.000000E+000
   0.000000E+000
   0.000000E+000
   0.000000E+000
   0.000000E+000
   0.000000E+000
   0.000000E+000
   0.000000E+000
   0.000000E+000
   0.000000E+000
   0.000000E+000
   0.000000E+000
   0.000000E+000
   0.000000E+000
   0.000000E+000
   0.000000E+000
   0.000000E+000
   0.000000E+000
   0.000000E+000
   0.000000E+000
   0.000000E+000
   0.000000E+000
   0.000000E+000
   0.000000E+000
   0.000000E+000
   0.000000E+000
   0.000000E+000
   0.000000E+000
   0.000000E+000
   0.000000E+000
   0.000000E+000
   0.000000E+000
   0.000000E+000
   0.000000E+000
   0.000000E+000
   0.000000E+000
   0.000000E+000
   0.000000E+000
   0.000000E+000
   0.000000E+000
   0.000000E+000
   0.000000E+000
   0.000000E+000
   0.000000E+000
   0.000000E+000
   0.000000E+000
   0.000000E+000
   0.000000E+000
   0.000000E+000
   0.000000E+000
   0.000000E+000
   0.000000E+000
   0.000000E+000
   0.000000E+000
   0.000000E+000
   0.000000E+000
   0.000000E+000
   0.000000E+000
   0.000000E+000
   0.000000E+000
   0.000000E+000
   0.000000E+000
   0.000000E+000
   0.000000E+000
   0.000000E+000
   0.000000E+000
   0.000000E+000
   0.000000E+000
   0.000000E+000
   0.000000E+000
   0.000000E+000
   0.000000E+000
   0.000000E+000
   0.000000E+000
   0.000000E+000
   0.000000E+000
   0.000000E+000
   0.000000E+000
   0.000000E+000
   0.000000E+000
   0.000000E+000
   0.000000E+000
   0.000000E+000
   0.000000E+000
   0.000000E+000
   0.000000E+000
   0.000000E+000
   0.000000E+000
   0.000000E+000
   0.000000E+000
   0.000000E+000
   0.000000E+000
   0.000000E+000
   0.000000E+000
   0.000000E+000
   0.000000E+000
   0.000000E+000
   0.000000E+000
   0.000000E+000
   0.000000E+000
   0.000000E+000
   0.000000E+000
   0.000000E+000
   0.000000E+000
   0.000000E+000
   0.000000E+000
   0.000000E+000
   0.000000E+000
   0.000000E+000
   0.000000E+000
   0.000000E+000
   0.000000E+000
   0.000000E+000
   0.000000E+000
   0.000000E+000
   0.000000E+000
   0.000000E+000
   0.000000E+000
   0.000000E+000
   0.000000E+000
   0.000000E+000
   0.000000E+000
   0.000000E+000
   0.000000E+000
   0.000000E+000
   0.000000E+000
   0.000000E+000
   0.000000E+000
   0.000000E+000
   0.000000E+000
   0.000000E+000
   0.000000E+000
   0.000000E+000
   0.000000E+000
   0.000000E+000
   0.000000E+000
   0.000000E+000
   0.000000E+000
   0.000000E+000
   0.000000E+000
   0.000000E+000
   0.000000E+000
   0.000000E+000
   0.000000E+000
   0.000000E+000
   0.000000E+000
   0.000000E+000
   0.000000E+000
   0.000000E+000
   0.000000E+000
   0.000000E+000
   0.000000E+000
   0.000000E+000
   0.000000E+000
   0.000000E+000
   0.000000E+000
   0.000000E+000
   0.000000E+000
   0.000000E+000
   0.000000E+000
   0.000000E+000
   0.000000E+000
   0.000000E+000
   0.000000E+000
   0.000000E+000
   0.000000E+000
   0.000000E+000
   0.000000E+000
   0.000000E+000
   0.000000E+000
   0.000000E+000
   0.000000E+000
   0.000000E+000
   0.000000E+000
   0.000000E+000
   0.000000E+000
   0.000000E+000
   0.000000E+000
   0.000000E+000
   0.000000E+000
   0.000000E+000
   0.000000E+000
   0.000000E+000
   0.000000E+000
   0.000000E+000
   0.000000E+000
   0.000000E+000
   0.000000E+000
   0.000000E+000
   0.000000E+000
   0.000000E+000
   0.000000E+000
   0.000000E+000
   0.000000E+000
   0.000000E+000
   0.000000E+000
   0.000000E+000
   0.000000E+000
   0.000000E+000
   0.000000E+000
   0.000000E+000
   0.000000E+000
   0.000000E+000
   0.000000E+000
   0.000000E+000
   0.000000E+000
   0.000000E+000
   0.000000E+000
   0.000000E+000
   0.000000E+000
   0.000000E+000
   0.000000E+000
   0.000000E+000
   0.000000E+000
   0.000000E+000
   0.000000E+000
   0.000000E+000
   0.000000E+000
   0.000000E+000
   0.000000E+000
   0.000000E+000
   0.000000E+000
   0.000000E+000
   0.000000E+000
   0.000000E+000
   0.000000E+000
   0.000000E+000
   0.000000E+000
   0.000000E+000
   0.000000E+000
   0.000000E+000
   0.000000E+000
   0.000000E+000
   0.000000E+000
   0.000000E+000
   0.000000E+000
   0.000000E+000
   0.000000E+000
   0.000000E+000
   0.000000E+000
   0.000000E+000
   0.000000E+000
   0.000000E+000
   0.000000E+000
   0.000000E+000
   0.000000E+000
   0.000000E+000
   0.000000E+000
   0.000000E+000
   0.000000E+000
   0.000000E+000
   0.000000E+000
   0.000000E+000
   0.000000E+000
   0.000000E+000
   0.000000E+000
   0.000000E+000
   0.000000E+000
   0.000000E+000
   0.000000E+000
   0.000000E+000
   0.000000E+000
   0.000000E+000
   0.000000E+000
   0.000000E+000
   0.000000E+000
   0.000000E+000
   0.000000E+000
   0.000000E+000
   0.000000E+000
   0.000000E+000
   0.000000E+000
   0.000000E+000
   0.000000E+000
   0.000000E+000
   0.000000E+000
   0.000000E+000
   0.000000E+000
   0.000000E+000
   0.000000E+000
   0.000000E+000
   0.000000E+000
   0.000000E+000
   0.000000E+000
   0.000000E+000
   0.000000E+000
   0.000000E+000
   0.000000E+000
   0.000000E+000
   0.000000E+000
   0.000000E+000
   0.000000E+000
   0.000000E+000
   0.000000E+000
   0.000000E+000
   0.000000E+000
   0.000000E+000
   0.000000E+000
   0.000000E+000
   0.000000E+000
   0.000000E+000
   0.000000E+000
   0.000000E+000
   0.000000E+000
   0.000000E+000
   0.000000E+000
   0.000000E+000
   0.000000E+000
   0.000000E+000
   0.000000E+000
   0.000000E+000
   0.000000E+000
   0.000000E+000
   0.000000E+000
   0.000000E+000
   0.000000E+000
   0.000000E+000
   0.000000E+000
   0.000000E+000
   0.000000E+000
   0.000000E+000
   0.000000E+000
   0.000000E+000
   0.000000E+000
   0.000000E+000
   0.000000E+000
   0.000000E+000
   0.000000E+000
   0.000000E+000
   0.000000E+000
   0.000000E+000
   0.000000E+000
   0.000000E+000
   0.000000E+000
   0.000000E+000
   0.000000E+000
   0.000000E+000
   0.000000E+000
   0.000000E+000
   0.000000E+000
   0.000000E+000
   0.000000E+000
   0.000000E+000
   0.000000E+000
   0.000000E+000
   0.000000E+000
   0.000000E+000
   0.000000E+000
   0.000000E+000
   0.000000E+000
   0.000000E+000
   0.000000E+000
   0.000000E+000
   0.000000E+000
   0.000000E+000
   0.000000E+000
   0.000000E+000
   0.000000E+000
   0.000000E+000
   0.000000E+000
   0.000000E+000
   0.000000E+000
   0.000000E+000
   0.000000E+000
   0.000000E+000
   0.000000E+000
   0.000000E+000
   0.000000E+000
   0.000000E+000
   0.000000E+000
   0.000000E+000
   0.000000E+000
   0.000000E+000
   0.000000E+000
   0.000000E+000
   0.000000E+000
   0.000000E+000
   0.000000E+000
   0.000000E+000
   0.000000E+000
   0.000000E+000
   0.000000E+000
   0.000000E+000
   0.000000E+000
   0.000000E+000
   0.000000E+000
   0.000000E+000
   0.000000E+000
   0.000000E+000
   0.000000E+000
   0.000000E+000
   0.000000E+000
   0.000000E+000
   0.000000E+000
   0.000000E+000
   0.000000E+000
   0.000000E+000
   0.000000E+000
   0.000000E+000
   0.000000E+000
   0.000000E+000
   0.000000E+000
   0.000000E+000
   0.000000E+000
   0.000000E+000
   0.000000E+000
   0.000000E+000
   0.000000E+000
   0.000000E+000
   0.000000E+000
   0.000000E+000
   0.000000E+000
   0.000000E+000
   0.000000E+000
   0.000000E+000
   0.000000E+000
   0.000000E+000
   0.000000E+000
   0.000000E+000
   0.000000E+000
   0.000000E+000
   0.000000E+000
   0.000000E+000
   0.000000E+000
   0.000000E+000
   0.000000E+000
   0.000000E+000
   0.000000E+000
   0.000000E+000
   0.000000E+000
   0.000000E+000
   0.000000E+000
   0.000000E+000
   0.000000E+000
   0.000000E+000
   0.000000E+000
   0.000000E+000
   0.000000E+000
   0.000000E+000
   0.000000E+000
   0.000000E+000
   0.000000E+000
   0.000000E+000
   0.000000E+000
   0.000000E+000
   0.000000E+000
   0.000000E+000
   0.000000E+000
   0.000000E+000
   0.000000E+000
   0.000000E+000
   0.000000E+000
   0.000000E+000
   0.000000E+000
   0.000000E+000
   0.000000E+000
   0.000000E+000
   0.000000E+000
   0.000000E+000
   0.000000E+000
   0.000000E+000
   0.000000E+000
   0.000000E+000
   0.000000E+000
   0.000000E+000
   0.000000E+000
   0.000000E+000
   0.000000E+000
   0.000000E+000
   0.000000E+000
   0.000000E+000
   0.000000E+000
   0.000000E+000
   0.000000E+000
   0.000000E+000
   0.000000E+000
   0.000000E+000
   0.000000E+000
   0.000000E+000
   0.000000E+000
   0.000000E+000
   0.000000E+000
   0.000000E+000
   0.000000E+000
   0.000000E+000
   0.000000E+000
   0.000000E+000
   0.000000E+000
   0.000000E+000
   0.000000E+000
   0.000000E+000
   0.000000E+000
   0.000000E+000
   0.000000E+000
   0.000000E+000
   0.000000E+000
   0.000000E+000
   0.000000E+000
   0.000000E+000
   0.000000E+000
   0.000000E+000
   0.000000E+000
   0.000000E+000
   0.000000E+000
   0.000000E+000
   0.000000E+000
   0.000000E+000
   0.000000E+000
   0.000000E+000
   0.000000E+000
   0.000000E+000
   0.000000E+000
   0.000000E+000
   0.000000E+000
   0.000000E+000
   0.000000E+000
   0.000000E+000
   0.000000E+000
   0.000000E+000
   0.000000E+000
   0.000000E+000
   0.000000E+000
   0.000000E+000
   0.000000E+000
   0.000000E+000
   0.000000E+000
   0.000000E+000
   0.000000E+000
   0.000000E+000
   0.000000E+000
   0.000000E+000
   0.000000E+000
   0.000000E+000
   0.000000E+000
   0.000000E+000
   0.000000E+000
   0.000000E+000
   0.000000E+000
   0.000000E+000
   0.000000E+000
   0.000000E+000
   0.000000E+000
   0.000000E+000
   0.000000E+000
   0.000000E+000
   0.000000E+000
   0.000000E+000
   0.000000E+000
   0.000000E+000
   0.000000E+000
   0.000000E+000
   0.000000E+000
   0.000000E+000
   0.000000E+000
   0.000000E+000
   0.000000E+000
   0.000000E+000
   0.000000E+000
   0.000000E+000
   0.000000E+000
   0.000000E+000
   0.000000E+000
   0.000000E+000
   0.000000E+000
   0.000000E+000
   0.000000E+000
   0.000000E+000
   0.000000E+000
   0.000000E+000
   0.000000E+000
   0.000000E+000
   0.000000E+000
   0.000000E+000
   0.000000E+000
   0.000000E+000
   0.000000E+000
   0.000000E+000
   0.000000E+000
   0.000000E+000
   0.000000E+000
   0.000000E+000
   0.000000E+000
   0.000000E+000
   0.000000E+000
   0.000000E+000
   0.000000E+000
   0.000000E+000
   0.000000E+000
   0.000000E+000
   0.000000E+000
   0.000000E+000
   0.000000E+000
   0.000000E+000
   0.000000E+000
   0.000000E+000
   0.000000E+000
   0.000000E+000
   0.000000E+000
   0.000000E+000
   0.000000E+000
   0.000000E+000
   0.000000E+000
   0.000000E+000
   0.000000E+000
   0.000000E+000
   0.000000E+000
   0.000000E+000
   0.000000E+000
   0.000000E+000
   0.000000E+000
   0.000000E+000
   0.000000E+000
   0.000000E+000
   0.000000E+000
   0.000000E+000
   0.000000E+000
   0.000000E+000
   0.000000E+000
   0.000000E+000
   0.000000E+000
   0.000000E+000
   0.000000E+000
   0.000000E+000
   0.000000E+000
   0.000000E+000
   0.000000E+000
   0.000000E+000
   0.000000E+000
   0.000000E+000
   0.000000E+000
   0.000000E+000
   0.000000E+000
   0.000000E+000
   0.000000E+000
   0.000000E+000
   0.000000E+000
   0.000000E+000
   0.000000E+000
   0.000000E+000
   0.000000E+000
   0.000000E+000
   0.000000E+000
   0.000000E+000
   0.000000E+000
   0.000000E+000
   0.000000E+000
   0.000000E+000
   0.000000E+000
   0.000000E+000
   0.000000E+000
   0.000000E+000
   0.000000E+000
   0.000000E+000
   0.000000E+000
   0.000000E+000
   0.000000E+000
   0.000000E+000
   0.000000E+000
   0.000000E+000
   0.000000E+000
   0.000000E+000
   0.000000E+000
   0.000000E+000
   0.000000E+000
   0.000000E+000
   0.000000E+000
   0.000000E+000
   0.000000E+000
   0.000000E+000
   0.000000E+000
   0.000000E+000
   0.000000E+000
   0.000000E+000
   0.000000E+000
   0.000000E+000
   0.000000E+000
   0.000000E+000
   0.000000E+000
   0.000000E+000
   0.000000E+000
   0.000000E+000
   0.000000E+000
   0.000000E+000
   0.000000E+000
   0.000000E+000
   0.000000E+000
   0.000000E+000
   0.000000E+000
   0.000000E+000
   0.000000E+000
   0.000000E+000
   0.000000E+000
   0.000000E+000
   0.000000E+000
   0.000000E+000
   0.000000E+000
   0.000000E+000
   0.000000E+000
   0.000000E+000
   0.000000E+000
   0.000000E+000
   0.000000E+000
   0.000000E+000
   0.000000E+000
   0.000000E+000
   0.000000E+000
   0.000000E+000
   0.000000E+000
   0.000000E+000
   0.000000E+000
   0.000000E+000
   0.000000E+000
   0.000000E+000
   0.000000E+000
   0.000000E+000
   0.000000E+000
   0.000000E+000
   0.000000E+000
   0.000000E+000
   0.000000E+000
   0.000000E+000
   0.000000E+000
   0.000000E+000
   0.000000E+000
   0.000000E+000
   0.000000E+000
   0.000000E+000
   0.000000E+000
   0.000000E+000
   0.000000E+000
   0.000000E+000
   0.000000E+000
   0.000000E+000
   0.000000E+000
   0.000000E+000
   0.000000E+000
   0.000000E+000
   0.000000E+000
   0.000000E+000
   0.000000E+000
   0.000000E+000
   0.000000E+000
   0.000000E+000
   0.000000E+000
   0.000000E+000
   0.000000E+000
   0.000000E+000
   0.000000E+000
   0.000000E+000
   0.000000E+000
   0.000000E+000
   0.000000E+000
   0.000000E+000
   0.000000E+000
   0.000000E+000
   0.000000E+000
   0.000000E+000
   0.000000E+000
   0.000000E+000
   0.000000E+000
   0.000000E+000
   0.000000E+000
   0.000000E+000
   0.000000E+000
   0.000000E+000
   0.000000E+000
   0.000000E+000
   0.000000E+000
   0.000000E+000
   0.000000E+000
   0.000000E+000
   0.000000E+000
   0.000000E+000
   0.000000E+000
   0.000000E+000
   0.000000E+000
   0.000000E+000
   0.000000E+000
   0.000000E+000
   0.000000E+000
   0.000000E+000
   0.000000E+000
   0.000000E+000
   0.000000E+000
   0.000000E+000
   0.000000E+000
   0.000000E+000
   0.000000E+000
   0.000000E+000
   0.000000E+000
   0.000000E+000
   0.000000E+000
   0.000000E+000
   0.000000E+000
   0.000000E+000
   0.000000E+000
   0.000000E+000
   0.000000E+000
   0.000000E+000
   0.000000E+000
   0.000000E+000
   0.000000E+000
   0.000000E+000
   0.000000E+000
   0.000000E+000
   0.000000E+000
   0.000000E+000
   0.000000E+000
   0.000000E+000
   0.000000E+000
   0.000000E+000
   0.000000E+000
   0.000000E+000
   0.000000E+000
   0.000000E+000
   0.000000E+000
   0.000000E+000
   0.000000E+000
   0.000000E+000
   0.000000E+000
   0.000000E+000
   0.000000E+000
   0.000000E+000
   0.000000E+000
   0.000000E+000
   0.000000E+000
   0.000000E+000
   0.000000E+000
   0.000000E+000
   0.000000E+000
   0.000000E+000
   0.000000E+000
   0.000000E+000
   0.000000E+000
   0.000000E+000
   0.000000E+000
   0.000000E+000
   0.000000E+000
   0.000000E+000
   0.000000E+000
   0.000000E+000
   0.000000E+000
   0.000000E+000
   0.000000E+000
   0.000000E+000
   0.000000E+000
   0.000000E+000
   0.000000E+000
   0.000000E+000
   0.000000E+000
   0.000000E+000
   0.000000E+000
   0.000000E+000
   0.000000E+000
   0.000000E+000
   0.000000E+000
   0.000000E+000
   0.000000E+000
   0.000000E+000
   0.000000E+000
   0.000000E+000
   0.000000E+000
   0.000000E+000
   0.000000E+000
   0.000000E+000
   0.000000E+000
   0.000000E+000
   0.000000E+000
   0.000000E+000
   0.000000E+000
   0.000000E+000
   0.000000E+000
   0.000000E+000
   0.000000E+000
   0.000000E+000
   0.000000E+000
   0.000000E+000
   0.000000E+000
   0.000000E+000
   0.000000E+000
   0.000000E+000
   0.000000E+000
   0.000000E+000
   0.000000E+000
   0.000000E+000
   0.000000E+000
   0.000000E+000
   0.000000E+000
   0.000000E+000
   0.000000E+000
   0.000000E+000
   0.000000E+000
   0.000000E+000
   0.000000E+000
   0.000000E+000
   0.000000E+000
   0.000000E+000
   0.000000E+000
   0.000000E+000
   0.000000E+000
   0.000000E+000
   0.000000E+000
   0.000000E+000
   0.000000E+000
   0.000000E+000
   0.000000E+000
   0.000000E+000
   0.000000E+000
   0.000000E+000
   0.000000E+000
   0.000000E+000
   0.000000E+000
   0.000000E+000
   0.000000E+000
   0.000000E+000
   0.000000E+000
   0.000000E+000
   0.000000E+000
   0.000000E+000
   0.000000E+000
   0.000000E+000
   0.000000E+000
   0.000000E+000
   0.000000E+000
   0.000000E+000
   0.000000E+000
   0.000000E+000
   0.000000E+000
   0.000000E+000
   0.000000E+000
   0.000000E+000
   0.000000E+000
   0.000000E+000
   0.000000E+000
   0.000000E+000
   0.000000E+000
   0.000000E+000
   0.000000E+000
   0.000000E+000
   0.000000E+000
   0.000000E+000
   0.000000E+000
   0.000000E+000
   0.000000E+000
   0.000000E+000
   0.000000E+000
   0.000000E+000
   0.000000E+000
   0.000000E+000
   0.000000E+000
   0.000000E+000
   0.000000E+000
   0.000000E+000
   0.000000E+000
   0.000000E+000
   0.000000E+000
   0.000000E+000
   0.000000E+000
   0.000000E+000
   0.000000E+000
   0.000000E+000
   0.000000E+000
   0.000000E+000
   0.000000E+000
   0.000000E+000
   0.000000E+000
   0.000000E+000
   0.000000E+000
   0.000000E+000
   0.000000E+000
   0.000000E+000
   0.000000E+000
   0.000000E+000
   0.000000E+000
   0.000000E+000
   0.000000E+000
   0.000000E+000
   0.000000E+000
   0.000000E+000
   0.000000E+000
   0.000000E+000
   0.000000E+000
   0.000000E+000
   0.000000E+000
   0.000000E+000
   0.000000E+000
   0.000000E+000
   0.000000E+000
   0.000000E+000
   0.000000E+000
   0.000000E+000
   0.000000E+000
   0.000000E+000
   0.000000E+000
   0.000000E+000
   0.000000E+000
   0.000000E+000
   0.000000E+000
   0.000000E+000
   0.000000E+000
   0.000000E+000
   0.000000E+000
   0.000000E+000
   0.000000E+000
   0.000000E+000
   0.000000E+000
   0.000000E+000
   0.000000E+000
   0.000000E+000
   0.000000E+000
   0.000000E+000
   0.000000E+000
   0.000000E+000
   0.000000E+000
   0.000000E+000
   0.000000E+000
   0.000000E+000
   0.000000E+000
   0.000000E+000
   0.000000E+000
   0.000000E+000
   0.000000E+000
   0.000000E+000
   0.000000E+000
   0.000000E+000
   0.000000E+000
   0.000000E+000
   0.000000E+000
   0.000000E+000
   0.000000E+000
   0.000000E+000
   0.000000E+000
   0.000000E+000
   0.000000E+000
   0.000000E+000
   0.000000E+000
   0.000000E+000
   0.000000E+000
   0.000000E+000
   0.000000E+000
   0.000000E+000
   0.000000E+000
   0.000000E+000
   0.000000E+000
   0.000000E+000
   0.000000E+000
   0.000000E+000
   0.000000E+000
   0.000000E+000
   0.000000E+000
   0.000000E+000
   0.000000E+000
   0.000000E+000
   0.000000E+000
   0.000000E+000
   0.000000E+000
   0.000000E+000
   0.000000E+000
   0.000000E+000
   0.000000E+000
   0.000000E+000
   0.000000E+000
   0.000000E+000
   0.000000E+000
   0.000000E+000
   0.000000E+000
   0.000000E+000
   0.000000E+000
   0.000000E+000
   0.000000E+000
   0.000000E+000
   0.000000E+000
   0.000000E+000
   0.000000E+000
   0.000000E+000
   0.000000E+000
   0.000000E+000
   0.000000E+000
   0.000000E+000
   0.000000E+000
   0.000000E+000
   0.000000E+000
   0.000000E+000
   0.000000E+000
   0.000000E+000
   0.000000E+000
   0.000000E+000
   0.000000E+000
   0.000000E+000
   0.000000E+000
   0.000000E+000
   0.000000E+000
   0.000000E+000
   0.000000E+000
   0.000000E+000
   0.000000E+000
   0.000000E+000
   0.000000E+000
   0.000000E+000
   0.000000E+000
   0.000000E+000
   0.000000E+000
   0.000000E+000
   0.000000E+000
   0.000000E+000
   0.000000E+000
   0.000000E+000
   0.000000E+000
   0.000000E+000
   0.000000E+000
   0.000000E+000
   0.000000E+000
   0.000000E+000
   0.000000E+000
   0.000000E+000
   0.000000E+000
   0.000000E+000
   0.000000E+000
   0.000000E+000
   0.000000E+000
   0.000000E+000
   0.000000E+000
   0.000000E+000
   0.000000E+000
   0.000000E+000
   0.000000E+000
   0.000000E+000
   0.000000E+000
   0.000000E+000
   0.000000E+000
   0.000000E+000
   0.000000E+000
   0.000000E+000
   0.000000E+000
   0.000000E+000
   0.000000E+000
   0.000000E+000
   0.000000E+000
   0.000000E+000
   0.000000E+000
   0.000000E+000
   0.000000E+000
   0.000000E+000
   0.000000E+000
   0.000000E+000
   0.000000E+000
   0.000000E+000
   0.000000E+000
   0.000000E+000
   0.000000E+000
   0.000000E+000
   0.000000E+000
   0.000000E+000
   0.000000E+000
   0.000000E+000
   0.000000E+000
   0.000000E+000
   0.000000E+000
   0.000000E+000
   0.000000E+000
   0.000000E+000
   0.000000E+000
   0.000000E+000
   0.000000E+000
   0.000000E+000
   0.000000E+000
   0.000000E+000
   0.000000E+000
   0.000000E+000
   0.000000E+000
   0.000000E+000
   0.000000E+000
   0.000000E+000
   0.000000E+000
   0.000000E+000
   0.000000E+000
   0.000000E+000
   0.000000E+000
   0.000000E+000
   0.000000E+000
   0.000000E+000
   0.000000E+000
   0.000000E+000
   0.000000E+000
   0.000000E+000
   0.000000E+000
   0.000000E+000
   0.000000E+000
   0.000000E+000
   0.000000E+000
   0.000000E+000
   0.000000E+000
   0.000000E+000
   0.000000E+000
   0.000000E+000
   0.000000E+000
   0.000000E+000
   0.000000E+000
   0.000000E+000
   0.000000E+000
   0.000000E+000
   0.000000E+000
   0.000000E+000
   0.000000E+000
   0.000000E+000
   0.000000E+000
   0.000000E+000
   0.000000E+000
   0.000000E+000
   0.000000E+000
   0.000000E+000
   0.000000E+000
   0.000000E+000
   0.000000E+000
   0.000000E+000
   0.000000E+000
   0.000000E+000
   0.000000E+000
   0.000000E+000
   0.000000E+000
   0.000000E+000
   0.000000E+000
   0.000000E+000
   0.000000E+000
   0.000000E+000
   0.000000E+000
   0.000000E+000
   0.000000E+000
   0.000000E+000
   0.000000E+000
   0.000000E+000
   0.000000E+000
   0.000000E+000
   0.000000E+000
   0.000000E+000
   0.000000E+000
   0.000000E+000
   0.000000E+000
   0.000000E+000
   0.000000E+000
   0.000000E+000
   0.000000E+000
   0.000000E+000
   0.000000E+000
   0.000000E+000
   0.000000E+000
   0.000000E+000
   0.000000E+000
   0.000000E+000
   0.000000E+000
   0.000000E+000
   0.000000E+000
   0.000000E+000
   0.000000E+000
   0.000000E+000
   0.000000E+000
   0.000000E+000
   0.000000E+000
   0.000000E+000
   0.000000E+000
   0.000000E+000
   0.000000E+000
   0.000000E+000
   0.000000E+000
   0.000000E+000
   0.000000E+000
   0.000000E+000
   0.000000E+000
   0.000000E+000
   0.000000E+000
   0.000000E+000
   0.000000E+000
   0.000000E+000
   0.000000E+000
   0.000000E+000
   0.000000E+000
   0.000000E+000
   0.000000E+000
   0.000000E+000
   0.000000E+000
   0.000000E+000
   0.000000E+000
   0.000000E+000
   0.000000E+000
   0.000000E+000
   0.000000E+000
   0.000000E+000
   0.000000E+000
   0.000000E+000
   0.000000E+000
   0.000000E+000
   0.000000E+000
   0.000000E+000
   0.000000E+000
   0.000000E+000
   0.000000E+000
   0.000000E+000
   0.000000E+000
   0.000000E+000
   0.000000E+000
   0.000000E+000
   0.000000E+000
   0.000000E+000
   0.000000E+000
   0.000000E+000
   0.000000E+000
   0.000000E+000
   0.000000E+000
   0.000000E+000
   0.000000E+000
   0.000000E+000
   0.000000E+000
   0.000000E+000
   0.000000E+000
   0.000000E+000
   0.000000E+000
   0.000000E+000
   0.000000E+000
   0.000000E+000
   0.000000E+000
   0.000000E+000
   0.000000E+000
   0.000000E+000
   0.000000E+000
   0.000000E+000
   0.000000E+000
   0.000000E+000
   0.000000E+000
   0.000000E+000
   0.000000E+000
   0.000000E+000
   0.000000E+000
   0.000000E+000
   0.000000E+000
   0.000000E+000
   0.000000E+000
   0.000000E+000
   0.000000E+000
   0.000000E+000
   0.000000E+000
   0.000000E+000
   0.000000E+000
   0.000000E+000
   0.000000E+000
   0.000000E+000
   0.000000E+000
   0.000000E+000
   0.000000E+000
   0.000000E+000
   0.000000E+000
   0.000000E+000
   0.000000E+000
   0.000000E+000
   0.000000E+000
   0.000000E+000
   0.000000E+000
   0.000000E+000
   0.000000E+000
   0.000000E+000
   0.000000E+000
   0.000000E+000
   0.000000E+000
   0.000000E+000
   0.000000E+000
   0.000000E+000
   0.000000E+000
   0.000000E+000
   0.000000E+000
   0.000000E+000
   0.000000E+000
   0.000000E+000
   0.000000E+000
   0.000000E+000
   0.000000E+000
   0.000000E+000
   0.000000E+000
   0.000000E+000
   0.000000E+000
   0.000000E+000
   0.000000E+000
   0.000000E+000
   0.000000E+000
   0.000000E+000
   0.000000E+000
   0.000000E+000
   0.000000E+000
   0.000000E+000
   0.000000E+000
   0.000000E+000
   0.000000E+000
   0.000000E+000
   0.000000E+000
   0.000000E+000
   0.000000E+000
   0.000000E+000
   0.000000E+000
   0.000000E+000
   0.000000E+000
   0.000000E+000
   0.000000E+000
   0.000000E+000
   0.000000E+000
   0.000000E+000
   0.000000E+000
   0.000000E+000
   0.000000E+000
   0.000000E+000
   0.000000E+000
   0.000000E+000
   0.000000E+000
   0.000000E+000
   0.000000E+000
   0.000000E+000
   0.000000E+000
   0.000000E+000
   0.000000E+000
   0.000000E+000
   0.000000E+000
   0.000000E+000
   0.000000E+000
   0.000000E+000
   0.000000E+000
   0.000000E+000
   0.000000E+000
   0.000000E+000
   0.000000E+000
   0.000000E+000
   0.000000E+000
   0.000000E+000
   0.000000E+000
   0.000000E+000
   0.000000E+000
   0.000000E+000
   0.000000E+000
   0.000000E+000
   0.000000E+000
   0.000000E+000
   0.000000E+000
   0.000000E+000
   0.000000E+000
   0.000000E+000
   0.000000E+000
   0.000000E+000
   0.000000E+000
   0.000000E+000
   0.000000E+000
   0.000000E+000
   0.000000E+000
   0.000000E+000
   0.000000E+000
   0.000000E+000
   0.000000E+000
   0.000000E+000
   0.000000E+000
   0.000000E+000
   0.000000E+000
   0.000000E+000
   0.000000E+000
   0.000000E+000
   0.000000E+000
   0.000000E+000
   0.000000E+000
   0.000000E+000
   0.000000E+000
   0.000000E+000
   0.000000E+000
   0.000000E+000
   0.000000E+000
   0.000000E+000
   0.000000E+000
   0.000000E+000
   0.000000E+000
   0.000000E+000
   0.000000E+000
   0.000000E+000
   0.000000E+000
   0.000000E+000
   0.000000E+000
   0.000000E+000
   0.000000E+000
   0.000000E+000
   0.000000E+000
   0.000000E+000
   0.000000E+000
   0.000000E+000
   0.000000E+000
   0.000000E+000
   0.000000E+000
   0.000000E+000
   0.000000E+000
   0.000000E+000
   0.000000E+000
   0.000000E+000
   0.000000E+000
   0.000000E+000
   0.000000E+000
   0.000000E+000
   0.000000E+000
   0.000000E+000
   0.000000E+000
   0.000000E+000
   0.000000E+000
   0.000000E+000
   0.000000E+000
   0.000000E+000
   0.000000E+000
   0.000000E+000
   0.000000E+000
   0.000000E+000
   0.000000E+000
   0.000000E+000
   0.000000E+000
   0.000000E+000
   0.000000E+000
   0.000000E+000
   0.000000E+000
   0.000000E+000
   0.000000E+000
   0.000000E+000
   0.000000E+000
   0.000000E+000
   0.000000E+000
   0.000000E+000
   0.000000E+000
   0.000000E+000
   0.000000E+000
   0.000000E+000
   0.000000E+000
   0.000000E+000
   0.000000E+000
   0.000000E+000
   0.000000E+000
   0.000000E+000
   0.000000E+000
   0.000000E+000
   0.000000E+000
   0.000000E+000
   0.000000E+000
   0.000000E+000
   0.000000E+000
   0.000000E+000
   0.000000E+000
   0.000000E+000
   0.000000E+000
   0.000000E+000
   0.000000E+000
   0.000000E+000
   0.000000E+000
   0.000000E+000
   0.000000E+000
   0.000000E+000
   0.000000E+000
   0.000000E+000
   0.000000E+000
   0.000000E+000
   0.000000E+000
   0.000000E+000
   0.000000E+000
   0.000000E+000
   0.000000E+000
   0.000000E+000
   0.000000E+000
   0.000000E+000
   0.000000E+000
   0.000000E+000
   0.000000E+000
   0.000000E+000
   0.000000E+000
   0.000000E+000
   0.000000E+000
   0.000000E+000
   0.000000E+000
   0.000000E+000
   0.000000E+000
   0.000000E+000
   0.000000E+000
   0.000000E+000
   0.000000E+000
   0.000000E+000
   0.000000E+000
   0.000000E+000
   0.000000E+000
   0.000000E+000
   0.000000E+000
   0.000000E+000
   0.000000E+000
   0.000000E+000
   0.000000E+000
   0.000000E+000
   0.000000E+000
   0.000000E+000
   0.000000E+000
   0.000000E+000
   0.000000E+000
   0.000000E+000
   0.000000E+000
   0.000000E+000
   0.000000E+000
   0.000000E+000
   0.000000E+000
   0.000000E+000
   0.000000E+000
   0.000000E+000
   0.000000E+000
   0.000000E+000
   0.000000E+000
   0.000000E+000
   0.000000E+000
   0.000000E+000
   0.000000E+000
   0.000000E+000
   0.000000E+000
   0.000000E+000
   0.000000E+000
   0.000000E+000
   0.000000E+000
   0.000000E+000
   0.000000E+000
   0.000000E+000
   0.000000E+000
   0.000000E+000
   0.000000E+000
   0.000000E+000
   0.000000E+000
   0.000000E+000
   0.000000E+000
   0.000000E+000
   0.000000E+000
   0.000000E+000
   0.000000E+000
   0.000000E+000
   0.000000E+000
   0.000000E+000
   0.000000E+000
   0.000000E+000
   0.000000E+000
   0.000000E+000
   0.000000E+000
   0.000000E+000
   0.000000E+000
   0.000000E+000
   0.000000E+000
   0.000000E+000
   0.000000E+000
   0.000000E+000
   0.000000E+000
   0.000000E+000
   0.000000E+000
   0.000000E+000
   0.000000E+000
   0.000000E+000
   0.000000E+000
   0.000000E+000
   0.000000E+000
   0.000000E+000
   0.000000E+000
   0.000000E+000
   0.000000E+000
   0.000000E+000
   0.000000E+000
   0.000000E+000
   0.000000E+000
   0.000000E+000
   0.000000E+000
   0.000000E+000
   0.000000E+000
   0.000000E+000
   0.000000E+000
   0.000000E+000
   0.000000E+000
   0.000000E+000
   0.000000E+000
   0.000000E+000
   0.000000E+000
   0.000000E+000
   0.000000E+000
   0.000000E+000
   0.000000E+000
   0.000000E+000
   0.000000E+000
   0.000000E+000
   0.000000E+000
   0.000000E+000
   0.000000E+000
   0.000000E+000
   0.000000E+000
   0.000000E+000
   0.000000E+000
   0.000000E+000
   0.000000E+000
   0.000000E+000
   0.000000E+000
   0.000000E+000
   0.000000E+000
   0.000000E+000
   0.000000E+000
   0.000000E+000
   0.000000E+000
   0.000000E+000
   0.000000E+000
   0.000000E+000
   0.000000E+000
   0.000000E+000
   0.000000E+000
   0.000000E+000
   0.000000E+000
   0.000000E+000
   0.000000E+000
   0.000000E+000
   0.000000E+000
   0.000000E+000
   0.000000E+000
   0.000000E+000
   0.000000E+000
   0.000000E+000
   0.000000E+000
   0.000000E+000
   0.000000E+000
   0.000000E+000
   0.000000E+000
   0.000000E+000
   0.000000E+000
   0.000000E+000
   0.000000E+000
   0.000000E+000
   0.000000E+000
   0.000000E+000
   0.000000E+000
   0.000000E+000
   0.000000E+000
   0.000000E+000
   0.000000E+000
   0.000000E+000
   0.000000E+000
   0.000000E+000
   0.000000E+000
   0.000000E+000
   0.000000E+000
   0.000000E+000
   0.000000E+000
   0.000000E+000
   0.000000E+000
   0.000000E+000
   0.000000E+000
   0.000000E+000
   0.000000E+000
   0.000000E+000
   0.000000E+000
   0.000000E+000
   0.000000E+000
   0.000000E+000
   0.000000E+000
   0.000000E+000
   0.000000E+000
   0.000000E+000
   0.000000E+000
   0.000000E+000
   0.000000E+000
   0.000000E+000
   0.000000E+000
   0.000000E+000
   0.000000E+000
   0.000000E+000
   0.000000E+000
   0.000000E+000
   0.000000E+000
   0.000000E+000
   0.000000E+000
   0.000000E+000
   0.000000E+000
   0.000000E+000
   0.000000E+000
   0.000000E+000
   0.000000E+000
   0.000000E+000
   0.000000E+000
   0.000000E+000
   0.000000E+000
   0.000000E+000
   0.000000E+000
   0.000000E+000
   0.000000E+000
   0.000000E+000
   0.000000E+000
   0.000000E+000
   0.000000E+000
   0.000000E+000
   0.000000E+000
   0.000000E+000
   0.000000E+000
   0.000000E+000
   0.000000E+000
   0.000000E+000
   0.000000E+000
   0.000000E+000
   0.000000E+000
   0.000000E+000
   0.000000E+000
   0.000000E+000
   0.000000E+000
   0.000000E+000
   0.000000E+000
   0.000000E+000
   0.000000E+000
   0.000000E+000
   0.000000E+000
   0.000000E+000
   0.000000E+000
   0.000000E+000
   0.000000E+000
   0.000000E+000
   0.000000E+000
   0.000000E+000
   0.000000E+000
   0.000000E+000
   0.000000E+000
   0.000000E+000
   0.000000E+000
   0.000000E+000
   0.000000E+000
   0.000000E+000
   0.000000E+000
   0.000000E+000
   0.000000E+000
   0.000000E+000
   0.000000E+000
   0.000000E+000
   0.000000E+000
   0.000000E+000
   0.000000E+000
   0.000000E+000
   0.000000E+000
   0.000000E+000
   0.000000E+000
   0.000000E+000
   0.000000E+000
   0.000000E+000
   0.000000E+000
   0.000000E+000
   0.000000E+000
   0.000000E+000
   0.000000E+000
   0.000000E+000
   0.000000E+000
   0.000000E+000
   0.000000E+000
   0.000000E+000
   0.000000E+000
   0.000000E+000
   0.000000E+000
   0.000000E+000
   0.000000E+000
   0.000000E+000
   0.000000E+000
   0.000000E+000
   0.000000E+000
   0.000000E+000
   0.000000E+000
   0.000000E+000
   0.000000E+000
   0.000000E+000
   0.000000E+000
   0.000000E+000
   0.000000E+000
   0.000000E+000
   0.000000E+000
   0.000000E+000
   0.000000E+000
   0.000000E+000
   0.000000E+000
   0.000000E+000
   0.000000E+000
   0.000000E+000
   0.000000E+000
   0.000000E+000
   0.000000E+000
   0.000000E+000
   0.000000E+000
   0.000000E+000
   0.000000E+000
   0.000000E+000
   0.000000E+000
   0.000000E+000
   0.000000E+000
   0.000000E+000
   0.000000E+000
   0.000000E+000
   0.000000E+000
   0.000000E+000
   0.000000E+000
   0.000000E+000
   0.000000E+000
   0.000000E+000
   0.000000E+000
   0.000000E+000
   0.000000E+000
   0.000000E+000
   0.000000E+000
   0.000000E+000
   0.000000E+000
   0.000000E+000
   0.000000E+000
   0.000000E+000
   0.000000E+000
   0.000000E+000
   0.000000E+000
   0.000000E+000
   0.000000E+000
   0.000000E+000
   0.000000E+000
   0.000000E+000
   0.000000E+000
   0.000000E+000
   0.000000E+000
   0.000000E+000
   0.000000E+000
   0.000000E+000
   0.000000E+000
   0.000000E+000
   0.000000E+000
   0.000000E+000
   0.000000E+000
   0.000000E+000
   0.000000E+000
   0.000000E+000
   0.000000E+000
   0.000000E+000
   0.000000E+000
   0.000000E+000
   0.000000E+000
   0.000000E+000
   0.000000E+000
   0.000000E+000
   0.000000E+000
   0.000000E+000
   0.000000E+000
   0.000000E+000
   0.000000E+000
   0.000000E+000
   0.000000E+000
   0.000000E+000
   0.000000E+000
   0.000000E+000
   0.000000E+000
   0.000000E+000
   0.000000E+000
   0.000000E+000
   0.000000E+000
   0.000000E+000
   0.000000E+000
   0.000000E+000
   0.000000E+000
   0.000000E+000
   0.000000E+000
   0.000000E+000
   0.000000E+000
   0.000000E+000
