  0.999999693181912       8.294452000565850E-037
  0.999999686027967       9.095524231166485E-037
  0.999999678707215       9.973963442104832E-037
  0.999999671215770       1.093724168053861E-036
  0.999999663549649       1.199355263852576E-036
  0.999999655704781       1.315188134896297E-036
  0.999999647676997       1.442208061270680E-036
  0.999999639462034       1.581495480696996E-036
  0.999999631055524       1.734235178787091E-036
  0.999999622453005       1.901726366886413E-036
  0.999999613649904       2.085393733227678E-036
  0.999999604641545       2.286799561396825E-036
  0.999999595423143       2.507657019191474E-036
  0.999999585989799       2.749844730907501E-036
  0.999999576336501       3.015422757006292E-036
  0.999999566458123       3.306650117086437E-036
  0.999999556349414       3.626004005211041E-036
  0.999999546005005       3.976200861037109E-036
  0.999999535419400       4.360219475978955E-036
  0.999999524586976       4.781326330947736E-036
  0.999999513501976       5.243103381190973E-036
  0.999999502158512       5.749478524571235E-036
  0.999999490550558       6.304759012448446E-036
  0.999999478671947       6.913668087360252E-036
  0.999999466516367       7.581385159142216E-036
  0.999999454077360       8.313589861227631E-036
  0.999999441348320       9.116510361871774E-036
  0.999999428322481       9.996976341237951E-036
  0.999999414992925       1.096247708497077E-035
  0.999999401352570       1.202122518840300E-035
  0.999999387394169       1.318222641326683E-035
  0.999999373110306       1.445535629111352E-035
  0.999999358493393       1.585144412503365E-035
  0.999999343535664       1.738236510419986E-035
  0.999999328229172       1.906114131476244E-035
  0.999999312565786       2.090205250630067E-035
  0.999999296537183       2.292075755601383E-035
  0.999999280134849       2.513442766383142E-035
  0.999999263350069       2.756189241140574E-035
  0.999999246173926       3.022379992737032E-035
  0.999999228597296       3.314279252123684E-035
  0.999999210610838       3.634369927987913E-035
  0.999999192204998       3.985374726483811E-035
  0.999999173369999       4.370279310689993E-035
  0.999999154095832       4.792357696790037E-035
  0.999999134372258       5.255200102996453E-035
  0.999999114188799       5.762743488102184E-035
  0.999999093534731       6.319305039421822E-035
  0.999999072399082       6.929618894972173E-035
  0.999999050770623       7.598876412252489E-035
  0.999999028637864       8.332770326152153E-035
  0.999999005989045       9.137543171594622E-035
  0.999998982812134       1.002004038280246E-034
  0.999998959094819       1.098776852084773E-034
  0.999998934824497       1.204895912477356E-034
  0.999998909988277       1.321263872940668E-034
  0.999998884572960       1.448870564543499E-034
  0.999998858565048       1.588801415484451E-034
  0.999998831950721       1.742246683788460E-034
  0.999998804715842       1.910511581689831E-034
  0.999998776845939       2.095027377820103E-034
  0.999998748326208       2.297363571636359E-034
  0.999998719141495       2.519241243646063E-034
  0.999998689276296       2.762547694985898E-034
  0.999998658714746       3.029352500879331E-034
  0.999998627440606       3.321925114524141E-034
  0.999998595437262       3.642754171149152E-034
  0.999998562687712       3.994568656441094E-034
  0.999998529174557       4.380361119400855E-034
  0.999998494879992       4.803413127078461E-034
  0.999998459785797       5.267323177705457E-034
  0.999998423873329       5.776037309654689E-034
  0.999998387123507       6.333882666588149E-034
  0.999998349516809       6.945604304299037E-034
  0.999998311033253       7.616405552328047E-034
  0.999998271652395       8.351992273670932E-034
  0.999998231353314       9.158621399051644E-034
  0.999998190114600       1.004315414859476E-033
  0.999998147914344       1.101311439360232E-033
  0.999998104730125       1.207675265486167E-033
  0.999998060539002       1.324311628185557E-033
  0.999998015317498       1.452212640982071E-033
  0.999997969041587       1.592466234925303E-033
  0.999997921686684       1.746265412567910E-033
  0.999997873227632       1.914918395683886E-033
  0.999997823638685       2.099859753044672E-033
  0.999997772893499       2.302662602906228E-033
  0.999997720965114       2.525051994001639E-033
  0.999997667825942       2.768919578858259E-033
  0.999997613447753       3.036339704250911E-033
  0.999997557801656       3.329587055656809E-033
  0.999997500858090       3.651156005796261E-033
  0.999997442586801       4.003781831838158E-033
  0.999997382956831       4.390463981744114E-033
  0.999997321936503       4.814491587655175E-033
  0.999997259493397       5.279471443338261E-033
  0.999997195594340       5.789358683668924E-033
  0.999997130205383       6.348490427110471E-033
  0.999997063291789       6.961622667352730E-033
  0.999996994818007       7.633970727911182E-033
  0.999996924747662       8.371253623793636E-033
  0.999996853043525       9.179742707575137E-033
  0.999996779667504       1.006631501366510E-032
  0.999996704580617       1.103851175451319E-032
  0.999996627742971       1.210460246632321E-032
  0.999996549113748       1.327365534989851E-032
  0.999996468651172       1.455561440493856E-032
  0.999996386312498       1.596138401389115E-032
  0.999996302053982       1.750292169483049E-032
  0.999996215830861       1.919333981231731E-032
  0.999996127597326       2.104701711139331E-032
  0.999996037306504       2.307972102341795E-032
  0.999995944910425       2.530874178408052E-032
  0.999995850360003       2.775303950439462E-032
  0.999995753605008       3.043340544566016E-032
  0.999995654594037       3.337263887019626E-032
  0.999995553274490       3.659574097213607E-032
  0.999995449592537       4.013012753785654E-032
  0.999995343493099       4.400586214493067E-032
  0.999995234919809       4.825591188318904E-032
  0.999995123814985       5.291642777305043E-032
  0.999995010119603       5.802705226635521E-032
  0.999994893773259       6.363125644529832E-032
  0.999994774714146       6.977670978766905E-032
  0.999994652879010       7.651568564361319E-032
  0.999994528203127       8.390550587289384E-032
  0.999994400620261       9.200902842472394E-032
  0.999994270062633       1.008951820075127E-031
  0.999994136460883       1.106395523964108E-031
  0.999993999744034       1.213250253657694E-031
  0.999993859839455       1.330424917152768E-031
  0.999993716672820       1.458916203866985E-031
  0.999993570168072       1.599817062473283E-031
  0.999993420247378       1.754325997513606E-031
  0.999993266831094       1.923757263868490E-031
  0.999993109837716       2.109552045796231E-031
  0.999992949183840       2.313290715630056E-031
  0.999992784784119       2.536706276405204E-031
  0.999992616551215       2.781699102758258E-031
  0.999992444395753       3.050353105484047E-031
  0.999992268226277       3.344953457245015E-031
  0.999992087949196       3.668006030206905E-031
  0.999991903468737       4.022258710936212E-031
  0.999991714686896       4.410724773862574E-031
  0.999991521503382       4.836708512119336E-031
  0.999991323815567       5.303833343776498E-031
  0.999991121518429       5.816072632535728E-031
  0.999990914504498       6.377783485046132E-031
  0.999990702663801       6.993743812318105E-031
  0.999990485883795       7.669192970476927E-031
  0.999990264049320       8.409876326543010E-031
  0.999990037042525       9.222094128311601E-031
  0.999989804742814       1.011275509401496E-030
  0.999989567026782       1.108943517759586E-030
  0.999989323768142       1.216044200944425E-030
  0.999989074837665       1.333488556072402E-030
  0.999988820103109       1.462275563235334E-030
  0.999988559429150       1.603500682775190E-030
  0.999988292677307       1.758365173212429E-030
  0.999988019705871       1.928186309085199E-030
  0.999987740369829       2.114408585611181E-030
  0.999987454520787       2.318616005477610E-030
  0.999987162006894       2.542545552269398E-030
  0.999986862672755       2.788101965138641E-030
  0.999986556359353       3.057373940386924E-030
  0.999986242903965       3.352651897768913E-030
  0.999985922140074       3.676447462634927E-030
  0.999985593897279       4.031514829624796E-030
  0.999985258001208       4.420874189629475E-030
  0.999984914273424       4.847837419286505E-030
  0.999984562531328       5.316036251520179E-030
  0.999984202588068       5.829453166740470E-030
  0.999983834252429       6.392455267456014E-030
  0.999983457328745       7.009831424432919E-030
  0.999983071616784       7.686833010357869E-030
  0.999982676911649       8.429218567478768E-030
  0.999982273003663       9.243302789157355E-030
  0.999981859678262       1.013601023196148E-029
  0.999981436715881       1.111493421516131E-029
  0.999981003891835       1.218840140861652E-029
  0.999980560976201       1.336554265842544E-029
  0.999980107733696       1.465637065276358E-029
  0.999979643923552       1.607186508852007E-029
  0.999979169299388       1.762406606313937E-029
  0.999978683609079       1.932617648603776E-029
  0.999978186594622       2.119267438068064E-029
  0.999977677992000       2.323943603253437E-029
  0.999977157531041       2.548387103035727E-029
  0.999976624935274       2.794507034945544E-029
  0.999976079921784       3.064396873645914E-029
  0.999975522201058       3.360352277681952E-029
  0.999974951476838       3.684890615961652E-029
  0.999974367445956       4.040772380054293E-029
  0.999973769798180       4.431024664432984E-029
  0.999973158216040       4.858966914376975E-029
  0.999972532374673       5.328239160537176E-029
  0.999971891941638       5.842832980318817E-029
  0.999971236576744       6.407125449428339E-029
  0.999970565931873       7.025916372364624E-029
  0.999969879650789       7.704469108523850E-029
  0.999969177368954       8.448555341170005E-029
  0.999968458713332       9.264504170059078E-029
  0.999967723302187       1.015925594527989E-028
  0.999966970744892       1.114042130020109E-028
  0.999966200641708       1.221634588563450E-028
  0.999965412583580       1.339618135581680E-028
  0.999964606151920       1.468996320998594E-028
  0.999963780918379       1.610869615163877E-028
  0.999962936444626       1.766444769149724E-028
  0.999962072282111       1.937045079032702E-028
  0.999961187971829       2.124121641463971E-028
  0.999960283044076       2.329265696262293E-028
  0.999959357018200       2.554222161009785E-028
  0.999958409402345       2.800904472768768E-028
  0.999957439693190       3.071410863155625E-028
  0.999956447375683       3.368042205198643E-028
  0.999955431922765       3.693321583775475E-028
  0.999954392795095       4.050015756085244E-028
  0.999953329440759       4.441158684685676E-028
  0.999952241294981       4.870077343253303E-028
  0.999951127779815       5.340420014554830E-028
  0.999949988303855       5.856187321314561E-028
  0.999948822261904       6.421766253906575E-028
  0.999947629034659       7.041967484288888E-028
  0.999946407988384       7.722066283546885E-028
  0.999945158474577       8.467847391062384E-028
  0.999943879829615       9.285654216933852E-028
  0.999942571374414       1.018244279612788E-027
  0.999941232414059       1.116584095325593E-027
  0.999939862237442       1.224421318118694E-027
  0.999938460116882       1.342673178530268E-027
  0.999937025307740       1.472345489849209E-027
  0.999935557048020       1.614541203041615E-027
  0.999934054557971       1.770469787865384E-027
  0.999932517039670       1.941457519960577E-027
  0.999930943676598       2.128958761408509E-027
  0.999929333633208       2.334568330701797E-027
  0.999927686054483       2.560035067332914E-027
  0.999926000065480       2.807276706368749E-027
  0.999924274770869       3.078396189519908E-027
  0.999922509254454       3.375699551430437E-027
  0.999920702578691       3.701715533310561E-027
  0.999918853784191       4.059217090725492E-027
  0.999916961889206       4.451244978462557E-027
  0.999915025889115       4.881133613063699E-027
  0.999913044755888       5.352539432981004E-027
  0.999911017437539       5.869471997554131E-027
  0.999908942857574       6.436328089300911E-027
  0.999906819914415       7.057929109554086E-027
  0.999904647480817       7.739562085485198E-027
  0.999902424403273       8.487024637269545E-027
  0.999900149501403       9.306674287824527E-027
  0.999897821567320       1.020548253448460E-026
  0.999895439365001       1.119109414247293E-026
  0.999893001629627       1.227189216443743E-026
  0.999890507066909       1.345706923901458E-026
  0.999887954352411       1.475670577478252E-026
  0.999885342130839       1.618185568451895E-026
  0.999882669015327       1.774464039888826E-026
  0.999879933586705       1.945835195909065E-026
  0.999877134392742       2.133756606521375E-026
  0.999874269947378       2.339826604168967E-026
  0.999871338729940       2.565797877409924E-026
  0.999868339184334       2.813592377336682E-026
  0.999865269718217       3.085317663502248E-026
  0.999862128702164       3.383284828362048E-026
  0.999858914468794       3.710028152663438E-026
  0.999855625311894       4.068326658934395E-026
  0.999852259485513       4.461227746363427E-026
  0.999848815203036       4.892073108062027E-026
  0.999845290636243       5.364527151109087E-026
  0.999841683914337       5.882608161058909E-026
  0.999837993122956       6.450722475931580E-026
  0.999834216303156       7.073701960294955E-026
  0.999830351450381       7.756845098108907E-026
  0.999826396513395       8.505962053773417E-026
  0.999822349393202       9.327424084564039E-026
  0.999818207941933       1.022821772463824E-025
  0.999813969961710       1.121600420136844E-025
  0.999809633203482       1.229918458924762E-025
  0.999805195365840       1.348697125539853E-025
  0.999800654093793       1.478946620421349E-025
  0.999796006977528       1.621774698731267E-025
  0.999791251551136       1.778396090933336E-025
  0.999786385291303       1.950142833059774E-025
  0.999781405615983       2.138475594505249E-025
  0.999776309883025       2.344996099668592E-025
  0.999771095388787       2.571460749063054E-025
  0.999765759366695       2.819795555713860E-025
  0.999760298985793       3.092112523844551E-025
  0.999754711349239       3.390727609115837E-025
  0.999748993492780       3.718180413126815E-025
  0.999743142383182       4.077255779632746E-025
  0.999737154916629       4.471007476101335E-025
  0.999731027917089       4.902784161958067E-025
  0.999724758134630       5.376257864311388E-025
  0.999718342243712       5.895455203265494E-025
  0.999711776841422       6.464791632303367E-025
  0.999705058445687       7.089108984854291E-025
  0.999698183493433       7.773716646265895E-025
  0.999691148338707       8.524436701220122E-025
  0.999683949250750       9.347653440426765E-025
  0.999676582412035       1.025036764748501E-024
  0.999669043916249       1.124025612743746E-024
  0.999661329766237       1.232573698309740E-024
  0.999653435871892       1.351604119408807E-024
  0.999645358048004       1.482129110710617E-024
  0.999637092012050       1.625258650466766E-024
  0.999628633381944       1.782209898400971E-024
  0.999619977673716       1.954317544845665E-024
  0.999611120299172       2.143045159100981E-024
  0.999602056563456       2.349997633484915E-024
  0.999592781662595       2.576934828856047E-024
  0.999583290680963       2.825786537601593E-024
  0.999573578588695       3.098668891280663E-024
  0.999563640239046       3.397902352390415E-024
  0.999553470365679       3.726031443185546E-024
  0.999543063579896       4.085846379243924E-024
  0.999532414367812       4.480406791658060E-024
  0.999521517087452       4.913067739481507E-024
  0.999510365965786       5.387508233521558E-024
  0.999498955095698       5.907762513910294E-024
  0.999487278432888       6.478254347286283E-024
  0.999475329792693       7.103834635077768E-024
  0.999463102846846       7.789822652512952E-024
  0.999450591120151       8.542051268832920E-024
  0.999437787987094       9.366916533009715E-024
  0.999424686668359       1.027143204636337E-023
  0.999411280227283       1.126328858414250E-023
  0.999397561566219       1.235091947272821E-023
  0.999383523422813       1.354357227801937E-023
  0.999369158366209       1.485138741417466E-023
  0.999354458793150       1.628548434067679E-023
  0.999339416924008       1.785805608014756E-023
  0.999324024798706       1.958247286002559E-023
  0.999308274272562       2.147339575872120E-023
  0.999292157012026       2.354690132184346E-023
  0.999275664490329       2.582061820727447E-023
  0.999258787983030       2.831387702003463E-023
  0.999241518563453       3.104787460990964E-023
  0.999223847098038       3.404585422764368E-023
  0.999205764241571       3.733330307018690E-023
  0.999187260432307       4.093816889316239E-023
  0.999168325886994       4.489109753064048E-023
  0.999148950595768       4.922569333984966E-023
  0.999129124316945       5.397880478312236E-023
  0.999108836571689       5.919083757281881E-023
  0.999088076638555       6.490609803900535E-023
  0.999066833547922       7.117316963627069E-023
  0.999045096076285       7.804532578741915E-023
  0.999022852740422       8.558098257027166E-023
  0.999000091791444       9.384419509205050E-023
  0.998976801208681       1.029052017666856E-022
  0.998952968693459       1.128410211170128E-022
  0.998928581662723       1.237361061696731E-022
  0.998903627242513       1.356830619993601E-022
  0.998878092261303       1.487834325150323E-022
  0.998851963243185       1.631485631683592E-022
  0.998825226400898       1.789005469089854E-022
  0.998797867628704       1.961732614176283E-022
  0.998769872495105       2.151135064225734E-022
  0.998741226235388       2.358822507543458E-022
  0.998711913744019       2.586559997244229E-022
  0.998681919566853       2.836282944346927E-022
  0.998651227893170       3.110113557436145E-022
  0.998619822547548       3.410378868421674E-022
  0.998587686981535       3.739630497380892E-022
  0.998554804265153       4.100666324219977E-022
  0.998521157078198       4.496554251062405E-022
  0.998486727701358       4.930658257004409E-022
  0.998451498007131       5.406666966316968E-022
  0.998415449450533       5.928624972487072E-022
  0.998378563059620       6.500967183858136E-022
  0.998340819425772       7.128556482247640E-022
  0.998302198693793       7.816725014007054E-022
  0.998262680551769       8.571319463781801E-022
  0.998222244220714       9.398750694988138E-022
  0.998180868443987       1.030604817803547E-021
  0.998138531476475       1.130091966789887E-021
  0.998095211073536       1.239181663713184E-021
  0.998050884479710       1.358800601917851E-021
  0.998005528417168       1.489964887031115E-021
  0.997959119073921       1.633788661713416E-021
  0.997911632091773       1.791493562085547E-021
  0.997863042553996       1.964419085997366E-021
  0.997813324972760       2.154033961025946E-021
  0.997762453276268       2.361948608557554E-021
  0.997710400795634       2.589928809589541E-021
  0.997657140251459       2.839910688063253E-021
  0.997602643740129       3.114017138693609E-021
  0.997546882719815       3.414575838489062E-021
  0.997489827996174       3.744138994560526E-021
  0.997431449707733       4.105504995512747E-021
  0.997371717310984       4.501742149820440E-021
  0.997310599565133       4.936214712250248E-021
  0.997248064516545       5.412611418747258E-021
  0.997184079482850       5.934976771424611E-021
  0.997118611036715       6.507745338555635E-021
  0.997051624989267       7.135779359966144E-021
  0.996983086373177       7.824409976174825E-021
  0.996912959425382       8.579482430267728E-021
  0.996841207569441       9.407405625076854E-021
  0.996767793397532       1.031520645504556E-020
  0.996692678652068       1.131058937251536E-020
  0.996615824206924       1.240200169239863E-020
  0.996537190048291       1.359870518768349E-020
  0.996456735255121       1.491085458135716E-020
  0.996374417979173       1.634958359858083E-020
  0.996290195424652       1.792709930679154E-020
  0.996204023827426       1.965678554138291E-020
  0.996115858433827       2.155331629131305E-020
  0.996025653479013       2.363278000305233E-020
  0.995933362164898       2.591281585341871E-020
  0.995838936637635       2.841276314283173E-020
  0.995742327964643       3.115382507119292E-020
  0.995643486111182       3.415924827990213E-020
  0.995542359916456       3.745451967646192E-020
  0.995438897069245       4.106758220382404E-020
  0.995333044083047       4.502907137631199E-020
  0.995224746270747       4.937257457895402E-020
  0.995113947718778       5.413491531884553E-020
  0.995000591260780       5.935646482733967E-020
  0.994884618450759       6.508148364219596E-020
  0.994765969535711       7.135849605123238E-020
  0.994644583427739       7.824070055563668E-020
  0.994520397675627       8.578641981421300E-020
  0.994393348435885       9.405959386200807E-020
  0.994263370443228       1.031303207607481E-019
  0.994130396980537       1.130754492373785E-019
  0.993994359848223       1.239792283040461E-019
  0.993855189333055       1.359340193317718E-019
  0.993712814176393       1.490410765748070E-019
  0.993567161541866       1.634114027176409E-019
  0.993418156982433       1.791666866466214E-019
  0.993265724406887       1.964403313384174E-019
  0.993109786045739       2.153785805138454E-019
  0.992950262416507       2.361417535341972E-019
  0.992787072288398       2.589055989250463E-019
  0.992620132646372       2.838627779071267E-019
  0.992449358654589       3.112244904035423E-019
  0.992274663619241       3.412222571863394E-019
  0.992095958950745       3.741098731332688E-019
  0.991913154125310       4.101655479982485E-019
  0.991726156645870       4.496942526684921E-019
  0.991534872002375       4.930302906005173E-019
  0.991339203631450       5.405401160105410E-019
  0.991139052875396       5.926254224577014E-019
  0.990934318940559       6.497265277182212E-019
  0.990724898855045       7.123260833237067E-019
  0.990510687425789       7.809531398477646E-019
  0.990291577194977       8.561876019943905E-019
  0.990067458395820       9.386651107936810E-019
  0.989838218907681       1.029082393772169E-018
  0.989603744210556       1.128203127865856E-018
  0.989363917338913       1.236864364115993E-018
  0.989118618834897       1.355983567865957E-018
  0.988867726700887       1.486566333300757E-018
  0.988611116351437       1.629714836780893E-018
  0.988348660564581       1.786637099565504E-018
  0.988080229432527       1.958657137246544E-018
  0.987805690311736       2.147226080581221E-018
  0.987524907772403       2.353934360474449E-018
  0.987237743547345       2.580525058692844E-018
  0.986944056480307       2.828908535558787E-018
  0.986643702473711       3.101178456456658E-018
  0.986336534435824       3.399629350569656E-018
  0.986022402227426       3.726775847949478E-018
  0.985701152607920       4.085373754905706E-018
  0.985372629180958       4.478443142900368E-018
  0.985036672339575       4.909293642769278E-018
  0.984693119210866       5.381552154300873E-018
  0.984341803600211       5.899193201132853E-018
  0.983982555935102       6.466572182739294E-018
  0.983615203208563       7.088461799151983E-018
  0.983239568922225       7.770091950183633E-018
  0.982855473029069       8.517193439507747E-018
  0.982462731875868       9.336045845231851E-018
  0.982061158145379       1.023352995282946E-017
  0.981650560798301       1.121718518374733E-017
  0.981230745015068       1.229527249398016E-017
  0.980801512137486       1.347684326173325E-017
  0.980362659610286       1.477181473233609E-017
  0.979913980922635       1.619105264221785E-017
  0.979455265549646       1.774646170244000E-017
  0.978986298893952       1.945108468647136E-017
  0.978506862227404       2.131921093709691E-017
  0.978016732632937       2.336649518413737E-017
  0.977515682946688       2.561008764862863E-017
  0.977003481700420       2.806877650094061E-017
  0.976479893064332       3.076314384072926E-017
  0.975944676790321       3.371573647641144E-017
  0.975397588155783       3.695125290189808E-017
  0.974838377908030       4.049674799956529E-017
  0.974266792209414       4.438185714192008E-017
  0.973682572583247       4.863904152125931E-017
  0.973085455860613       5.330385670805594E-017
  0.972475174128174       5.841524662618708E-017
  0.971851454677069       6.401586533790479E-017
  0.971214019953023       7.015242925525012E-017
  0.970562587507778       7.687610263916585E-017
  0.969896869951965       8.424291951478212E-017
  0.969216574909537       9.231424542330623E-017
  0.968521404973904       1.011572827499120E-016
  0.967811057665901       1.108456237154621E-016
  0.967085225393720       1.214598555005030E-016
  0.966343595414971       1.330882223856836E-016
  0.965585849801017       1.458273502467606E-016
  0.964811665403731       1.597830392381547E-016
  0.964020713824859       1.750711310404103E-016
  0.963212661388149       1.918184576380294E-016
  0.962387169114422       2.101638792394968E-016
  0.961543892699774       2.302594196558102E-016
  0.960682482497100       2.522715082228179E-016
  0.959802583501127       2.763823381919675E-016
  0.958903835337176       3.027913524300336E-016
  0.957985872253841       3.317168682678992E-016
  0.957048323119826       3.633978544290607E-016
  0.956090811425139       3.980958741583425E-016
  0.955112955286901       4.360972099692762E-016
  0.954114367459972       4.777151868443659E-016
  0.953094655352674       5.232927122665790E-016
  0.952053421047828       5.732050531442885E-016
  0.950990261329397       6.278628715280207E-016
  0.949904767714958       6.877155430192407E-016
  0.948796526494304       7.532547839537697E-016
  0.947665118774448       8.250186158212343E-016
  0.946510120531290       9.035956979745982E-016
  0.945331102668263       9.896300625091629E-016
  0.944127631082233       1.083826288268988E-015
  0.942899266736954       1.186955154292707E-015
  0.941645565744405       1.299859816664393E-015
  0.940366079454274       1.423462556714689E-015
  0.939060354551954       1.558772152851467E-015
  0.937727933165328       1.706891933018494E-015
  0.936368352980696       1.869028569918846E-015
  0.934981147368146       2.046501686733213E-015
  0.933565845516707       2.240754347151510E-015
  0.932121972579617       2.453364510161980E-015
  0.930649049830038       2.686057537251809E-015
  0.929146594827546       2.940719847517353E-015
  0.927614121595717       3.219413824715135E-015
  0.926051140811182       3.524394089565647E-015
  0.924457160004428       3.858125260714917E-015
  0.922831683772722       4.223301338733045E-015
  0.921174214005448       4.622866859459473E-015
  0.919484250122207       5.060039975973045E-015
  0.917761289323963       5.538337642558840E-015
  0.916004826857582       6.061603089358661E-015
  0.914214356294041       6.634035793030622E-015
  0.912389369820601       7.260224166817498E-015
  0.910529358547246       7.945181213053296E-015
  0.908633812827630       8.694383402453599E-015
  0.906702222594825       9.513813067678408E-015
  0.904734077712073       1.041000462377837E-014
  0.902728868338821       1.139009495540162E-014
  0.900686085312192       1.246187834022578E-014
  0.898605220544130       1.363386631018094E-014
  0.896485767434364       1.491535288685059E-014
  0.894327221299334       1.631648566520394E-014
  0.892129079817227       1.784834326076453E-014
  0.889890843489184       1.952301967971830E-014
  0.887612016116765       2.135371621959057E-014
  0.885292105295704       2.335484156027728E-014
  0.882930622925951       2.554212076173113E-014
  0.880527085737971       2.793271394582760E-014
  0.878081015835235       3.054534550625126E-014
  0.875591941252783       3.340044476205838E-014
  0.873059396531726       3.652029904832790E-014
  0.870482923309471       3.992922032148675E-014
  0.867862070925457       4.365372644799716E-014
  0.865196397042090       4.772273844367542E-014
  0.862485468280562       5.216779503756761E-014
  0.859728860871150       5.702328604967566E-014
  0.856926161317571       6.232670619659474E-014
  0.854076967074875       6.811893107403154E-014
  0.851180887240347       7.444451721101611E-014
  0.848237543256782       8.135202824825459E-014
  0.845246569627469       8.889438946341821E-014
  0.842207614642166       9.712927305021261E-014
  0.839120341113220       1.061195167568855E-013
  0.835984427121028       1.159335787045559E-013
  0.832799566767854       1.266460314376105E-013
  0.829565470939044       1.383380985087324E-013
  0.826281868070558       1.510982371713282E-013
  0.822948504921689       1.650227710437182E-013
  0.819565147351770       1.802165769240926E-013
  0.816131581099612       1.967938302746709E-013
  0.812647612564317       2.148788142596198E-013
  0.809113069586090       2.346067976161102E-013
  0.805527802225564       2.561249870636053E-013
  0.801891683540111       2.795935604154055E-013
  0.798204610355556       3.051867870511319E-013
  0.794466504031622       3.330942429418999E-013
  0.790677311219397       3.635221279943146E-013
  0.786837004609067       3.966946940981865E-013
  0.782945583666062       4.328557929293607E-013
  0.779003075353783       4.722705532768363E-013
  0.775009534840951       5.152271984362329E-013
  0.770965046191650       5.620390150437647E-013
  0.766869723036058       6.130464856206014E-013
  0.762723709219829       6.686195980615244E-013
  0.758527179430093       7.291603463392366E-013
  0.754280339795987       7.951054378119384E-013
  0.749983428461628       8.669292237226869E-013
  0.745636716129452       9.451468707708544E-013
  0.741240506571805       1.030317793025382E-012
  0.736795137108702       1.123049364943676E-012
  0.732300979049702       1.224000937866612E-012
  0.727758438097815       1.333888184087484E-012
  0.723167954713452       1.453487794449623E-012
  0.718530004436423       1.583642557423502E-012
  0.713845098164055       1.725266849759364E-012
  0.709113782383554       1.879352571116926E-012
  0.704336639356806       2.046975557551104E-012
  0.699514287255868       2.229302511394489E-012
  0.694647380247522       2.427598487937158E-012
  0.689736608525304       2.643234982376459E-012
  0.684782698287575       2.877698663809486E-012
  0.679786411660272       3.132600806585375E-012
  0.674748546563116       3.409687473141331E-012
  0.669669936518177       3.710850506534426E-012
  0.664551450399829       4.038139395271161E-012
  0.659393992125267       4.393774077750664E-012
  0.654198500284926       4.780158758698535E-012
  0.648965947712273       5.199896815402260E-012
  0.643697340992638       5.655806877392648E-012
  0.638393719910879       6.150940169478168E-012
  0.633056156837904       6.688599214761389E-012
  0.627685756056188       7.272358001482380E-012
  0.622283653024679       7.906083725278896E-012
  0.616851013583592       8.593960226765627E-012
  0.611389033099865       9.340513253256215E-012
  0.605898935554152       1.015063768302604E-011
  0.600381972570502       1.102962686078882E-011
  0.594839422389989       1.198320420408583E-011
  0.589272588789813       1.301755725211885E-011
  0.583682799949508       1.413937434125361E-011
  0.578071407266155       1.535588410504381E-011
  0.572439784120595       1.667489801124271E-011
  0.566789324596882       1.810485616395288E-011
  0.561121442157337       1.965487661589116E-011
  0.555437568275738       2.133480845379939E-011
  0.549739151031359       2.315528893940012E-011
  0.544027653666659       2.512780500907485E-011
  0.538304553111622       2.726475945773523E-011
  0.532571338477830       2.957954215627086E-011
  0.526829509525484       3.208660667761207E-011
  0.521080575106672       3.480155273396510E-011
  0.515326051588312       3.774121485729865E-011
  0.509567461258229       4.092375778682644E-011
  0.503806330717921       4.436877906119776E-011
  0.498044189265610       4.809741934954355E-011
  0.492282567273212       5.213248109460465E-011
  0.486522994560887       5.649855608308946E-011
  0.480766998772832       6.122216260336457E-011
  0.475016103757978       6.633189289880857E-011
  0.469271827959247       7.185857167687897E-011
  0.463535682814964       7.783542648941178E-011
  0.457809171175994       8.429827085916926E-011
  0.452093785742117       9.128570109145841E-011
  0.446391007521048       9.883930777806818E-011
  0.440702304313472       1.070039030741662E-010
  0.435029129227314       1.158277649074955E-010
  0.429372919224393       1.253628993636139E-010
  0.423735093702470       1.356653225814364E-010
  0.418117053115561       1.467953635903955E-010
  0.412520177635267       1.588179896246302E-010
  0.406945825855694       1.718031555612325E-010
  0.401395333544409       1.858261792492613E-010
  0.395870012441675       2.009681446245949E-010
  0.390371149110082       2.173163346433063E-010
  0.384900003836457       2.349646962138241E-010
  0.379457809587824       2.540143394663848E-010
  0.374045771022920       2.745740738679406E-010
  0.368665063560658       2.967609838726220E-010
  0.363316832506694       3.207010469929283E-010
  0.358002192239082       3.465297973859502E-010
  0.352722225453796       3.743930382731988E-010
  0.347477982470744       4.044476067530422E-010
  0.342270480600663       4.368621948225382E-010
  0.337100703573142       4.718182307018544E-010
  0.331969601025823       5.095108248507672E-010
  0.326878088054642       5.501497853844508E-010
  0.321827044824823       5.939607079363857E-010
  0.316817316242169       6.411861453813523E-010
  0.311849711684000       6.920868632229976E-010
  0.306925004789001       7.469431868701758E-010
  0.302043933305025       8.060564474761893E-010
  0.297207198993819       8.697505334974983E-010
  0.292415467591465       9.383735556455298E-010
  0.287669368823235       1.012299633459654E-009
  0.282969496471441       1.091930812323718E-009
  0.278316408494745       1.177699120385566E-009
  0.273710627197307       1.270068775522078E-009
  0.269152639446066       1.369538553224301E-009
  0.264642896934364       1.476644327062199E-009
  0.260181816490062       1.591961794229870E-009
  0.255769780426226       1.716109399573961E-009
  0.251407136932426       1.849751472474825E-009
  0.247094200504632       1.993601591986408E-009
  0.242831252411679       2.148426196751599E-009
  0.238618541196219       2.315048457400795E-009
  0.234456283208087       2.494352430417804E-009
  0.230344663167989       2.687287513825480E-009
  0.226283834759411       2.894873226510317E-009
  0.222273921246664       3.118204334577091E-009
  0.218315016116980       3.358456349810053E-009
  0.214407183744614       3.616891427123405E-009
  0.210550460074897       3.894864689819800E-009
  0.206744853326248       4.193831013551118E-009
  0.202990344708168       4.515352302100105E-009
  0.199286889153287       4.861105290485696E-009
  0.195634416061573       5.232889913450772E-009
  0.192032830054871       5.632638280129844E-009
  0.188482011739972       6.062424298630685E-009
  0.184981818478501       6.524473997410758E-009
  0.181532085161922       7.021176593702010E-009
  0.178132624990071       7.555096362853372E-009
  0.174783230251649       8.128985366334872E-009
  0.171483673105191       8.745797100300583E-009
  0.168233706359095       9.408701131059440E-009
  0.165033064249346       1.012109878857335E-008
  0.161881463213650       1.088663999421631E-008
  0.158778602660758       1.170924130450921E-008
  0.155724165733824       1.259310525841833E-008
  0.152717820066720       1.354274112210278E-008
  0.149759218532272       1.456298713174320E-008
  0.146847999981485       1.565903434231648E-008
  0.143983789972864       1.683645219793337E-008
  0.141166201491007       1.810121594766218E-008
  0.138394835653722       1.945973603966678E-008
  0.135669282406965       2.091888963603018E-008
  0.132989121206981       2.248605440086103E-008
  0.130353921689056       2.416914472524372E-008
  0.127763244322384       2.597665056433984E-008
  0.125216641050579       2.791767907453920E-008
  0.122713655917428       3.000199925205470E-008
  0.120253825677542       3.224008978881465E-008
  0.117836680391589       3.464319037700823E-008
  0.115461744005869       3.722335671025145E-008
  0.113128534916011       3.999351944714146E-008
  0.110836566514639       4.296754742205029E-008
  0.108585347722883       4.616031540845567E-008
  0.106374383505639       4.958777676202185E-008
  0.104203175370561       5.326704129413212E-008
  0.102071221850752       5.721645875174244E-008
  9.997801897118554E-002  6.145570830640385E-008
  9.792306069892388E-002  6.600589448421443E-008
  9.590583937720450E-002  7.088964999943901E-008
  9.392584614351557E-002  7.613124598774619E-008
  9.198257133179868E-002  8.175671017059580E-008
  9.007550485893738E-002  8.779395352044649E-008
  8.820413659572106E-002  9.427290603733008E-008
  8.636795672248200E-002  1.012256622911335E-007
  8.456645606963129E-002  1.086866374308779E-007
  8.279912644333372E-002  1.166927344125936E-007
  8.106546093657163E-002  1.252835232512942E-007
  7.936495422586856E-002  1.345014331603428E-007
  7.769710285395003E-002  1.443919585034180E-007
  7.606140549863209E-002  1.550038795506439E-007
  7.445736322823920E-002  1.663894991015751E-007
  7.288447974385413E-002  1.786048961139220E-007
  7.134226160871704E-002  1.917101975585905E-007
  6.983021846509546E-002  2.057698698091421E-007
  6.834786323894428E-002  2.208530309675612E-007
  6.689471233268741E-002  2.370337856287633E-007
  6.547028580645138E-002  2.543915836939959E-007
  6.407410754808017E-002  2.730116049587246E-007
  6.270570543226911E-002  2.929851713243422E-007
  6.136461146914517E-002  3.144101886155902E-007
  6.005036194262983E-002  3.373916201277029E-007
  5.876249753891410E-002  3.620419941795344E-007
  5.750056346537484E-002  3.884819481121166E-007
  5.626410956025809E-002  4.168408113469599E-007
  5.505269039345316E-002  4.472572303058169E-007
  5.386586535867687E-002  4.798798381944566E-007
  5.270319875738391E-002  5.148679728682111E-007
  5.156425987471316E-002  5.523924462276835E-007
  5.044862304777750E-002  5.926363688401804E-007
  4.935586772659770E-002  6.357960337472855E-007
  4.828557852797642E-002  6.820818637028361E-007
  4.723734528260137E-002  7.317194263897216E-007
  4.621076307566297E-002  7.849505224899043E-007
  4.520543228126393E-002  8.420343518313628E-007
  4.422095859089265E-002  9.032487632099897E-007
  4.325695303622575E-002  9.688915938856141E-007
  4.231303200651845E-002  1.039282105181200E-006
  4.138881726083559E-002  1.114762521074949E-006
  4.048393593536884E-002  1.195699677168673E-006
  3.959802054607846E-002  1.282486787944824E-006
  3.873070898689238E-002  1.375545340791468E-006
  3.788164452368799E-002  1.475327125882003E-006
  3.705047578427589E-002  1.582316411647411E-006
  3.623685674459635E-002  1.697032276276429E-006
  3.544044671133510E-002  1.820031106426646E-006
  3.466091030115718E-002  1.951909275130615E-006
  3.389791741675049E-002  2.093306011739536E-006
  3.315114321986521E-002  2.244906477666958E-006
  3.242026810152806E-002  2.407445062680799E-006
  3.170497764960531E-002  2.581708917548318E-006
  3.100496261388063E-002  2.768541739970662E-006
  3.031991886880849E-002  2.968847831956599E-006
  2.964954737409820E-002  3.183596448084939E-006
  2.899355413327749E-002  3.413826455498064E-006
  2.835165015037847E-002  3.660651327961472E-006
  2.772355138488336E-002  3.925264497923703E-006
  2.710897870506196E-002  4.208945092224858E-006
  2.650765783982774E-002  4.513064078938467E-006
  2.591931932923348E-002  4.839090854799309E-006
  2.534369847372263E-002  5.188600304778475E-006
  2.478053528224743E-002  5.563280367626608E-006
  2.422957441936062E-002  5.964940143627418E-006
  2.369056515138192E-002  6.395518583397991E-006
  2.316326129173637E-002  6.857093799352247E-006
  2.264742114555668E-002  7.351893044422714E-006
  2.214280745363891E-002  7.882303405827695E-006
  2.164918733583436E-002  8.450883265090549E-006
  2.116633223395838E-002  9.060374579182418E-006
  2.069401785429173E-002  9.713716041586018E-006
  2.023202410974719E-002  1.041405718628523E-005
  1.978013506177002E-002  1.116477350219263E-005
  1.933813886203679E-002  1.196948263035674E-005
  1.890582769401485E-002  1.283206172146534E-005
  1.848299771444067E-002  1.375666603670582E-005
  1.806944899477221E-002  1.474774888098287E-005
  1.766498546266716E-002  1.581008296385839E-005
  1.726941484353667E-002  1.694878329039671E-005
  1.688254860222093E-002  1.816933169140322E-005
  1.650420188482956E-002  1.947760311036995E-005
  1.613419346078879E-002  2.087989377282647E-005
  1.577234566513311E-002  2.238295137277529E-005
  1.541848434107785E-002  2.399400742051377E-005
  1.507243878290630E-002  2.572081190645135E-005
  1.473404167920300E-002  2.757167044657252E-005
  1.440312905646248E-002  2.955548408702405E-005
  1.407954022310099E-002  3.168179195797321E-005
  1.376311771389612E-002  3.396081698045459E-005
  1.345370723487876E-002  3.640351484445907E-005
  1.315115760869803E-002  3.902162649208381E-005
  1.285532072048011E-002  4.182773435623881E-005
  1.256605146419890E-002  4.483532262325966E-005
  1.228320768957542E-002  4.805884180690013E-005
  1.200665014952152E-002  5.151377794165811E-005
  1.173624244814153E-002  5.521672672531495E-005
  1.147185098930455E-002  5.918547296405027E-005
  1.121334492579895E-002  6.343907569863679E-005
  1.096059610907867E-002  6.799795941713240E-005
  1.071347903961061E-002  7.288401178830751E-005
  1.047187081783076E-002  7.812068838089062E-005
  1.023565109571579E-002  8.373312486673472E-005
  1.000470202897610E-002  8.974825724135243E-005
  9.778908229874766E-003  9.619495063308548E-005
  9.558156720676479E-003  1.031041373126566E-004
  9.342336887729726E-003  1.105089645581614E-004
  9.131340436184049E-003  1.184449530768933E-004
  8.925061345344191E-003  1.269501667349721E-004
  8.723395824661794E-003  1.360653943987693E-004
  8.526242270364645E-003  1.458343447488333E-004
  8.333501222723137E-003  1.563038549876692E-004
  8.145075323952523E-003  1.675241144275561E-004
  7.960869276749327E-003  1.795489040139112E-004
  7.780789803459767E-003  1.924358529137931E-004
  7.604745605877132E-003  2.062467133782994E-004
  7.432647325665107E-003  2.210476551722060E-004
  7.264407505403221E-003  2.369095809545408E-004
  7.099940550250215E-003  2.539084640902639E-004
  6.939162690221080E-003  2.721257104762457E-004
  6.781991943072553E-003  2.916485460746624E-004
  6.628348077792063E-003  3.125704319642506E-004
  6.478152578684520E-003  3.349915088449884E-004
  6.331328610051101E-003  3.590190730651899E-004
  6.187800981453920E-003  3.847680863822203E-004
  6.047496113560206E-003  4.123617218195561E-004
  5.910342004559392E-003  4.419319481442781E-004
  5.776268197146332E-003  4.736201556608626E-004
  5.645205746063561E-003  5.075778261998661E-004
  5.517087186195415E-003  5.439672503744220E-004
  5.391846501206733E-003  5.829622953839691E-004
  5.269419092718536E-003  6.247492268638895E-004
  5.149741750013082E-003  6.695275885124569E-004
  5.032752620260595E-003  7.175111434732378E-004
  4.918391179259725E-003  7.689288817124890E-004
  4.806598202683977E-003  8.240260979078143E-004
  4.697315737825909E-003  8.830655446568723E-004
  4.590487075831236E-003  9.463286661239617E-004
  4.486056724414681E-003  1.014116917568273E-003
  4.383970381049475E-003  1.086753176540934E-003
  4.284174906622469E-003  1.164583251899239E-003
  4.186618299546697E-003  1.247977497165679E-003
  4.091249670323461E-003  1.337332535157045E-003
  3.998019216545867E-003  1.433073101224736E-003
  3.906878198335947E-003  1.535654012881460E-003
  3.817778914207517E-003  1.645562274041439E-003
  3.730674677347162E-003  1.763319322570214E-003
  3.645519792305759E-003  1.889483430325490E-003
  3.562269532093196E-003  2.024652265370626E-003
  3.480880115669106E-003  2.169465626555857E-003
  3.401308685822789E-003  2.324608361186658E-003
  3.323513287435631E-003  2.490813477031160E-003
  3.247452846119751E-003  2.668865460455503E-003
  3.173087147226889E-003  2.859603813013195E-003
  3.100376815222116E-003  3.063926819346670E-003
  3.029283293417218E-003  3.282795559779697E-003
  2.959768824059301E-003  3.517238181480720E-003
  2.891796428770685E-003  3.768354442550305E-003
  2.825329889336850E-003  4.037320543820021E-003
  2.760333728839985E-003  4.325394263532595E-003
  2.696773193136476E-003  4.633920410389316E-003
  2.634614232677671E-003  4.964336610683256E-003
  2.573823484674317E-003  5.318179445366025E-003
  2.514368255606232E-003  5.697090952898247E-003
  2.456216504080056E-003  6.102825513583347E-003
  2.399336824039474E-003  6.537257130750285E-003
  2.343698428333832E-003  7.002387123598247E-003
  2.289271132652918E-003  7.500352245706065E-003
  2.236025339837597E-003  8.033433242095238E-003
  2.183932024578279E-003  8.604063856268492E-003
  2.132962718515478E-003  9.214840296766568E-003
  2.083089495759415E-003  9.868531170431320E-003
  2.034284958848548E-003  1.056808788666108E-002
  1.986522225169962E-003  1.131665553341348E-002
  1.939774913868081E-003  1.211758422146387E-002
  1.894017133271846E-003  1.297444088836586E-002
  1.849223468874519E-003  1.389102154757667E-002
  1.805368971904675E-003  1.487136396118854E-002
  1.762429148531553E-003  1.591976070652062E-002
  1.720379949752921E-003  1.704077259734006E-002
  1.679197762018907E-003  1.823924240955226E-002
  1.638859398650800E-003  1.952030884867787E-002
  1.599342092119672E-003  2.088942068216324E-002
  1.560623487255698E-003  2.235235094339250E-002
  1.522681635465261E-003  2.391521109602612E-002
  1.485494990039289E-003  2.558446502683153E-002
  1.449042402642486E-003  2.736694271235217E-002
  1.413303121079330E-003  2.926985337946366E-002
  1.378256788438585E-003  3.130079795199114E-002
  1.343883443723492E-003  3.346778054505459E-002
  1.310163524079510E-003  3.577921873566470E-002
  1.277077868735250E-003  3.824395230237079E-002
  1.244607724774733E-003  4.087125008861173E-002
  1.212734754859933E-003  4.367081460409532E-002
  1.181441047021415E-003  4.665278393640988E-002
  1.150709126631022E-003  4.982773050169170E-002
  1.120521970663893E-003  5.320665611925728E-002
  1.090863024346533E-003  5.680098285158477E-002
  1.061716220272964E-003  6.062253900907778E-002
  1.033066000051257E-003  6.468353968010856E-002
  1.004897338517400E-003  6.899656111266653E-002
  9.771957705216750E-004  7.357450824659838E-002
  9.499474202539220E-004  7.843057467732269E-002
  9.231390330275015E-004  8.357819432577565E-002
  8.967580093869623E-004  8.903098409826879E-002
  8.707924413409322E-004  9.480267684727244E-002
  8.452311504493287E-004  0.100907043993480     
  8.200637274127880E-004  0.107357807244606     
  7.952805727225680E-004  0.114168538950977     
  7.708729378319243E-004  0.121352550775733     
  7.468329662065273E-004  0.128922770531591     
  7.231537335036815E-004  0.136891607249323     
  6.998292860206594E-004  0.145270804797055     
  6.768546764445822E-004  0.154071284664762     
  6.542259958340973E-004  0.163302978863677     
  6.319404006713489E-004  0.172974654262780     
  6.099961337469192E-004  0.183093730088485     
  5.883925375865401E-004  0.193666090741121     
  5.671300591028093E-004  0.204695896521711     
  5.462102441644377E-004  0.216185395300978     
  5.256357208259704E-004  0.228134738582498     
  5.054101700581202E-004  0.240541805793930     
  4.855382829674229E-004  0.253402040962612     
  4.660257036968234E-004  0.266708306171464     
  4.468789574569405E-004  0.280450756324825     
  4.281053634493960E-004  0.294616739759355     
  4.097129328041220E-004  0.309190729092840     
  3.917102520540383E-004  0.324154286398305     
  3.741063531017461E-004  0.339486066312938     
  3.569105710795444E-004  0.355161860039008     
  3.401323919490402E-004  0.371154682374256     
  3.237812921106798E-004  0.387434902938563     
  3.078665726763786E-004  0.403970421668575     
  2.923971913797192E-004  0.420726887468058     
  2.773815953388805E-004  0.437667957673056     
  2.628275580312073E-004  0.454755594767578     
  2.487420238725835E-004  0.471950395621056     
  2.351309637121629E-004  0.489211947467294     
  2.219992443518252E-004  0.506499203956926     
  2.093505148846438E-004  0.523770873935909     
  1.971871122284495E-004  0.540985815166203     
  1.855099877257885E-004  0.558103425034175     
  1.743186561115224E-004  0.575084020396393     
  1.636111675387241E-004  0.591889199085928     
  1.533841027290594E-004  0.608482176225436     
  1.436325907023366E-004  0.624828089334202     
  1.343503479667592E-004  0.640894267232519     
  1.255297375390178E-004  0.656650458888659     
  1.171618457299593E-004  0.672069019567726     
  1.092365742903506E-004  0.687125052873819     
  1.017427452699342E-004  0.701796508475945     
  9.466821580377315E-005  0.716064236428437     
  8.799999999988895E-005  0.729912000000234     
