  2.698794302801851E-007  5.542166871825231E-008
  2.761720930612952E-007  5.671391196794454E-008
  2.826114791082234E-007  5.803628588829587E-008
  2.892010095008284E-007  5.938949302249154E-008
  2.959441850866247E-007  6.077425229457470E-008
  3.028445883406818E-007  6.219129939139003E-008
  3.099058852688892E-007  6.364138715343260E-008
  3.171318273555966E-007  6.512528597481001E-008
  3.245262535566681E-007  6.664378421253005E-008
  3.320930923390062E-007  6.819768860533164E-008
  3.398363637676296E-007  6.978782470228108E-008
  3.477601816414139E-007  7.141503730136177E-008
  3.558687556786307E-007  7.308019089829022E-008
  3.641663937534439E-007  7.478417014579651E-008
  3.726575041845547E-007  7.652788032361391E-008
  3.813465980772070E-007  7.831224781942644E-008
  3.902382917198012E-007  8.013822062103060E-008
  3.993373090363868E-007  8.200676881997229E-008
  4.086484840963401E-007  8.391888512692698E-008
  4.181767636825544E-007  8.587558539909598E-008
  4.279272099195143E-007  8.787790917990026E-008
  4.379050029626458E-007  8.992692025125762E-008
  4.481154437503690E-007  9.202370719873649E-008
  4.585639568203225E-007  9.416938398988765E-008
  4.692560931912486E-007  9.636509056605998E-008
  4.801975333120740E-007  9.861199344801519E-008
  4.913940900797509E-007  1.009112863556631E-007
  5.028517119274640E-007  1.032641908422470E-007
  5.145764859848414E-007  1.056719569433156E-007
  5.265746413118496E-007  1.081358638408262E-007
  5.388525522080900E-007  1.106572205427328E-007
  5.514167415992569E-007  1.132373665784188E-007
  5.642738845025531E-007  1.158776727103457E-007
  5.774308115729050E-007  1.185795416622930E-007
  5.908945127318631E-007  1.213444088645790E-007
  6.046721408811128E-007  1.241737432166571E-007
  6.187710157025714E-007  1.270690478674923E-007
  6.331986275470846E-007  1.300318610141334E-007
  6.479626414137959E-007  1.330637567189045E-007
  6.630709010223002E-007  1.361663457456509E-007
  6.785314329797358E-007  1.393412764154814E-007
  6.943524510450452E-007  1.425902354824646E-007
  7.105423604926570E-007  1.459149490297421E-007
  7.271097625779114E-007  1.493171833865354E-007
  7.440634591066025E-007  1.527987460665344E-007
  7.614124571110615E-007  1.563614867281644E-007
  7.791659736352725E-007  1.600072981572434E-007
  7.973334406315491E-007  1.637381172725502E-007
  8.159245099713875E-007  1.675559261548385E-007
  8.349490585731528E-007  1.714627530998439E-007
  8.544171936493167E-007  1.754606736958418E-007
  8.743392580760418E-007  1.795518119263300E-007
  8.947258358879626E-007  1.837383412984209E-007
  9.155877579010832E-007  1.880224859975439E-007
  9.369361074667688E-007  1.924065220690686E-007
  9.587822263599106E-007  1.968927786274816E-007
  9.811377208043618E-007  2.014836390937529E-007
  1.004014467638874E-006  2.061815424615545E-007
  1.027424620626788E-006  2.109889845930011E-007
  1.051380616912843E-006  2.159085195446017E-007
  1.075895183630532E-006  2.209427609241270E-007
  1.100981344663508E-006  2.260943832791132E-007
  1.126652427564639E-006  2.313661235177384E-007
  1.152922070636388E-006  2.367607823628297E-007
  1.179804230176268E-006  2.422812258397693E-007
  1.207313187891236E-006  2.479303867990931E-007
  1.235463558484955E-006  2.537112664745889E-007
  1.264270297421956E-006  2.596269360777232E-007
  1.293748708872830E-006  2.656805384292419E-007
  1.323914453844654E-006  2.718752896288129E-007
  1.354783558500998E-006  2.782144807635977E-007
  1.386372422675900E-006  2.847014796566580E-007
  1.418697828586362E-006  2.913397326561279E-007
  1.451776949747969E-006  2.981327664661007E-007
  1.485627360098383E-006  3.050841900202036E-007
  1.520267043333558E-006  3.121976963988556E-007
  1.555714402461625E-006  3.194770647912266E-007
  1.591988269579533E-006  3.269261625029397E-007
  1.629107915877625E-006  3.345489470105838E-007
  1.667093061877488E-006  3.423494680641269E-007
  1.705963887908483E-006  3.503318698383493E-007
  1.745741044828554E-006  3.585003931344352E-007
  1.786445664994971E-006  3.668593776328958E-007
  1.828099373490878E-006  3.754132641990197E-007
  1.870724299613577E-006  3.841665972420737E-007
  1.914343088630657E-006  3.931240271295099E-007
  1.958978913810229E-006  4.022903126574578E-007
  2.004655488731630E-006  4.116703235788169E-007
  2.051397079883164E-006  4.212690431902926E-007
  2.099228519553539E-006  4.310915709797445E-007
  2.148175219023878E-006  4.411431253352606E-007
  2.198263182067303E-006  4.514290463173925E-007
  2.249519018763234E-006  4.619547984960213E-007
  2.301969959633787E-006  4.727259738533669E-007
  2.355643870109748E-006  4.837482947546802E-007
  2.410569265333803E-006  4.950276169881918E-007
  2.466775325308924E-006  5.065699328759398E-007
  2.524291910399896E-006  5.183813744571215E-007
  2.583149577196291E-006  5.304682167456670E-007
  2.643379594745244E-006  5.428368810637554E-007
  2.705013961162702E-006  5.554939384530548E-007
  2.768085420631942E-006  5.684461131654880E-007
  2.832627480798416E-006  5.817002862353891E-007
  2.898674430570113E-006  5.952634991349338E-007
  2.966261358332921E-006  6.091429575147963E-007
  3.035424170590711E-006  6.233460350320210E-007
  3.106199611039913E-006  6.378802772671250E-007
  3.178625280088877E-006  6.527534057325371E-007
  3.252739654832237E-006  6.679733219744773E-007
  3.328582109491003E-006  6.835481117704739E-007
  3.406192936329154E-006  6.994860494247371E-007
  3.485613367057892E-006  7.157956021636742E-007
  3.566885594738885E-006  7.324854346338781E-007
  3.650052796198177E-006  7.495644135049827E-007
  3.735159154962627E-006  7.670416121798253E-007
  3.822249884731058E-006  7.849263156144135E-007
  3.911371253392642E-006  8.032280252502747E-007
  4.002570607605165E-006  8.219564640617748E-007
  4.095896397946350E-006  8.411215817211253E-007
  4.191398204651490E-006  8.607335598837880E-007
  4.289126763951114E-006  8.808028175971038E-007
  4.389133995022677E-006  9.013400168350139E-007
  4.491473027570536E-006  9.223560681618064E-007
  4.596198230048911E-006  9.438621365279013E-007
  4.703365238542792E-006  9.658696472007519E-007
  4.813030986322136E-006  9.883902918340100E-007
  4.925253734085024E-006  1.011436034678175E-006
  5.040093100905875E-006  1.035019118936028E-006
  5.157610095905124E-006  1.059152073266231E-006
  5.277867150657202E-006  1.083847718438533E-006
  5.400928152353970E-006  1.109119174144119E-006
  5.526858477741297E-006  1.134979865964731E-006
  5.655725027846755E-006  1.161443532504244E-006
  5.787596263516826E-006  1.188524232686491E-006
  5.922542241782613E-006  1.216236353223215E-006
  6.060634653073233E-006  1.244594616256110E-006
  6.201946859296709E-006  1.273614087177002E-006
  6.346553932808593E-006  1.303310182630336E-006
  6.494532696288986E-006  1.333698678702202E-006
  6.645961763549099E-006  1.364795719300261E-006
  6.800921581289084E-006  1.396617824729008E-006
  6.959494471829248E-006  1.429181900464935E-006
  7.121764676837372E-006  1.462505246136246E-006
  7.287818402075283E-006  1.496605564711888E-006
  7.457743863188573E-006  1.531500971904796E-006
  7.631631332563559E-006  1.567210005794303E-006
  7.809573187276596E-006  1.603751636672872E-006
  7.991663958160957E-006  1.641145277122339E-006
  8.178000380017583E-006  1.679410792325039E-006
  8.368681442996093E-006  1.718568510615269E-006
  8.563808445173522E-006  1.758639234276705E-006
  8.763485046358597E-006  1.799644250591498E-006
  8.967817323150133E-006  1.841605343146902E-006
  9.176913825278801E-006  1.884544803405468E-006
  9.390885633262122E-006  1.928485442544900E-006
  9.609846417403274E-006  1.973450603573887E-006
  9.833912498165156E-006  2.019464173730344E-006
  1.006320290795151E-005  2.066550597168613E-006
  1.029783945432820E-005  2.114734887942398E-006
  1.053794678471782E-005  2.164042643290267E-006
  1.078365245260240E-005  2.214500057230850E-006
  1.103508698526889E-005  2.266133934474862E-006
  1.129238395313378E-005  2.318971704661402E-006
  1.155568004068328E-005  2.373041436926031E-006
  1.182511511906700E-005  2.428371854808402E-006
  1.210083232038348E-005  2.484992351507322E-006
  1.238297811369699E-005  2.542933005491345E-006
  1.267170238282595E-005  2.602224596473187E-006
  1.296715850594442E-005  2.662898621756444E-006
  1.326950343703843E-005  2.724987312963249E-006
  1.357889778926095E-005  2.788523653151803E-006
  1.389550592022927E-005  2.853541394332796E-006
  1.421949601931017E-005  2.920075075394053E-006
  1.455104019693932E-005  2.988160040442895E-006
  1.489031457602207E-005  3.057832457575961E-006
  1.523749938546427E-005  3.129129338086412E-006
  1.559277905588265E-005  3.202088556118759E-006
  1.595634231754549E-005  3.276748868781664E-006
  1.632838230059572E-005  3.353149936729479E-006
  1.670909663760924E-005  3.431332345223327E-006
  1.709868756854332E-005  3.511337625683003E-006
  1.749736204813016E-005  3.593208277741016E-006
  1.790533185577323E-005  3.676987791810574E-006
  1.832281370800397E-005  3.762720672179387E-006
  1.875002937355903E-005  3.850452460641587E-006
  1.918720579113876E-005  3.940229760680280E-006
  1.963457518990944E-005  4.032100262213546E-006
  2.009237521281319E-005  4.126112766916995E-006
  2.056084904275087E-005  4.222317214136339E-006
  2.104024553170491E-005  4.320764707403686E-006
  2.153081933287044E-005  4.421507541571607E-006
  2.203283103586482E-005  4.524599230579382E-006
  2.254654730508714E-005  4.630094535866110E-006
  2.307224102130124E-005  4.738049495445790E-006
  2.361019142651688E-005  4.848521453659717E-006
  2.416068427224635E-005  4.961569091622017E-006
  2.472401197121448E-005  5.077252458374402E-006
  2.530047375260306E-005  5.195633002766700E-006
  2.589037582091145E-005  5.316773606080031E-006
  2.649403151851763E-005  5.440738615409871E-006
  2.711176149202609E-005  5.567593877826786E-006
  2.774389386249028E-005  5.697406775332826E-006
  2.839076439959993E-005  5.830246260632129E-006
  2.905271669992583E-005  5.966182893734769E-006
  2.973010236931566E-005  6.105288879413038E-006
  3.042328120953850E-005  6.247638105530228E-006
  3.113262140927592E-005  6.393306182262019E-006
  3.185849973956117E-005  6.542370482231313E-006
  3.260130175377032E-005  6.694910181577832E-006
  3.336142199227028E-005  6.851006301984075E-006
  3.413926419183312E-005  7.010741753680016E-006
  3.493524149992646E-005  7.174201379449185E-006
  3.574977669399438E-005  7.341471999659561E-006
  3.658330240584404E-005  7.512642458342972E-006
  3.743626135125720E-005  7.687803670347461E-006
  3.830910656494804E-005  7.867048669587545E-006
  3.920230164099161E-005  8.050472658417918E-006
  4.011632097884984E-005  8.238173058156665E-006
  4.105165003512581E-005  8.430249560784765E-006
  4.200878558117862E-005  8.626804181849181E-006
  4.298823596673593E-005  8.827941314597557E-006
  4.399052138964316E-005  9.033767785373150E-006
  4.501617417189165E-005  9.244392910299177E-006
  4.606573904207235E-005  9.459928553282715E-006
  4.713977342440406E-005  9.680489185368690E-006
  4.823884773448881E-005  9.906191945475381E-006
  4.936354568195091E-005  1.013715670254349E-005
  5.051446458011953E-005  1.037350611913169E-005
  5.169221566291827E-005  1.061536571649214E-005
  5.289742440912952E-005  1.086286394116053E-005
  5.413073087420442E-005  1.111613223309555E-005
  5.539279002979389E-005  1.137530509540410E-005
  5.668427211118009E-005  1.164052016568877E-005
  5.800586297279154E-005  1.191191828905541E-005
  5.935826445198989E-005  1.218964359281935E-005
  6.074219474131983E-005  1.247384356294961E-005
  6.215838876941935E-005  1.276466912229147E-005
  6.360759859079049E-005  1.306227471060876E-005
  6.509059378463693E-005  1.336681836648794E-005
  6.660816186297845E-005  1.367846181114736E-005
  6.816110868825753E-005  1.399737053419574E-005
  6.975025890065821E-005  1.432371388138517E-005
  7.137645635536298E-005  1.465766514440490E-005
  7.304056456997744E-005  1.499940165276323E-005
  7.474346718235923E-005  1.534910486780591E-005
  7.648606841909199E-005  1.570696047892068E-005
  7.826929357485138E-005  1.607315850197841E-005
  8.009408950291574E-005  1.644789338006306E-005
  8.196142511707949E-005  1.683136408654311E-005
  8.387229190523336E-005  1.722377423053900E-005
  8.582770445488282E-005  1.762533216484201E-005
  8.782870099087956E-005  1.803625109634134E-005
  8.987634392565054E-005  1.845674919901752E-005
  9.197172042221328E-005  1.888704972956166E-005
  9.411594297027382E-005  1.932738114568123E-005
  9.631014997570959E-005  1.977797722715465E-005
  9.855550636374834E-005  2.023907719969832E-005
  1.008532041961584E-004  2.071092586171109E-005
  1.032044633027766E-004  2.119377371396306E-005
  1.056105319277038E-004  2.168787709229631E-005
  1.080726873905079E-004  2.219349830340786E-005
  1.105922367627820E-004  2.271090576378559E-005
  1.131705175604129E-004  2.324037414187049E-005
  1.158088984519210E-004  2.378218450351949E-005
  1.185087799832469E-004  2.433662446084534E-005
  1.212715953193613E-004  2.490398832451170E-005
  1.240988110030887E-004  2.548457725956286E-005
  1.269919277315426E-004  2.607869944487036E-005
  1.299524811505779E-004  2.668667023627938E-005
  1.329820426676776E-004  2.730881233354095E-005
  1.360822202837002E-004  2.794545595111699E-005
  1.392546594439190E-004  2.859693899294766E-005
  1.425010439088049E-004  2.926360723127243E-005
  1.458230966450023E-004  2.994581448959868E-005
  1.492225807369672E-004  3.064392282991290E-005
  1.527013003197429E-004  3.135830274423292E-005
  1.562611015333609E-004  3.208933335060090E-005
  1.599038734993646E-004  3.283740259361951E-005
  1.636315493199662E-004  3.360290744963593E-005
  1.674461071003584E-004  3.438625413668073E-005
  1.713495709947132E-004  3.518785832927146E-005
  1.753440122764135E-004  3.600814537819205E-005
  1.794315504330756E-004  3.684755053536374E-005
  1.836143542869320E-004  3.770651918392354E-005
  1.878946431411583E-004  3.858550707363073E-005
  1.922746879527413E-004  3.948498056172366E-005
  1.967568125324960E-004  4.040541685935186E-005
  2.013433947728597E-004  4.134730428371225E-005
  2.060368679040944E-004  4.231114251601940E-005
  2.108397217795581E-004  4.329744286544498E-005
  2.157545041907036E-004  4.430672853916233E-005
  2.207838222124941E-004  4.533953491863718E-005
  2.259303435799278E-004  4.639640984230660E-005
  2.311967980963880E-004  4.747791389479397E-005
  2.365859790745472E-004  4.858462070280879E-005
  2.421007448105682E-004  4.971711723788453E-005
  2.477440200923700E-004  5.087600412611170E-005
  2.535187977427323E-004  5.206189596502539E-005
  2.594281401980394E-004  5.327542164781166E-005
  2.654751811234774E-004  5.451722469499982E-005
  2.716631270655164E-004  5.578796359381140E-005
  2.779952591425323E-004  5.708831214534145E-005
  2.844749347744358E-004  5.841895981975022E-005
  2.911055894522013E-004  5.978061211964848E-005
  2.978907385482048E-004  6.117399095186347E-005
  3.048339791683001E-004  6.259983500777591E-005
  3.119389920465871E-004  6.405890015242413E-005
  3.192095434838412E-004  6.555195982257453E-005
  3.266494873306004E-004  6.707980543396258E-005
  3.342627670159222E-004  6.864324679791259E-005
  3.420534176228539E-004  7.024311254755035E-005
  3.500255680116718E-004  7.188025057382545E-005
  3.581834429919785E-004  7.355552847156700E-005
  3.665313655447636E-004  7.526983399579968E-005
  3.750737590955626E-004  7.702407552855303E-005
  3.838151498398724E-004  7.881918255640236E-005
  3.927601691220041E-004  8.065610615898297E-005
  4.019135558685852E-004  8.253581950872731E-005
  4.112801590779460E-004  8.445931838207820E-005
  4.208649403666517E-004  8.642762168243741E-005
  4.306729765744714E-004  8.844177197511465E-005
  4.407094624291047E-004  9.050283603454828E-005
  4.509797132720076E-004  9.261190540407298E-005
  4.614891678466993E-004  9.477009696851860E-005
  4.722433911509545E-004  9.697855353992816E-005
  4.832480773543140E-004  9.923844445668948E-005
  4.945090527823887E-004  1.015509661963834E-004
  5.060322789694475E-004  1.039173430026544E-004
  5.178238557808278E-004  1.063388275264200E-004
  5.298900246067293E-004  1.088167014817391E-004
  5.422371716289885E-004  1.113522763166673E-004
  5.548718311624664E-004  1.139468938994350E-004
  5.678006890727189E-004  1.166019272202905E-004
  5.810305862716465E-004  1.193187811093560E-004
  5.945685222928663E-004  1.220988929708564E-004
  6.084216589485769E-004  1.249437335340828E-004
  6.225973240697371E-004  1.278548076214639E-004
  6.371030153313949E-004  1.308336549341257E-004
  6.519464041650717E-004  1.338818508553272E-004
  6.671353397601177E-004  1.370010072721670E-004
  6.826778531560202E-004  1.401927734159685E-004
  6.985821614276610E-004  1.434588367217518E-004
  7.148566719655878E-004  1.468009237072189E-004
  7.315099868533858E-004  1.502208008716774E-004
  7.485509073442920E-004  1.537202756153457E-004
  7.659884384392303E-004  1.573011971794848E-004
  7.838317935684953E-004  1.609654576078160E-004
  8.020903993793554E-004  1.647149927296891E-004
  8.207739006318976E-004  1.685517831654790E-004
  8.398921652054699E-004  1.724778553546947E-004
  8.594552892181431E-004  1.764952826072972E-004
  8.794736022616501E-004  1.806061861787317E-004
  8.999576727543069E-004  1.848127363691880E-004
  9.209183134144860E-004  1.891171536476177E-004
  9.423665868572481E-004  1.935217098010420E-004
  9.643138113167901E-004  1.980287291096980E-004
  9.867715664974377E-004  2.026405895485810E-004
  1.009751699555935E-003  2.073597240159510E-004
  1.033266331217869E-003  2.121886215893837E-004
  1.057327862031087E-003  2.171298288099554E-004
  1.081948978759065E-003  2.221859509951650E-004
  1.107142660917184E-003  2.273596535812075E-004
  1.132922187454996E-003  2.326536634952224E-004
  1.159301143587539E-003  2.380707705581552E-004
  1.186293427778909E-003  2.436138289188832E-004
  1.213913258881277E-003  2.492857585202622E-004
  1.242175183432637E-003  2.550895465977737E-004
  1.271094083116641E-003  2.610282492114531E-004
  1.300685182387904E-003  2.671049928118017E-004
  1.330964056266254E-003  2.733229758403914E-004
  1.361946638303455E-003  2.796854703658880E-004
  1.393649228725980E-003  2.861958237562279E-004
  1.426088502757503E-003  2.928574603877014E-004
  1.459281519124814E-003  2.996738833917029E-004
  1.493245728750955E-003  3.066486764399283E-004
  1.527998983639400E-003  3.137855055688053E-004
  1.563559545953218E-003  3.210881210439644E-004
  1.599946097293191E-003  3.285603592655661E-004
  1.637177748178917E-003  3.362061447153134E-004
  1.675274047737037E-003  3.440294919459986E-004
  1.714254993600745E-003  3.520345076144387E-004
  1.754141042024848E-003  3.602253925586741E-004
  1.794953118220670E-003  3.686064439203161E-004
  1.836712626915208E-003  3.771820573129444E-004
  1.879441463138969E-003  3.859567290374669E-004
  1.923162023247031E-003  3.949350583453723E-004
  1.967897216177889E-003  4.041217497508165E-004
  2.013670474954771E-003  4.135216153924977E-004
  2.060505768434128E-003  4.231395774462942E-004
  2.108427613306092E-003  4.329806705896438E-004
  2.157461086351771E-003  4.430500445186672E-004
  2.207631836962292E-003  4.533529665190421E-004
  2.258966099924590E-003  4.638948240916567E-004
  2.311490708479010E-003  4.746811276340824E-004
  2.365233107653816E-003  4.857175131789086E-004
  2.420221367881828E-003  4.970097451900183E-004
  2.476484198904400E-003  5.085637194178679E-004
  2.534050963968082E-003  5.203854658148738E-004
  2.592951694319303E-003  5.324811515119996E-004
  2.653217104002540E-003  5.448570838576645E-004
  2.714878604967425E-003  5.575197135200962E-004
  2.777968322490366E-003  5.704756376542716E-004
  2.842519110916240E-003  5.837316031345849E-004
  2.908564569725853E-003  5.972945098544162E-004
  2.976139059934815E-003  6.111714140937568E-004
  3.045277720829619E-003  6.253695319560825E-004
  3.116016487046677E-003  6.398962428756568E-004
  3.188392106000161E-003  6.547590931964617E-004
  3.262442155664526E-003  6.699657998239652E-004
  3.338205062717584E-003  6.855242539509324E-004
  3.415720121050105E-003  7.014425248585038E-004
  3.495027510647860E-003  7.177288637937570E-004
  3.576168316852142E-003  7.343917079249934E-004
  3.659184550004715E-003  7.514396843759682E-004
  3.744119165483237E-003  7.688816143403076E-004
  3.831016084133169E-003  7.867265172773472E-004
  3.919920213102209E-003  8.049836151906323E-004
  4.010877467083247E-003  8.236623369903095E-004
  4.103934789971867E-003  8.427723229406512E-004
  4.199140176944428E-003  8.623234291939448E-004
  4.296542696962609E-003  8.823257324119644E-004
  4.396192515710461E-003  9.027895344762553E-004
  4.498140918969808E-003  9.237253672884425E-004
  4.602440336439839E-003  9.451439976617526E-004
  4.709144366006771E-003  9.670564323049618E-004
  4.818307798469199E-003  9.894739228999247E-004
  4.929986642724913E-003  1.012407971273866E-003
  5.044238151424640E-003  1.035870334667560E-003
  5.161120847098266E-003  1.059873031100536E-003
  5.280694548758845E-003  1.084428344834406E-003
  5.403020398989689E-003  1.109548831935383E-003
  5.528160891519553E-003  1.135247325937051E-003
  5.656179899291011E-003  1.161536943604404E-003
  5.787142703026612E-003  1.188431090800108E-003
  5.921116020297681E-003  1.215943468453988E-003
  6.058168035099908E-003  1.244088078636588E-003
  6.198368427940170E-003  1.272879230737713E-003
  6.341788406438350E-003  1.302331547750733E-003
  6.488500736448046E-003  1.332459972663438E-003
  6.638579773699518E-003  1.363279774956151E-003
  6.792101495968047E-003  1.394806557207724E-003
  6.949143535770623E-003  1.427056261810039E-003
  7.109785213593362E-003  1.460045177791494E-003
  7.274107571651963E-003  1.493789947749957E-003
  7.442193408186804E-003  1.528307574895504E-003
  7.614127312294234E-003  1.563615430203280E-003
  7.789995699294810E-003  1.599731259676613E-003
  7.969886846639088E-003  1.636673191720527E-003
  8.153890930350858E-003  1.674459744625623E-003
  8.342100062007274E-003  1.713109834162208E-003
  8.534608326254856E-003  1.752642781284479E-003
  8.731511818859509E-003  1.793078319944364E-003
  8.932908685288357E-003  1.834436605014573E-003
  9.138899159820354E-003  1.876738220320251E-003
  9.349585605181942E-003  1.920004186778434E-003
  9.565072552703429E-003  1.964255970644454E-003
  9.785466742990672E-003  2.009515491864156E-003
  1.001087716710623E-002  2.055805132530745E-003
  1.024141510825295E-002  2.103147745444803E-003
  1.047719418395211E-002  2.151566662775879E-003
  1.071833038870746E-002  2.201085704823854E-003
  1.096494213714525E-002  2.251729188878042E-003
  1.121715030761922E-002  2.303521938171803E-003
  1.147507828626888E-002  2.356489290930216E-003
  1.173885201151758E-002  2.410657109508074E-003
  1.200860001899597E-002  2.466051789615244E-003
  1.228445348687540E-002  2.522700269626199E-003
  1.256654628159377E-002  2.580630039970148E-003
  1.285501500395557E-002  2.639869152598019E-003
  1.314999903558618E-002  2.700446230522162E-003
  1.345164058571856E-002  2.762390477424348E-003
  1.376008473828940E-002  2.825731687327287E-003
  1.407547949931980E-002  2.890500254324603E-003
  1.439797584455367E-002  2.956727182363699E-003
  1.472772776732544E-002  3.024444095075760E-003
  1.506489232662668E-002  3.093683245646550E-003
  1.540962969533882E-002  3.164477526721364E-003
  1.576210320859787E-002  3.236860480337062E-003
  1.612247941225391E-002  3.310866307873571E-003
  1.649092811138668E-002  3.386529880016908E-003
  1.686762241883540E-002  3.463886746725126E-003
  1.725273880369951E-002  3.542973147188292E-003
  1.764645713976335E-002  3.623826019772831E-003
  1.804896075379606E-002  3.706483011940261E-003
  1.846043647367463E-002  3.790982490129613E-003
  1.888107467627562E-002  3.877363549592315E-003
  1.931106933507760E-002  3.965666024167721E-003
  1.975061806741394E-002  4.055930495986790E-003
  2.019992218131183E-002  4.148198305090821E-003
  2.065918672185041E-002  4.242511558951423E-003
  2.112862051696761E-002  4.338913141877277E-003
  2.160843622264150E-002  4.437446724292453E-003
  2.209885036736867E-002  4.538156771870352E-003
  2.260008339585812E-002  4.641088554506578E-003
  2.311235971185569E-002  4.746288155113222E-003
  2.363590772000983E-002  4.853802478216304E-003
  2.417095986668547E-002  4.963679258337194E-003
  2.471775267962878E-002  5.075967068138054E-003
  2.527652680638124E-002  5.190715326310434E-003
  2.584752705133695E-002  5.307974305185265E-003
  2.643100241133274E-002  5.427795138041544E-003
  2.702720610965603E-002  5.550229826090076E-003
  2.763639562835083E-002  5.675331245107760E-003
  2.825883273869682E-002  5.803153151696668E-003
  2.889478352973279E-002  5.933750189141556E-003
  2.954451843468913E-002  6.067177892837945E-003
  3.020831225519061E-002  6.203492695262358E-003
  3.088644418308404E-002  6.342751930454758E-003
  3.157919781974122E-002  6.485013837982571E-003
  3.228686119268195E-002  6.630337566354330E-003
  3.300972676935604E-002  6.778783175849902E-003
  3.374809146791848E-002  6.930411640733260E-003
  3.450225666482603E-002  7.085284850812488E-003
  3.527252819907807E-002  7.243465612310675E-003
  3.605921637291904E-002  7.405017648010160E-003
  3.686263594881407E-002  7.570005596631462E-003
  3.768310614250388E-002  7.738495011407046E-003
  3.852095061193970E-002  7.910552357809046E-003
  3.937649744189289E-002  8.086245010388717E-003
  4.025007912402908E-002  8.265641248684544E-003
  4.114203253223051E-002  8.448810252154481E-003
  4.205269889294535E-002  8.635822094086991E-003
  4.298242375033767E-002  8.826747734444343E-003
  4.393155692600577E-002  9.021659011590471E-003
  4.490045247303227E-002  9.220628632854841E-003
  4.588946862412471E-002  9.423730163882753E-003
  4.689896773359949E-002  9.631038016721324E-003
  4.792931621295931E-002  9.842627436589859E-003
  4.898088445980819E-002  1.005857448728204E-002
  5.005404677984604E-002  1.027895603514696E-002
  5.114918130167979E-002  1.050384973159496E-002
  5.226666988418511E-002  1.073333399407373E-002
  5.340689801615030E-002  1.096748798545943E-002
  5.457025470793125E-002  1.120639159180731E-002
  5.575713237484388E-002  1.145012539840544E-002
  5.696792671201937E-002  1.169877066407540E-002
  5.820303656044621E-002  1.195240929366306E-002
  5.946286376392324E-002  1.221112380866281E-002
  6.074781301664709E-002  1.247499731591860E-002
  6.205829170115893E-002  1.274411347434514E-002
  6.339470971637666E-002  1.301855645961306E-002
  6.475747929544115E-002  1.329841092674238E-002
  6.614701481310861E-002  1.358376197054909E-002
  6.756373258242396E-002  1.387469508389064E-002
  6.900805064041622E-002  1.417129611365690E-002
  7.048038852256247E-002  1.447365121445479E-002
  7.198116702577298E-002  1.478184679993552E-002
  7.351080795965938E-002  1.509596949171577E-002
  7.506973388585568E-002  1.541610606584536E-002
  7.665836784517263E-002  1.574234339677652E-002
  7.827713307237776E-002  1.607476839879186E-002
  7.992645269840512E-002  1.641346796485105E-002
  8.160674943981440E-002  1.675852890281903E-002
  8.331844527533218E-002  1.711003786904143E-002
  8.506196110932913E-002  1.746808129923723E-002
  8.683771642209939E-002  1.783274533668112E-002
  8.864612890683449E-002  1.820411575765351E-002
  9.048761409320118E-002  1.858227789413953E-002
  9.236258495745775E-002  1.896731655376365E-002
  9.427145151906832E-002  1.935931593695153E-002
  9.621462042379891E-002  1.975835955131585E-002
  9.819249451331065E-002  2.016453012326915E-002
  0.100205472381292       2.057790950687245E-002
  0.102253947916205       2.099857858993504E-002
  0.104338309830758       2.142661719738771E-002
  0.106458941178235       2.186210399195897E-002
  0.108616218855888       2.230511637219119E-002
  0.110810513095577       2.275573036784165E-002
  0.113042186941950       2.321402053272177E-002
  0.115311595718439       2.368005983503668E-002
  0.117619086481439       2.415391954529551E-002
  0.119964997463034       2.463566912187300E-002
  0.122349657502738       2.512537609431222E-002
  0.124773385468713       2.562310594446787E-002
  0.127236489669011       2.612892198560039E-002
  0.129739267253418       2.664288523954122E-002
  0.132282003606555       2.716505431206035E-002
  0.134864971732902       2.769548526657816E-002
  0.137488431634522       2.823423149637509E-002
  0.140152629682256       2.878134359546330E-002
  0.142857797981269       2.933686922829626E-002
  0.145604153731846       2.990085299850416E-002
  0.148391898586416       3.047333631685335E-002
  0.151221218003818       3.105435726864122E-002
  0.154092280601902       3.164395048074777E-002
  0.157005237509596       3.224214698857780E-002
  0.159960221719631       3.284897410313860E-002
  0.162957347443173       3.346445527850865E-002
  0.165996709467652       3.408860997996430E-002
  0.169078382519160       3.472145355304169E-002
  0.172202420630782       3.536299709382131E-002
  0.175368856518350       3.601324732073258E-002
  0.178577700965073       3.667220644818463E-002
  0.181828942216606       3.733987206233869E-002
  0.185122545388116       3.801623699934516E-002
  0.188458451884961       3.870128922637594E-002
  0.191836578838627       3.939501172578956E-002
  0.195256818559581       4.009738238277116E-002
  0.198719038008748       4.080837387679640E-002
  0.202223078289314       4.152795357726986E-002
  0.205768754160593       4.225608344369314E-002
  0.209355853575675       4.299271993071900E-002
  0.212984137244616       4.373781389844789E-002
  0.216653338224882       4.449131052832407E-002
  0.220363161540796       4.525314924498484E-002
  0.224113283833672       4.602326364441475E-002
  0.227903353044352       4.680158142875094E-002
  0.231732988129782       4.758802434808030E-002
  0.235601778815257       4.838250814956171E-002
  0.239509285383916       4.918494253419695E-002
  0.243455038505011       4.999523112156479E-002
  0.247438539102424       5.081327142281914E-002
  0.251459258264819       5.163895482223963E-002
  0.255516637198787       5.247216656760795E-002
  0.259610087226200       5.331278576966611E-002
  0.263738989826968       5.416068541089530E-002
  0.267902696728235       5.501573236383390E-002
  0.272100530040992       5.587778741913229E-002
  0.276331782444971       5.674670532352081E-002
  0.280595717422528       5.762233482784063E-002
  0.284891569542166       5.850451874526614E-002
  0.289218544792153       5.939309401981722E-002
  0.293575820964625       6.028789180523552E-002
  0.297962548090350       6.118873755426831E-002
  0.302377848924264       6.209545111837567E-002
  0.306820819481680       6.300784685784494E-002
  0.311290529624954       6.392573376226733E-002
  0.315786023700234       6.484891558129813E-002
  0.320306321223754       6.577719096559227E-002
  0.324850417616979       6.671035361777254E-002
  0.329417284989772       6.764819245325675E-002
  0.334005872970551       6.859049177073805E-002
  0.338615109582297       6.953703143207893E-002
  0.343243902163091       7.048758705134907E-002
  0.347891138329692       7.144193019270452E-002
  0.352555686982562       7.239982857677615E-002
  0.357236399350559       7.336104629520404E-002
  0.361932110073380       7.432534403292622E-002
  0.366641638319730       7.529247929780164E-002
  0.371363788939025       7.626220665712118E-002
  0.376097353644343       7.723427798053464E-002
  0.380841112224199       7.820844268889798E-002
  0.385593833780632       7.918444800852270E-002
  0.390354277990978       8.016203923029017E-002
  0.395121196390616       8.114095997307300E-002
  0.399893333673909       8.212095245089211E-002
  0.404669429010465       8.310175774322048E-002
  0.409448217373812       8.408311606783633E-002
  0.414228430879515       8.506476705561462E-002
  0.419008800129735       8.604645002664198E-002
  0.423788055561201       8.702790426703240E-002
  0.428564928793556       8.800886930581960E-002
  0.433338153975032       8.898908519130118E-002
  0.438106469122428       8.996829276621289E-002
  0.442868617452379       9.094623394111347E-002
  0.447623348700929       9.192265196536926E-002
  0.452369420428504       9.289729169513919E-002
  0.457105599307380       9.386989985776562E-002
  0.461830662388854       9.484022531199687E-002
  0.466543398347390       9.580801930348178E-002
  0.471242608699082       9.677303571499012E-002
  0.475927108991912       9.773503131083902E-002
  0.480595729965327       9.869376597502251E-002
  0.485247318676844       9.964900294256611E-002
  0.489880739593454       0.100600509023656     
  0.494494875645757       0.101548054820111     
  0.499088629242881       0.102491414933806     
  0.503660923246393       0.103430368166670     
  0.508210701901532       0.104364697711922     
  0.512736931724264       0.105294191336233     
  0.517238602342812       0.106218641552542     
  0.521714727292434       0.107137845783268     
  0.526164344762449       0.108051606513717     
  0.530586518294575       0.108959731435493     
  0.534980337431887       0.109862033579763     
  0.539344918317816       0.110758331440266     
  0.543679404244758       0.111648449085977     
  0.547982966152053       0.112532216263368     
  0.552254803073208       0.113409468488248     
  0.556494142532403       0.114280047127190     
  0.560700240890477       0.115143799468580     
  0.564872383640693       0.116000578783357     
  0.569009885654747       0.116850244375528     
  0.573112091379616       0.117692661622600     
  0.577178374985939       0.118527702006041     
  0.581208140468763       0.119355243131978     
  0.585200821701593       0.120175168742291     
  0.589155882444776       0.120987368716338     
  0.593072816309387       0.121791739063535     
  0.596951146677802       0.122588181907049     
  0.600790426582295       0.123376605458864     
  0.604590238543056       0.124156923986520     
  0.608350194367051       0.124929057771805     
  0.612069934909259       0.125692933061723     
  0.615749129797853       0.126448482012059     
  0.619387477124923       0.127195642623868     
  0.622984703104416       0.127934358673228     
  0.626540561698941       0.128664579634604     
  0.630054834217166       0.129386260598168     
  0.633527328883537       0.130099362181441     
  0.636957880382026       0.130803850435595     
  0.640346349375669       0.131499696746789     
  0.643692622003616       0.132186877732885     
  0.646996609357425       0.132865375135900     
  0.650258246938340       0.133535175710552     
  0.653477494097207       0.134196271109248     
  0.656654333458733       0.134848657763847     
  0.659788770331749       0.135492336764556     
  0.662880832107064       0.136127313736272     
  0.665930567644506       0.136753598712711     
  0.668938046650708       0.137371206008628     
  0.671903359049120       0.137980154090444     
  0.674826614343723       0.138580465445586     
  0.677707940977849       0.139172166450808     
  0.680547485689453       0.139755287239798     
  0.683345412864200       0.140329861570327     
  0.686101903887560       0.140895926691195     
  0.688817156497162       0.141453523209239     
  0.691491384136545       0.142002694956612     
  0.694124815311383       0.142543488858588     
  0.696717692949273       0.143075954802083     
  0.699270273763999       0.143600145505107     
  0.701782827625253       0.144116116387329     
  0.704255636934665       0.144623925441940     
  0.706688996008954       0.145123633108982     
  0.709083210470956       0.145615302150286     
  0.711438596649252       0.146098997526186     
  0.713755480987020       0.146574786274120     
  0.716034199460746       0.147042737389260     
  0.718275097009303       0.147502921707267     
  0.720478526973916       0.147955411789286     
  0.722644850549479       0.148400281809268     
  0.724774436247581       0.148837607443700     
  0.726867659371637       0.149267465763818     
  0.728924901504427       0.149689935130373     
  0.730946550008281       0.150105095090986     
  0.732932997538205       0.150513026280167     
  0.734884641568061       0.150913810322012     
  0.736801883930002       0.151307529735626     
  0.738685130367282       0.151694267843281     
  0.740534790100478       0.152074108681348     
  0.742351275407225       0.152447136913984     
  0.744135001215466       0.152813437749605     
  0.745886384710183       0.153173096860127     
  0.747605844953630       0.153526200302978     
  0.749293802518956       0.153872834445857     
  0.750950679137146       0.154213085894235     
  0.752576897357207       0.154547041421569     
  0.754172880219426       0.154874787902203     
  0.755739050941586       0.155196412246933     
  0.757275832617969       0.155512001341190     
  0.758783647930959       0.155821641985822     
  0.760262918875078       0.156125420840418     
  0.761714066493219       0.156423424369143     
  0.763137510624868       0.156715738789035     
  0.764533669666114       0.157002450020720     
  0.765902960341164       0.157283643641489     
  0.767245797485147       0.157559404840700     
  0.768562593837956       0.157829818377437     
  0.769853759848841       0.158094968540387     
  0.771119703491537       0.158354939109869     
  0.772360830089608       0.158609813321973     
  0.773577542151752       0.158859673834735     
  0.774770239216828       0.159104602696313     
  0.775939317708269       0.159344681315091     
  0.777085170797645       0.159579990431659     
  0.778208188277093       0.159810610092617     
  0.779308756440313       0.160036619626136     
  0.780387257971893       0.160258097619228     
  0.781444071844653       0.160475121896670     
  0.782479573224742       0.160687769501509     
  0.783494133384232       0.160896116677119     
  0.784488119620933       0.161100238850727     
  0.785461895185146       0.161300210618378     
  0.786415819213116       0.161496105731265     
  0.787350246666917       0.161687997083385     
  0.788265528280520       0.161875956700464     
  0.789162010511773       0.162060055730096     
  0.790040035500075       0.162240364433051     
  0.790899941029483       0.162416952175697     
  0.791742060497035       0.162589887423498     
  0.792566722886029       0.162759237735524     
  0.793374252744054       0.162925069759940     
  0.794164970165545       0.163087449230424     
  0.794939190778649       0.163246440963473     
  0.795697225736183       0.163402108856538     
  0.796439381710474       0.163554515886972     
  0.797165960891899       0.163703724111729     
  0.797877260990922       0.163849794667779     
  0.798573575243414       0.163992787773201     
  0.799255192419103       0.164132762728923     
  0.799922396832964       0.164269777921055     
  0.800575468359359       0.164403890823797     
  0.801214682448775       0.164535158002873     
  0.801840310146978       0.164663635119469     
  0.802452618116439       0.164789376934626     
  0.803051868659861       0.164912437314079     
  0.803638319745663       0.165032869233484     
  0.804212225035262       0.165150724784027     
  0.804773833912029       0.165266055178363     
  0.805323391511762       0.165378910756880     
  0.805861138754547       0.165489340994237     
  0.806387312377865       0.165597394506169     
  0.806902144970835       0.165703119056511     
  0.807405865009459       0.165806561564442     
  0.807898696892732       0.165907768111900     
  0.808380860979517       0.166006783951151     
  0.808852573626060       0.166103653512495     
  0.809314047224035       0.166198420412079     
  0.809765490239000       0.166291127459795     
  0.810207107249146       0.166381816667235     
  0.810639098984266       0.166470529255697     
  0.811061662364786       0.166557305664197     
  0.811474990540801       0.166642185557486     
  0.811879272930965       0.166725207834038     
  0.812274695261174       0.166806410633991     
  0.812661439602911       0.166885831347026     
  0.813039684411156       0.166963506620148     
  0.813409604561748       0.167039472365359     
  0.813771371388124       0.167113763767204     
  0.814125152717294       0.167186415290159     
  0.814471112904960       0.167257460685840     
  0.814809412869674       0.167326933000022     
  0.815140210125920       0.167394864579430     
  0.815463658816006       0.167461287078287     
  0.815779909740650       0.167526231464598     
  0.816089110388136       0.167589728026135     
  0.816391404961937       0.167651806376112     
  0.816686934406633       0.167712495458505     
  0.816975836432049       0.167771823553010     
  0.817258245535420       0.167829818279595     
  0.817534293021477       0.167886506602625     
  0.817804107020276       0.167941914834521     
  0.818067812502628       0.167996068638933     
  0.818325531292958       0.168048993033375     
  0.818577382079407       0.168100712391307     
  0.818823480421005       0.168151250443599     
  0.819063938751710       0.168200630279369     
  0.819298866381102       0.168248874346119     
  0.819528369491525       0.168296004449152     
  0.819752551131416       0.168342041750202     
  0.819971511204600       0.168387006765230     
  0.820185346455269       0.168430919361350     
  0.820394150448370       0.168473798752790     
  0.820598013545084       0.168515663495865     
  0.820797022873110       0.168556531482871     
  0.820991262291371       0.168596419934835     
  0.821180812348805       0.168635345393058     
  0.821365750236844       0.168673323709352     
  0.821546149735142       0.168710370034895     
  0.821722081150159       0.168746498807622     
  0.821893611246067       0.168781723738032     
  0.822060803167487       0.168816057793323     
  0.822223716353555       0.168849513179748     
  0.822382406442661       0.168882101323046     
  0.822536925167291       0.168913832846854     
  0.822687320238304       0.168944717548938     
  0.822833635217886       0.168974764375102     
  0.822975909380484       0.169003981390635     
  0.823114177560848       0.169032375749103     
  0.823248469988334       0.169059953658319     
  0.823378812106537       0.169086720343307     
  0.823505224377239       0.169112680006040     
  0.823627722067609       0.169137835781741     
  0.823746315019518       0.169162189691508     
  0.823861007399732       0.169185742591016     
  0.823971797429693       0.169208494115026     
  0.824078677093460       0.169230442617407     
  0.824181631822339       0.169251585106373     
  0.824280640154589       0.169271917174603     
  0.824375673368497       0.169291432923888     
  0.824466695086982       0.169310124883934     
  0.824553660851797       0.169327983924923     
  0.824636517665208       0.169344999163391     
  0.824715203496953       0.169361157860981     
  0.824789646754080       0.169376445315570     
  0.824859765711108       0.169390844744245     
  0.824925467897839       0.169404337157592     
  0.824986649441879       0.169416901224672     
  0.825043194362807       0.169428513128076     
  0.825094973814679       0.169439146408371     
  0.825141845273377       0.169448771797211     
  0.825183651665055       0.169457357038360     
  0.825220220431682       0.169464866695792     
  0.825251362529466       0.169471261948015     
  0.825276871355645       0.169476500367677     
  0.825296521598839       0.169480535685476     
  0.825310068007875       0.169483317537331     
  0.825317244073682       0.169484791193702     
  0.825317760618509       0.169484897269872     
  0.825311304286390       0.169483571415955     
  0.825297535928400       0.169480743985296     
  0.825276088875892       0.169476339679871     
  0.825246567094514       0.169470277171195     
  0.825208543211373       0.169462468695193     
  0.825161556407343       0.169452819619365     
  0.825105110166046       0.169441227980527     
  0.825038669870639       0.169427583991292     
  0.824961660239056       0.169411769513378     
  0.824873462587943       0.169393657495738     
  0.824773411915063       0.169373111375415     
  0.824660793789507       0.169349984438917     
  0.824534841038616       0.169324119141859     
  0.824394730220103       0.169295346384485     
  0.824239577867468       0.169263484740641     
  0.824068436496452       0.169228339637664     
  0.823880290359928       0.169189702484628     
  0.823674050938406       0.169147349746280     
  0.823448552153091       0.169101041960010     
  0.823202545288366       0.169050522693147     
  0.822934693610538       0.168995517437878     
  0.822643566669822       0.168935732441124     
  0.822327634272819       0.168870853466740     
  0.821985260113194       0.168800544487531     
  0.821614695048924       0.168724446304690     
  0.821214070015430       0.168642175092454     
  0.820781388565099       0.168553320866047     
  0.820314519025283       0.168457445871264     
  0.819811186268779       0.168354082894481     
  0.819268963093248       0.168242733492363     
  0.818685261208906       0.168122866141115     
  0.818057321837398       0.167993914305894     
  0.817382205928888       0.167855274431825     
  0.816656784009448       0.167706303859083     
  0.815877725676573       0.167546318665725     
  0.815041488767488       0.167374591443323     
  0.814144308232758       0.167190349012084     
  0.813182184756774       0.166992770083980     
  0.812150873177083       0.166780982884580     
  0.811045870766365       0.166554062746664     
  0.809862405454262       0.166311029691500     
  0.808595424081408       0.166050846016718     
  0.807239580794990       0.165772413913257     
  0.805789225714068       0.165474573137710     
  0.804238394013878       0.165156098770707     
  0.802580795601477       0.164815699096732     
  0.800809805580380       0.164452013645971     
  0.798918455729317       0.164063611444413     
  0.796899427249925       0.163648989524538     
  0.794745045069748       0.163206571755395     
  0.792447274020475       0.162734708057776     
  0.789997717246220       0.162231674077349     
  0.787387617232634       0.161695671395987     
  0.784607859884147       0.161124828369066     
  0.781648982112674       0.160517201683853     
  0.778501183435958       0.159870778741313     
  0.775154342116063       0.159183480970263     
  0.771598036396855       0.158453168188640     
  0.767821571422033       0.157677644131310     
  0.763814012430304       0.156854663266937     
  0.759564224829423       0.155981939027471     
  0.755060921743423       0.155057153572310     
  0.750292719604759       0.154077969204549     
  0.745248202322169       0.153042041548303     
  0.739915994492835       0.151947034583350     
  0.734284844040678       0.150790637615496     
  0.728343714548418       0.149570584237622     
  0.722081887406632       0.148284673306719     
  0.715489073726227       0.146930791925922     
  0.708555535750157       0.145506940377264     
  0.701272217255338       0.144011258900650     
  0.693630882157539       0.142442056157352     
  0.685624260223177       0.140797839152974     
  0.677246198456821       0.139077344325954     
  0.668491816378659       0.137279569434903     
  0.659357663041239       0.135403805803112     
  0.649841873271100       0.133449670403887     
  0.639944320272447       0.131417137198806     
  0.629666761413087       0.129306567075902     
  0.619012973745304       0.127118735679839     
  0.607988875615433       0.124854858385312     
  0.596602630604839       0.122516611642065     
  0.584864730040231       0.120106149918976     
  0.572788050429066       0.117626117498826     
  0.560387882428944       0.115079654427372     
  0.547681928356033       0.112470396001685     
  0.534690265778466       0.109802465293792     
  0.521435275420355       0.107080458345252     
  0.507941532407009       0.104309421833582     
  0.494235660790205       0.101494823197988     
  0.480346152274265       9.864251341346518E-002
  0.466303151082790       9.575868281164443E-002
  0.452138207920688       9.284981055514127E-002
  0.437884006952069       8.992260857051408E-002
  0.423574070586953       8.698396092410651E-002
  0.409242447606256       8.404085977628475E-002
  0.394923390718363       8.110033916537804E-002
  0.380651030002920       7.816940794702830E-002
  0.366459048839289       7.525498324378263E-002
  0.352380368831090       7.236382574209888E-002
  0.338446849928922       6.950247811040366E-002
  0.324689011436744       6.667720770575995E-002
  0.311135778890285       6.389395459354065E-002
  0.297814260953224       6.115828573146555E-002
  0.284749559529975       5.847535597490556E-002
  0.271964615287106       5.584987635360208E-002
  0.259480089753533       5.328608986010049E-002
  0.247314284175143       5.078775478596691E-002
  0.235483094370257       4.835813545103500E-002
  0.223999999999806       4.599999999996014E-002
