    1.000000E+00    1.000000E+00    1.000000E+00    1.000000E+00    1.000000E+00    1.000000E+00
    1.000000E+00    1.000000E+00    1.000000E+00    1.000000E+00    1.000000E+00    1.000000E+00
    1.000000E+00    1.000000E+00    1.000000E+00    1.000000E+00    1.000000E+00    1.000000E+00
    1.000000E+00    1.000000E+00    1.000000E+00    1.000000E+00    1.000000E+00    1.000000E+00
    1.000000E+00    1.000000E+00    1.000000E+00    1.000000E+00    1.000000E+00    1.000000E+00
    1.000000E+00    1.000000E+00    1.000000E+00    1.000000E+00    1.000000E+00    1.000000E+00
    1.000000E+00    1.000000E+00    1.000000E+00    1.000000E+00    1.000000E+00    1.000000E+00
    1.000000E+00    1.000000E+00    1.000000E+00    1.000000E+00    1.000000E+00    1.000000E+00
    1.000000E+00    1.000000E+00    1.000000E+00    1.000000E+00    1.000000E+00    1.000000E+00
    1.000000E+00    1.000000E+00    1.000000E+00    1.000000E+00    1.000000E+00    1.000000E+00
    1.000000E+00    1.000000E+00    1.000000E+00    1.000000E+00    1.000000E+00    1.000000E+00
    1.000000E+00    1.000000E+00    1.000000E+00    1.000000E+00    1.000000E+00    1.000000E+00
    9.999999E-01    9.999999E-01    9.999999E-01    9.999999E-01    9.999999E-01    9.999999E-01
    9.999999E-01    9.999999E-01    9.999999E-01    9.999999E-01    9.999999E-01    9.999999E-01
    9.999999E-01    9.999999E-01    9.999999E-01    9.999999E-01    9.999999E-01    9.999999E-01
    9.999999E-01    9.999999E-01    9.999999E-01    9.999999E-01    9.999999E-01    9.999999E-01
    9.999999E-01    9.999999E-01    9.999999E-01    9.999999E-01    9.999999E-01    9.999999E-01
    9.999999E-01    9.999999E-01    9.999999E-01    9.999999E-01    9.999999E-01    9.999999E-01
    9.999999E-01    9.999999E-01    9.999999E-01    9.999999E-01    9.999999E-01    9.999999E-01
    9.999999E-01    9.999999E-01    9.999999E-01    9.999999E-01    9.999999E-01    9.999999E-01
    9.999999E-01    9.999999E-01    9.999999E-01    9.999999E-01    9.999999E-01    9.999999E-01
    9.999999E-01    9.999999E-01    9.999999E-01    9.999999E-01    9.999999E-01    9.999999E-01
    9.999999E-01    9.999999E-01    9.999999E-01    9.999999E-01    9.999999E-01    9.999999E-01
    9.999999E-01    9.999999E-01    9.999999E-01    9.999999E-01    9.999999E-01    9.999999E-01
    9.999999E-01    9.999999E-01    9.999999E-01    9.999999E-01    9.999999E-01    9.999999E-01
    9.999999E-01    9.999999E-01    9.999999E-01    9.999999E-01    9.999999E-01    9.999999E-01
    9.999998E-01    9.999998E-01    9.999998E-01    9.999998E-01    9.999998E-01    9.999998E-01
    9.999998E-01    9.999998E-01    9.999998E-01    9.999998E-01    9.999998E-01    9.999998E-01
    9.999998E-01    9.999998E-01    9.999998E-01    9.999998E-01    9.999998E-01    9.999998E-01
    9.999998E-01    9.999998E-01    9.999998E-01    9.999998E-01    9.999998E-01    9.999998E-01
    9.999998E-01    9.999998E-01    9.999998E-01    9.999998E-01    9.999998E-01    9.999998E-01
    9.999998E-01    9.999998E-01    9.999998E-01    9.999998E-01    9.999998E-01    9.999998E-01
    9.999998E-01    9.999998E-01    9.999998E-01    9.999998E-01    9.999998E-01    9.999997E-01
    9.999997E-01    9.999997E-01    9.999997E-01    9.999997E-01    9.999997E-01    9.999997E-01
    9.999997E-01    9.999997E-01    9.999997E-01    9.999997E-01    9.999997E-01    9.999997E-01
    9.999997E-01    9.999997E-01    9.999997E-01    9.999997E-01    9.999997E-01    9.999997E-01
    9.999997E-01    9.999997E-01    9.999997E-01    9.999997E-01    9.999997E-01    9.999997E-01
    9.999996E-01    9.999996E-01    9.999996E-01    9.999996E-01    9.999996E-01    9.999996E-01
    9.999996E-01    9.999996E-01    9.999996E-01    9.999996E-01    9.999996E-01    9.999996E-01
    9.999996E-01    9.999996E-01    9.999996E-01    9.999996E-01    9.999996E-01    9.999996E-01
    9.999995E-01    9.999995E-01    9.999995E-01    9.999995E-01    9.999995E-01    9.999995E-01
    9.999995E-01    9.999995E-01    9.999995E-01    9.999995E-01    9.999995E-01    9.999995E-01
    9.999995E-01    9.999995E-01    9.999995E-01    9.999995E-01    9.999995E-01    9.999994E-01
    9.999994E-01    9.999994E-01    9.999994E-01    9.999994E-01    9.999994E-01    9.999994E-01
    9.999994E-01    9.999994E-01    9.999994E-01    9.999994E-01    9.999994E-01    9.999994E-01
    9.999993E-01    9.999993E-01    9.999993E-01    9.999993E-01    9.999993E-01    9.999993E-01
    9.999992E-01    9.999992E-01    9.999992E-01    9.999992E-01    9.999992E-01    9.999992E-01
    9.999992E-01    9.999992E-01    9.999992E-01    9.999992E-01    9.999992E-01    9.999992E-01
    9.999991E-01    9.999991E-01    9.999991E-01    9.999991E-01    9.999991E-01    9.999991E-01
    9.999991E-01    9.999991E-01    9.999991E-01    9.999991E-01    9.999990E-01    9.999990E-01
    9.999990E-01    9.999990E-01    9.999990E-01    9.999990E-01    9.999990E-01    9.999990E-01
    9.999989E-01    9.999989E-01    9.999989E-01    9.999989E-01    9.999989E-01    9.999989E-01
    9.999988E-01    9.999988E-01    9.999988E-01    9.999988E-01    9.999988E-01    9.999988E-01
    9.999987E-01    9.999987E-01    9.999987E-01    9.999987E-01    9.999987E-01    9.999987E-01
    9.999986E-01    9.999986E-01    9.999986E-01    9.999986E-01    9.999986E-01    9.999986E-01
    9.999985E-01    9.999985E-01    9.999985E-01    9.999985E-01    9.999985E-01    9.999985E-01
    9.999984E-01    9.999984E-01    9.999984E-01    9.999984E-01    9.999984E-01    9.999983E-01
    9.999982E-01    9.999982E-01    9.999982E-01    9.999982E-01    9.999982E-01    9.999982E-01
    9.999981E-01    9.999981E-01    9.999981E-01    9.999981E-01    9.999981E-01    9.999980E-01
    9.999979E-01    9.999979E-01    9.999979E-01    9.999979E-01    9.999979E-01    9.999979E-01
    9.999977E-01    9.999977E-01    9.999977E-01    9.999977E-01    9.999977E-01    9.999977E-01
    9.999976E-01    9.999976E-01    9.999976E-01    9.999976E-01    9.999976E-01    9.999975E-01
    9.999974E-01    9.999974E-01    9.999974E-01    9.999974E-01    9.999974E-01    9.999973E-01
    9.999971E-01    9.999971E-01    9.999971E-01    9.999971E-01    9.999971E-01    9.999971E-01
    9.999969E-01    9.999969E-01    9.999969E-01    9.999969E-01    9.999969E-01    9.999968E-01
    9.999967E-01    9.999967E-01    9.999967E-01    9.999967E-01    9.999967E-01    9.999966E-01
    9.999964E-01    9.999964E-01    9.999964E-01    9.999964E-01    9.999964E-01    9.999963E-01
    9.999961E-01    9.999961E-01    9.999961E-01    9.999961E-01    9.999961E-01    9.999959E-01
    9.999958E-01    9.999958E-01    9.999958E-01    9.999958E-01    9.999958E-01    9.999956E-01
    9.999954E-01    9.999954E-01    9.999954E-01    9.999954E-01    9.999954E-01    9.999952E-01
    9.999951E-01    9.999951E-01    9.999951E-01    9.999951E-01    9.999950E-01    9.999948E-01
    9.999947E-01    9.999947E-01    9.999947E-01    9.999946E-01    9.999946E-01    9.999944E-01
    9.999942E-01    9.999942E-01    9.999942E-01    9.999942E-01    9.999942E-01    9.999939E-01
    9.999937E-01    9.999937E-01    9.999937E-01    9.999937E-01    9.999937E-01    9.999934E-01
    9.999932E-01    9.999932E-01    9.999932E-01    9.999932E-01    9.999932E-01    9.999928E-01
    9.999927E-01    9.999927E-01    9.999927E-01    9.999927E-01    9.999926E-01    9.999922E-01
    9.999921E-01    9.999921E-01    9.999921E-01    9.999921E-01    9.999920E-01    9.999915E-01
    9.999914E-01    9.999914E-01    9.999914E-01    9.999914E-01    9.999913E-01    9.999907E-01
    9.999907E-01    9.999907E-01    9.999907E-01    9.999907E-01    9.999906E-01    9.999899E-01
    9.999900E-01    9.999900E-01    9.999900E-01    9.999900E-01    9.999899E-01    9.999890E-01
    9.999892E-01    9.999892E-01    9.999892E-01    9.999891E-01    9.999890E-01    9.999880E-01
    9.999883E-01    9.999883E-01    9.999883E-01    9.999882E-01    9.999881E-01    9.999869E-01
    9.999873E-01    9.999873E-01    9.999873E-01    9.999873E-01    9.999871E-01    9.999857E-01
    9.999863E-01    9.999863E-01    9.999863E-01    9.999862E-01    9.999861E-01    9.999844E-01
    9.999852E-01    9.999852E-01    9.999852E-01    9.999851E-01    9.999849E-01    9.999830E-01
    9.999840E-01    9.999840E-01    9.999840E-01    9.999839E-01    9.999836E-01    9.999814E-01
    9.999826E-01    9.999826E-01    9.999826E-01    9.999826E-01    9.999823E-01    9.999797E-01
    9.999812E-01    9.999812E-01    9.999812E-01    9.999811E-01    9.999808E-01    9.999778E-01
    9.999797E-01    9.999797E-01    9.999797E-01    9.999796E-01    9.999792E-01    9.999757E-01
    9.999780E-01    9.999780E-01    9.999780E-01    9.999779E-01    9.999774E-01    9.999733E-01
    9.999762E-01    9.999762E-01    9.999762E-01    9.999761E-01    9.999755E-01    9.999707E-01
    9.999743E-01    9.999743E-01    9.999743E-01    9.999741E-01    9.999735E-01    9.999678E-01
    9.999722E-01    9.999722E-01    9.999722E-01    9.999720E-01    9.999712E-01    9.999646E-01
    9.999699E-01    9.999699E-01    9.999699E-01    9.999697E-01    9.999688E-01    9.999611E-01
    9.999675E-01    9.999675E-01    9.999675E-01    9.999672E-01    9.999662E-01    9.999571E-01
    9.999648E-01    9.999648E-01    9.999648E-01    9.999645E-01    9.999633E-01    9.999527E-01
    9.999619E-01    9.999619E-01    9.999619E-01    9.999616E-01    9.999602E-01    9.999478E-01
    9.999588E-01    9.999588E-01    9.999588E-01    9.999584E-01    9.999567E-01    9.999422E-01
    9.999555E-01    9.999555E-01    9.999555E-01    9.999550E-01    9.999530E-01    9.999360E-01
    9.999518E-01    9.999518E-01    9.999518E-01    9.999513E-01    9.999490E-01    9.999291E-01
    9.999479E-01    9.999479E-01    9.999479E-01    9.999473E-01    9.999446E-01    9.999213E-01
    9.999437E-01    9.999437E-01    9.999437E-01    9.999429E-01    9.999397E-01    9.999125E-01
    9.999391E-01    9.999391E-01    9.999391E-01    9.999382E-01    9.999345E-01    9.999026E-01
    9.999341E-01    9.999341E-01    9.999341E-01    9.999331E-01    9.999287E-01    9.998915E-01
    9.999287E-01    9.999287E-01    9.999287E-01    9.999275E-01    9.999224E-01    9.998788E-01
    9.999229E-01    9.999229E-01    9.999229E-01    9.999215E-01    9.999155E-01    9.998646E-01
    9.999166E-01    9.999166E-01    9.999166E-01    9.999149E-01    9.999080E-01    9.998483E-01
    9.999098E-01    9.999098E-01    9.999098E-01    9.999079E-01    9.998997E-01    9.998299E-01
    9.999024E-01    9.999024E-01    9.999024E-01    9.999002E-01    9.998906E-01    9.998090E-01
    9.998945E-01    9.998945E-01    9.998944E-01    9.998918E-01    9.998807E-01    9.997852E-01
    9.998858E-01    9.998858E-01    9.998858E-01    9.998828E-01    9.998697E-01    9.997580E-01
    9.998765E-01    9.998765E-01    9.998765E-01    9.998729E-01    9.998577E-01    9.997270E-01
    9.998665E-01    9.998665E-01    9.998664E-01    9.998622E-01    9.998444E-01    9.996915E-01
    9.998556E-01    9.998556E-01    9.998555E-01    9.998506E-01    9.998297E-01    9.996509E-01
    9.998438E-01    9.998438E-01    9.998438E-01    9.998380E-01    9.998136E-01    9.996043E-01
    9.998310E-01    9.998310E-01    9.998310E-01    9.998243E-01    9.997957E-01    9.995509E-01
    9.998173E-01    9.998173E-01    9.998172E-01    9.998094E-01    9.997759E-01    9.994896E-01
    9.998024E-01    9.998024E-01    9.998023E-01    9.997931E-01    9.997540E-01    9.994190E-01
    9.997863E-01    9.997863E-01    9.997862E-01    9.997754E-01    9.997297E-01    9.993379E-01
    9.997688E-01    9.997688E-01    9.997688E-01    9.997562E-01    9.997026E-01    9.992443E-01
    9.997500E-01    9.997500E-01    9.997500E-01    9.997352E-01    9.996726E-01    9.991365E-01
    9.997296E-01    9.997296E-01    9.997296E-01    9.997123E-01    9.996391E-01    9.990120E-01
    9.997076E-01    9.997076E-01    9.997076E-01    9.996874E-01    9.996017E-01    9.988683E-01
    9.996838E-01    9.996838E-01    9.996838E-01    9.996602E-01    9.995599E-01    9.987022E-01
    9.996581E-01    9.996581E-01    9.996580E-01    9.996304E-01    9.995132E-01    9.985100E-01
    9.996303E-01    9.996303E-01    9.996302E-01    9.995979E-01    9.994608E-01    9.982876E-01
    9.996002E-01    9.996002E-01    9.996001E-01    9.995623E-01    9.994020E-01    9.980301E-01
    9.995677E-01    9.995677E-01    9.995676E-01    9.995234E-01    9.993359E-01    9.977317E-01
    9.995326E-01    9.995326E-01    9.995324E-01    9.994808E-01    9.992615E-01    9.973857E-01
    9.994946E-01    9.994946E-01    9.994944E-01    9.994340E-01    9.991776E-01    9.969845E-01
    9.994536E-01    9.994536E-01    9.994534E-01    9.993827E-01    9.990829E-01    9.965189E-01
    9.994092E-01    9.994092E-01    9.994090E-01    9.993264E-01    9.989758E-01    9.959785E-01
    9.993613E-01    9.993613E-01    9.993610E-01    9.992645E-01    9.988546E-01    9.953509E-01
    9.993095E-01    9.993095E-01    9.993092E-01    9.991963E-01    9.987171E-01    9.946221E-01
    9.992536E-01    9.992536E-01    9.992532E-01    9.991213E-01    9.985611E-01    9.937755E-01
    9.991932E-01    9.991931E-01    9.991927E-01    9.990385E-01    9.983837E-01    9.927917E-01
    9.991279E-01    9.991279E-01    9.991274E-01    9.989471E-01    9.981818E-01    9.916484E-01
    9.990574E-01    9.990574E-01    9.990568E-01    9.988461E-01    9.979517E-01    9.903197E-01
    9.989813E-01    9.989812E-01    9.989805E-01    9.987343E-01    9.976892E-01    9.887754E-01
    9.988991E-01    9.988990E-01    9.988982E-01    9.986105E-01    9.973894E-01    9.869806E-01
    9.988103E-01    9.988103E-01    9.988093E-01    9.984732E-01    9.970466E-01    9.848949E-01
    9.987145E-01    9.987145E-01    9.987134E-01    9.983206E-01    9.966542E-01    9.824713E-01
    9.986111E-01    9.986111E-01    9.986098E-01    9.981510E-01    9.962048E-01    9.796558E-01
    9.984996E-01    9.984995E-01    9.984980E-01    9.979622E-01    9.956894E-01    9.763860E-01
    9.983792E-01    9.983791E-01    9.983774E-01    9.977517E-01    9.950981E-01    9.725899E-01
    9.982494E-01    9.982493E-01    9.982473E-01    9.975168E-01    9.944190E-01    9.681848E-01
    9.981094E-01    9.981093E-01    9.981069E-01    9.972542E-01    9.936388E-01    9.630761E-01
    9.979585E-01    9.979584E-01    9.979556E-01    9.969603E-01    9.927418E-01    9.571552E-01
    9.977959E-01    9.977957E-01    9.977925E-01    9.966310E-01    9.917099E-01    9.502987E-01
    9.976206E-01    9.976204E-01    9.976166E-01    9.962616E-01    9.905226E-01    9.423662E-01
    9.974318E-01    9.974316E-01    9.974272E-01    9.958467E-01    9.891557E-01    9.331993E-01
    9.972285E-01    9.972283E-01    9.972231E-01    9.953802E-01    9.875819E-01    9.226197E-01
    9.970097E-01    9.970094E-01    9.970034E-01    9.948550E-01    9.857695E-01    9.104286E-01
    9.967742E-01    9.967739E-01    9.967669E-01    9.942632E-01    9.836821E-01    8.964054E-01
    9.965210E-01    9.965206E-01    9.965125E-01    9.935955E-01    9.812783E-01    8.803084E-01
    9.962487E-01    9.962483E-01    9.962388E-01    9.928417E-01    9.785102E-01    8.618754E-01
    9.959561E-01    9.959556E-01    9.959446E-01    9.919898E-01    9.753237E-01    8.408264E-01
    9.956418E-01    9.956413E-01    9.956284E-01    9.910263E-01    9.716566E-01    8.168684E-01
    9.953045E-01    9.953038E-01    9.952889E-01    9.899358E-01    9.674386E-01    7.897025E-01
    9.949426E-01    9.949418E-01    9.949245E-01    9.887009E-01    9.625900E-01    7.590343E-01
    9.945546E-01    9.945537E-01    9.945335E-01    9.873016E-01    9.570208E-01    7.245899E-01
    9.941389E-01    9.941378E-01    9.941144E-01    9.857155E-01    9.506298E-01    6.861353E-01
    9.936938E-01    9.936926E-01    9.936653E-01    9.839170E-01    9.433038E-01    6.435039E-01
    9.932176E-01    9.932162E-01    9.931845E-01    9.818774E-01    9.349171E-01    5.966295E-01
    9.927086E-01    9.927069E-01    9.926702E-01    9.795643E-01    9.253304E-01    5.455877E-01
    9.921649E-01    9.921630E-01    9.921205E-01    9.769411E-01    9.143912E-01    4.906430E-01
    9.915848E-01    9.915826E-01    9.915334E-01    9.739668E-01    9.019336E-01    4.323012E-01
    9.909664E-01    9.909639E-01    9.909069E-01    9.705958E-01    8.877794E-01    3.713626E-01
    9.903080E-01    9.903050E-01    9.902391E-01    9.667772E-01    8.717397E-01    3.089684E-01
    9.896076E-01    9.896042E-01    9.895280E-01    9.624543E-01    8.536177E-01    2.466322E-01
    9.888635E-01    9.888596E-01    9.887716E-01    9.575648E-01    8.332125E-01    1.862401E-01
    9.880740E-01    9.880694E-01    9.879680E-01    9.520403E-01    8.103254E-01    1.300029E-01
    9.872374E-01    9.872321E-01    9.871152E-01    9.458058E-01    7.847673E-01    8.033985E-02
    9.863521E-01    9.863461E-01    9.862115E-01    9.387803E-01    7.563692E-01    3.967744E-02
    9.854167E-01    9.854098E-01    9.852550E-01    9.308765E-01    7.249952E-01    1.015163E-02
    9.844299E-01    9.844220E-01    9.842442E-01    9.220013E-01    6.905580E-01   -6.774695E-03
    9.833906E-01    9.833815E-01    9.831776E-01    9.120567E-01    6.530381E-01   -1.073911E-02
    9.822978E-01    9.822874E-01    9.820538E-01    9.009406E-01    6.125054E-01   -2.867888E-03
    9.811510E-01    9.811390E-01    9.808718E-01    8.885482E-01    5.691426E-01    1.400486E-02
    9.799496E-01    9.799359E-01    9.796306E-01    8.747744E-01    5.232698E-01    3.544821E-02
    9.786935E-01    9.786779E-01    9.783296E-01    8.595160E-01    4.753678E-01    5.602218E-02
    9.773829E-01    9.773652E-01    9.769685E-01    8.426752E-01    4.260972E-01    7.039263E-02
    9.760184E-01    9.759982E-01    9.755472E-01    8.241634E-01    3.763097E-01    7.482303E-02
    9.746008E-01    9.745779E-01    9.740659E-01    8.039060E-01    3.270465E-01    6.861174E-02
    9.731315E-01    9.731055E-01    9.725253E-01    7.818480E-01    2.795178E-01    5.479361E-02
    9.716120E-01    9.715826E-01    9.709263E-01    7.579603E-01    2.350591E-01    3.941133E-02
    9.700445E-01    9.700113E-01    9.692703E-01    7.322462E-01    1.950578E-01    2.911328E-02
    9.684314E-01    9.683940E-01    9.675589E-01    7.047491E-01    1.608491E-01    2.779969E-02
    9.667756E-01    9.667336E-01    9.657943E-01    6.755596E-01    1.335820E-01    3.412640E-02
    9.650803E-01    9.650332E-01    9.639789E-01    6.448230E-01    1.140653E-01    4.197175E-02
    9.633493E-01    9.632964E-01    9.621155E-01    6.127451E-01    1.026092E-01    4.453071E-02
    9.615864E-01    9.615273E-01    9.602072E-01    5.795974E-01    9.888946E-02    3.968851E-02
    9.597959E-01    9.597300E-01    9.582575E-01    5.457195E-01    1.018679E-01    3.201100E-02
    9.579825E-01    9.579090E-01    9.562702E-01    5.115184E-01    1.098069E-01    2.841420E-02
    9.561508E-01    9.560692E-01    9.542492E-01    4.774639E-01    1.204094E-01    3.082720E-02
    9.543058E-01    9.542154E-01    9.521987E-01    4.440788E-01    1.310995E-01    3.407953E-02
    9.524528E-01    9.523527E-01    9.501230E-01    4.119241E-01    1.394240E-01    3.272968E-02
    9.505967E-01    9.504862E-01    9.480266E-01    3.815772E-01    1.435154E-01    2.853560E-02
    9.487430E-01    9.486212E-01    9.459141E-01    3.536056E-01    1.425109E-01    2.719030E-02
    9.468903E-01    9.467567E-01    9.437829E-01    3.285316E-01    1.367862E-01    2.890760E-02
    9.468141E-01    9.466800E-01    9.436948E-01    3.275626E-01    1.364665E-01    2.896946E-02
    9.467380E-01    9.466033E-01    9.436066E-01    3.265993E-01    1.361414E-01    2.902698E-02
    9.466618E-01    9.465267E-01    9.435184E-01    3.256418E-01    1.358110E-01    2.907985E-02
    9.465857E-01    9.464500E-01    9.434303E-01    3.246901E-01    1.354755E-01    2.912779E-02
    9.465096E-01    9.463734E-01    9.433421E-01    3.237442E-01    1.351350E-01    2.917051E-02
    9.464335E-01    9.462968E-01    9.432539E-01    3.228041E-01    1.347896E-01    2.920777E-02
    9.463574E-01    9.462202E-01    9.431657E-01    3.218698E-01    1.344397E-01    2.923936E-02
    9.462814E-01    9.461437E-01    9.430774E-01    3.209415E-01    1.340852E-01    2.926508E-02
    9.462054E-01    9.460672E-01    9.429892E-01    3.200190E-01    1.337265E-01    2.928477E-02
    9.461294E-01    9.459907E-01    9.429010E-01    3.191025E-01    1.333635E-01    2.929829E-02
    9.460535E-01    9.459142E-01    9.428128E-01    3.181919E-01    1.329966E-01    2.930553E-02
    9.459776E-01    9.458378E-01    9.427245E-01    3.172873E-01    1.326258E-01    2.930642E-02
    9.459017E-01    9.457614E-01    9.426363E-01    3.163887E-01    1.322514E-01    2.930090E-02
    9.458259E-01    9.456850E-01    9.425481E-01    3.154961E-01    1.318735E-01    2.928897E-02
    9.457500E-01    9.456087E-01    9.424598E-01    3.146096E-01    1.314923E-01    2.927062E-02
    9.456743E-01    9.455324E-01    9.423716E-01    3.137291E-01    1.311080E-01    2.924590E-02
    9.455985E-01    9.454561E-01    9.422833E-01    3.128546E-01    1.307207E-01    2.921487E-02
    9.455228E-01    9.453799E-01    9.421951E-01    3.119863E-01    1.303306E-01    2.917764E-02
    9.454472E-01    9.453037E-01    9.421069E-01    3.111241E-01    1.299379E-01    2.913432E-02
    9.453715E-01    9.452275E-01    9.420186E-01    3.102680E-01    1.295428E-01    2.908508E-02
    9.452959E-01    9.451514E-01    9.419304E-01    3.094181E-01    1.291454E-01    2.903009E-02
    9.452204E-01    9.450753E-01    9.418422E-01    3.085744E-01    1.287460E-01    2.896955E-02
    9.451449E-01    9.449993E-01    9.417540E-01    3.077368E-01    1.283447E-01    2.890369E-02
    9.450695E-01    9.449233E-01    9.416658E-01    3.069055E-01    1.279417E-01    2.883277E-02
    9.449941E-01    9.448473E-01    9.415777E-01    3.060804E-01    1.275372E-01    2.875706E-02
    9.449187E-01    9.447714E-01    9.414895E-01    3.052615E-01    1.271313E-01    2.867685E-02
    9.448434E-01    9.446956E-01    9.414013E-01    3.044489E-01    1.267243E-01    2.859246E-02
    9.447681E-01    9.446198E-01    9.413132E-01    3.036426E-01    1.263163E-01    2.850422E-02
    9.446930E-01    9.445440E-01    9.412251E-01    3.028425E-01    1.259075E-01    2.841247E-02
    9.446178E-01    9.444684E-01    9.411370E-01    3.020488E-01    1.254982E-01    2.831758E-02
    9.445427E-01    9.443927E-01    9.410490E-01    3.012614E-01    1.250884E-01    2.821993E-02
    9.444677E-01    9.443172E-01    9.409609E-01    3.004803E-01    1.246783E-01    2.811988E-02
    9.443928E-01    9.442417E-01    9.408729E-01    2.997055E-01    1.242683E-01    2.801784E-02
    9.443179E-01    9.441662E-01    9.407850E-01    2.989372E-01    1.238583E-01    2.791421E-02
    9.442431E-01    9.440908E-01    9.406970E-01    2.981752E-01    1.234487E-01    2.780939E-02
    9.441683E-01    9.440155E-01    9.406091E-01    2.974195E-01    1.230395E-01    2.770379E-02
    9.440937E-01    9.439403E-01    9.405213E-01    2.966703E-01    1.226310E-01    2.759781E-02
    9.440191E-01    9.438652E-01    9.404334E-01    2.959275E-01    1.222234E-01    2.749185E-02
    9.439446E-01    9.437901E-01    9.403457E-01    2.951911E-01    1.218168E-01    2.738632E-02
    9.438701E-01    9.437151E-01    9.402579E-01    2.944611E-01    1.214114E-01    2.728162E-02
    9.437958E-01    9.436402E-01    9.401702E-01    2.937376E-01    1.210075E-01    2.717812E-02
    9.437215E-01    9.435653E-01    9.400826E-01    2.930205E-01    1.206050E-01    2.707622E-02
    9.436474E-01    9.434906E-01    9.399950E-01    2.923099E-01    1.202043E-01    2.697627E-02
    9.435733E-01    9.434159E-01    9.399075E-01    2.916058E-01    1.198056E-01    2.687862E-02
    9.434993E-01    9.433414E-01    9.398200E-01    2.909081E-01    1.194089E-01    2.678363E-02
    9.434254E-01    9.432669E-01    9.397326E-01    2.902169E-01    1.190144E-01    2.669160E-02
    9.433516E-01    9.431926E-01    9.396453E-01    2.895322E-01    1.186224E-01    2.660284E-02
    9.432780E-01    9.431183E-01    9.395580E-01    2.888540E-01    1.182329E-01    2.651762E-02
    9.432044E-01    9.430441E-01    9.394708E-01    2.881823E-01    1.178463E-01    2.643622E-02
    9.431309E-01    9.429701E-01    9.393837E-01    2.875171E-01    1.174625E-01    2.635887E-02
    9.430576E-01    9.428962E-01    9.392966E-01    2.868584E-01    1.170818E-01    2.628578E-02
    9.429843E-01    9.428224E-01    9.392097E-01    2.862062E-01    1.167043E-01    2.621714E-02
    9.429112E-01    9.427487E-01    9.391228E-01    2.855606E-01    1.163302E-01    2.615312E-02
    9.428382E-01    9.426751E-01    9.390360E-01    2.849215E-01    1.159596E-01    2.609384E-02
    9.427654E-01    9.426016E-01    9.389493E-01    2.842889E-01    1.155928E-01    2.603942E-02
    9.426927E-01    9.425283E-01    9.388627E-01    2.836628E-01    1.152297E-01    2.598994E-02
    9.426201E-01    9.424551E-01    9.387761E-01    2.830433E-01    1.148707E-01    2.594545E-02
    9.425476E-01    9.423821E-01    9.386897E-01    2.824304E-01    1.145158E-01    2.590598E-02
    9.424753E-01    9.423092E-01    9.386034E-01    2.818239E-01    1.141651E-01    2.587151E-02
    9.424031E-01    9.422364E-01    9.385172E-01    2.812240E-01    1.138188E-01    2.584203E-02
    9.423311E-01    9.421638E-01    9.384311E-01    2.806307E-01    1.134771E-01    2.581747E-02
    9.422593E-01    9.420913E-01    9.383451E-01    2.800439E-01    1.131400E-01    2.579773E-02
    9.421875E-01    9.420190E-01    9.382593E-01    2.794636E-01    1.128077E-01    2.578272E-02
    9.421160E-01    9.419469E-01    9.381736E-01    2.788899E-01    1.124804E-01    2.577229E-02
    9.420446E-01    9.418749E-01    9.380880E-01    2.783227E-01    1.121580E-01    2.576627E-02
    9.419734E-01    9.418031E-01    9.380025E-01    2.777620E-01    1.118408E-01    2.576448E-02
    9.419024E-01    9.417314E-01    9.379172E-01    2.772079E-01    1.115289E-01    2.576671E-02
    9.418315E-01    9.416600E-01    9.378320E-01    2.766603E-01    1.112223E-01    2.577272E-02
    9.417609E-01    9.415887E-01    9.377469E-01    2.761192E-01    1.109212E-01    2.578228E-02
    9.416904E-01    9.415176E-01    9.376620E-01    2.755847E-01    1.106257E-01    2.579510E-02
    9.416201E-01    9.414467E-01    9.375773E-01    2.750566E-01    1.103358E-01    2.581091E-02
    9.415501E-01    9.413760E-01    9.374927E-01    2.745351E-01    1.100517E-01    2.582941E-02
    9.414802E-01    9.413055E-01    9.374083E-01    2.740201E-01    1.097734E-01    2.585028E-02
    9.414105E-01    9.412352E-01    9.373240E-01    2.735116E-01    1.095011E-01    2.587322E-02
    9.413411E-01    9.411651E-01    9.372400E-01    2.730096E-01    1.092348E-01    2.589789E-02
    9.412718E-01    9.410953E-01    9.371561E-01    2.725141E-01    1.089745E-01    2.592396E-02
    9.412028E-01    9.410257E-01    9.370724E-01    2.720250E-01    1.087205E-01    2.595109E-02
    9.411341E-01    9.409563E-01    9.369889E-01    2.715424E-01    1.084726E-01    2.597895E-02
    9.410655E-01    9.408871E-01    9.369056E-01    2.710663E-01    1.082310E-01    2.600720E-02
    9.409973E-01    9.408182E-01    9.368225E-01    2.705967E-01    1.079958E-01    2.603550E-02
    9.409292E-01    9.407495E-01    9.367396E-01    2.701334E-01    1.077670E-01    2.606354E-02
    9.408615E-01    9.406811E-01    9.366569E-01    2.696766E-01    1.075446E-01    2.609098E-02
    9.407939E-01    9.406130E-01    9.365745E-01    2.692263E-01    1.073287E-01    2.611753E-02
    9.407267E-01    9.405451E-01    9.364922E-01    2.687823E-01    1.071193E-01    2.614288E-02
    9.406597E-01    9.404775E-01    9.364102E-01    2.683447E-01    1.069165E-01    2.616674E-02
    9.405931E-01    9.404101E-01    9.363285E-01    2.679136E-01    1.067202E-01    2.618886E-02
    9.405267E-01    9.403431E-01    9.362470E-01    2.674888E-01    1.065306E-01    2.620897E-02
    9.404606E-01    9.402764E-01    9.361658E-01    2.670703E-01    1.063476E-01    2.622685E-02
    9.403948E-01    9.402099E-01    9.360848E-01    2.666582E-01    1.061712E-01    2.624229E-02
    9.403293E-01    9.401438E-01    9.360041E-01    2.662524E-01    1.060014E-01    2.625510E-02
    9.402642E-01    9.400780E-01    9.359236E-01    2.658530E-01    1.058383E-01    2.626511E-02
    9.401993E-01    9.400125E-01    9.358435E-01    2.654598E-01    1.056818E-01    2.627217E-02
    9.401348E-01    9.399474E-01    9.357636E-01    2.650729E-01    1.055320E-01    2.627618E-02
    9.400707E-01    9.398826E-01    9.356841E-01    2.646923E-01    1.053888E-01    2.627704E-02
    9.400069E-01    9.398181E-01    9.356048E-01    2.643180E-01    1.052522E-01    2.627468E-02
    9.399435E-01    9.397540E-01    9.355259E-01    2.639498E-01    1.051221E-01    2.626907E-02
    9.398804E-01    9.396903E-01    9.354473E-01    2.635879E-01    1.049986E-01    2.626019E-02
    9.398177E-01    9.396269E-01    9.353690E-01    2.632322E-01    1.048817E-01    2.624805E-02
    9.397554E-01    9.395640E-01    9.352911E-01    2.628826E-01    1.047711E-01    2.623269E-02
    9.396935E-01    9.395014E-01    9.352135E-01    2.625392E-01    1.046670E-01    2.621417E-02
    9.396320E-01    9.394392E-01    9.351362E-01    2.622019E-01    1.045693E-01    2.619257E-02
    9.395709E-01    9.393774E-01    9.350594E-01    2.618707E-01    1.044779E-01    2.616800E-02
    9.395102E-01    9.393161E-01    9.349829E-01    2.615457E-01    1.043928E-01    2.614060E-02
    9.394500E-01    9.392552E-01    9.349068E-01    2.612266E-01    1.043138E-01    2.611051E-02
    9.393902E-01    9.391947E-01    9.348311E-01    2.609137E-01    1.042409E-01    2.607790E-02
    9.393308E-01    9.391346E-01    9.347558E-01    2.606067E-01    1.041741E-01    2.604295E-02
    9.392719E-01    9.390751E-01    9.346809E-01    2.603058E-01    1.041133E-01    2.600586E-02
    9.392135E-01    9.390160E-01    9.346064E-01    2.600108E-01    1.040583E-01    2.596684E-02
    9.391556E-01    9.389573E-01    9.345323E-01    2.597217E-01    1.040091E-01    2.592612E-02
    9.390981E-01    9.388992E-01    9.344587E-01    2.594386E-01    1.039656E-01    2.588392E-02
    9.390412E-01    9.388415E-01    9.343856E-01    2.591614E-01    1.039276E-01    2.584048E-02
    9.389847E-01    9.387844E-01    9.343129E-01    2.588900E-01    1.038951E-01    2.579603E-02
    9.389288E-01    9.387277E-01    9.342406E-01    2.586244E-01    1.038680E-01    2.575082E-02
    9.388734E-01    9.386716E-01    9.341689E-01    2.583647E-01    1.038461E-01    2.570509E-02
    9.388185E-01    9.386161E-01    9.340976E-01    2.581108E-01    1.038293E-01    2.565907E-02
    9.387642E-01    9.385610E-01    9.340268E-01    2.578626E-01    1.038175E-01    2.561299E-02
    9.387104E-01    9.385066E-01    9.339566E-01    2.576201E-01    1.038105E-01    2.556708E-02
    9.386572E-01    9.384527E-01    9.338868E-01    2.573833E-01    1.038083E-01    2.552154E-02
    9.386046E-01    9.383993E-01    9.338176E-01    2.571522E-01    1.038107E-01    2.547658E-02
    9.385526E-01    9.383466E-01    9.337489E-01    2.569266E-01    1.038175E-01    2.543238E-02
    9.385011E-01    9.382944E-01    9.336807E-01    2.567067E-01    1.038286E-01    2.538912E-02
    9.384503E-01    9.382429E-01    9.336131E-01    2.564924E-01    1.038438E-01    2.534695E-02
    9.384001E-01    9.381919E-01    9.335461E-01    2.562835E-01    1.038630E-01    2.530600E-02
    9.383505E-01    9.381416E-01    9.334796E-01    2.560802E-01    1.038860E-01    2.526640E-02
    9.383015E-01    9.380919E-01    9.334138E-01    2.558823E-01    1.039127E-01    2.522824E-02
    9.382532E-01    9.380429E-01    9.333485E-01    2.556898E-01    1.039429E-01    2.519161E-02
    9.382055E-01    9.379945E-01    9.332838E-01    2.555027E-01    1.039764E-01    2.515655E-02
    9.381585E-01    9.379468E-01    9.332197E-01    2.553210E-01    1.040131E-01    2.512312E-02
    9.381122E-01    9.378997E-01    9.331562E-01    2.551445E-01    1.040527E-01    2.509132E-02
    9.380666E-01    9.378533E-01    9.330933E-01    2.549733E-01    1.040951E-01    2.506115E-02
    9.380216E-01    9.378076E-01    9.330311E-01    2.548074E-01    1.041402E-01    2.503260E-02
    9.379773E-01    9.377626E-01    9.329695E-01    2.546466E-01    1.041877E-01    2.500563E-02
    9.379338E-01    9.377183E-01    9.329086E-01    2.544910E-01    1.042375E-01    2.498017E-02
    9.378909E-01    9.376747E-01    9.328483E-01    2.543405E-01    1.042893E-01    2.495617E-02
    9.378488E-01    9.376318E-01    9.327887E-01    2.541950E-01    1.043431E-01    2.493354E-02
    9.378074E-01    9.375897E-01    9.327297E-01    2.540546E-01    1.043985E-01    2.491219E-02
    9.377668E-01    9.375483E-01    9.326714E-01    2.539191E-01    1.044554E-01    2.489200E-02
    9.377268E-01    9.375076E-01    9.326138E-01    2.537886E-01    1.045137E-01    2.487287E-02
    9.376877E-01    9.374677E-01    9.325569E-01    2.536629E-01    1.045731E-01    2.485467E-02
    9.376493E-01    9.374285E-01    9.325007E-01    2.535421E-01    1.046334E-01    2.483729E-02
    9.376116E-01    9.373901E-01    9.324452E-01    2.534261E-01    1.046945E-01    2.482059E-02
    9.375747E-01    9.373524E-01    9.323904E-01    2.533148E-01    1.047562E-01    2.480446E-02
    9.375386E-01    9.373155E-01    9.323363E-01    2.532082E-01    1.048182E-01    2.478877E-02
    9.375033E-01    9.372794E-01    9.322829E-01    2.531063E-01    1.048805E-01    2.477340E-02
    9.374687E-01    9.372441E-01    9.322302E-01    2.530089E-01    1.049427E-01    2.475824E-02
    9.374350E-01    9.372096E-01    9.321783E-01    2.529161E-01    1.050048E-01    2.474319E-02
    9.374020E-01    9.371758E-01    9.321271E-01    2.528277E-01    1.050665E-01    2.472814E-02
    9.373698E-01    9.371428E-01    9.320766E-01    2.527438E-01    1.051277E-01    2.471301E-02
    9.373384E-01    9.371107E-01    9.320268E-01    2.526643E-01    1.051882E-01    2.469772E-02
    9.373079E-01    9.370793E-01    9.319778E-01    2.525891E-01    1.052478E-01    2.468221E-02
    9.372781E-01    9.370487E-01    9.319296E-01    2.525182E-01    1.053063E-01    2.466643E-02
    9.372491E-01    9.370190E-01    9.318820E-01    2.524515E-01    1.053637E-01    2.465034E-02
    9.372210E-01    9.369900E-01    9.318352E-01    2.523890E-01    1.054196E-01    2.463390E-02
    9.371936E-01    9.369619E-01    9.317892E-01    2.523305E-01    1.054740E-01    2.461712E-02
    9.371671E-01    9.369345E-01    9.317439E-01    2.522761E-01    1.055268E-01    2.459998E-02
    9.371414E-01    9.369080E-01    9.316993E-01    2.522257E-01    1.055776E-01    2.458249E-02
    9.371165E-01    9.368823E-01    9.316555E-01    2.521792E-01    1.056265E-01    2.456468E-02
    9.370924E-01    9.368574E-01    9.316124E-01    2.521366E-01    1.056733E-01    2.454656E-02
    9.370691E-01    9.368333E-01    9.315701E-01    2.520977E-01    1.057178E-01    2.452819E-02
    9.370466E-01    9.368100E-01    9.315285E-01    2.520626E-01    1.057600E-01    2.450960E-02
    9.370250E-01    9.367875E-01    9.314876E-01    2.520312E-01    1.057996E-01    2.449084E-02
    9.370041E-01    9.367658E-01    9.314475E-01    2.520033E-01    1.058366E-01    2.447196E-02
    9.369841E-01    9.367450E-01    9.314082E-01    2.519790E-01    1.058709E-01    2.445302E-02
    9.369648E-01    9.367249E-01    9.313695E-01    2.519582E-01    1.059024E-01    2.443408E-02
    9.369464E-01    9.367056E-01    9.313316E-01    2.519408E-01    1.059310E-01    2.441518E-02
    9.369288E-01    9.366872E-01    9.312944E-01    2.519267E-01    1.059565E-01    2.439639E-02
    9.369119E-01    9.366695E-01    9.312580E-01    2.519159E-01    1.059790E-01    2.437775E-02
    9.368959E-01    9.366526E-01    9.312223E-01    2.519082E-01    1.059983E-01    2.435930E-02
    9.368807E-01    9.366365E-01    9.311872E-01    2.519038E-01    1.060144E-01    2.434108E-02
    9.368662E-01    9.366212E-01    9.311529E-01    2.519023E-01    1.060272E-01    2.432312E-02
    9.368525E-01    9.366066E-01    9.311193E-01    2.519039E-01    1.060367E-01    2.430545E-02
    9.368396E-01    9.365929E-01    9.310864E-01    2.519083E-01    1.060429E-01    2.428808E-02
    9.368274E-01    9.365798E-01    9.310542E-01    2.519156E-01    1.060456E-01    2.427101E-02
    9.368161E-01    9.365676E-01    9.310227E-01    2.519257E-01    1.060449E-01    2.425425E-02
    9.368054E-01    9.365561E-01    9.309919E-01    2.519385E-01    1.060408E-01    2.423778E-02
    9.367956E-01    9.365454E-01    9.309617E-01    2.519538E-01    1.060333E-01    2.422158E-02
    9.367864E-01    9.365354E-01    9.309322E-01    2.519718E-01    1.060223E-01    2.420564E-02
    9.367781E-01    9.365261E-01    9.309034E-01    2.519921E-01    1.060079E-01    2.418990E-02
    9.367704E-01    9.365176E-01    9.308752E-01    2.520149E-01    1.059901E-01    2.417434E-02
    9.367635E-01    9.365098E-01    9.308477E-01    2.520400E-01    1.059689E-01    2.415891E-02
    9.367573E-01    9.365026E-01    9.308208E-01    2.520673E-01    1.059444E-01    2.414357E-02
    9.367517E-01    9.364963E-01    9.307946E-01    2.520967E-01    1.059166E-01    2.412825E-02
    9.367469E-01    9.364905E-01    9.307690E-01    2.521283E-01    1.058855E-01    2.411292E-02
    9.367428E-01    9.364855E-01    9.307440E-01    2.521618E-01    1.058511E-01    2.409752E-02
    9.367394E-01    9.364812E-01    9.307196E-01    2.521972E-01    1.058137E-01    2.408200E-02
    9.367366E-01    9.364775E-01    9.306958E-01    2.522345E-01    1.057732E-01    2.406631E-02
    9.367346E-01    9.364745E-01    9.306725E-01    2.522735E-01    1.057297E-01    2.405042E-02
    9.367331E-01    9.364722E-01    9.306499E-01    2.523142E-01    1.056833E-01    2.403427E-02
    9.367323E-01    9.364705E-01    9.306278E-01    2.523565E-01    1.056340E-01    2.401785E-02
    9.367322E-01    9.364694E-01    9.306063E-01    2.524002E-01    1.055821E-01    2.400112E-02
    9.367327E-01    9.364690E-01    9.305854E-01    2.524455E-01    1.055275E-01    2.398406E-02
    9.367338E-01    9.364692E-01    9.305649E-01    2.524920E-01    1.054704E-01    2.396668E-02
    9.367355E-01    9.364700E-01    9.305450E-01    2.525398E-01    1.054109E-01    2.394895E-02
    9.367378E-01    9.364713E-01    9.305257E-01    2.525888E-01    1.053492E-01    2.393090E-02
    9.367407E-01    9.364733E-01    9.305068E-01    2.526389E-01    1.052852E-01    2.391253E-02
    9.367442E-01    9.364758E-01    9.304885E-01    2.526900E-01    1.052193E-01    2.389387E-02
    9.367482E-01    9.364789E-01    9.304706E-01    2.527421E-01    1.051514E-01    2.387494E-02
    9.367528E-01    9.364826E-01    9.304532E-01    2.527950E-01    1.050818E-01    2.385579E-02
    9.367580E-01    9.364868E-01    9.304363E-01    2.528487E-01    1.050105E-01    2.383646E-02
    9.367637E-01    9.364915E-01    9.304198E-01    2.529030E-01    1.049377E-01    2.381699E-02
    9.367699E-01    9.364968E-01    9.304038E-01    2.529580E-01    1.048635E-01    2.379744E-02
    9.367766E-01    9.365026E-01    9.303882E-01    2.530134E-01    1.047881E-01    2.377786E-02
    9.367839E-01    9.365089E-01    9.303730E-01    2.530694E-01    1.047116E-01    2.375832E-02
    9.367916E-01    9.365156E-01    9.303583E-01    2.531256E-01    1.046342E-01    2.373886E-02
    9.367998E-01    9.365229E-01    9.303439E-01    2.531822E-01    1.045560E-01    2.371955E-02
    9.368085E-01    9.365306E-01    9.303300E-01    2.532390E-01    1.044771E-01    2.370044E-02
    9.368177E-01    9.365388E-01    9.303164E-01    2.532959E-01    1.043976E-01    2.368158E-02
    9.368273E-01    9.365474E-01    9.303032E-01    2.533528E-01    1.043178E-01    2.366303E-02
    9.368373E-01    9.365565E-01    9.302904E-01    2.534097E-01    1.042377E-01    2.364484E-02
    9.368478E-01    9.365659E-01    9.302779E-01    2.534664E-01    1.041575E-01    2.362703E-02
    9.368587E-01    9.365759E-01    9.302657E-01    2.535230E-01    1.040773E-01    2.360965E-02
    9.368700E-01    9.365862E-01    9.302539E-01    2.535793E-01    1.039972E-01    2.359272E-02
    9.368818E-01    9.365969E-01    9.302424E-01    2.536353E-01    1.039174E-01    2.357625E-02
    9.368938E-01    9.366080E-01    9.302312E-01    2.536908E-01    1.038379E-01    2.356027E-02
    9.369063E-01    9.366194E-01    9.302203E-01    2.537458E-01    1.037589E-01    2.354477E-02
    9.369192E-01    9.366313E-01    9.302096E-01    2.538003E-01    1.036806E-01    2.352976E-02
    9.369324E-01    9.366435E-01    9.301993E-01    2.538541E-01    1.036029E-01    2.351522E-02
    9.369459E-01    9.366560E-01    9.301892E-01    2.539072E-01    1.035261E-01    2.350113E-02
    9.369598E-01    9.366688E-01    9.301794E-01    2.539595E-01    1.034501E-01    2.348747E-02
    9.369740E-01    9.366820E-01    9.301698E-01    2.540109E-01    1.033752E-01    2.347421E-02
    9.369885E-01    9.366955E-01    9.301604E-01    2.540614E-01    1.033013E-01    2.346131E-02
    9.370033E-01    9.367093E-01    9.301513E-01    2.541109E-01    1.032286E-01    2.344874E-02
    9.370184E-01    9.367234E-01    9.301423E-01    2.541593E-01    1.031571E-01    2.343644E-02
    9.370338E-01    9.367377E-01    9.301336E-01    2.542066E-01    1.030869E-01    2.342438E-02
    9.370495E-01    9.367524E-01    9.301251E-01    2.542527E-01    1.030180E-01    2.341250E-02
    9.370655E-01    9.367673E-01    9.301167E-01    2.542976E-01    1.029505E-01    2.340076E-02
    9.370817E-01    9.367824E-01    9.301085E-01    2.543411E-01    1.028845E-01    2.338910E-02
    9.370981E-01    9.367978E-01    9.301005E-01    2.543832E-01    1.028199E-01    2.337749E-02
    9.371148E-01    9.368134E-01    9.300926E-01    2.544239E-01    1.027568E-01    2.336587E-02
    9.371317E-01    9.368292E-01    9.300849E-01    2.544631E-01    1.026953E-01    2.335420E-02
    9.371488E-01    9.368453E-01    9.300773E-01    2.545007E-01    1.026353E-01    2.334245E-02
    9.371661E-01    9.368615E-01    9.300698E-01    2.545367E-01    1.025768E-01    2.333058E-02
    9.371836E-01    9.368780E-01    9.300624E-01    2.545710E-01    1.025199E-01    2.331856E-02
    9.372013E-01    9.368946E-01    9.300552E-01    2.546036E-01    1.024645E-01    2.330637E-02
    9.372192E-01    9.369114E-01    9.300480E-01    2.546344E-01    1.024106E-01    2.329399E-02
    9.372373E-01    9.369284E-01    9.300409E-01    2.546634E-01    1.023583E-01    2.328140E-02
    9.372555E-01    9.369455E-01    9.300339E-01    2.546905E-01    1.023074E-01    2.326862E-02
    9.372739E-01    9.369628E-01    9.300270E-01    2.547157E-01    1.022580E-01    2.325562E-02
    9.372924E-01    9.369802E-01    9.300201E-01    2.547389E-01    1.022100E-01    2.324243E-02
    9.373110E-01    9.369977E-01    9.300133E-01    2.547601E-01    1.021633E-01    2.322905E-02
    9.373298E-01    9.370154E-01    9.300065E-01    2.547793E-01    1.021180E-01    2.321550E-02
    9.373487E-01    9.370332E-01    9.299997E-01    2.547963E-01    1.020739E-01    2.320180E-02
    9.373677E-01    9.370511E-01    9.299930E-01    2.548113E-01    1.020311E-01    2.318798E-02
    9.373868E-01    9.370690E-01    9.299863E-01    2.548240E-01    1.019894E-01    2.317407E-02
    9.374059E-01    9.370871E-01    9.299796E-01    2.548346E-01    1.019487E-01    2.316008E-02
    9.374252E-01    9.371053E-01    9.299729E-01    2.548429E-01    1.019091E-01    2.314607E-02
    9.374446E-01    9.371235E-01    9.299661E-01    2.548490E-01    1.018704E-01    2.313205E-02
    9.374640E-01    9.371418E-01    9.299594E-01    2.548528E-01    1.018325E-01    2.311805E-02
    9.374835E-01    9.371601E-01    9.299526E-01    2.548542E-01    1.017955E-01    2.310411E-02
    9.375030E-01    9.371785E-01    9.299459E-01    2.548533E-01    1.017591E-01    2.309026E-02
    9.375226E-01    9.371969E-01    9.299390E-01    2.548501E-01    1.017233E-01    2.307651E-02
    9.375422E-01    9.372154E-01    9.299322E-01    2.548444E-01    1.016881E-01    2.306288E-02
    9.375618E-01    9.372339E-01    9.299252E-01    2.548363E-01    1.016533E-01    2.304939E-02
    9.375815E-01    9.372524E-01    9.299182E-01    2.548258E-01    1.016188E-01    2.303605E-02
    9.376012E-01    9.372710E-01    9.299112E-01    2.548129E-01    1.015847E-01    2.302287E-02
    9.376209E-01    9.372895E-01    9.299040E-01    2.547975E-01    1.015507E-01    2.300983E-02
    9.376406E-01    9.373080E-01    9.298968E-01    2.547796E-01    1.015168E-01    2.299695E-02
    9.376603E-01    9.373266E-01    9.298895E-01    2.547592E-01    1.014829E-01    2.298419E-02
    9.376800E-01    9.373451E-01    9.298821E-01    2.547363E-01    1.014490E-01    2.297156E-02
    9.376996E-01    9.373636E-01    9.298746E-01    2.547110E-01    1.014150E-01    2.295903E-02
    9.377193E-01    9.373820E-01    9.298670E-01    2.546831E-01    1.013807E-01    2.294657E-02
    9.377389E-01    9.374004E-01    9.298593E-01    2.546527E-01    1.013462E-01    2.293417E-02
    9.377584E-01    9.374188E-01    9.298514E-01    2.546199E-01    1.013112E-01    2.292179E-02
    9.377780E-01    9.374372E-01    9.298434E-01    2.545845E-01    1.012759E-01    2.290942E-02
    9.377974E-01    9.374554E-01    9.298353E-01    2.545466E-01    1.012401E-01    2.289702E-02
    9.378169E-01    9.374737E-01    9.298270E-01    2.545062E-01    1.012037E-01    2.288458E-02
    9.378362E-01    9.374918E-01    9.298186E-01    2.544633E-01    1.011668E-01    2.287207E-02
    9.378555E-01    9.375099E-01    9.298101E-01    2.544180E-01    1.011292E-01    2.285947E-02
    9.378747E-01    9.375279E-01    9.298013E-01    2.543702E-01    1.010909E-01    2.284678E-02
    9.378939E-01    9.375459E-01    9.297925E-01    2.543199E-01    1.010519E-01    2.283399E-02
    9.379129E-01    9.375637E-01    9.297834E-01    2.542672E-01    1.010122E-01    2.282111E-02
    9.379319E-01    9.375814E-01    9.297742E-01    2.542120E-01    1.009717E-01    2.280813E-02
    9.379508E-01    9.375991E-01    9.297648E-01    2.541544E-01    1.009303E-01    2.279506E-02
    9.379695E-01    9.376166E-01    9.297552E-01    2.540945E-01    1.008882E-01    2.278195E-02
    9.379882E-01    9.376340E-01    9.297454E-01    2.540322E-01    1.008452E-01    2.276879E-02
    9.380068E-01    9.376514E-01    9.297354E-01    2.539675E-01    1.008013E-01    2.275564E-02
    9.380252E-01    9.376686E-01    9.297252E-01    2.539005E-01    1.007567E-01    2.274252E-02
    9.380435E-01    9.376856E-01    9.297148E-01    2.538312E-01    1.007112E-01    2.272947E-02
    9.380617E-01    9.377026E-01    9.297042E-01    2.537597E-01    1.006649E-01    2.271654E-02
    9.380797E-01    9.377194E-01    9.296934E-01    2.536859E-01    1.006177E-01    2.270376E-02
    9.380977E-01    9.377360E-01    9.296823E-01    2.536099E-01    1.005699E-01    2.269117E-02
    9.381154E-01    9.377526E-01    9.296711E-01    2.535317E-01    1.005212E-01    2.267883E-02
    9.381331E-01    9.377689E-01    9.296596E-01    2.534514E-01    1.004719E-01    2.266675E-02
    9.381506E-01    9.377851E-01    9.296478E-01    2.533690E-01    1.004219E-01    2.265498E-02
    9.381679E-01    9.378012E-01    9.296358E-01    2.532845E-01    1.003712E-01    2.264354E-02
    9.381851E-01    9.378171E-01    9.296236E-01    2.531980E-01    1.003200E-01    2.263244E-02
    9.382021E-01    9.378328E-01    9.296112E-01    2.531095E-01    1.002682E-01    2.262169E-02
    9.382189E-01    9.378484E-01    9.295984E-01    2.530191E-01    1.002160E-01    2.261129E-02
    9.382356E-01    9.378638E-01    9.295855E-01    2.529268E-01    1.001634E-01    2.260124E-02
    9.382521E-01    9.378790E-01    9.295722E-01    2.528326E-01    1.001104E-01    2.259151E-02
    9.382684E-01    9.378940E-01    9.295587E-01    2.527366E-01    1.000571E-01    2.258208E-02
    9.382846E-01    9.379089E-01    9.295449E-01    2.526388E-01    1.000036E-01    2.257292E-02
    9.383005E-01    9.379235E-01    9.295309E-01    2.525393E-01    9.994997E-02    2.256397E-02
    9.383163E-01    9.379380E-01    9.295166E-01    2.524381E-01    9.989627E-02    2.255520E-02
    9.383318E-01    9.379522E-01    9.295020E-01    2.523353E-01    9.984257E-02    2.254656E-02
    9.383472E-01    9.379663E-01    9.294871E-01    2.522309E-01    9.978894E-02    2.253798E-02
    9.383624E-01    9.379801E-01    9.294720E-01    2.521250E-01    9.973548E-02    2.252941E-02
    9.383773E-01    9.379938E-01    9.294565E-01    2.520176E-01    9.968224E-02    2.252080E-02
    9.383921E-01    9.380072E-01    9.294408E-01    2.519088E-01    9.962931E-02    2.251210E-02
    9.384067E-01    9.380204E-01    9.294247E-01    2.517987E-01    9.957676E-02    2.250325E-02
    9.385384E-01    9.381389E-01    9.292498E-01    2.506491E-01    9.909331E-02    2.240340E-02
    9.386466E-01    9.382334E-01    9.290430E-01    2.494263E-01    9.871076E-02    2.229374E-02
    9.387292E-01    9.383018E-01    9.288022E-01    2.481854E-01    9.844804E-02    2.219884E-02
    9.387844E-01    9.383426E-01    9.285260E-01    2.469773E-01    9.827793E-02    2.210644E-02
    9.388111E-01    9.383545E-01    9.282131E-01    2.458439E-01    9.814155E-02    2.201924E-02
    9.388085E-01    9.383367E-01    9.278629E-01    2.448145E-01    9.797604E-02    2.194622E-02
    9.387763E-01    9.382889E-01    9.274750E-01    2.439037E-01    9.774118E-02    2.186588E-02
    9.387142E-01    9.382109E-01    9.270495E-01    2.431111E-01    9.743216E-02    2.177997E-02
    9.386225E-01    9.381028E-01    9.265864E-01    2.424228E-01    9.707483E-02    2.170641E-02
    9.385014E-01    9.379651E-01    9.260865E-01    2.418141E-01    9.670913E-02    2.163789E-02
    9.383516E-01    9.377983E-01    9.255502E-01    2.412546E-01    9.637044E-02    2.157108E-02
    9.381738E-01    9.376030E-01    9.249786E-01    2.407127E-01    9.607725E-02    2.150829E-02
    9.379688E-01    9.373803E-01    9.243725E-01    2.401607E-01    9.582803E-02    2.143906E-02
    9.377375E-01    9.371309E-01    9.237332E-01    2.395795E-01    9.560638E-02    2.137690E-02
    9.374812E-01    9.368561E-01    9.230618E-01    2.389606E-01    9.539183E-02    2.132310E-02
    9.372008E-01    9.365569E-01    9.223596E-01    2.383076E-01    9.517220E-02    2.126594E-02
    9.368975E-01    9.362345E-01    9.216280E-01    2.376343E-01    9.495148E-02    2.121229E-02
    9.365726E-01    9.358902E-01    9.208685E-01    2.369623E-01    9.474635E-02    2.115610E-02
    9.362273E-01    9.355251E-01    9.200824E-01    2.363157E-01    9.457082E-02    2.110740E-02
    9.358629E-01    9.351406E-01    9.192712E-01    2.357173E-01    9.441915E-02    2.106150E-02
    9.354806E-01    9.347378E-01    9.184364E-01    2.351833E-01    9.426395E-02    2.101294E-02
    9.350816E-01    9.343182E-01    9.175795E-01    2.347210E-01    9.407633E-02    2.096730E-02
    9.346673E-01    9.338828E-01    9.167020E-01    2.343273E-01    9.385347E-02    2.092333E-02
    9.342389E-01    9.334330E-01    9.158052E-01    2.339900E-01    9.362601E-02    2.088434E-02
    9.337975E-01    9.329700E-01    9.148907E-01    2.336903E-01    9.343302E-02    2.084194E-02
    9.333444E-01    9.324949E-01    9.139598E-01    2.334072E-01    9.328632E-02    2.080291E-02
    9.328806E-01    9.320090E-01    9.130140E-01    2.331218E-01    9.316138E-02    2.076543E-02
    9.324073E-01    9.315132E-01    9.120547E-01    2.328201E-01    9.302600E-02    2.073086E-02
    9.319256E-01    9.310087E-01    9.110831E-01    2.324956E-01    9.287468E-02    2.069407E-02
    9.314365E-01    9.304966E-01    9.101006E-01    2.321491E-01    9.272837E-02    2.066081E-02
    9.309410E-01    9.299779E-01    9.091085E-01    2.317870E-01    9.260202E-02    2.062878E-02
    9.304401E-01    9.294534E-01    9.081079E-01    2.314189E-01    9.248338E-02    2.059762E-02
    9.299346E-01    9.289242E-01    9.071001E-01    2.310546E-01    9.235061E-02    2.056606E-02
    9.294256E-01    9.283911E-01    9.060862E-01    2.307018E-01    9.220324E-02    2.053813E-02
    9.289137E-01    9.278550E-01    9.050673E-01    2.303656E-01    9.206355E-02    2.050947E-02
    9.283998E-01    9.273166E-01    9.040446E-01    2.300475E-01    9.194840E-02    2.048194E-02
    9.278846E-01    9.267768E-01    9.030190E-01    2.297472E-01    9.185117E-02    2.045588E-02
    9.273689E-01    9.262361E-01    9.019916E-01    2.294630E-01    9.175384E-02    2.043063E-02
    9.268533E-01    9.256954E-01    9.009634E-01    2.291929E-01    9.165021E-02    2.040573E-02
    9.263384E-01    9.251552E-01    8.999352E-01    2.289352E-01    9.154404E-02    2.038205E-02
    9.258249E-01    9.246162E-01    8.989079E-01    2.286878E-01    9.144273E-02    2.035957E-02
    9.253133E-01    9.240789E-01    8.978825E-01    2.284491E-01    9.134621E-02    2.033685E-02
    9.248041E-01    9.235438E-01    8.968597E-01    2.282177E-01    9.124946E-02    2.031575E-02
    9.242978E-01    9.230114E-01    8.958403E-01    2.279931E-01    9.115273E-02    2.029526E-02
    9.237949E-01    9.224822E-01    8.948252E-01    2.277763E-01    9.106518E-02    2.027488E-02
    9.232957E-01    9.219567E-01    8.938150E-01    2.275692E-01    9.099078E-02    2.025588E-02
    9.228008E-01    9.214351E-01    8.928104E-01    2.273735E-01    9.091724E-02    2.023711E-02
    9.223103E-01    9.209179E-01    8.918121E-01    2.271892E-01    9.083410E-02    2.021904E-02
    9.218247E-01    9.204054E-01    8.908208E-01    2.270137E-01    9.075077E-02    2.020167E-02
    9.213442E-01    9.198979E-01    8.898370E-01    2.268416E-01    9.067736E-02    2.018470E-02
    9.208692E-01    9.193958E-01    8.888614E-01    2.266670E-01    9.060660E-02    2.016863E-02
    9.203999E-01    9.188991E-01    8.878945E-01    2.264866E-01    9.053431E-02    2.015259E-02
    9.199365E-01    9.184083E-01    8.869368E-01    2.263020E-01    9.046940E-02    2.013743E-02
    9.194792E-01    9.179234E-01    8.859890E-01    2.261192E-01    9.040978E-02    2.012277E-02
    9.190282E-01    9.174447E-01    8.850514E-01    2.259461E-01    9.034690E-02    2.010844E-02
    9.185836E-01    9.169723E-01    8.841245E-01    2.257883E-01    9.028090E-02    2.009471E-02
    9.181457E-01    9.165065E-01    8.832089E-01    2.256457E-01    9.022112E-02    2.008122E-02
    9.177145E-01    9.160472E-01    8.823049E-01    2.255127E-01    9.016570E-02    2.006848E-02
    9.172901E-01    9.155947E-01    8.814130E-01    2.253824E-01    9.011095E-02    2.005591E-02
    9.168726E-01    9.151491E-01    8.805335E-01    2.252504E-01    9.005847E-02    2.004396E-02
    9.164621E-01    9.147103E-01    8.796669E-01    2.251181E-01    9.000820E-02    2.003216E-02
    9.160587E-01    9.142785E-01    8.788134E-01    2.249900E-01    8.995655E-02    2.002094E-02
    9.156624E-01    9.138537E-01    8.779735E-01    2.248701E-01    8.990516E-02    2.000991E-02
    9.152732E-01    9.134359E-01    8.771475E-01    2.247579E-01    8.985976E-02    1.999941E-02
    9.148912E-01    9.130253E-01    8.763356E-01    2.246490E-01    8.981620E-02    1.998910E-02
    9.145163E-01    9.126217E-01    8.755382E-01    2.245387E-01    8.977132E-02    1.997928E-02
    9.141486E-01    9.122252E-01    8.747556E-01    2.244263E-01    8.972931E-02    1.996964E-02
    9.137881E-01    9.118359E-01    8.739879E-01    2.243152E-01    8.968655E-02    1.996042E-02
    9.134347E-01    9.114536E-01    8.732355E-01    2.242102E-01    8.964575E-02    1.995140E-02
    9.130884E-01    9.110783E-01    8.724986E-01    2.241134E-01    8.960912E-02    1.994275E-02
    9.127491E-01    9.107101E-01    8.717774E-01    2.240230E-01    8.957192E-02    1.993433E-02
    9.124169E-01    9.103489E-01    8.710721E-01    2.239358E-01    8.953491E-02    1.992619E-02
    9.120917E-01    9.099945E-01    8.703829E-01    2.238497E-01    8.949966E-02    1.991829E-02
    9.117733E-01    9.096471E-01    8.697099E-01    2.237649E-01    8.946517E-02    1.991068E-02
    9.114619E-01    9.093065E-01    8.690533E-01    2.236823E-01    8.943298E-02    1.990332E-02
    9.111572E-01    9.089726E-01    8.684133E-01    2.236022E-01    8.940181E-02    1.989618E-02
    9.108592E-01    9.086454E-01    8.677899E-01    2.235246E-01    8.936982E-02    1.988926E-02
    9.105679E-01    9.083248E-01    8.671832E-01    2.234492E-01    8.934007E-02    1.988259E-02
    9.102831E-01    9.080108E-01    8.665934E-01    2.233755E-01    8.931114E-02    1.987611E-02
    9.100047E-01    9.077032E-01    8.660205E-01    2.233038E-01    8.928360E-02    1.986985E-02
    9.097328E-01    9.074020E-01    8.654645E-01    2.232347E-01    8.925643E-02    1.986377E-02
    9.094671E-01    9.071070E-01    8.649255E-01    2.231693E-01    8.922938E-02    1.985787E-02
    9.092076E-01    9.068182E-01    8.644034E-01    2.231077E-01    8.920438E-02    1.985219E-02
    9.089542E-01    9.065355E-01    8.638983E-01    2.230480E-01    8.917979E-02    1.984669E-02
    9.087068E-01    9.062588E-01    8.634100E-01    2.229882E-01    8.915609E-02    1.984128E-02
    9.084653E-01    9.059880E-01    8.629387E-01    2.229286E-01    8.913246E-02    1.983616E-02
    9.082295E-01    9.057230E-01    8.624841E-01    2.228715E-01    8.911032E-02    1.983117E-02
    9.079995E-01    9.054637E-01    8.620462E-01    2.228162E-01    8.908879E-02    1.982632E-02
    9.077750E-01    9.052099E-01    8.616248E-01    2.227649E-01    8.906762E-02    1.982162E-02
    9.075560E-01    9.049617E-01    8.612199E-01    2.227131E-01    8.904705E-02    1.981707E-02
    9.073423E-01    9.047188E-01    8.608311E-01    2.226634E-01    8.902757E-02    1.981266E-02
    9.071338E-01    9.044812E-01    8.604584E-01    2.226165E-01    8.900844E-02    1.980840E-02
    9.069305E-01    9.042487E-01    8.601016E-01    2.225714E-01    8.898977E-02    1.980426E-02
    9.067322E-01    9.040212E-01    8.597603E-01    2.225261E-01    8.897175E-02    1.980025E-02
    9.065388E-01    9.037987E-01    8.594343E-01    2.224814E-01    8.895454E-02    1.979636E-02
    9.063501E-01    9.035811E-01    8.591233E-01    2.224388E-01    8.893749E-02    1.979259E-02
    9.061661E-01    9.033681E-01    8.588269E-01    2.223980E-01    8.892114E-02    1.978894E-02
    9.059867E-01    9.031597E-01    8.585450E-01    2.223583E-01    8.890529E-02    1.978540E-02
    9.058117E-01    9.029558E-01    8.582770E-01    2.223198E-01    8.888993E-02    1.978173E-02
    9.056410E-01    9.027562E-01    8.580226E-01    2.222826E-01    8.887453E-02    1.977863E-02
    9.054744E-01    9.025609E-01    8.577814E-01    2.222466E-01    8.886037E-02    1.977540E-02
    9.053119E-01    9.023697E-01    8.575530E-01    2.222112E-01    8.884635E-02    1.977225E-02
    9.051534E-01    9.021825E-01    8.573368E-01    2.221764E-01    8.883254E-02    1.976921E-02
    9.049986E-01    9.019991E-01    8.571324E-01    2.221428E-01    8.881939E-02    1.976624E-02
    9.048475E-01    9.018195E-01    8.569393E-01    2.221108E-01    8.880636E-02    1.976336E-02
    9.047000E-01    9.016435E-01    8.567571E-01    2.220797E-01    8.879378E-02    1.976060E-02
    9.045558E-01    9.014710E-01    8.565850E-01    2.220489E-01    8.878164E-02    1.975785E-02
    9.044150E-01    9.013019E-01    8.564227E-01    2.220191E-01    8.876961E-02    1.975517E-02
    9.042772E-01    9.011359E-01    8.562695E-01    2.219901E-01    8.875803E-02    1.975258E-02
    9.041424E-01    9.009731E-01    8.561249E-01    2.219613E-01    8.874674E-02    1.975006E-02
    9.040104E-01    9.008131E-01    8.559882E-01    2.219337E-01    8.873559E-02    1.974759E-02
    9.038811E-01    9.006559E-01    8.558589E-01    2.219069E-01    8.872484E-02    1.974518E-02
    9.037543E-01    9.005014E-01    8.557364E-01    2.218804E-01    8.871426E-02    1.974282E-02
    9.036299E-01    9.003492E-01    8.556200E-01    2.218544E-01    8.870387E-02    1.974052E-02
    9.035076E-01    9.001994E-01    8.555092E-01    2.218289E-01    8.869371E-02    1.973825E-02
    9.033872E-01    9.000516E-01    8.554033E-01    2.218038E-01    8.868369E-02    1.973603E-02
    9.032687E-01    8.999058E-01    8.553017E-01    2.217792E-01    8.867364E-02    1.973389E-02
    9.031517E-01    8.997617E-01    8.552039E-01    2.217551E-01    8.866415E-02    1.973167E-02
    9.030362E-01    8.996190E-01    8.551092E-01    2.217311E-01    8.865455E-02    1.972952E-02
    9.029217E-01    8.994777E-01    8.550170E-01    2.217071E-01    8.864505E-02    1.972741E-02
    9.028081E-01    8.993374E-01    8.549267E-01    2.216835E-01    8.863562E-02    1.972532E-02
    9.026952E-01    8.991979E-01    8.548378E-01    2.216600E-01    8.862622E-02    1.972322E-02
    9.025827E-01    8.990589E-01    8.547498E-01    2.216365E-01    8.861680E-02    1.972113E-02
    9.024702E-01    8.989202E-01    8.546619E-01    2.216131E-01    8.860739E-02    1.971903E-02
    9.023575E-01    8.987814E-01    8.545738E-01    2.215892E-01    8.859791E-02    1.971690E-02
    9.022443E-01    8.986423E-01    8.544848E-01    2.215653E-01    8.858837E-02    1.971480E-02
    9.021301E-01    8.985023E-01    8.543944E-01    2.215412E-01    8.857868E-02    1.971264E-02
    9.020145E-01    8.983612E-01    8.543021E-01    2.215166E-01    8.856888E-02    1.971045E-02
    9.018972E-01    8.982186E-01    8.542074E-01    2.214915E-01    8.855883E-02    1.970822E-02
    9.017777E-01    8.980740E-01    8.541097E-01    2.214658E-01    8.854857E-02    1.970593E-02
    9.016555E-01    8.979268E-01    8.540085E-01    2.214393E-01    8.853800E-02    1.970358E-02
    9.015301E-01    8.977767E-01    8.539033E-01    2.214121E-01    8.852708E-02    1.970115E-02
    9.014008E-01    8.976229E-01    8.537936E-01    2.213837E-01    8.851574E-02    1.969863E-02
    9.012670E-01    8.974649E-01    8.536786E-01    2.213542E-01    8.850395E-02    1.969601E-02
    9.011281E-01    8.973020E-01    8.535579E-01    2.213233E-01    8.849162E-02    1.969320E-02
    9.009832E-01    8.971334E-01    8.534308E-01    2.212910E-01    8.847868E-02    1.969038E-02
    9.008316E-01    8.969584E-01    8.532966E-01    2.212569E-01    8.846506E-02    1.968734E-02
    9.006724E-01    8.967759E-01    8.531544E-01    2.212209E-01    8.845064E-02    1.968414E-02
    9.005045E-01    8.965852E-01    8.530035E-01    2.211825E-01    8.843539E-02    1.968074E-02
    9.003269E-01    8.963850E-01    8.528431E-01    2.211419E-01    8.841908E-02    1.967713E-02
    9.001384E-01    8.961742E-01    8.526719E-01    2.210985E-01    8.840171E-02    1.967325E-02
    8.999377E-01    8.959516E-01    8.524891E-01    2.210499E-01    8.838312E-02    1.966911E-02
    8.997235E-01    8.957157E-01    8.522932E-01    2.210019E-01    8.836315E-02    1.966467E-02
    8.994942E-01    8.954651E-01    8.520830E-01    2.209484E-01    8.834143E-02    1.965990E-02
    8.992481E-01    8.951981E-01    8.518570E-01    2.208905E-01    8.831856E-02    1.965474E-02
    8.989833E-01    8.949128E-01    8.516134E-01    2.208280E-01    8.829336E-02    1.964918E-02
    8.986979E-01    8.946073E-01    8.513503E-01    2.207604E-01    8.826652E-02    1.964316E-02
    8.983897E-01    8.942794E-01    8.510659E-01    2.206870E-01    8.823720E-02    1.963662E-02
    8.980563E-01    8.939267E-01    8.507576E-01    2.206066E-01    8.820538E-02    1.962956E-02
    8.976951E-01    8.935466E-01    8.504232E-01    2.205210E-01    8.817089E-02    1.962186E-02
    8.973031E-01    8.931363E-01    8.500598E-01    2.204269E-01    8.813319E-02    1.961356E-02
    8.968774E-01    8.926927E-01    8.496645E-01    2.203244E-01    8.809222E-02    1.960437E-02
    8.964144E-01    8.922124E-01    8.492340E-01    2.202128E-01    8.804757E-02    1.959444E-02
    8.959106E-01    8.916917E-01    8.487647E-01    2.200910E-01    8.799889E-02    1.958363E-02
    8.953618E-01    8.911267E-01    8.482527E-01    2.199581E-01    8.794553E-02    1.957178E-02
    8.947637E-01    8.905130E-01    8.476938E-01    2.198129E-01    8.788778E-02    1.955888E-02
    8.941115E-01    8.898458E-01    8.470835E-01    2.196547E-01    8.782445E-02    1.954255E-02
    8.934001E-01    8.891200E-01    8.464168E-01    2.194817E-01    8.775532E-02    1.952939E-02
    8.926238E-01    8.883301E-01    8.456883E-01    2.192927E-01    8.767972E-02    1.951258E-02
    8.917767E-01    8.874700E-01    8.448923E-01    2.190862E-01    8.759718E-02    1.949420E-02
    8.908520E-01    8.865332E-01    8.440226E-01    2.188607E-01    8.750696E-02    1.947413E-02
    8.898429E-01    8.855128E-01    8.430724E-01    2.186143E-01    8.740846E-02    1.945221E-02
    8.887417E-01    8.844011E-01    8.420345E-01    2.183453E-01    8.730089E-02    1.942827E-02
    8.875403E-01    8.831901E-01    8.409013E-01    2.180515E-01    8.718343E-02    1.940213E-02
    8.862298E-01    8.818710E-01    8.396645E-01    2.177309E-01    8.705527E-02    1.937363E-02
    8.848010E-01    8.804346E-01    8.383153E-01    2.173812E-01    8.691543E-02    1.934249E-02
    8.832439E-01    8.788710E-01    8.368443E-01    2.169999E-01    8.676300E-02    1.930862E-02
    8.815481E-01    8.771696E-01    8.352415E-01    2.165845E-01    8.659689E-02    1.927160E-02
    8.797022E-01    8.753195E-01    8.334964E-01    2.161322E-01    8.641604E-02    1.923135E-02
    8.776945E-01    8.733088E-01    8.315978E-01    2.156400E-01    8.621926E-02    1.918756E-02
    8.755128E-01    8.711253E-01    8.295342E-01    2.151050E-01    8.600539E-02    1.913995E-02
    8.731440E-01    8.687562E-01    8.272932E-01    2.145240E-01    8.577305E-02    1.908826E-02
    8.705748E-01    8.661881E-01    8.248622E-01    2.138938E-01    8.552106E-02    1.903218E-02
    8.677914E-01    8.634073E-01    8.222282E-01    2.132108E-01    8.524799E-02    1.897146E-02
    8.647796E-01    8.603997E-01    8.193776E-01    2.124717E-01    8.495266E-02    1.890564E-02
    8.615250E-01    8.571509E-01    8.162968E-01    2.116728E-01    8.463305E-02    1.883456E-02
    8.580129E-01    8.536465E-01    8.129720E-01    2.108107E-01    8.428835E-02    1.875784E-02
    8.542288E-01    8.498718E-01    8.093892E-01    2.098816E-01    8.391686E-02    1.867518E-02
    8.501583E-01    8.458125E-01    8.055348E-01    2.088821E-01    8.351726E-02    1.858623E-02
    8.457871E-01    8.414546E-01    8.013954E-01    2.078088E-01    8.308809E-02    1.849073E-02
    8.411018E-01    8.367845E-01    7.969581E-01    2.066578E-01    8.262804E-02    1.838835E-02
    8.360893E-01    8.317893E-01    7.922105E-01    2.054271E-01    8.213582E-02    1.827879E-02
    8.307376E-01    8.264571E-01    7.871414E-01    2.041126E-01    8.161026E-02    1.816185E-02
    8.250359E-01    8.207771E-01    7.817404E-01    2.027121E-01    8.105030E-02    1.803724E-02
    8.189746E-01    8.147396E-01    7.759984E-01    2.012232E-01    8.045519E-02    1.790475E-02
    8.125457E-01    8.083369E-01    7.699079E-01    1.996439E-01    7.982355E-02    1.776424E-02
    8.057430E-01    8.015625E-01    7.634630E-01    1.979728E-01    7.915536E-02    1.761553E-02
    7.985621E-01    7.944124E-01    7.566596E-01    1.962086E-01    7.845018E-02    1.745856E-02
    7.910008E-01    7.868842E-01    7.494957E-01    1.943509E-01    7.770730E-02    1.729327E-02
    7.830592E-01    7.789779E-01    7.419712E-01    1.923999E-01    7.692717E-02    1.711966E-02
    7.747396E-01    7.706959E-01    7.340884E-01    1.903558E-01    7.610990E-02    1.693778E-02
    7.660466E-01    7.620428E-01    7.258517E-01    1.882200E-01    7.525595E-02    1.674774E-02
    7.569875E-01    7.530257E-01    7.172679E-01    1.859942E-01    7.436622E-02    1.654969E-02
    7.475716E-01    7.436541E-01    7.083460E-01    1.836807E-01    7.344097E-02    1.634386E-02
    7.378107E-01    7.339395E-01    6.990972E-01    1.812825E-01    7.248210E-02    1.613044E-02
    7.277189E-01    7.238960E-01    6.895347E-01    1.788028E-01    7.149073E-02    1.590980E-02
    7.173122E-01    7.135396E-01    6.796737E-01    1.762458E-01    7.046828E-02    1.568228E-02
    7.066086E-01    7.028879E-01    6.695313E-01    1.736158E-01    6.941674E-02    1.544822E-02
    6.956276E-01    6.919607E-01    6.591260E-01    1.709177E-01    6.833794E-02    1.520817E-02
    6.843903E-01    6.807787E-01    6.484778E-01    1.681565E-01    6.723394E-02    1.496249E-02
