   -1.000000E+00   -1.000000E+00   -1.000000E+00   -1.000000E+00   -1.000000E+00   -1.000000E+00
   -1.000000E+00   -1.000000E+00   -1.000000E+00   -1.000000E+00   -1.000000E+00   -1.000000E+00
   -1.000000E+00   -1.000000E+00   -1.000000E+00   -1.000000E+00   -1.000000E+00   -1.000000E+00
   -1.000000E+00   -1.000000E+00   -1.000000E+00   -1.000000E+00   -1.000000E+00   -1.000000E+00
   -1.000000E+00   -1.000000E+00   -1.000000E+00   -1.000000E+00   -1.000000E+00   -1.000000E+00
   -1.000000E+00   -1.000000E+00   -1.000000E+00   -1.000000E+00   -1.000000E+00   -1.000000E+00
   -1.000000E+00   -1.000000E+00   -1.000000E+00   -1.000000E+00   -1.000000E+00   -1.000000E+00
   -1.000000E+00   -1.000000E+00   -1.000000E+00   -1.000000E+00   -1.000000E+00   -1.000000E+00
   -1.000000E+00   -1.000000E+00   -1.000000E+00   -1.000000E+00   -1.000000E+00   -1.000000E+00
   -1.000000E+00   -1.000000E+00   -1.000000E+00   -1.000000E+00   -1.000000E+00   -1.000000E+00
   -1.000000E+00   -1.000000E+00   -1.000000E+00   -1.000000E+00   -1.000000E+00   -1.000000E+00
   -1.000000E+00   -1.000000E+00   -1.000000E+00   -1.000000E+00   -1.000000E+00   -1.000000E+00
   -9.999999E-01   -9.999999E-01   -9.999999E-01   -9.999999E-01   -9.999999E-01   -9.999999E-01
   -9.999999E-01   -9.999999E-01   -9.999999E-01   -9.999999E-01   -9.999999E-01   -9.999999E-01
   -9.999999E-01   -9.999999E-01   -9.999999E-01   -9.999999E-01   -9.999999E-01   -9.999999E-01
   -9.999999E-01   -9.999999E-01   -9.999999E-01   -9.999999E-01   -9.999999E-01   -9.999999E-01
   -9.999999E-01   -9.999999E-01   -9.999999E-01   -9.999999E-01   -9.999999E-01   -9.999999E-01
   -9.999999E-01   -9.999999E-01   -9.999999E-01   -9.999999E-01   -9.999999E-01   -9.999999E-01
   -9.999999E-01   -9.999999E-01   -9.999999E-01   -9.999999E-01   -9.999999E-01   -9.999999E-01
   -9.999999E-01   -9.999999E-01   -9.999999E-01   -9.999999E-01   -9.999999E-01   -9.999999E-01
   -9.999999E-01   -9.999999E-01   -9.999999E-01   -9.999999E-01   -9.999999E-01   -9.999999E-01
   -9.999999E-01   -9.999999E-01   -9.999999E-01   -9.999999E-01   -9.999999E-01   -9.999999E-01
   -9.999999E-01   -9.999999E-01   -9.999999E-01   -9.999999E-01   -9.999999E-01   -9.999999E-01
   -9.999999E-01   -9.999999E-01   -9.999999E-01   -9.999999E-01   -9.999999E-01   -9.999999E-01
   -9.999999E-01   -9.999999E-01   -9.999999E-01   -9.999999E-01   -9.999999E-01   -9.999999E-01
   -9.999999E-01   -9.999999E-01   -9.999999E-01   -9.999999E-01   -9.999999E-01   -9.999999E-01
   -9.999998E-01   -9.999998E-01   -9.999998E-01   -9.999998E-01   -9.999998E-01   -9.999998E-01
   -9.999998E-01   -9.999998E-01   -9.999998E-01   -9.999998E-01   -9.999998E-01   -9.999998E-01
   -9.999998E-01   -9.999998E-01   -9.999998E-01   -9.999998E-01   -9.999998E-01   -9.999998E-01
   -9.999998E-01   -9.999998E-01   -9.999998E-01   -9.999998E-01   -9.999998E-01   -9.999998E-01
   -9.999998E-01   -9.999998E-01   -9.999998E-01   -9.999998E-01   -9.999998E-01   -9.999998E-01
   -9.999998E-01   -9.999998E-01   -9.999998E-01   -9.999998E-01   -9.999998E-01   -9.999998E-01
   -9.999998E-01   -9.999998E-01   -9.999998E-01   -9.999998E-01   -9.999998E-01   -9.999997E-01
   -9.999997E-01   -9.999997E-01   -9.999997E-01   -9.999997E-01   -9.999997E-01   -9.999997E-01
   -9.999997E-01   -9.999997E-01   -9.999997E-01   -9.999997E-01   -9.999997E-01   -9.999997E-01
   -9.999997E-01   -9.999997E-01   -9.999997E-01   -9.999997E-01   -9.999997E-01   -9.999997E-01
   -9.999997E-01   -9.999997E-01   -9.999997E-01   -9.999997E-01   -9.999997E-01   -9.999997E-01
   -9.999996E-01   -9.999996E-01   -9.999996E-01   -9.999996E-01   -9.999996E-01   -9.999996E-01
   -9.999996E-01   -9.999996E-01   -9.999996E-01   -9.999996E-01   -9.999996E-01   -9.999996E-01
   -9.999996E-01   -9.999996E-01   -9.999996E-01   -9.999996E-01   -9.999996E-01   -9.999996E-01
   -9.999995E-01   -9.999995E-01   -9.999995E-01   -9.999995E-01   -9.999995E-01   -9.999995E-01
   -9.999995E-01   -9.999995E-01   -9.999995E-01   -9.999995E-01   -9.999995E-01   -9.999995E-01
   -9.999995E-01   -9.999995E-01   -9.999995E-01   -9.999995E-01   -9.999995E-01   -9.999994E-01
   -9.999994E-01   -9.999994E-01   -9.999994E-01   -9.999994E-01   -9.999994E-01   -9.999994E-01
   -9.999994E-01   -9.999994E-01   -9.999994E-01   -9.999994E-01   -9.999994E-01   -9.999994E-01
   -9.999993E-01   -9.999993E-01   -9.999993E-01   -9.999993E-01   -9.999993E-01   -9.999993E-01
   -9.999992E-01   -9.999992E-01   -9.999992E-01   -9.999992E-01   -9.999992E-01   -9.999992E-01
   -9.999992E-01   -9.999992E-01   -9.999992E-01   -9.999992E-01   -9.999992E-01   -9.999992E-01
   -9.999991E-01   -9.999991E-01   -9.999991E-01   -9.999991E-01   -9.999991E-01   -9.999991E-01
   -9.999991E-01   -9.999991E-01   -9.999991E-01   -9.999991E-01   -9.999990E-01   -9.999990E-01
   -9.999990E-01   -9.999990E-01   -9.999990E-01   -9.999990E-01   -9.999990E-01   -9.999990E-01
   -9.999989E-01   -9.999989E-01   -9.999989E-01   -9.999989E-01   -9.999989E-01   -9.999989E-01
   -9.999988E-01   -9.999988E-01   -9.999988E-01   -9.999988E-01   -9.999988E-01   -9.999988E-01
   -9.999987E-01   -9.999987E-01   -9.999987E-01   -9.999987E-01   -9.999987E-01   -9.999987E-01
   -9.999986E-01   -9.999986E-01   -9.999986E-01   -9.999986E-01   -9.999986E-01   -9.999986E-01
   -9.999985E-01   -9.999985E-01   -9.999985E-01   -9.999985E-01   -9.999985E-01   -9.999985E-01
   -9.999984E-01   -9.999984E-01   -9.999984E-01   -9.999984E-01   -9.999984E-01   -9.999983E-01
   -9.999982E-01   -9.999982E-01   -9.999982E-01   -9.999982E-01   -9.999982E-01   -9.999982E-01
   -9.999981E-01   -9.999981E-01   -9.999981E-01   -9.999981E-01   -9.999981E-01   -9.999980E-01
   -9.999979E-01   -9.999979E-01   -9.999979E-01   -9.999979E-01   -9.999979E-01   -9.999979E-01
   -9.999977E-01   -9.999977E-01   -9.999977E-01   -9.999977E-01   -9.999977E-01   -9.999977E-01
   -9.999976E-01   -9.999976E-01   -9.999976E-01   -9.999976E-01   -9.999976E-01   -9.999975E-01
   -9.999974E-01   -9.999974E-01   -9.999974E-01   -9.999974E-01   -9.999974E-01   -9.999973E-01
   -9.999971E-01   -9.999971E-01   -9.999971E-01   -9.999971E-01   -9.999971E-01   -9.999971E-01
   -9.999969E-01   -9.999969E-01   -9.999969E-01   -9.999969E-01   -9.999969E-01   -9.999968E-01
   -9.999967E-01   -9.999967E-01   -9.999967E-01   -9.999967E-01   -9.999967E-01   -9.999966E-01
   -9.999964E-01   -9.999964E-01   -9.999964E-01   -9.999964E-01   -9.999964E-01   -9.999963E-01
   -9.999961E-01   -9.999961E-01   -9.999961E-01   -9.999961E-01   -9.999961E-01   -9.999959E-01
   -9.999958E-01   -9.999958E-01   -9.999958E-01   -9.999958E-01   -9.999958E-01   -9.999956E-01
   -9.999954E-01   -9.999954E-01   -9.999954E-01   -9.999954E-01   -9.999954E-01   -9.999952E-01
   -9.999951E-01   -9.999951E-01   -9.999951E-01   -9.999951E-01   -9.999950E-01   -9.999948E-01
   -9.999947E-01   -9.999947E-01   -9.999947E-01   -9.999946E-01   -9.999946E-01   -9.999944E-01
   -9.999942E-01   -9.999942E-01   -9.999942E-01   -9.999942E-01   -9.999942E-01   -9.999939E-01
   -9.999937E-01   -9.999937E-01   -9.999937E-01   -9.999937E-01   -9.999937E-01   -9.999934E-01
   -9.999932E-01   -9.999932E-01   -9.999932E-01   -9.999932E-01   -9.999932E-01   -9.999928E-01
   -9.999927E-01   -9.999927E-01   -9.999927E-01   -9.999927E-01   -9.999926E-01   -9.999922E-01
   -9.999921E-01   -9.999921E-01   -9.999921E-01   -9.999921E-01   -9.999920E-01   -9.999915E-01
   -9.999914E-01   -9.999914E-01   -9.999914E-01   -9.999914E-01   -9.999913E-01   -9.999907E-01
   -9.999907E-01   -9.999907E-01   -9.999907E-01   -9.999907E-01   -9.999906E-01   -9.999899E-01
   -9.999900E-01   -9.999900E-01   -9.999900E-01   -9.999900E-01   -9.999899E-01   -9.999890E-01
   -9.999892E-01   -9.999892E-01   -9.999892E-01   -9.999891E-01   -9.999890E-01   -9.999880E-01
   -9.999883E-01   -9.999883E-01   -9.999883E-01   -9.999882E-01   -9.999881E-01   -9.999869E-01
   -9.999873E-01   -9.999873E-01   -9.999873E-01   -9.999873E-01   -9.999871E-01   -9.999857E-01
   -9.999863E-01   -9.999863E-01   -9.999863E-01   -9.999862E-01   -9.999861E-01   -9.999844E-01
   -9.999852E-01   -9.999852E-01   -9.999852E-01   -9.999851E-01   -9.999849E-01   -9.999830E-01
   -9.999840E-01   -9.999840E-01   -9.999840E-01   -9.999839E-01   -9.999836E-01   -9.999814E-01
   -9.999826E-01   -9.999826E-01   -9.999826E-01   -9.999826E-01   -9.999823E-01   -9.999797E-01
   -9.999812E-01   -9.999812E-01   -9.999812E-01   -9.999811E-01   -9.999808E-01   -9.999778E-01
   -9.999797E-01   -9.999797E-01   -9.999797E-01   -9.999796E-01   -9.999792E-01   -9.999757E-01
   -9.999780E-01   -9.999780E-01   -9.999780E-01   -9.999779E-01   -9.999774E-01   -9.999733E-01
   -9.999762E-01   -9.999762E-01   -9.999762E-01   -9.999761E-01   -9.999755E-01   -9.999707E-01
   -9.999743E-01   -9.999743E-01   -9.999743E-01   -9.999741E-01   -9.999735E-01   -9.999678E-01
   -9.999722E-01   -9.999722E-01   -9.999722E-01   -9.999720E-01   -9.999712E-01   -9.999646E-01
   -9.999699E-01   -9.999699E-01   -9.999699E-01   -9.999697E-01   -9.999688E-01   -9.999611E-01
   -9.999675E-01   -9.999675E-01   -9.999675E-01   -9.999672E-01   -9.999662E-01   -9.999571E-01
   -9.999648E-01   -9.999648E-01   -9.999648E-01   -9.999645E-01   -9.999633E-01   -9.999527E-01
   -9.999619E-01   -9.999619E-01   -9.999619E-01   -9.999616E-01   -9.999602E-01   -9.999478E-01
   -9.999588E-01   -9.999588E-01   -9.999588E-01   -9.999584E-01   -9.999567E-01   -9.999422E-01
   -9.999555E-01   -9.999555E-01   -9.999555E-01   -9.999550E-01   -9.999530E-01   -9.999360E-01
   -9.999518E-01   -9.999518E-01   -9.999518E-01   -9.999513E-01   -9.999490E-01   -9.999291E-01
   -9.999479E-01   -9.999479E-01   -9.999479E-01   -9.999473E-01   -9.999446E-01   -9.999213E-01
   -9.999437E-01   -9.999437E-01   -9.999437E-01   -9.999429E-01   -9.999397E-01   -9.999125E-01
   -9.999391E-01   -9.999391E-01   -9.999391E-01   -9.999382E-01   -9.999345E-01   -9.999026E-01
   -9.999341E-01   -9.999341E-01   -9.999341E-01   -9.999331E-01   -9.999287E-01   -9.998915E-01
   -9.999287E-01   -9.999287E-01   -9.999287E-01   -9.999275E-01   -9.999224E-01   -9.998788E-01
   -9.999229E-01   -9.999229E-01   -9.999229E-01   -9.999215E-01   -9.999155E-01   -9.998646E-01
   -9.999166E-01   -9.999166E-01   -9.999166E-01   -9.999149E-01   -9.999080E-01   -9.998483E-01
   -9.999098E-01   -9.999098E-01   -9.999098E-01   -9.999079E-01   -9.998997E-01   -9.998299E-01
   -9.999024E-01   -9.999024E-01   -9.999024E-01   -9.999002E-01   -9.998906E-01   -9.998090E-01
   -9.998945E-01   -9.998945E-01   -9.998944E-01   -9.998918E-01   -9.998807E-01   -9.997852E-01
   -9.998858E-01   -9.998858E-01   -9.998858E-01   -9.998828E-01   -9.998697E-01   -9.997580E-01
   -9.998765E-01   -9.998765E-01   -9.998765E-01   -9.998729E-01   -9.998577E-01   -9.997270E-01
   -9.998665E-01   -9.998665E-01   -9.998664E-01   -9.998622E-01   -9.998444E-01   -9.996915E-01
   -9.998556E-01   -9.998556E-01   -9.998555E-01   -9.998506E-01   -9.998297E-01   -9.996509E-01
   -9.998438E-01   -9.998438E-01   -9.998438E-01   -9.998380E-01   -9.998136E-01   -9.996043E-01
   -9.998310E-01   -9.998310E-01   -9.998310E-01   -9.998243E-01   -9.997957E-01   -9.995509E-01
   -9.998173E-01   -9.998173E-01   -9.998172E-01   -9.998094E-01   -9.997759E-01   -9.994896E-01
   -9.998024E-01   -9.998024E-01   -9.998023E-01   -9.997931E-01   -9.997540E-01   -9.994190E-01
   -9.997863E-01   -9.997863E-01   -9.997862E-01   -9.997754E-01   -9.997297E-01   -9.993379E-01
   -9.997688E-01   -9.997688E-01   -9.997688E-01   -9.997562E-01   -9.997026E-01   -9.992443E-01
   -9.997500E-01   -9.997500E-01   -9.997500E-01   -9.997352E-01   -9.996726E-01   -9.991365E-01
   -9.997296E-01   -9.997296E-01   -9.997296E-01   -9.997123E-01   -9.996391E-01   -9.990120E-01
   -9.997076E-01   -9.997076E-01   -9.997076E-01   -9.996874E-01   -9.996017E-01   -9.988683E-01
   -9.996838E-01   -9.996838E-01   -9.996838E-01   -9.996602E-01   -9.995599E-01   -9.987022E-01
   -9.996581E-01   -9.996581E-01   -9.996580E-01   -9.996304E-01   -9.995132E-01   -9.985100E-01
   -9.996303E-01   -9.996303E-01   -9.996302E-01   -9.995979E-01   -9.994608E-01   -9.982876E-01
   -9.996002E-01   -9.996002E-01   -9.996001E-01   -9.995623E-01   -9.994020E-01   -9.980301E-01
   -9.995677E-01   -9.995677E-01   -9.995676E-01   -9.995234E-01   -9.993359E-01   -9.977317E-01
   -9.995326E-01   -9.995326E-01   -9.995324E-01   -9.994808E-01   -9.992615E-01   -9.973857E-01
   -9.994946E-01   -9.994946E-01   -9.994944E-01   -9.994340E-01   -9.991776E-01   -9.969845E-01
   -9.994536E-01   -9.994536E-01   -9.994534E-01   -9.993827E-01   -9.990829E-01   -9.965189E-01
   -9.994092E-01   -9.994092E-01   -9.994090E-01   -9.993264E-01   -9.989758E-01   -9.959785E-01
   -9.993613E-01   -9.993613E-01   -9.993610E-01   -9.992645E-01   -9.988546E-01   -9.953509E-01
   -9.993095E-01   -9.993095E-01   -9.993092E-01   -9.991963E-01   -9.987171E-01   -9.946221E-01
   -9.992536E-01   -9.992536E-01   -9.992532E-01   -9.991213E-01   -9.985611E-01   -9.937755E-01
   -9.991932E-01   -9.991931E-01   -9.991927E-01   -9.990385E-01   -9.983837E-01   -9.927917E-01
   -9.991279E-01   -9.991279E-01   -9.991274E-01   -9.989471E-01   -9.981818E-01   -9.916484E-01
   -9.990574E-01   -9.990574E-01   -9.990568E-01   -9.988461E-01   -9.979517E-01   -9.903197E-01
   -9.989813E-01   -9.989812E-01   -9.989805E-01   -9.987343E-01   -9.976892E-01   -9.887754E-01
   -9.988991E-01   -9.988990E-01   -9.988982E-01   -9.986105E-01   -9.973894E-01   -9.869806E-01
   -9.988103E-01   -9.988103E-01   -9.988093E-01   -9.984732E-01   -9.970466E-01   -9.848949E-01
   -9.987145E-01   -9.987145E-01   -9.987134E-01   -9.983206E-01   -9.966542E-01   -9.824713E-01
   -9.986111E-01   -9.986111E-01   -9.986098E-01   -9.981510E-01   -9.962048E-01   -9.796558E-01
   -9.984996E-01   -9.984995E-01   -9.984980E-01   -9.979622E-01   -9.956894E-01   -9.763860E-01
   -9.983792E-01   -9.983791E-01   -9.983774E-01   -9.977517E-01   -9.950981E-01   -9.725899E-01
   -9.982494E-01   -9.982493E-01   -9.982473E-01   -9.975168E-01   -9.944190E-01   -9.681848E-01
   -9.981094E-01   -9.981093E-01   -9.981069E-01   -9.972542E-01   -9.936388E-01   -9.630761E-01
   -9.979585E-01   -9.979584E-01   -9.979556E-01   -9.969603E-01   -9.927418E-01   -9.571552E-01
   -9.977959E-01   -9.977957E-01   -9.977925E-01   -9.966310E-01   -9.917099E-01   -9.502987E-01
   -9.976206E-01   -9.976204E-01   -9.976166E-01   -9.962616E-01   -9.905226E-01   -9.423662E-01
   -9.974318E-01   -9.974316E-01   -9.974272E-01   -9.958467E-01   -9.891557E-01   -9.331993E-01
   -9.972285E-01   -9.972283E-01   -9.972231E-01   -9.953802E-01   -9.875819E-01   -9.226197E-01
   -9.970097E-01   -9.970094E-01   -9.970034E-01   -9.948550E-01   -9.857695E-01   -9.104286E-01
   -9.967742E-01   -9.967739E-01   -9.967669E-01   -9.942632E-01   -9.836821E-01   -8.964054E-01
   -9.965210E-01   -9.965206E-01   -9.965125E-01   -9.935955E-01   -9.812783E-01   -8.803084E-01
   -9.962487E-01   -9.962483E-01   -9.962388E-01   -9.928417E-01   -9.785102E-01   -8.618754E-01
   -9.959561E-01   -9.959556E-01   -9.959446E-01   -9.919898E-01   -9.753237E-01   -8.408264E-01
   -9.956418E-01   -9.956413E-01   -9.956284E-01   -9.910263E-01   -9.716566E-01   -8.168684E-01
   -9.953045E-01   -9.953038E-01   -9.952889E-01   -9.899358E-01   -9.674386E-01   -7.897025E-01
   -9.949426E-01   -9.949418E-01   -9.949245E-01   -9.887009E-01   -9.625900E-01   -7.590343E-01
   -9.945546E-01   -9.945537E-01   -9.945335E-01   -9.873016E-01   -9.570208E-01   -7.245899E-01
   -9.941389E-01   -9.941378E-01   -9.941144E-01   -9.857155E-01   -9.506298E-01   -6.861353E-01
   -9.936938E-01   -9.936926E-01   -9.936653E-01   -9.839170E-01   -9.433038E-01   -6.435039E-01
   -9.932176E-01   -9.932162E-01   -9.931845E-01   -9.818774E-01   -9.349171E-01   -5.966295E-01
   -9.927086E-01   -9.927069E-01   -9.926702E-01   -9.795643E-01   -9.253304E-01   -5.455877E-01
   -9.921649E-01   -9.921630E-01   -9.921205E-01   -9.769411E-01   -9.143912E-01   -4.906430E-01
   -9.915848E-01   -9.915826E-01   -9.915334E-01   -9.739668E-01   -9.019336E-01   -4.323012E-01
   -9.909664E-01   -9.909639E-01   -9.909069E-01   -9.705958E-01   -8.877794E-01   -3.713626E-01
   -9.903080E-01   -9.903050E-01   -9.902391E-01   -9.667772E-01   -8.717397E-01   -3.089684E-01
   -9.896076E-01   -9.896042E-01   -9.895280E-01   -9.624543E-01   -8.536177E-01   -2.466322E-01
   -9.888635E-01   -9.888596E-01   -9.887716E-01   -9.575648E-01   -8.332125E-01   -1.862401E-01
   -9.880740E-01   -9.880694E-01   -9.879680E-01   -9.520403E-01   -8.103254E-01   -1.300029E-01
   -9.872374E-01   -9.872321E-01   -9.871152E-01   -9.458058E-01   -7.847673E-01   -8.033985E-02
   -9.863521E-01   -9.863461E-01   -9.862115E-01   -9.387803E-01   -7.563692E-01   -3.967744E-02
   -9.854167E-01   -9.854098E-01   -9.852550E-01   -9.308765E-01   -7.249952E-01   -1.015163E-02
   -9.844299E-01   -9.844220E-01   -9.842442E-01   -9.220013E-01   -6.905580E-01    6.774695E-03
   -9.833906E-01   -9.833815E-01   -9.831776E-01   -9.120567E-01   -6.530381E-01    1.073911E-02
   -9.822978E-01   -9.822874E-01   -9.820538E-01   -9.009406E-01   -6.125054E-01    2.867888E-03
   -9.811510E-01   -9.811390E-01   -9.808718E-01   -8.885482E-01   -5.691426E-01   -1.400486E-02
   -9.799496E-01   -9.799359E-01   -9.796306E-01   -8.747744E-01   -5.232698E-01   -3.544821E-02
   -9.786935E-01   -9.786779E-01   -9.783296E-01   -8.595160E-01   -4.753678E-01   -5.602218E-02
   -9.773829E-01   -9.773652E-01   -9.769685E-01   -8.426752E-01   -4.260972E-01   -7.039263E-02
   -9.760184E-01   -9.759982E-01   -9.755472E-01   -8.241634E-01   -3.763097E-01   -7.482303E-02
   -9.746008E-01   -9.745779E-01   -9.740659E-01   -8.039060E-01   -3.270465E-01   -6.861174E-02
   -9.731315E-01   -9.731055E-01   -9.725253E-01   -7.818480E-01   -2.795178E-01   -5.479361E-02
   -9.716120E-01   -9.715826E-01   -9.709263E-01   -7.579603E-01   -2.350591E-01   -3.941133E-02
   -9.700445E-01   -9.700113E-01   -9.692703E-01   -7.322462E-01   -1.950578E-01   -2.911328E-02
   -9.684314E-01   -9.683940E-01   -9.675589E-01   -7.047491E-01   -1.608491E-01   -2.779969E-02
   -9.667756E-01   -9.667336E-01   -9.657943E-01   -6.755596E-01   -1.335820E-01   -3.412640E-02
   -9.650803E-01   -9.650332E-01   -9.639789E-01   -6.448230E-01   -1.140653E-01   -4.197175E-02
   -9.633493E-01   -9.632964E-01   -9.621155E-01   -6.127451E-01   -1.026092E-01   -4.453071E-02
   -9.615864E-01   -9.615273E-01   -9.602072E-01   -5.795974E-01   -9.888946E-02   -3.968851E-02
   -9.597959E-01   -9.597300E-01   -9.582575E-01   -5.457195E-01   -1.018679E-01   -3.201100E-02
   -9.579825E-01   -9.579090E-01   -9.562702E-01   -5.115184E-01   -1.098069E-01   -2.841420E-02
   -9.561508E-01   -9.560692E-01   -9.542492E-01   -4.774639E-01   -1.204094E-01   -3.082720E-02
   -9.543058E-01   -9.542154E-01   -9.521987E-01   -4.440788E-01   -1.310995E-01   -3.407953E-02
   -9.524528E-01   -9.523527E-01   -9.501230E-01   -4.119241E-01   -1.394240E-01   -3.280613E-02
   -9.505967E-01   -9.504862E-01   -9.480266E-01   -3.815772E-01   -1.435154E-01   -2.863214E-02
   -9.487430E-01   -9.486212E-01   -9.459141E-01   -3.536056E-01   -1.425109E-01   -2.714733E-02
   -9.454773E-01   -9.453445E-01   -9.423878E-01   -3.292168E-01   -1.369255E-01   -2.881637E-02
   -9.453974E-01   -9.452641E-01   -9.422961E-01   -3.282475E-01   -1.366126E-01   -2.888104E-02
   -9.453174E-01   -9.451836E-01   -9.422042E-01   -3.272840E-01   -1.362941E-01   -2.894173E-02
   -9.452374E-01   -9.451030E-01   -9.421123E-01   -3.263262E-01   -1.359704E-01   -2.899812E-02
   -9.451572E-01   -9.450224E-01   -9.420202E-01   -3.253742E-01   -1.356414E-01   -2.904990E-02
   -9.450769E-01   -9.449416E-01   -9.419280E-01   -3.244280E-01   -1.353074E-01   -2.909678E-02
   -9.449966E-01   -9.448607E-01   -9.418356E-01   -3.234876E-01   -1.349686E-01   -2.913850E-02
   -9.449161E-01   -9.447797E-01   -9.417431E-01   -3.225531E-01   -1.346250E-01   -2.917481E-02
   -9.448355E-01   -9.446986E-01   -9.416505E-01   -3.216244E-01   -1.342768E-01   -2.920552E-02
   -9.447548E-01   -9.446174E-01   -9.415577E-01   -3.207017E-01   -1.339243E-01   -2.923043E-02
   -9.446739E-01   -9.445360E-01   -9.414647E-01   -3.197849E-01   -1.335675E-01   -2.924939E-02
   -9.445929E-01   -9.444545E-01   -9.413716E-01   -3.188741E-01   -1.332067E-01   -2.926226E-02
   -9.445118E-01   -9.443728E-01   -9.412782E-01   -3.179692E-01   -1.328419E-01   -2.926895E-02
   -9.444304E-01   -9.442910E-01   -9.411847E-01   -3.170704E-01   -1.324735E-01   -2.926938E-02
   -9.443490E-01   -9.442090E-01   -9.410910E-01   -3.161776E-01   -1.321015E-01   -2.926351E-02
   -9.442673E-01   -9.441268E-01   -9.409971E-01   -3.152908E-01   -1.317260E-01   -2.925132E-02
   -9.441854E-01   -9.440444E-01   -9.409029E-01   -3.144102E-01   -1.313474E-01   -2.923283E-02
   -9.441033E-01   -9.439617E-01   -9.408084E-01   -3.135357E-01   -1.309658E-01   -2.920808E-02
   -9.440208E-01   -9.438787E-01   -9.407136E-01   -3.126674E-01   -1.305813E-01   -2.917714E-02
   -9.439381E-01   -9.437955E-01   -9.406185E-01   -3.118052E-01   -1.301942E-01   -2.914012E-02
   -9.438550E-01   -9.437119E-01   -9.405230E-01   -3.109493E-01   -1.298045E-01   -2.909714E-02
   -9.437716E-01   -9.436280E-01   -9.404272E-01   -3.100996E-01   -1.294126E-01   -2.904835E-02
   -9.436879E-01   -9.435437E-01   -9.403310E-01   -3.092562E-01   -1.290185E-01   -2.899393E-02
   -9.436037E-01   -9.434590E-01   -9.402344E-01   -3.084191E-01   -1.286225E-01   -2.893409E-02
   -9.435191E-01   -9.433739E-01   -9.401373E-01   -3.075883E-01   -1.282248E-01   -2.886906E-02
   -9.434341E-01   -9.432883E-01   -9.400396E-01   -3.067639E-01   -1.278255E-01   -2.879909E-02
   -9.433485E-01   -9.432021E-01   -9.399415E-01   -3.059459E-01   -1.274248E-01   -2.872445E-02
   -9.432623E-01   -9.431155E-01   -9.398428E-01   -3.051343E-01   -1.270229E-01   -2.864544E-02
   -9.431757E-01   -9.430283E-01   -9.397435E-01   -3.043292E-01   -1.266201E-01   -2.856235E-02
   -9.430884E-01   -9.429405E-01   -9.396436E-01   -3.035305E-01   -1.262164E-01   -2.847553E-02
   -9.430006E-01   -9.428521E-01   -9.395431E-01   -3.027382E-01   -1.258121E-01   -2.838531E-02
   -9.429122E-01   -9.427632E-01   -9.394420E-01   -3.019524E-01   -1.254074E-01   -2.829205E-02
   -9.428233E-01   -9.426737E-01   -9.393403E-01   -3.011732E-01   -1.250024E-01   -2.819610E-02
   -9.427337E-01   -9.425836E-01   -9.392380E-01   -3.004004E-01   -1.245973E-01   -2.809785E-02
   -9.426435E-01   -9.424929E-01   -9.391351E-01   -2.996341E-01   -1.241923E-01   -2.799767E-02
   -9.425527E-01   -9.424015E-01   -9.390314E-01   -2.988744E-01   -1.237876E-01   -2.789596E-02
   -9.424611E-01   -9.423094E-01   -9.389271E-01   -2.981213E-01   -1.233833E-01   -2.779309E-02
   -9.423689E-01   -9.422166E-01   -9.388220E-01   -2.973747E-01   -1.229797E-01   -2.768947E-02
   -9.422760E-01   -9.421232E-01   -9.387163E-01   -2.966347E-01   -1.225769E-01   -2.758549E-02
   -9.421823E-01   -9.420290E-01   -9.386098E-01   -2.959013E-01   -1.221752E-01   -2.748153E-02
   -9.420880E-01   -9.419341E-01   -9.385025E-01   -2.951745E-01   -1.217746E-01   -2.737797E-02
   -9.419928E-01   -9.418383E-01   -9.383944E-01   -2.944543E-01   -1.213753E-01   -2.727520E-02
   -9.418968E-01   -9.417418E-01   -9.382855E-01   -2.937408E-01   -1.209777E-01   -2.717359E-02
   -9.418000E-01   -9.416444E-01   -9.381757E-01   -2.930339E-01   -1.205817E-01   -2.707349E-02
   -9.417023E-01   -9.415462E-01   -9.380651E-01   -2.923337E-01   -1.201875E-01   -2.697525E-02
   -9.416038E-01   -9.414471E-01   -9.379536E-01   -2.916401E-01   -1.197955E-01   -2.687921E-02
   -9.415045E-01   -9.413472E-01   -9.378412E-01   -2.909532E-01   -1.194056E-01   -2.678567E-02
   -9.414042E-01   -9.412464E-01   -9.377279E-01   -2.902730E-01   -1.190181E-01   -2.669494E-02
   -9.413031E-01   -9.411447E-01   -9.376137E-01   -2.895994E-01   -1.186331E-01   -2.660731E-02
   -9.412009E-01   -9.410420E-01   -9.374985E-01   -2.889325E-01   -1.182508E-01   -2.652303E-02
   -9.410978E-01   -9.409383E-01   -9.373823E-01   -2.882723E-01   -1.178714E-01   -2.644236E-02
   -9.409937E-01   -9.408336E-01   -9.372651E-01   -2.876188E-01   -1.174950E-01   -2.636550E-02
   -9.408885E-01   -9.407280E-01   -9.371469E-01   -2.869721E-01   -1.171217E-01   -2.629266E-02
   -9.407824E-01   -9.406212E-01   -9.370276E-01   -2.863320E-01   -1.167517E-01   -2.622400E-02
   -9.406752E-01   -9.405135E-01   -9.369073E-01   -2.856986E-01   -1.163852E-01   -2.615969E-02
   -9.405669E-01   -9.404046E-01   -9.367858E-01   -2.850719E-01   -1.160223E-01   -2.609983E-02
   -9.404575E-01   -9.402946E-01   -9.366632E-01   -2.844519E-01   -1.156630E-01   -2.604453E-02
   -9.403468E-01   -9.401835E-01   -9.365394E-01   -2.838386E-01   -1.153077E-01   -2.599386E-02
   -9.402350E-01   -9.400711E-01   -9.364144E-01   -2.832321E-01   -1.149564E-01   -2.594786E-02
   -9.401220E-01   -9.399575E-01   -9.362882E-01   -2.826322E-01   -1.146092E-01   -2.590656E-02
   -9.400077E-01   -9.398427E-01   -9.361608E-01   -2.820390E-01   -1.142662E-01   -2.586995E-02
   -9.398923E-01   -9.397266E-01   -9.360321E-01   -2.814526E-01   -1.139276E-01   -2.583800E-02
   -9.397755E-01   -9.396093E-01   -9.359020E-01   -2.808728E-01   -1.135936E-01   -2.581065E-02
   -9.396573E-01   -9.394905E-01   -9.357707E-01   -2.802998E-01   -1.132641E-01   -2.578782E-02
   -9.395378E-01   -9.393704E-01   -9.356379E-01   -2.797334E-01   -1.129393E-01   -2.576941E-02
   -9.394168E-01   -9.392489E-01   -9.355037E-01   -2.791737E-01   -1.126194E-01   -2.575528E-02
   -9.392943E-01   -9.391259E-01   -9.353680E-01   -2.786207E-01   -1.123044E-01   -2.574530E-02
   -9.391704E-01   -9.390014E-01   -9.352308E-01   -2.780744E-01   -1.119945E-01   -2.573929E-02
   -9.390450E-01   -9.388755E-01   -9.350922E-01   -2.775347E-01   -1.116896E-01   -2.573707E-02
   -9.389181E-01   -9.387479E-01   -9.349520E-01   -2.770017E-01   -1.113900E-01   -2.573842E-02
   -9.387895E-01   -9.386188E-01   -9.348102E-01   -2.764753E-01   -1.110956E-01   -2.574313E-02
   -9.386593E-01   -9.384880E-01   -9.346667E-01   -2.759556E-01   -1.108067E-01   -2.575095E-02
   -9.385273E-01   -9.383555E-01   -9.345215E-01   -2.754425E-01   -1.105232E-01   -2.576164E-02
   -9.383937E-01   -9.382212E-01   -9.343746E-01   -2.749360E-01   -1.102452E-01   -2.577493E-02
   -9.382582E-01   -9.380852E-01   -9.342259E-01   -2.744361E-01   -1.099728E-01   -2.579056E-02
   -9.381210E-01   -9.379474E-01   -9.340754E-01   -2.739428E-01   -1.097061E-01   -2.580824E-02
   -9.379818E-01   -9.378077E-01   -9.339230E-01   -2.734561E-01   -1.094451E-01   -2.582769E-02
   -9.378408E-01   -9.376661E-01   -9.337688E-01   -2.729759E-01   -1.091898E-01   -2.584861E-02
   -9.376978E-01   -9.375226E-01   -9.336125E-01   -2.725023E-01   -1.089404E-01   -2.587073E-02
   -9.375528E-01   -9.373770E-01   -9.334543E-01   -2.720352E-01   -1.086968E-01   -2.589373E-02
   -9.374057E-01   -9.372293E-01   -9.332940E-01   -2.715746E-01   -1.084591E-01   -2.591735E-02
   -9.372565E-01   -9.370795E-01   -9.331316E-01   -2.711205E-01   -1.082273E-01   -2.594127E-02
   -9.371051E-01   -9.369276E-01   -9.329670E-01   -2.706728E-01   -1.080015E-01   -2.596524E-02
   -9.369515E-01   -9.367735E-01   -9.328003E-01   -2.702316E-01   -1.077816E-01   -2.598897E-02
   -9.367957E-01   -9.366170E-01   -9.326313E-01   -2.697969E-01   -1.075677E-01   -2.601219E-02
   -9.366375E-01   -9.364583E-01   -9.324600E-01   -2.693685E-01   -1.073598E-01   -2.603465E-02
   -9.364769E-01   -9.362972E-01   -9.322863E-01   -2.689465E-01   -1.071579E-01   -2.605611E-02
   -9.363139E-01   -9.361336E-01   -9.321103E-01   -2.685308E-01   -1.069620E-01   -2.607633E-02
   -9.361485E-01   -9.359676E-01   -9.319317E-01   -2.681215E-01   -1.067721E-01   -2.609511E-02
   -9.359804E-01   -9.357990E-01   -9.317506E-01   -2.677185E-01   -1.065882E-01   -2.611222E-02
   -9.358098E-01   -9.356278E-01   -9.315670E-01   -2.673217E-01   -1.064102E-01   -2.612750E-02
   -9.356365E-01   -9.354540E-01   -9.313807E-01   -2.669311E-01   -1.062382E-01   -2.614078E-02
   -9.354606E-01   -9.352775E-01   -9.311918E-01   -2.665468E-01   -1.060722E-01   -2.615190E-02
   -9.352819E-01   -9.350982E-01   -9.310001E-01   -2.661686E-01   -1.059120E-01   -2.616074E-02
   -9.351003E-01   -9.349161E-01   -9.308057E-01   -2.657965E-01   -1.057577E-01   -2.616718E-02
   -9.349159E-01   -9.347312E-01   -9.306084E-01   -2.654305E-01   -1.056091E-01   -2.617113E-02
   -9.347286E-01   -9.345433E-01   -9.304082E-01   -2.650706E-01   -1.054664E-01   -2.617253E-02
   -9.345382E-01   -9.343524E-01   -9.302051E-01   -2.647167E-01   -1.053294E-01   -2.617131E-02
   -9.343449E-01   -9.341585E-01   -9.299990E-01   -2.643688E-01   -1.051980E-01   -2.616744E-02
   -9.341484E-01   -9.339615E-01   -9.297898E-01   -2.640268E-01   -1.050723E-01   -2.616091E-02
   -9.339489E-01   -9.337614E-01   -9.295776E-01   -2.636907E-01   -1.049521E-01   -2.615173E-02
   -9.337462E-01   -9.335582E-01   -9.293622E-01   -2.633605E-01   -1.048374E-01   -2.613991E-02
   -9.335402E-01   -9.333517E-01   -9.291436E-01   -2.630361E-01   -1.047280E-01   -2.612550E-02
   -9.333310E-01   -9.331419E-01   -9.289218E-01   -2.627174E-01   -1.046240E-01   -2.610855E-02
   -9.331184E-01   -9.329288E-01   -9.286967E-01   -2.624044E-01   -1.045253E-01   -2.608913E-02
   -9.329024E-01   -9.327123E-01   -9.284683E-01   -2.620971E-01   -1.044317E-01   -2.606733E-02
   -9.326831E-01   -9.324924E-01   -9.282366E-01   -2.617954E-01   -1.043432E-01   -2.604324E-02
   -9.324603E-01   -9.322691E-01   -9.280014E-01   -2.614992E-01   -1.042596E-01   -2.601698E-02
   -9.322341E-01   -9.320423E-01   -9.277629E-01   -2.612085E-01   -1.041809E-01   -2.598868E-02
   -9.320043E-01   -9.318120E-01   -9.275208E-01   -2.609233E-01   -1.041071E-01   -2.595845E-02
   -9.317709E-01   -9.315782E-01   -9.272753E-01   -2.606435E-01   -1.040379E-01   -2.592645E-02
   -9.315340E-01   -9.313407E-01   -9.270262E-01   -2.603690E-01   -1.039733E-01   -2.589281E-02
   -9.312934E-01   -9.310996E-01   -9.267735E-01   -2.600998E-01   -1.039131E-01   -2.585770E-02
   -9.310492E-01   -9.308549E-01   -9.265173E-01   -2.598358E-01   -1.038573E-01   -2.582126E-02
   -9.308014E-01   -9.306065E-01   -9.262575E-01   -2.595770E-01   -1.038058E-01   -2.578367E-02
   -9.305499E-01   -9.303545E-01   -9.259941E-01   -2.593232E-01   -1.037585E-01   -2.574507E-02
   -9.302947E-01   -9.300988E-01   -9.257271E-01   -2.590745E-01   -1.037151E-01   -2.570563E-02
   -9.300358E-01   -9.298394E-01   -9.254564E-01   -2.588307E-01   -1.036757E-01   -2.566552E-02
   -9.297731E-01   -9.295762E-01   -9.251820E-01   -2.585919E-01   -1.036400E-01   -2.562488E-02
   -9.295067E-01   -9.293093E-01   -9.249039E-01   -2.583578E-01   -1.036081E-01   -2.558389E-02
   -9.292366E-01   -9.290387E-01   -9.246222E-01   -2.581286E-01   -1.035797E-01   -2.554268E-02
   -9.289628E-01   -9.287645E-01   -9.243369E-01   -2.579040E-01   -1.035547E-01   -2.550141E-02
   -9.286853E-01   -9.284865E-01   -9.240480E-01   -2.576841E-01   -1.035331E-01   -2.546021E-02
   -9.284042E-01   -9.282048E-01   -9.237555E-01   -2.574687E-01   -1.035147E-01   -2.541922E-02
   -9.281192E-01   -9.279194E-01   -9.234593E-01   -2.572579E-01   -1.034993E-01   -2.537857E-02
   -9.278306E-01   -9.276303E-01   -9.231594E-01   -2.570514E-01   -1.034869E-01   -2.533837E-02
   -9.275384E-01   -9.273376E-01   -9.228560E-01   -2.568493E-01   -1.034773E-01   -2.529873E-02
   -9.272425E-01   -9.270412E-01   -9.225490E-01   -2.566515E-01   -1.034705E-01   -2.525977E-02
   -9.269430E-01   -9.267413E-01   -9.222386E-01   -2.564579E-01   -1.034663E-01   -2.522156E-02
   -9.266401E-01   -9.264379E-01   -9.219247E-01   -2.562685E-01   -1.034646E-01   -2.518419E-02
   -9.263336E-01   -9.261310E-01   -9.216073E-01   -2.560831E-01   -1.034652E-01   -2.514773E-02
   -9.260236E-01   -9.258205E-01   -9.212865E-01   -2.559017E-01   -1.034681E-01   -2.511225E-02
   -9.257102E-01   -9.255066E-01   -9.209624E-01   -2.557243E-01   -1.034731E-01   -2.507781E-02
   -9.253934E-01   -9.251893E-01   -9.206349E-01   -2.555507E-01   -1.034802E-01   -2.504443E-02
   -9.250732E-01   -9.248687E-01   -9.203042E-01   -2.553809E-01   -1.034892E-01   -2.501217E-02
   -9.247499E-01   -9.245449E-01   -9.199703E-01   -2.552148E-01   -1.035001E-01   -2.498104E-02
   -9.244234E-01   -9.242180E-01   -9.196333E-01   -2.550523E-01   -1.035127E-01   -2.495106E-02
   -9.240938E-01   -9.238879E-01   -9.192933E-01   -2.548935E-01   -1.035268E-01   -2.492224E-02
   -9.237610E-01   -9.235548E-01   -9.189503E-01   -2.547381E-01   -1.035425E-01   -2.489458E-02
   -9.234253E-01   -9.232186E-01   -9.186044E-01   -2.545861E-01   -1.035596E-01   -2.486806E-02
   -9.230867E-01   -9.228795E-01   -9.182556E-01   -2.544376E-01   -1.035781E-01   -2.484267E-02
   -9.227452E-01   -9.225376E-01   -9.179040E-01   -2.542923E-01   -1.035978E-01   -2.481838E-02
   -9.224011E-01   -9.221931E-01   -9.175499E-01   -2.541502E-01   -1.036186E-01   -2.479516E-02
   -9.220544E-01   -9.218459E-01   -9.171932E-01   -2.540114E-01   -1.036404E-01   -2.477298E-02
   -9.217051E-01   -9.214963E-01   -9.168340E-01   -2.538756E-01   -1.036633E-01   -2.475179E-02
   -9.213534E-01   -9.211441E-01   -9.164724E-01   -2.537428E-01   -1.036870E-01   -2.473153E-02
   -9.209992E-01   -9.207895E-01   -9.161086E-01   -2.536131E-01   -1.037115E-01   -2.471216E-02
   -9.206428E-01   -9.204327E-01   -9.157424E-01   -2.534862E-01   -1.037367E-01   -2.469362E-02
   -9.202843E-01   -9.200738E-01   -9.153743E-01   -2.533622E-01   -1.037626E-01   -2.467584E-02
   -9.199238E-01   -9.197128E-01   -9.150041E-01   -2.532409E-01   -1.037891E-01   -2.465877E-02
   -9.195614E-01   -9.193500E-01   -9.146322E-01   -2.531224E-01   -1.038161E-01   -2.464232E-02
   -9.191971E-01   -9.189854E-01   -9.142585E-01   -2.530066E-01   -1.038435E-01   -2.462645E-02
   -9.188312E-01   -9.186190E-01   -9.138831E-01   -2.528934E-01   -1.038713E-01   -2.461107E-02
   -9.184636E-01   -9.182510E-01   -9.135061E-01   -2.527827E-01   -1.038993E-01   -2.459612E-02
   -9.180945E-01   -9.178816E-01   -9.131277E-01   -2.526746E-01   -1.039277E-01   -2.458154E-02
   -9.177241E-01   -9.175107E-01   -9.127480E-01   -2.525689E-01   -1.039562E-01   -2.456724E-02
   -9.173524E-01   -9.171387E-01   -9.123671E-01   -2.524656E-01   -1.039848E-01   -2.455317E-02
   -9.169797E-01   -9.167655E-01   -9.119852E-01   -2.523646E-01   -1.040135E-01   -2.453927E-02
   -9.166060E-01   -9.163914E-01   -9.116024E-01   -2.522660E-01   -1.040421E-01   -2.452547E-02
   -9.162313E-01   -9.160164E-01   -9.112186E-01   -2.521696E-01   -1.040708E-01   -2.451172E-02
   -9.158559E-01   -9.156406E-01   -9.108342E-01   -2.520755E-01   -1.040993E-01   -2.449796E-02
   -9.154798E-01   -9.152641E-01   -9.104490E-01   -2.519835E-01   -1.041277E-01   -2.448415E-02
   -9.151032E-01   -9.148871E-01   -9.100634E-01   -2.518936E-01   -1.041558E-01   -2.447024E-02
   -9.147262E-01   -9.145097E-01   -9.096775E-01   -2.518058E-01   -1.041837E-01   -2.445620E-02
   -9.143489E-01   -9.141321E-01   -9.092913E-01   -2.517201E-01   -1.042113E-01   -2.444199E-02
   -9.139715E-01   -9.137543E-01   -9.089050E-01   -2.516364E-01   -1.042385E-01   -2.442757E-02
   -9.135940E-01   -9.133764E-01   -9.085186E-01   -2.515546E-01   -1.042653E-01   -2.441294E-02
   -9.132166E-01   -9.129986E-01   -9.081323E-01   -2.514748E-01   -1.042916E-01   -2.439807E-02
   -9.128393E-01   -9.126209E-01   -9.077462E-01   -2.513969E-01   -1.043174E-01   -2.438294E-02
   -9.124622E-01   -9.122435E-01   -9.073604E-01   -2.513209E-01   -1.043427E-01   -2.436756E-02
   -9.120857E-01   -9.118665E-01   -9.069750E-01   -2.512467E-01   -1.043673E-01   -2.435191E-02
   -9.117096E-01   -9.114901E-01   -9.065902E-01   -2.511743E-01   -1.043913E-01   -2.433600E-02
   -9.113342E-01   -9.111143E-01   -9.062061E-01   -2.511037E-01   -1.044146E-01   -2.431984E-02
   -9.109595E-01   -9.107393E-01   -9.058226E-01   -2.510349E-01   -1.044371E-01   -2.430342E-02
   -9.105856E-01   -9.103650E-01   -9.054400E-01   -2.509678E-01   -1.044588E-01   -2.428677E-02
   -9.102127E-01   -9.099917E-01   -9.050583E-01   -2.509024E-01   -1.044797E-01   -2.426989E-02
   -9.098407E-01   -9.096194E-01   -9.046777E-01   -2.508387E-01   -1.044996E-01   -2.425280E-02
   -9.094700E-01   -9.092482E-01   -9.042982E-01   -2.507766E-01   -1.045187E-01   -2.423552E-02
   -9.091004E-01   -9.088783E-01   -9.039200E-01   -2.507162E-01   -1.045367E-01   -2.421807E-02
   -9.087322E-01   -9.085097E-01   -9.035431E-01   -2.506574E-01   -1.045537E-01   -2.420046E-02
   -9.083655E-01   -9.081426E-01   -9.031676E-01   -2.506002E-01   -1.045696E-01   -2.418270E-02
   -9.080002E-01   -9.077769E-01   -9.027936E-01   -2.505446E-01   -1.045843E-01   -2.416483E-02
   -9.076364E-01   -9.074128E-01   -9.024211E-01   -2.504905E-01   -1.045978E-01   -2.414684E-02
   -9.072744E-01   -9.070504E-01   -9.020503E-01   -2.504380E-01   -1.046102E-01   -2.412876E-02
   -9.069141E-01   -9.066897E-01   -9.016813E-01   -2.503870E-01   -1.046212E-01   -2.411060E-02
   -9.065557E-01   -9.063309E-01   -9.013141E-01   -2.503375E-01   -1.046309E-01   -2.409237E-02
   -9.061992E-01   -9.059740E-01   -9.009488E-01   -2.502895E-01   -1.046392E-01   -2.407408E-02
   -9.058446E-01   -9.056191E-01   -9.005855E-01   -2.502430E-01   -1.046461E-01   -2.405574E-02
   -9.054921E-01   -9.052662E-01   -9.002242E-01   -2.501980E-01   -1.046515E-01   -2.403736E-02
   -9.051417E-01   -9.049154E-01   -8.998650E-01   -2.501544E-01   -1.046554E-01   -2.401893E-02
   -9.047934E-01   -9.045668E-01   -8.995079E-01   -2.501122E-01   -1.046578E-01   -2.400047E-02
   -9.044475E-01   -9.042204E-01   -8.991531E-01   -2.500715E-01   -1.046585E-01   -2.398197E-02
   -9.041038E-01   -9.038764E-01   -8.988005E-01   -2.500322E-01   -1.046576E-01   -2.396345E-02
   -9.037625E-01   -9.035347E-01   -8.984503E-01   -2.499943E-01   -1.046551E-01   -2.394489E-02
   -9.034236E-01   -9.031954E-01   -8.981024E-01   -2.499577E-01   -1.046508E-01   -2.392632E-02
   -9.030871E-01   -9.028585E-01   -8.977570E-01   -2.499226E-01   -1.046448E-01   -2.390772E-02
   -9.027531E-01   -9.025242E-01   -8.974140E-01   -2.498888E-01   -1.046370E-01   -2.388911E-02
   -9.024217E-01   -9.021923E-01   -8.970736E-01   -2.498563E-01   -1.046273E-01   -2.387049E-02
   -9.020928E-01   -9.018631E-01   -8.967357E-01   -2.498252E-01   -1.046158E-01   -2.385187E-02
   -9.017666E-01   -9.015365E-01   -8.964004E-01   -2.497954E-01   -1.046025E-01   -2.383326E-02
   -9.014431E-01   -9.012126E-01   -8.960678E-01   -2.497669E-01   -1.045872E-01   -2.381466E-02
   -9.011223E-01   -9.008914E-01   -8.957378E-01   -2.497397E-01   -1.045701E-01   -2.379611E-02
   -9.008041E-01   -9.005729E-01   -8.954105E-01   -2.497138E-01   -1.045509E-01   -2.377760E-02
   -9.004888E-01   -9.002571E-01   -8.950859E-01   -2.496892E-01   -1.045299E-01   -2.375916E-02
   -9.001762E-01   -8.999441E-01   -8.947640E-01   -2.496658E-01   -1.045069E-01   -2.374081E-02
   -8.998664E-01   -8.996339E-01   -8.944450E-01   -2.496437E-01   -1.044818E-01   -2.372257E-02
   -8.995595E-01   -8.993266E-01   -8.941287E-01   -2.496228E-01   -1.044549E-01   -2.370447E-02
   -8.992554E-01   -8.990221E-01   -8.938152E-01   -2.496031E-01   -1.044259E-01   -2.368652E-02
   -8.989542E-01   -8.987205E-01   -8.935046E-01   -2.495846E-01   -1.043949E-01   -2.366875E-02
   -8.986559E-01   -8.984218E-01   -8.931968E-01   -2.495674E-01   -1.043620E-01   -2.365118E-02
   -8.983605E-01   -8.981260E-01   -8.928919E-01   -2.495513E-01   -1.043271E-01   -2.363385E-02
   -8.980680E-01   -8.978330E-01   -8.925898E-01   -2.495363E-01   -1.042902E-01   -2.361676E-02
   -8.977784E-01   -8.975430E-01   -8.922906E-01   -2.495225E-01   -1.042513E-01   -2.359995E-02
   -8.974917E-01   -8.972560E-01   -8.919943E-01   -2.495098E-01   -1.042106E-01   -2.358342E-02
   -8.972080E-01   -8.969719E-01   -8.917009E-01   -2.494983E-01   -1.041679E-01   -2.356720E-02
   -8.969273E-01   -8.966907E-01   -8.914104E-01   -2.494878E-01   -1.041234E-01   -2.355130E-02
   -8.966495E-01   -8.964124E-01   -8.911228E-01   -2.494784E-01   -1.040770E-01   -2.353572E-02
   -8.963746E-01   -8.961372E-01   -8.908381E-01   -2.494701E-01   -1.040288E-01   -2.352048E-02
   -8.961027E-01   -8.958648E-01   -8.905563E-01   -2.494627E-01   -1.039788E-01   -2.350557E-02
   -8.958337E-01   -8.955954E-01   -8.902774E-01   -2.494565E-01   -1.039271E-01   -2.349100E-02
   -8.955677E-01   -8.953290E-01   -8.900014E-01   -2.494512E-01   -1.038737E-01   -2.347675E-02
   -8.953047E-01   -8.950655E-01   -8.897283E-01   -2.494469E-01   -1.038187E-01   -2.346282E-02
   -8.950445E-01   -8.948050E-01   -8.894581E-01   -2.494435E-01   -1.037621E-01   -2.344920E-02
   -8.947874E-01   -8.945474E-01   -8.891908E-01   -2.494411E-01   -1.037039E-01   -2.343586E-02
   -8.945331E-01   -8.942927E-01   -8.889263E-01   -2.494396E-01   -1.036443E-01   -2.342279E-02
   -8.942818E-01   -8.940409E-01   -8.886648E-01   -2.494390E-01   -1.035832E-01   -2.340997E-02
   -8.940334E-01   -8.937921E-01   -8.884060E-01   -2.494392E-01   -1.035208E-01   -2.339737E-02
   -8.937879E-01   -8.935461E-01   -8.881502E-01   -2.494403E-01   -1.034572E-01   -2.338497E-02
   -8.935453E-01   -8.933031E-01   -8.878972E-01   -2.494422E-01   -1.033923E-01   -2.337273E-02
   -8.933056E-01   -8.930630E-01   -8.876470E-01   -2.494450E-01   -1.033262E-01   -2.336065E-02
   -8.930688E-01   -8.928257E-01   -8.873997E-01   -2.494485E-01   -1.032591E-01   -2.334867E-02
   -8.928348E-01   -8.925913E-01   -8.871552E-01   -2.494527E-01   -1.031910E-01   -2.333679E-02
   -8.926037E-01   -8.923597E-01   -8.869134E-01   -2.494576E-01   -1.031220E-01   -2.332497E-02
   -8.923755E-01   -8.921309E-01   -8.866745E-01   -2.494633E-01   -1.030521E-01   -2.331319E-02
   -8.921500E-01   -8.919050E-01   -8.864383E-01   -2.494696E-01   -1.029815E-01   -2.330142E-02
   -8.919274E-01   -8.916819E-01   -8.862048E-01   -2.494765E-01   -1.029103E-01   -2.328965E-02
   -8.917075E-01   -8.914616E-01   -8.859741E-01   -2.494841E-01   -1.028384E-01   -2.327786E-02
   -8.914905E-01   -8.912441E-01   -8.857462E-01   -2.494922E-01   -1.027660E-01   -2.326602E-02
   -8.912761E-01   -8.910293E-01   -8.855209E-01   -2.495009E-01   -1.026932E-01   -2.325413E-02
   -8.910646E-01   -8.908173E-01   -8.852983E-01   -2.495101E-01   -1.026200E-01   -2.324217E-02
   -8.908558E-01   -8.906080E-01   -8.850784E-01   -2.495198E-01   -1.025466E-01   -2.323012E-02
   -8.906496E-01   -8.904014E-01   -8.848612E-01   -2.495300E-01   -1.024729E-01   -2.321799E-02
   -8.904462E-01   -8.901975E-01   -8.846466E-01   -2.495406E-01   -1.023992E-01   -2.320576E-02
   -8.902455E-01   -8.899962E-01   -8.844346E-01   -2.495515E-01   -1.023255E-01   -2.319343E-02
   -8.900474E-01   -8.897977E-01   -8.842252E-01   -2.495629E-01   -1.022518E-01   -2.318099E-02
   -8.898519E-01   -8.896017E-01   -8.840184E-01   -2.495746E-01   -1.021782E-01   -2.316845E-02
   -8.896591E-01   -8.894084E-01   -8.838141E-01   -2.495866E-01   -1.021049E-01   -2.315579E-02
   -8.894689E-01   -8.892177E-01   -8.836124E-01   -2.495988E-01   -1.020318E-01   -2.314301E-02
   -8.892813E-01   -8.890296E-01   -8.834133E-01   -2.496113E-01   -1.019591E-01   -2.313012E-02
   -8.890962E-01   -8.888440E-01   -8.832166E-01   -2.496240E-01   -1.018868E-01   -2.311712E-02
   -8.889137E-01   -8.886610E-01   -8.830224E-01   -2.496369E-01   -1.018150E-01   -2.310400E-02
   -8.887337E-01   -8.884805E-01   -8.828307E-01   -2.496499E-01   -1.017438E-01   -2.309076E-02
   -8.885562E-01   -8.883025E-01   -8.826415E-01   -2.496630E-01   -1.016732E-01   -2.307742E-02
   -8.883812E-01   -8.881270E-01   -8.824547E-01   -2.496762E-01   -1.016032E-01   -2.306396E-02
   -8.882087E-01   -8.879539E-01   -8.822702E-01   -2.496894E-01   -1.015340E-01   -2.305040E-02
   -8.880386E-01   -8.877833E-01   -8.820882E-01   -2.497026E-01   -1.014655E-01   -2.303674E-02
   -8.878709E-01   -8.876152E-01   -8.819086E-01   -2.497158E-01   -1.013979E-01   -2.302298E-02
   -8.877057E-01   -8.874494E-01   -8.817313E-01   -2.497289E-01   -1.013312E-01   -2.300914E-02
   -8.875428E-01   -8.872860E-01   -8.815563E-01   -2.497418E-01   -1.012653E-01   -2.299522E-02
   -8.873823E-01   -8.871250E-01   -8.813836E-01   -2.497547E-01   -1.012004E-01   -2.298123E-02
   -8.872242E-01   -8.869664E-01   -8.812133E-01   -2.497674E-01   -1.011365E-01   -2.296719E-02
   -8.870684E-01   -8.868100E-01   -8.810451E-01   -2.497798E-01   -1.010736E-01   -2.295310E-02
   -8.869149E-01   -8.866560E-01   -8.808793E-01   -2.497920E-01   -1.010117E-01   -2.293899E-02
   -8.867637E-01   -8.865042E-01   -8.807157E-01   -2.498039E-01   -1.009508E-01   -2.292488E-02
   -8.866147E-01   -8.863548E-01   -8.805543E-01   -2.498155E-01   -1.008911E-01   -2.291078E-02
   -8.864680E-01   -8.862075E-01   -8.803950E-01   -2.498268E-01   -1.008324E-01   -2.289671E-02
   -8.863236E-01   -8.860625E-01   -8.802380E-01   -2.498376E-01   -1.007748E-01   -2.288270E-02
   -8.861813E-01   -8.859197E-01   -8.800831E-01   -2.498481E-01   -1.007183E-01   -2.286877E-02
   -8.860412E-01   -8.857791E-01   -8.799303E-01   -2.498580E-01   -1.006629E-01   -2.285493E-02
   -8.859033E-01   -8.856406E-01   -8.797797E-01   -2.498675E-01   -1.006086E-01   -2.284121E-02
   -8.857676E-01   -8.855044E-01   -8.796311E-01   -2.498765E-01   -1.005554E-01   -2.282764E-02
   -8.856340E-01   -8.853702E-01   -8.794846E-01   -2.498848E-01   -1.005032E-01   -2.281422E-02
   -8.855025E-01   -8.852381E-01   -8.793402E-01   -2.498926E-01   -1.004522E-01   -2.280099E-02
   -8.853731E-01   -8.851081E-01   -8.791977E-01   -2.498998E-01   -1.004021E-01   -2.278795E-02
   -8.852457E-01   -8.849802E-01   -8.790573E-01   -2.499063E-01   -1.003532E-01   -2.277511E-02
   -8.851204E-01   -8.848544E-01   -8.789189E-01   -2.499120E-01   -1.003052E-01   -2.276249E-02
   -8.849972E-01   -8.847306E-01   -8.787825E-01   -2.499171E-01   -1.002582E-01   -2.275010E-02
   -8.848760E-01   -8.846088E-01   -8.786480E-01   -2.499214E-01   -1.002122E-01   -2.273794E-02
   -8.847567E-01   -8.844889E-01   -8.785155E-01   -2.499249E-01   -1.001672E-01   -2.272600E-02
   -8.846394E-01   -8.843711E-01   -8.783849E-01   -2.499275E-01   -1.001230E-01   -2.271430E-02
   -8.845241E-01   -8.842552E-01   -8.782561E-01   -2.499293E-01   -1.000798E-01   -2.270281E-02
   -8.844108E-01   -8.841413E-01   -8.781293E-01   -2.499302E-01   -1.000373E-01   -2.269154E-02
   -8.842993E-01   -8.840292E-01   -8.780043E-01   -2.499302E-01   -9.999569E-02   -2.268048E-02
   -8.841898E-01   -8.839191E-01   -8.778812E-01   -2.499292E-01   -9.995483E-02   -2.266961E-02
   -8.840821E-01   -8.838108E-01   -8.777599E-01   -2.499272E-01   -9.991472E-02   -2.265892E-02
   -8.839763E-01   -8.837044E-01   -8.776403E-01   -2.499243E-01   -9.987530E-02   -2.264839E-02
   -8.838723E-01   -8.835999E-01   -8.775226E-01   -2.499202E-01   -9.983654E-02   -2.263802E-02
   -8.837702E-01   -8.834972E-01   -8.774066E-01   -2.499151E-01   -9.979841E-02   -2.262777E-02
   -8.836699E-01   -8.833962E-01   -8.772924E-01   -2.499090E-01   -9.976087E-02   -2.261765E-02
   -8.835713E-01   -8.832971E-01   -8.771800E-01   -2.499016E-01   -9.972388E-02   -2.260764E-02
   -8.834746E-01   -8.831998E-01   -8.770692E-01   -2.498932E-01   -9.968740E-02   -2.259771E-02
   -8.833796E-01   -8.831041E-01   -8.769601E-01   -2.498835E-01   -9.965140E-02   -2.258787E-02
   -8.832863E-01   -8.830103E-01   -8.768527E-01   -2.498727E-01   -9.961585E-02   -2.257809E-02
   -8.831948E-01   -8.829181E-01   -8.767470E-01   -2.498606E-01   -9.958071E-02   -2.256837E-02
   -8.831050E-01   -8.828277E-01   -8.766429E-01   -2.498473E-01   -9.954595E-02   -2.255871E-02
   -8.830168E-01   -8.827389E-01   -8.765405E-01   -2.498328E-01   -9.951153E-02   -2.254908E-02
   -8.829303E-01   -8.826518E-01   -8.764396E-01   -2.498169E-01   -9.947744E-02   -2.253948E-02
   -8.828455E-01   -8.825664E-01   -8.763404E-01   -2.497997E-01   -9.944364E-02   -2.252991E-02
   -8.827623E-01   -8.824826E-01   -8.762427E-01   -2.497812E-01   -9.941010E-02   -2.252036E-02
   -8.826808E-01   -8.824004E-01   -8.761466E-01   -2.497613E-01   -9.937681E-02   -2.251083E-02
   -8.826008E-01   -8.823198E-01   -8.760520E-01   -2.497401E-01   -9.934375E-02   -2.250131E-02
   -8.818935E-01   -8.816061E-01   -8.751972E-01   -2.494535E-01   -9.902624E-02   -2.240588E-02
   -8.813258E-01   -8.810318E-01   -8.744760E-01   -2.490208E-01   -9.872427E-02   -2.230231E-02
   -8.808834E-01   -8.805825E-01   -8.738743E-01   -2.484401E-01   -9.844829E-02   -2.219601E-02
   -8.805534E-01   -8.802453E-01   -8.733790E-01   -2.477198E-01   -9.821126E-02   -2.210368E-02
   -8.803237E-01   -8.800083E-01   -8.729781E-01   -2.468781E-01   -9.801249E-02   -2.202360E-02
   -8.801835E-01   -8.798604E-01   -8.726606E-01   -2.459412E-01   -9.783064E-02   -2.194699E-02
   -8.801227E-01   -8.797917E-01   -8.724165E-01   -2.449415E-01   -9.763121E-02   -2.186729E-02
   -8.801322E-01   -8.797930E-01   -8.722367E-01   -2.439145E-01   -9.738452E-02   -2.178268E-02
   -8.802038E-01   -8.798560E-01   -8.721127E-01   -2.428952E-01   -9.708228E-02   -2.170478E-02
   -8.803298E-01   -8.799733E-01   -8.720371E-01   -2.419147E-01   -9.674162E-02   -2.163741E-02
   -8.805034E-01   -8.801379E-01   -8.720029E-01   -2.409978E-01   -9.639400E-02   -2.157464E-02
   -8.807184E-01   -8.803436E-01   -8.720040E-01   -2.401602E-01   -9.606754E-02   -2.150813E-02
   -8.809692E-01   -8.805848E-01   -8.720346E-01   -2.394080E-01   -9.577544E-02   -2.143983E-02
   -8.812507E-01   -8.808565E-01   -8.720898E-01   -2.387381E-01   -9.551724E-02   -2.137724E-02
   -8.815584E-01   -8.811541E-01   -8.721649E-01   -2.381393E-01   -9.528838E-02   -2.132218E-02
   -8.818882E-01   -8.814734E-01   -8.722559E-01   -2.375957E-01   -9.508710E-02   -2.126888E-02
   -8.822362E-01   -8.818107E-01   -8.723589E-01   -2.370897E-01   -9.491187E-02   -2.121153E-02
   -8.825993E-01   -8.821628E-01   -8.724707E-01   -2.366051E-01   -9.475425E-02   -2.115668E-02
   -8.829744E-01   -8.825267E-01   -8.725884E-01   -2.361305E-01   -9.459759E-02   -2.110734E-02
   -8.833589E-01   -8.828996E-01   -8.727092E-01   -2.356607E-01   -9.442592E-02   -2.106212E-02
   -8.837504E-01   -8.832792E-01   -8.728309E-01   -2.351968E-01   -9.423488E-02   -2.101400E-02
   -8.841468E-01   -8.836635E-01   -8.729513E-01   -2.347450E-01   -9.403286E-02   -2.096652E-02
   -8.845462E-01   -8.840504E-01   -8.730687E-01   -2.343145E-01   -9.383120E-02   -2.092412E-02
   -8.849469E-01   -8.844385E-01   -8.731813E-01   -2.339138E-01   -9.363504E-02   -2.088428E-02
   -8.853475E-01   -8.848261E-01   -8.732878E-01   -2.335482E-01   -9.344562E-02   -2.084291E-02
   -8.857467E-01   -8.852120E-01   -8.733870E-01   -2.332175E-01   -9.326875E-02   -2.080218E-02
   -8.861434E-01   -8.855951E-01   -8.734777E-01   -2.329154E-01   -9.311466E-02   -2.076619E-02
   -8.865365E-01   -8.859744E-01   -8.735591E-01   -2.326309E-01   -9.298611E-02   -2.073082E-02
   -8.869253E-01   -8.863491E-01   -8.736304E-01   -2.323501E-01   -9.287019E-02   -2.069455E-02
   -8.873090E-01   -8.867183E-01   -8.736909E-01   -2.320605E-01   -9.274793E-02   -2.066045E-02
   -8.876869E-01   -8.870816E-01   -8.737401E-01   -2.317531E-01   -9.261206E-02   -2.062936E-02
   -8.880586E-01   -8.874382E-01   -8.737775E-01   -2.314255E-01   -9.247040E-02   -2.059757E-02
   -8.884235E-01   -8.877879E-01   -8.738028E-01   -2.310812E-01   -9.233180E-02   -2.056629E-02
   -8.887813E-01   -8.881302E-01   -8.738156E-01   -2.307289E-01   -9.219666E-02   -2.053797E-02
   -8.891317E-01   -8.884648E-01   -8.738160E-01   -2.303794E-01   -9.206465E-02   -2.050998E-02
   -8.894745E-01   -8.887915E-01   -8.738035E-01   -2.300424E-01   -9.194301E-02   -2.048174E-02
   -8.898094E-01   -8.891101E-01   -8.737784E-01   -2.297242E-01   -9.183820E-02   -2.045597E-02
   -8.901363E-01   -8.894204E-01   -8.737404E-01   -2.294266E-01   -9.174378E-02   -2.043094E-02
   -8.904552E-01   -8.897225E-01   -8.736896E-01   -2.291478E-01   -9.164896E-02   -2.040556E-02
   -8.907660E-01   -8.900161E-01   -8.736262E-01   -2.288843E-01   -9.154791E-02   -2.038227E-02
   -8.910686E-01   -8.903013E-01   -8.735502E-01   -2.286331E-01   -9.144456E-02   -2.035958E-02
   -8.913630E-01   -8.905781E-01   -8.734618E-01   -2.283932E-01   -9.134129E-02   -2.033686E-02
   -8.916494E-01   -8.908465E-01   -8.733611E-01   -2.281654E-01   -9.124050E-02   -2.031596E-02
   -8.919276E-01   -8.911066E-01   -8.732485E-01   -2.279510E-01   -9.114808E-02   -2.029518E-02
   -8.921979E-01   -8.913585E-01   -8.731240E-01   -2.277504E-01   -9.106611E-02   -2.027488E-02
   -8.924603E-01   -8.916023E-01   -8.729881E-01   -2.275611E-01   -9.098890E-02   -2.025606E-02
   -8.927149E-01   -8.918380E-01   -8.728409E-01   -2.273786E-01   -9.091171E-02   -2.023705E-02
   -8.929618E-01   -8.920658E-01   -8.726827E-01   -2.271979E-01   -9.083411E-02   -2.021908E-02
   -8.932012E-01   -8.922858E-01   -8.725139E-01   -2.270155E-01   -9.075449E-02   -2.020180E-02
   -8.934332E-01   -8.924982E-01   -8.723348E-01   -2.268309E-01   -9.067407E-02   -2.018462E-02
   -8.936580E-01   -8.927032E-01   -8.721456E-01   -2.266461E-01   -9.059995E-02   -2.016863E-02
   -8.938756E-01   -8.929008E-01   -8.719469E-01   -2.264646E-01   -9.053400E-02   -2.015264E-02
   -8.940863E-01   -8.930912E-01   -8.717388E-01   -2.262885E-01   -9.047070E-02   -2.013751E-02
   -8.942902E-01   -8.932746E-01   -8.715219E-01   -2.261185E-01   -9.040733E-02   -2.012277E-02
   -8.944875E-01   -8.934512E-01   -8.712963E-01   -2.259536E-01   -9.034591E-02   -2.010841E-02
   -8.946784E-01   -8.936211E-01   -8.710626E-01   -2.257935E-01   -9.028184E-02   -2.009477E-02
   -8.948629E-01   -8.937846E-01   -8.708211E-01   -2.256393E-01   -9.021949E-02   -2.008126E-02
   -8.950413E-01   -8.939417E-01   -8.705721E-01   -2.254938E-01   -9.016311E-02   -2.006854E-02
   -8.952138E-01   -8.940926E-01   -8.703161E-01   -2.253586E-01   -9.011036E-02   -2.005589E-02
   -8.953805E-01   -8.942376E-01   -8.700534E-01   -2.252332E-01   -9.005914E-02   -2.004397E-02
   -8.955416E-01   -8.943767E-01   -8.697845E-01   -2.251140E-01   -9.000769E-02   -2.003215E-02
   -8.956972E-01   -8.945102E-01   -8.695097E-01   -2.249964E-01   -8.995526E-02   -2.002097E-02
   -8.958475E-01   -8.946382E-01   -8.692294E-01   -2.248779E-01   -8.990524E-02   -2.000993E-02
   -8.959926E-01   -8.947609E-01   -8.689440E-01   -2.247592E-01   -8.985871E-02   -1.999945E-02
   -8.961328E-01   -8.948784E-01   -8.686540E-01   -2.246426E-01   -8.981497E-02   -1.998912E-02
   -8.962681E-01   -8.949909E-01   -8.683596E-01   -2.245301E-01   -8.977245E-02   -1.997931E-02
   -8.963987E-01   -8.950985E-01   -8.680613E-01   -2.244214E-01   -8.972863E-02   -1.996964E-02
   -8.965248E-01   -8.952015E-01   -8.677594E-01   -2.243152E-01   -8.968559E-02   -1.996044E-02
   -8.966465E-01   -8.952998E-01   -8.674545E-01   -2.242112E-01   -8.964595E-02   -1.995141E-02
   -8.967639E-01   -8.953938E-01   -8.671467E-01   -2.241114E-01   -8.960823E-02   -1.994276E-02
   -8.968773E-01   -8.954834E-01   -8.668367E-01   -2.240178E-01   -8.957204E-02   -1.993434E-02
   -8.969866E-01   -8.955690E-01   -8.665246E-01   -2.239304E-01   -8.953502E-02   -1.992619E-02
   -8.970921E-01   -8.956505E-01   -8.662109E-01   -2.238469E-01   -8.949897E-02   -1.991831E-02
   -8.971938E-01   -8.957281E-01   -8.658960E-01   -2.237646E-01   -8.946490E-02   -1.991069E-02
   -8.972919E-01   -8.958020E-01   -8.655803E-01   -2.236829E-01   -8.943300E-02   -1.990333E-02
   -8.973866E-01   -8.958723E-01   -8.652641E-01   -2.236025E-01   -8.940149E-02   -1.989619E-02
   -8.974778E-01   -8.959390E-01   -8.649478E-01   -2.235243E-01   -8.937001E-02   -1.988927E-02
   -8.975658E-01   -8.960023E-01   -8.646317E-01   -2.234480E-01   -8.933951E-02   -1.988259E-02
   -8.976506E-01   -8.960624E-01   -8.643163E-01   -2.233734E-01   -8.931108E-02   -1.987610E-02
   -8.977324E-01   -8.961193E-01   -8.640018E-01   -2.233015E-01   -8.928363E-02   -1.986985E-02
   -8.978112E-01   -8.961731E-01   -8.636886E-01   -2.232336E-01   -8.925622E-02   -1.986378E-02
   -8.978872E-01   -8.962239E-01   -8.633771E-01   -2.231693E-01   -8.922936E-02   -1.985788E-02
   -8.979604E-01   -8.962718E-01   -8.630676E-01   -2.231072E-01   -8.920405E-02   -1.985219E-02
   -8.980310E-01   -8.963170E-01   -8.627604E-01   -2.230464E-01   -8.917993E-02   -1.984669E-02
   -8.980989E-01   -8.963595E-01   -8.624559E-01   -2.229871E-01   -8.915594E-02   -1.984128E-02
   -8.981643E-01   -8.963993E-01   -8.621544E-01   -2.229293E-01   -8.913237E-02   -1.983617E-02
   -8.982274E-01   -8.964367E-01   -8.618561E-01   -2.228723E-01   -8.911020E-02   -1.983117E-02
   -8.982880E-01   -8.964716E-01   -8.615614E-01   -2.228153E-01   -8.908879E-02   -1.982633E-02
   -8.983464E-01   -8.965041E-01   -8.612706E-01   -2.227630E-01   -8.906756E-02   -1.982162E-02
   -8.984026E-01   -8.965343E-01   -8.609839E-01   -2.227124E-01   -8.904696E-02   -1.981707E-02
   -8.984567E-01   -8.965623E-01   -8.607017E-01   -2.226639E-01   -8.902749E-02   -1.981267E-02
   -8.985087E-01   -8.965881E-01   -8.604241E-01   -2.226163E-01   -8.900849E-02   -1.980840E-02
   -8.985586E-01   -8.966119E-01   -8.601514E-01   -2.225706E-01   -8.898963E-02   -1.980427E-02
   -8.986066E-01   -8.966336E-01   -8.598839E-01   -2.225259E-01   -8.897175E-02   -1.980025E-02
   -8.986527E-01   -8.966533E-01   -8.596217E-01   -2.224818E-01   -8.895451E-02   -1.979636E-02
   -8.986969E-01   -8.966710E-01   -8.593652E-01   -2.224385E-01   -8.893748E-02   -1.979259E-02
   -8.987393E-01   -8.966869E-01   -8.591144E-01   -2.223973E-01   -8.892103E-02   -1.978894E-02
   -8.987799E-01   -8.967009E-01   -8.588695E-01   -2.223578E-01   -8.890535E-02   -1.978540E-02
   -8.988187E-01   -8.967132E-01   -8.586308E-01   -2.223197E-01   -8.888983E-02   -1.978173E-02
   -8.988559E-01   -8.967237E-01   -8.583982E-01   -2.222826E-01   -8.887452E-02   -1.977863E-02
   -8.988914E-01   -8.967324E-01   -8.581721E-01   -2.222466E-01   -8.886037E-02   -1.977540E-02
   -8.989252E-01   -8.967394E-01   -8.579524E-01   -2.222110E-01   -8.884630E-02   -1.977225E-02
   -8.989574E-01   -8.967447E-01   -8.577392E-01   -2.221762E-01   -8.883253E-02   -1.976921E-02
   -8.989879E-01   -8.967484E-01   -8.575326E-01   -2.221428E-01   -8.881937E-02   -1.976624E-02
   -8.990169E-01   -8.967504E-01   -8.573327E-01   -2.221106E-01   -8.880636E-02   -1.976336E-02
   -8.990442E-01   -8.967508E-01   -8.571394E-01   -2.220794E-01   -8.879375E-02   -1.976060E-02
   -8.990699E-01   -8.967495E-01   -8.569527E-01   -2.220491E-01   -8.878161E-02   -1.975785E-02
   -8.990940E-01   -8.967466E-01   -8.567727E-01   -2.220191E-01   -8.876962E-02   -1.975517E-02
   -8.991164E-01   -8.967420E-01   -8.565991E-01   -2.219898E-01   -8.875802E-02   -1.975258E-02
   -8.991373E-01   -8.967358E-01   -8.564321E-01   -2.219613E-01   -8.874672E-02   -1.975006E-02
   -8.991564E-01   -8.967278E-01   -8.562714E-01   -2.219336E-01   -8.873558E-02   -1.974759E-02
   -8.991738E-01   -8.967181E-01   -8.561168E-01   -2.219067E-01   -8.872484E-02   -1.974518E-02
   -8.991894E-01   -8.967066E-01   -8.559684E-01   -2.218805E-01   -8.871423E-02   -1.974282E-02
   -8.992033E-01   -8.966934E-01   -8.558257E-01   -2.218544E-01   -8.870386E-02   -1.974052E-02
   -8.992152E-01   -8.966782E-01   -8.556887E-01   -2.218288E-01   -8.869373E-02   -1.973825E-02
   -8.992253E-01   -8.966611E-01   -8.555570E-01   -2.218037E-01   -8.868368E-02   -1.973603E-02
   -8.992332E-01   -8.966420E-01   -8.554305E-01   -2.217791E-01   -8.867363E-02   -1.973389E-02
   -8.992391E-01   -8.966207E-01   -8.553086E-01   -2.217551E-01   -8.866414E-02   -1.973167E-02
   -8.992427E-01   -8.965972E-01   -8.551913E-01   -2.217310E-01   -8.865456E-02   -1.972952E-02
   -8.992439E-01   -8.965714E-01   -8.550779E-01   -2.217072E-01   -8.864505E-02   -1.972741E-02
   -8.992426E-01   -8.965430E-01   -8.549683E-01   -2.216834E-01   -8.863560E-02   -1.972532E-02
   -8.992387E-01   -8.965120E-01   -8.548619E-01   -2.216599E-01   -8.862620E-02   -1.972322E-02
   -8.992319E-01   -8.964782E-01   -8.547582E-01   -2.216366E-01   -8.861679E-02   -1.972113E-02
   -8.992220E-01   -8.964414E-01   -8.546569E-01   -2.216130E-01   -8.860739E-02   -1.971903E-02
   -8.992089E-01   -8.964013E-01   -8.545573E-01   -2.215892E-01   -8.859791E-02   -1.971690E-02
   -8.991922E-01   -8.963578E-01   -8.544590E-01   -2.215653E-01   -8.858837E-02   -1.971480E-02
   -8.991717E-01   -8.963104E-01   -8.543613E-01   -2.215412E-01   -8.857868E-02   -1.971264E-02
   -8.991471E-01   -8.962590E-01   -8.542637E-01   -2.215166E-01   -8.856887E-02   -1.971045E-02
   -8.991180E-01   -8.962033E-01   -8.541655E-01   -2.214915E-01   -8.855883E-02   -1.970822E-02
   -8.990841E-01   -8.961427E-01   -8.540662E-01   -2.214657E-01   -8.854857E-02   -1.970593E-02
   -8.990449E-01   -8.960769E-01   -8.539649E-01   -2.214393E-01   -8.853799E-02   -1.970358E-02
   -8.990000E-01   -8.960055E-01   -8.538610E-01   -2.214121E-01   -8.852707E-02   -1.970115E-02
   -8.989488E-01   -8.959279E-01   -8.537537E-01   -2.213837E-01   -8.851573E-02   -1.969863E-02
   -8.988908E-01   -8.958436E-01   -8.536423E-01   -2.213542E-01   -8.850395E-02   -1.969601E-02
   -8.988254E-01   -8.957519E-01   -8.535259E-01   -2.213234E-01   -8.849161E-02   -1.969320E-02
   -8.987519E-01   -8.956523E-01   -8.534036E-01   -2.212910E-01   -8.847867E-02   -1.969038E-02
   -8.986694E-01   -8.955438E-01   -8.532745E-01   -2.212569E-01   -8.846505E-02   -1.968734E-02
   -8.985773E-01   -8.954258E-01   -8.531378E-01   -2.212208E-01   -8.845064E-02   -1.968414E-02
   -8.984744E-01   -8.952972E-01   -8.529922E-01   -2.211825E-01   -8.843539E-02   -1.968074E-02
   -8.983600E-01   -8.951571E-01   -8.528368E-01   -2.211419E-01   -8.841908E-02   -1.967713E-02
   -8.982327E-01   -8.950043E-01   -8.526704E-01   -2.210985E-01   -8.840171E-02   -1.967325E-02
   -8.980914E-01   -8.948377E-01   -8.524918E-01   -2.210499E-01   -8.838312E-02   -1.966911E-02
   -8.979348E-01   -8.946559E-01   -8.522995E-01   -2.210019E-01   -8.836315E-02   -1.966467E-02
   -8.977613E-01   -8.944575E-01   -8.520922E-01   -2.209484E-01   -8.834143E-02   -1.965990E-02
   -8.975694E-01   -8.942407E-01   -8.518684E-01   -2.208905E-01   -8.831856E-02   -1.965474E-02
   -8.973572E-01   -8.940039E-01   -8.516263E-01   -2.208280E-01   -8.829336E-02   -1.964918E-02
   -8.971227E-01   -8.937452E-01   -8.513640E-01   -2.207604E-01   -8.826652E-02   -1.964316E-02
   -8.968640E-01   -8.934623E-01   -8.510796E-01   -2.206870E-01   -8.823721E-02   -1.963662E-02
   -8.965785E-01   -8.931529E-01   -8.507709E-01   -2.206066E-01   -8.820538E-02   -1.962956E-02
   -8.962638E-01   -8.928146E-01   -8.504354E-01   -2.205210E-01   -8.817089E-02   -1.962186E-02
   -8.959170E-01   -8.924444E-01   -8.500706E-01   -2.204269E-01   -8.813319E-02   -1.961356E-02
   -8.955350E-01   -8.920394E-01   -8.496735E-01   -2.203244E-01   -8.809222E-02   -1.960437E-02
   -8.951146E-01   -8.915963E-01   -8.492411E-01   -2.202128E-01   -8.804757E-02   -1.959444E-02
   -8.946519E-01   -8.911113E-01   -8.487698E-01   -2.200910E-01   -8.799889E-02   -1.958363E-02
   -8.941431E-01   -8.905805E-01   -8.482559E-01   -2.199581E-01   -8.794553E-02   -1.957178E-02
   -8.935838E-01   -8.899995E-01   -8.476953E-01   -2.198129E-01   -8.788778E-02   -1.955888E-02
   -8.929693E-01   -8.893638E-01   -8.470834E-01   -2.196547E-01   -8.782445E-02   -1.954255E-02
   -8.922944E-01   -8.886682E-01   -8.464154E-01   -2.194817E-01   -8.775532E-02   -1.952939E-02
   -8.915536E-01   -8.879072E-01   -8.456860E-01   -2.192927E-01   -8.767972E-02   -1.951258E-02
   -8.907409E-01   -8.870747E-01   -8.448895E-01   -2.190862E-01   -8.759718E-02   -1.949420E-02
   -8.898497E-01   -8.861644E-01   -8.440195E-01   -2.188607E-01   -8.750696E-02   -1.947413E-02
   -8.888730E-01   -8.851691E-01   -8.430694E-01   -2.186143E-01   -8.740846E-02   -1.945221E-02
   -8.878033E-01   -8.840815E-01   -8.420319E-01   -2.183452E-01   -8.730089E-02   -1.942827E-02
   -8.866325E-01   -8.828934E-01   -8.408992E-01   -2.180515E-01   -8.718343E-02   -1.940213E-02
   -8.853517E-01   -8.815961E-01   -8.396632E-01   -2.177309E-01   -8.705527E-02   -1.937363E-02
   -8.839518E-01   -8.801805E-01   -8.383147E-01   -2.173812E-01   -8.691543E-02   -1.934249E-02
   -8.824229E-01   -8.786366E-01   -8.368445E-01   -2.169999E-01   -8.676300E-02   -1.930862E-02
   -8.807543E-01   -8.769539E-01   -8.352424E-01   -2.165845E-01   -8.659689E-02   -1.927160E-02
   -8.789349E-01   -8.751215E-01   -8.334979E-01   -2.161322E-01   -8.641604E-02   -1.923135E-02
   -8.769530E-01   -8.731276E-01   -8.315999E-01   -2.156400E-01   -8.621926E-02   -1.918756E-02
   -8.747963E-01   -8.709599E-01   -8.295365E-01   -2.151050E-01   -8.600539E-02   -1.913995E-02
   -8.724519E-01   -8.686057E-01   -8.272957E-01   -2.145240E-01   -8.577305E-02   -1.908826E-02
   -8.699065E-01   -8.660517E-01   -8.248647E-01   -2.138938E-01   -8.552106E-02   -1.903218E-02
   -8.671462E-01   -8.632841E-01   -8.222305E-01   -2.132108E-01   -8.524799E-02   -1.897146E-02
   -8.641569E-01   -8.602889E-01   -8.193796E-01   -2.124717E-01   -8.495266E-02   -1.890564E-02
   -8.609241E-01   -8.570517E-01   -8.162985E-01   -2.116728E-01   -8.463305E-02   -1.883456E-02
   -8.574333E-01   -8.535580E-01   -8.129732E-01   -2.108107E-01   -8.428835E-02   -1.875784E-02
   -8.536699E-01   -8.497934E-01   -8.093901E-01   -2.098816E-01   -8.391686E-02   -1.867518E-02
   -8.496196E-01   -8.457435E-01   -8.055353E-01   -2.088821E-01   -8.351726E-02   -1.858623E-02
   -8.452681E-01   -8.413943E-01   -8.013957E-01   -2.078088E-01   -8.308809E-02   -1.849073E-02
   -8.406019E-01   -8.367323E-01   -7.969582E-01   -2.066578E-01   -8.262804E-02   -1.838835E-02
   -8.356081E-01   -8.317445E-01   -7.922105E-01   -2.054271E-01   -8.213582E-02   -1.827879E-02
   -8.302746E-01   -8.264191E-01   -7.871414E-01   -2.041126E-01   -8.161026E-02   -1.816185E-02
   -8.245906E-01   -8.207453E-01   -7.817404E-01   -2.027121E-01   -8.105030E-02   -1.803724E-02
   -8.185465E-01   -8.147136E-01   -7.759986E-01   -2.012232E-01   -8.045519E-02   -1.790475E-02
   -8.121344E-01   -8.083160E-01   -7.699082E-01   -1.996439E-01   -7.982355E-02   -1.776424E-02
   -8.053480E-01   -8.015464E-01   -7.634635E-01   -1.979728E-01   -7.915536E-02   -1.761553E-02
   -7.981830E-01   -7.944005E-01   -7.566603E-01   -1.962086E-01   -7.845018E-02   -1.745856E-02
   -7.906372E-01   -7.868761E-01   -7.494965E-01   -1.943509E-01   -7.770730E-02   -1.729327E-02
   -7.827106E-01   -7.789732E-01   -7.419721E-01   -1.923999E-01   -7.692717E-02   -1.711966E-02
   -7.744056E-01   -7.706942E-01   -7.340894E-01   -1.903558E-01   -7.610990E-02   -1.693778E-02
   -7.657268E-01   -7.620438E-01   -7.258527E-01   -1.882200E-01   -7.525595E-02   -1.674774E-02
   -7.566814E-01   -7.530291E-01   -7.172690E-01   -1.859942E-01   -7.436622E-02   -1.654969E-02
   -7.472789E-01   -7.436595E-01   -7.083471E-01   -1.836807E-01   -7.344097E-02   -1.634386E-02
   -7.375310E-01   -7.339468E-01   -6.990982E-01   -1.812825E-01   -7.248210E-02   -1.613044E-02
   -7.274518E-01   -7.239048E-01   -6.895356E-01   -1.788028E-01   -7.149073E-02   -1.590980E-02
   -7.170572E-01   -7.135497E-01   -6.796746E-01   -1.762458E-01   -7.046828E-02   -1.568228E-02
   -7.063653E-01   -7.028991E-01   -6.695321E-01   -1.736158E-01   -6.941674E-02   -1.544822E-02
   -6.953957E-01   -6.919728E-01   -6.591267E-01   -1.709177E-01   -6.833794E-02   -1.520817E-02
   -6.841694E-01   -6.807915E-01   -6.484785E-01   -1.681565E-01   -6.723394E-02   -1.496249E-02
