   2441861166.93550       -2425620340.05013       0.000000000000000E+000
   2386222488.82620       -2390581513.61258        3040390361.04420     
   2331851555.05962       -2330690853.48373        2156444244.61372     
   2278719479.72601       -2279037775.42140        2325598581.18832     
   2226798034.90783       -2226720027.52888        2214119000.03419     
   2176059636.16735       -2176087804.56479        2179342148.91746     
   2126477327.44209       -2126477037.21058        2125485215.56553     
   2078024766.73342       -2078032094.52259        2078181167.28028     
   2030676212.52762       -2030681486.28781        2030527585.37047     
   1984406509.69526       -1984412323.71654        1984341923.62928     
   1939191076.17774       -1939196739.75461        1939106422.78812     
   1895005890.12897       -1895011585.44949        1894929442.82475     
   1851827477.15600       -1851833152.05895        1851751197.85067     
   1809632897.61186       -1809638566.57215        1809558955.64273     
   1768399734.55823       -1768405393.53468        1768327480.76016     
   1728106081.82807       -1728111732.03591        1728035625.18934     
   1688730532.39348       -1688736173.19446        1688661842.56519     
   1650252166.99542       -1650257799.41989        1650185048.93580     
   1612650543.01344       -1612656164.55722        1612585420.83697     
   1575905683.66635       -1575911299.73055        1575841367.25738     
   1539998067.10854       -1540003680.33796        1539935928.64740     
   1504908616.68404       -1504914215.11103        1504848463.32688     
   1470618690.39044       -1470624275.04450        1470559501.45871     
   1437110070.66107       -1437115650.03751        1437052163.69436     
   1404364955.06408       -1404370532.62241        1404308392.07522     
   1372365946.91970       -1372371517.73017        1372311327.61386     
   1341096046.10136       -1341101606.61017        1341042572.22071     
   1310538639.65203       -1310544191.50218        1310486596.95187     
   1280677493.17850       -1280683035.83227        1280626722.16167     
   1251496742.18379       -1251502275.55284        1251447302.62377     
   1222980883.65374       -1222986408.55265        1222932577.61335     
   1195114767.80265       -1195120281.89213        1195068009.51454     
   1167883590.08063       -1167889098.69074        1167837239.97783     
   1141272883.05711       -1141278385.39052        1141228571.99150     
   1115268509.37643       -1115273992.40073        1115225591.27471     
   1089856653.66175       -1089862121.59715        1089814214.63823     
   1065023814.98411       -1065029279.00536        1064982133.57774     
   1040756800.07519       -1040762266.21001        1040716010.33186     
   1017042716.45683       -1017048176.07210        1017003908.01962     
   993868965.668292       -993874416.568371        993830420.289651     
   971223235.978168       -971228674.060740        971186797.441559     
   949093496.526234       -949098917.344075        949057281.894556     
   927467990.102885       -927473409.398041        927432104.215008     
   906335227.399882       -906340642.155089        906301167.136723     
   885683981.338232       -885689384.135777        885650567.812363     
   865503280.384560       -865508676.755426        865470529.454409     
   845782402.996676       -845787786.144867        845751329.828185     
   826510872.170594       -826516239.381363        826480048.314379     
   807678449.224133       -807683813.904553        807647881.079041     
   789275128.770394       -789280488.115493        789246194.124467     
   771291133.787397       -771296482.175896        771262643.383543     
   753716909.780745       -753722249.746341        753689311.751012     
   736543120.004124       -736548450.597722        736516231.720253     
   719760640.439760       -719765961.985440        719734499.223987     
   703360554.966542       -703365867.358342        703335126.504036     
   687334150.619054       -687339453.889460        687309423.756194     
   671672912.959658       -671678207.097932        671648869.888624     
   656368521.554697       -656373806.563285        656345146.978034     
   641412845.554136       -641418121.431572        641390123.873852     
   626797939.371811       -626803206.117913        626775855.552366     
   612516038.464152       -612521296.078258        612494577.755507     
   598559555.205068       -598564803.686705        598538703.193226     
   584921074.854823       -584926314.203529        584900817.469679     
   571593351.620776       -571598581.836037        571573675.102608     
   558569304.807867       -558574525.889200        558550195.713518     
   545842015.056818       -545847227.003755        545823460.247801     
   533404720.668049       -533409923.480146        533386707.306037     
   521250814.009354       -521256007.686164        521233329.549959     
   509373838.005429       -509379022.546550        509356870.184745     
   497767482.707386       -497772658.112384        497751019.552739     
   486425581.940438       -486430748.208833        486409611.741398     
   475342110.027957       -475347267.159421        475326621.334387     
   464511178.590181       -464516326.584300        464496160.239866     
   453927033.415869       -453932172.272224        453912474.466834     
   443584051.405224       -443589181.123484        443569941.191131     
   433476737.582483       -433481858.162237        433463065.667707     
   423599722.176571       -423604833.617477        423586478.363252     
   413947757.768273       -413952860.070008        413934932.094906     
   404515716.502412       -404520809.664615        404503299.235351     
   395298587.363546       -395303671.385842        395286568.988003     
   386291473.513735       -386296548.395817        386279844.727837     
   377489589.690980       -377494655.432537        377478341.414390     
   368888259.666922       -368893316.267640        368877383.017005     
   360482913.762486       -360487961.222048        360472400.067705     
   352269086.420116       -352274124.738208        352258927.197705     
   344242413.831343       -344247443.007691        344232600.796943     
   336398631.618390       -336403651.652741        336389156.673550     
   328733572.568623       -328738583.460670        328724427.808296     
   321243164.420614       -321248166.170037        321234342.107316     
   313923427.700640       -313928420.307238        313914920.274846     
   306770473.608496       -306775457.071998        306762273.696963     
   299780501.951467       -299785476.271574        299772602.331722     
   292949799.125380       -292954764.301876        292942192.747134     
   286274736.141660       -286279692.174299        286267416.117165     
   279751766.699336       -279756713.587893        279744726.291540     
   273377425.300976       -273382363.045208        273370657.936189     
   267148325.411564       -267153254.011246        267141824.652337     
   261061157.659302       -261066077.114220        261054917.229795     
   255112688.077439       -255117598.387368        255106701.830972     
   249299756.386132       -249304657.550844        249294018.329694     
   243619274.313474       -243624166.332766        243613778.574422     
   238068223.954766       -238073106.828476        238062964.809201     
   232643656.169186       -232648529.897069        232638628.019195     
   227342689.012977       -227347553.594853        227337886.379853     
   222162506.208345       -222167361.644055        222157923.750503     
   217100355.647236       -217105201.936564        217095988.139265     
   212153547.929218       -212158385.071991        212149390.261309     
   207319454.932656       -207324282.928704        207315502.118749     
   202595508.418467       -202600327.267597        202591755.580863     
   197979198.665674       -197984008.367722        197975641.038375     
   193468073.138050       -193472873.692874        193464706.064154     
   189059735.181152       -189064526.588592        189056554.112243     
   184751842.749031       -184756625.008933        184748843.236469     
   180542107.159970       -180546880.272170        180539284.861076     
   176428291.880555       -176433055.844910        176425642.544858     
   172408211.337462       -172412966.153847        172405730.818139     
   168479729.756322       -168484475.424560        168477414.000181     
   164640760.027030       -164645496.546982        164638605.066372     
   160889262.594916       -160893989.966451        160887264.561898     
   157223244.377183       -157227962.600182        157221399.482350     
   153640757.704028       -153645466.778368        153639062.255313     
   150139899.283896       -150144599.209430        150138349.664060     
   146718809.192306       -146723499.968927        146717401.870222     
   143375669.883720       -143380351.511292        143374401.411169     
   140108705.225926       -140113377.704317        140107572.227772     
   136916179.556423       -136920842.885558        136915178.735420     
   133796396.760306       -133801050.940047        133795524.903608     
   130747699.369161       -130752344.399385        130746953.321251     
   127768467.680495       -127773103.561135        127767844.370011     
   124857118.897227       -124861745.628154        124856615.320712     
   122012106.286788       -122016723.867902        122011719.503423     
   119231918.359377       -119236526.790591        119231645.502669     
   116515078.064948       -116519677.346146        116514916.329872     
   113860142.008487       -113864732.139574        113860088.653426     
   111265699.683174       -111270280.664081        111265752.029209     
   108730372.721013       -108734944.551646        108730528.154168     
   106252814.160541       -106257376.840787        106253070.122297     
   103831707.731220       -103836261.260997        103832061.720967     
   101465767.154135       -101470311.533378        101466216.729904     
   99153735.4586262       -99158270.6872509        99154278.2354108     
   96894384.3144910       -96898910.3924004        96895017.9598264     
   94686513.3794029       -94691030.3065219        94687235.6127838     
   92528949.6611983       -92533457.4374603        92529758.2564708     
   90420546.8946962       -90425045.5200296        90421439.6751054     
   88360184.9327145       -88364674.4070563        88361159.7713144     
   86346769.1509647       -86351249.4742144        86347823.9730017     
   84379229.8665046       -84383701.0386078        84380362.6335638     
   82456521.7694409       -82460983.7903386        82457730.5048994     
   80577623.3675841       -80582076.2371874        80578906.1266037     
   78741536.4437532       -78745980.1620207        78742891.3324779     
   76947285.5254480       -76951720.0923111        76948710.6928852     
   75193917.3666054       -75198342.7819960        75195411.0018488     
   73480500.4411622       -73484916.7050295        73482060.7752065     
   71806124.4481589       -71810531.5604480        71807749.7535181     
   70169899.8281194       -70174297.7887628        70171588.4161777     
   68570957.2904499       -68575346.0993949        68572707.5091818     
   67008447.3516058       -67012827.0088055        67010257.5893264     
   65481539.8837828       -65485910.3891810        65483408.5640793     
   63989423.6738900       -63993785.0274316        63991349.2568690     
   62531305.9925729       -62535658.1942128        62533286.9720035     
   61106412.1730551       -61110755.2227577        61108447.0785411     
   59713985.1995774       -59718319.0972823        59716072.5956659     
   58353285.3052148       -58357610.0508760        58355423.7842787     
   57023589.5788552       -57027905.1724323        57025777.7710475     
   55724191.5811356       -55728498.0225815        55726428.1431342     
   54454400.9691275       -54458698.2584039        54456684.5915979     
   53213543.1295758       -53217831.2666415        53215872.5306002     
   52000958.8204924       -52005237.8053067        52003332.7495248     
   50816003.8209178       -50820273.6534448        50818421.0533446     
   49658048.5886623       -49662309.2688679        49660507.9306070     
   48526477.9258457       -48530729.4536791        48528978.2093973     
   47420690.6520583       -47424933.0274938        47423230.7335239     
   46340099.2849675       -46344332.5079745        46342678.0517241     
   45284129.7282043       -45288353.7987400        45286746.0885549     
   44252220.9663590       -44256435.8843997        44254873.8552716     
   43243824.7669282       -43248030.5324384        43246513.1444507     
   42258405.3890523       -42262602.0020084        42261128.2360853     
   41295439.2988891       -41299626.7592610        41298195.6240158     
   40354414.8914744       -40358593.1992228        40357203.7215744     
   39434832.2189175       -39439001.3740257        39437652.6046493     
   38536202.7247921       -38540362.7272260        38539053.7402682     
   37658048.9845784       -37662199.8343135        37660929.7208311     
   36799904.4520182       -36804046.1490358        36802814.0253409     
   35961313.2112518       -35965445.7555236        35964250.7548238     
   35141829.7346004       -35145953.1261055        35144794.4031257     
   34341018.6458683       -34345132.8845827        34344009.6124525     
   33558454.4890382       -33562559.5749404        33561470.9460133     
   32793721.5022374       -32797817.4353095        32796762.6598355     
   32046413.3968531       -32050500.1770782        32049478.4840566     
   31316133.1416819       -31320210.7690346        31319221.4050629     
   30602492.7519967       -30606561.2264595        30605603.4538932     
   29905113.0834199       -29909172.4049792        29908245.5047015     
   29223623.6304932       -29227673.7991297        29226777.0675514     
   28557662.3298378       -28561703.3455372        28560836.0949923     
   27906875.3677986       -27910907.2305450        27910068.7897254     
   27270916.9924717       -27274939.7022506        27274129.4142173     
   26649449.3300151       -26653462.8868157        26652680.1103024     
   26042142.2051449       -26046146.6089520        26045390.7172890     
   25448672.9657208       -25452668.2165215        25451938.5967896     
   24868726.3113296       -24872712.4091142        24872008.4627750     
   24301994.1257733       -24305971.0705314        24305292.2126221     
   23748175.3133750       -23752143.1050964        23751488.7639359     
   23206975.6390137       -23210934.2776874        23210303.8948120     
   22678107.5718054       -22682057.0574250        22681450.0863764     
   22161290.1323437       -22165230.4648998        22164646.3730830     
   21656248.7434238       -21660179.9229091        21659618.1879874     
   21162715.0841651       -21166637.1105769        21166097.2237934     
   20680426.9474600       -20684339.8207884        20683821.2842873     
   20209128.1006691       -20213031.8209095        20212534.1478420     
   19748568.1494913       -19752462.7166427        19751985.4316940     
   19298502.4049357       -19302387.8189923        19301930.4579546     
   18858691.7533240       -18862568.0142816        18862130.1227288     
   18428902.5292557       -18432769.6371130        18432350.7716162     
   18008906.3914670       -18012764.3462213        18012364.0732284     
   17598480.2015193       -17602329.0031699        17601946.8988992     
   17197405.9052507       -17201245.5537977        17200881.2043451     
   16805470.4169294       -16809300.9123745        16808953.9129873     
   16422465.5060468       -16426286.8483899        16425956.8040830     
   16048187.6866894       -16051999.8759304        16051686.4000475     
   15682438.1094319       -15686241.1455753        15685943.8605233     
   15325022.4556933       -15328816.3387410        15328534.8759106     
   14975750.8345005       -14979535.5644552        14979269.5629486     
   14634437.6816038       -14638213.2584714        14637962.3660913     
   14300901.6608909       -14304668.0846763        14304431.9571557     
   13974965.5680481       -13978722.8387571        13978501.1395683     
   13656456.2364152       -13660204.3540531        13659996.7545990     
   13345204.4449874       -13348943.4095618        13348749.5881858     
   13041044.8285113       -13044774.6400305        13044594.2831251     
   12743815.7896311       -12747536.4481032        12747369.2485520     
   12453359.4130357       -12457070.9184686        12456916.5767818     
   12169521.3815622       -12173223.7339651        12173081.9567638     
   11892150.8942109       -11895844.0935966        11895714.5946628     
   11621100.5860288       -11624784.6324079        11624667.1320679     
   11356226.4498177       -11359901.3432025        11359795.5678241     
   11097387.7596273       -11101053.5000300        11100959.1826596     
   10844446.9959906       -10848103.5834240        10848020.4627196     
   10597269.7728633       -10600917.2073432        10600845.0281617     
   10355724.7662278       -10359363.0477676        10359301.5610102     
   10119683.6443241       -10123312.7729390        10123261.7345867     
   9889020.99947024       -9892640.97517698        9892600.14738647     
   9663614.28143622       -9667225.10425277        9667194.25399809     
   9443343.73233614       -9446945.40228061        9446924.30255361     
   9228092.32300388       -9231684.84009392        9231673.26839406     
   9017745.69081826       -9021329.05507427        9021326.79436374     
   8812192.07894509       -8815766.29038658        8815773.12848590     
   8611322.27696350       -8614887.33561224        8614903.06499314     
   8415029.56284511       -8418585.46872354        8418609.88690490     
   8223209.64625532       -8226756.39938529        8226789.30828582     
   8035760.61314638       -8039298.21355125        8039339.41963830     
   7852582.87161297       -7856111.31931857        7856160.63334674     
   7673579.09898148       -7677098.39401297        7677155.63143934     
   7498654.19010493       -7502164.33248863        7502229.31242574     
   7327715.20683590       -7331216.19659863        7331288.74288644     
   7160671.32865082       -7164163.16582084        7164243.10562436     
   6997433.80439921       -7000916.48900644        7001003.65409670     
   6837915.90515249       -6841389.43722530        6841483.66281143     
   6682032.87812694       -6685497.25769804        6685598.38263168     
   6529701.90165665       -6533157.12875824        6533264.99609122     
   6380842.04119251       -6384288.11585651        6384402.57166351     
   6235374.20630360       -6238811.12856437        6238932.02274843     
   6093221.10865840       -6096648.87855091        6096776.06426756     
   5954307.22096343       -5957725.83852366        5957859.17240532     
   5818558.73683745       -5821968.20210243        5822107.54391311     
   5685903.53159997       -5689303.84460883        5689449.05734742     
   5556271.12395316       -5559662.28474458        5559813.23471254     
   5429592.63853692       -5432974.64715184        5433131.20327730     
   5305800.76933705       -5309173.62581818        5309335.66047805     
   5184829.74392726       -5188193.44831620        5188360.83657702     
   5066615.28852595       -5069969.84086673        5070142.46055363     
   4951094.59384902       -4954439.99418789        4954617.72601451     
   4838206.28174092       -4841542.53012434        4841725.25758601     
   4727890.37256599       -4731217.46904135        4731405.07816126     
   4620088.25334269       -4623406.19795910        4623598.57741482     
   4514742.64660400       -4518051.43941240        4518248.48034496     
   4411797.57996730       -4415097.22101930        4415298.81722494     
   4311198.35639768       -4314488.84574633        4314694.89319236     
   4212891.52514868       -4216172.86284927        4216383.26005394     
   4116824.85336526       -4120097.03947365        4120311.68722690     
   4022947.29833380       -4026210.33290710        4026429.13424037     
   3931208.98036436       -3934462.86346161        3934685.72357012     
   3841561.15629077       -3844805.88797295        3845032.71425786     
   3753956.19357468       -3757191.77390392        3757422.47589105     
   3668347.54499950       -3671573.97403937        3671808.46327606     
   3584689.72394105       -3587907.00175704        3588145.19180134     
   3502938.28020163       -3506146.40686083        3506388.21326851     
   3423049.77639473       -3426248.75196555        3426494.09221018     
   3344981.76486782       -3348171.58942069        3348420.38279802     
   3268692.76515095       -3271873.43875866        3272125.60642751     
   3194142.24191920       -3197313.76465567        3197569.22965234     
   3121290.58345728       -3124452.95539844        3124711.64235006     
   3050099.08061479       -3053252.30183841        3053514.13726436     
   2980529.90624103       -2983673.97682654        2983938.88875883     
   2912546.09508833       -2915681.01511782        2915948.93329646     
   2846111.52417334       -2849237.29373044        2849508.14952309     
   2781190.89358580       -2784307.51275625        2784581.23901472     
   2717749.70773456       -2720857.17660601        2721133.70780351     
   2655754.25702091       -2658852.57568339        2659131.84765071     
   2595171.59992951       -2598260.76847564        2598542.71861960     
   2535969.54552739       -2539049.56405168        2539334.13114543     
   2478116.63636167       -2481187.50496060        2481474.62922286     
   2421582.13174704       -2424643.85052008        2424933.47338672     
   2366335.99143396       -2369388.56048292        2369680.62492191     
   2312348.85964902       -2315392.27907724        2315686.72922265     
   2259592.04949895       -2262626.31941339        2262923.10062272     
   2208037.52772996       -2211062.64824003        2211361.70725874     
   2157657.89983443       -2160673.87105145        2160975.15573501     
   2108426.39549679       -2111433.21753523        2111736.67692382     
   2060316.85437119       -2063314.52734824        2063620.11167552     
   2013303.71218312       -2016292.23621872        2016599.89681106     
   1967361.98714773       -1970341.36236499        1970651.05165985     
   1922467.26669767       -1925437.49322226        1925749.16478230     
   1878595.69451325       -1881556.77247387        1881870.38083314     
   1835723.95784819       -1838675.88737690        1838991.38815946     
   1793829.27514413       -1796772.05637583        1797089.40620042     
   1752889.38392734       -1755823.01700022        1756142.17344444     
   1712882.52898124       -1715807.01403696        1716127.93565441     
   1673787.45078836       -1676702.78797181        1677025.43426409     
   1635583.37423573       -1638489.56369518        1638813.89506206     
   1598249.99757751       -1601147.03946496        1601473.01719975     
   1561767.48164923       -1564655.37612009        1564982.96242471     
   1526116.43932772       -1528995.18654106        1529324.34442259     
   1491277.92523118       -1494147.52534995        1494478.21869197     
   1457233.42565402       -1460093.87884486        1460426.07232345     
   1423964.84873091       -1426816.15516461        1427149.81425063     
   1391454.51482511       -1394296.67467644        1394631.76563784     
   1359685.14713564       -1362518.16058339        1362854.65043796     
   1328639.86251858       -1331463.72974587        1331801.58624829     
   1298302.16251745       -1301116.88371169        1301456.07535892     
   1268655.92459803       -1271461.49995089        1271801.99594315     
   1239685.39358281       -1242481.82329067        1242823.59349945     
   1211375.17328065       -1214162.45754449        1214505.47255930     
   1183710.21830723       -1186488.35733255        1186832.58837378     
   1156675.82609172       -1159444.82008915        1159790.23901849     
   1130257.62906574       -1133017.47825071        1133364.05759599     
   1104441.58703018       -1107192.29162309        1107540.00449339     
   1079213.97969602       -1081955.53992258        1082304.36004475     
   1054561.39939503       -1057293.81548620        1057643.71717539     
   1030470.74395669       -1033194.01614888        1033544.97428593     
   1006929.20974724       -1009643.33828236        1009995.32832769     
   983924.284867492       -986629.269993050        986982.267937846     
   961443.742505537       -964139.584475022        964493.566841886     
   939475.634440940       -942162.333513632        942517.277380943     
   918008.284696963       -920685.841138207        921041.724050061     
   897030.283337389       -899698.697418903        900055.497449125     
   876530.480404714       -879189.752404400        879547.448112079     
   856497.979996452       -859148.110198715        859506.680605897     
   836922.134476404       -839563.123172430        839922.547767791     
   817792.538817836       -820424.386305508        820784.645050311     
   799099.025075547       -801721.731659705        802082.804930570     
   780831.656983884       -783445.222976592        783807.091602095     
   762980.724677857       -765585.150398415        765947.795623141     
   745536.739534525       -748132.025309635        748495.428798125     
   728490.429131923       -731076.575295907        731440.719104114     
   711832.732322857       -714409.739217990        714774.605793055     
   695554.794420934       -698122.662397327        698488.234598652     
   679647.962496294       -682206.691912240        682572.952931781     
   664103.780778516       -666653.372000791        667020.305429267     
   648913.986164278       -651454.439568031        651822.029347097     
   634070.503827377       -636601.819796565        636970.050202115     
   619565.442928766       -622087.621856393        622456.477516558     
   605391.092424354       -607904.134712517        608273.600589436     
   591539.916968315       -594043.823028438        594413.884405094     
   578004.552909745       -580499.323162854        580869.965637022     
   564777.804380536       -567263.439257534        567634.648732785     
   551852.639472390       -554329.139414149        554700.902110185     
   539222.186500941       -541689.551958569        542061.854371090     
   526879.730354996       -529337.961790174        529710.790711166     
   514818.708928963       -517267.806814066        517641.149316625     
   503032.709636567       -505472.674454984        505846.517877498     
   491515.466004003       -493946.298250395        494320.630204929     
   480260.854340709       -482682.554521226        483057.362875685     
   469262.890486005       -471675.459118551        472050.731998121     
   458515.726629853       -460919.164244385        461294.890014847     
   448013.648206064       -450407.955344838        450784.122621623     
   437751.070856286       -440136.248074138        440512.845698928     
   427722.537463173       -430098.585327970        430475.602366014     
   417922.715251153       -420289.634343847        420667.060109670     
   408346.392953263       -410704.183868305        411082.007857663     
   398988.478042520       -401337.141388259        401715.353337576     
   389843.994026396       -392183.530425174        392562.120267648     
   380908.077802928       -383238.487891641        383617.445750408     
   372175.977077072       -374497.261507400        374876.577721453     
   363643.047835924       -365955.207274633        366334.872356811     
   355304.751881475       -357607.787010850        357987.791669102     
   347156.654419575       -349450.565937687        349830.901058912     
   339194.421703839       -341479.210324972        341859.866967959     
   331413.818733233       -333689.485188253        334070.454587615     
   323810.707002123       -326077.252038890        326458.525587908     
   316381.042301587       -318638.466685256        319020.035955004     
   309120.872570834       -311369.177084267        311751.033786046     
   302026.335797564       -304265.521241884        304647.657244529     
   295093.657966177       -297323.725161000        297706.132494036     
   288319.151052739       -290540.100836645        290922.771658121     
   281699.211065620       -283911.044296686        284293.970912479     
   275230.316130781       -277433.033686950        277816.208539064     
   268909.024620695       -271102.627400225        271486.043063286     
   262731.973325891       -264916.462247859        265300.111421691     
   256695.875668166       -258871.251672915        259255.127187619     
   250797.519954509       -252963.784004169        253347.878801928     
   245033.767670802       -247190.920749755        247575.227901561     
   239401.551814412       -241549.594929804        241934.107608248     
   233897.875264765       -236036.809447078        236421.520941521     
   228519.809191051       -230649.635494603        231034.539196963     
   223264.491496205       -225385.210999682        225770.300409444     
   218129.125296354       -220240.739103344        220626.007816301     
   213110.977434894       -215213.486674558        215598.928377200     
   208207.377030436       -210300.782858000        210686.391342245     
   203415.714057830       -205500.017655208        205885.786787657     
   198733.437961525       -200808.640537940        201194.564284710     
   194158.056300525       -196224.159093107        196610.231492254     
   189687.133424210       -191744.137698688        192130.352874628     
   185318.289178341       -187366.196229647        187752.548380904     
   181049.197640541       -183088.008793463        183474.492196350     
   176877.585884593       -178907.302494511        179293.911487074     
   172801.232772884       -174821.856226443        175208.585225627     
   168817.967776377       -170829.499492167        171216.342971548     
   164925.669821460       -166928.111250795        167315.063749468     
   161122.266163073       -163115.618790704        163502.674906019     
   157405.731283507       -159389.996628400        159777.151013706     
   153774.085816302       -155749.265432412        156136.512794647     
   150225.395494656       -152191.490971710        152578.826069993     
   146757.770123796       -148714.783088116        149102.200727106     
   143369.362576770       -145317.294692091        145704.789725126     
   140058.367813107       -141997.220781447        142384.788099832     
   136823.021919852       -138752.797482375        139140.432022057     
   133661.601174437       -135582.301112329        135969.997843321     
   130572.421128912       -132484.047264291        132871.801194360     
   127553.835715043       -129456.389911883        129844.196078277     
   124604.236369795       -126497.720534885        126885.574006170     
   121722.051180740       -123606.467264630        123994.363136881     
   118905.744050947       -120781.094048965        121169.027439905     
   116153.813882882       -118020.099836113        118408.065891538     
   113464.793780924       -115322.017777252        115710.011655531     
   110837.250272031       -112685.414447221        113073.431329093     
   108269.782544179       -110108.889082914        110496.924161674     
   105761.021702140       -107591.072839140        107979.121321636     
   103309.630040227       -105130.628061365        105518.685163448     
   100914.300331606       -102726.247575070        103114.308519717     
   98573.7551337929       -100376.653991250        100764.714008360     
   96286.7461099894       -98080.5990277804        98468.6533477336     
   94052.0533658677       -95836.8628462420        96224.9067015284     
   91868.4848014747       -93644.2534038361        94032.2820232742     
   89734.8754778986       -91501.6058200815        91889.6144298556     
   87650.0869983679       -89407.7817579403        89795.7655757147     
   85613.0069034502       -87361.6688190483        87749.6230548753     
   83622.5480800315       -85362.1799527121        85750.0998042198     
   81677.6481837615       -83408.2528784015        83796.1335293850     
   79777.2690746573       -81498.8495213730        81886.6861392782     
   77920.3962655675       -79632.9554611502        80020.7431960511     
   76106.0383832016       -77809.5793926058        78197.3133715932     
   74333.2266414397       -76027.7525992917        76415.4279283336     
   72601.0143266422       -74286.5284387793        74674.1401961609     
   70908.4762946861       -72584.9818397343        72972.5250773944     
   69254.7084794609       -70922.2088104353        71309.6785487672     
   67638.8274125628       -69297.3259585111        69684.7171859462     
   66059.9697539318       -67709.4700216006        68096.7776912646     
   64517.2918331829       -66157.7974087296        66545.0164360866     
   63009.9692013872       -64641.4837521380        65028.6090115932     
   61537.1961930648       -63159.7234692637        63546.7497966704     
   60098.1854981582       -61711.7293347964        62098.6515163275     
   58692.1677437557       -60296.7320624313        60683.5448414726     
   57318.3910853460       -58913.9798961338        59300.6779639420     
   55976.1208073845       -57562.7382107833        57949.3162075983     
   54664.6389329605       -56242.2891218463        56628.7416337074     
   53383.2438423572       -54951.9311039919        55338.2526596814     
   52131.2499003014       -53690.9786183784        54077.1636878568     
   50907.9870917068       -52458.7617484314        52844.8047399284     
   49712.8006657146       -51254.6258439399        51640.5211007630     
   48545.0507878451       -50077.9311732397        50463.6729727721     
   47404.1122000731       -48928.0525833194        49313.6351341454     
   46289.3738886485       -47804.3791677096        48189.7966052267     
   45200.2387594839       -46706.3139419130        47091.5603277593     
   44136.1233209382       -45633.2735261981        46018.3428467902     
   43096.4573738270       -44584.6878356872        44969.5739956854     
   42080.6837084946       -43559.9997774695        43944.6966016651     
   41088.2578087880       -42558.6649546160        42943.1661812844     
   40118.6475627744       -41580.1513769381        41964.4506598426     
   39171.3329800495       -40623.9391783534        41008.0300786652     
   38245.8059154850       -39689.5203406887        40073.3963291847     
   37341.5697992704       -38776.3984237416        39160.0528758542     
   36458.1393731046       -37884.0883015471        38267.5144947933     
   35595.0404323971       -37012.1159046300        37395.3070157433     
   34751.8095743416       -36160.0179681154        36542.9670717683     
   33927.9939517300       -35327.3417855939        35710.0418502413     
   33123.1510323735       -34513.6449686056        34896.0888543029     
   32336.8483640042       -33718.4952115850        34100.6756674897     
   31568.6633445335       -32941.4700621799        33323.3797229073     
   30818.1829975419       -32182.1566967850        32563.7880814436     
   30085.0037528857       -31440.1517012043        31821.4972086048     
   29368.7312322992       -30715.0608563169        31096.1127634643     
   28668.9800398818       -30006.4989286124        30387.2493872344     
   27985.3735573576       -29314.0894655017        29694.5305002647     
   27317.5437439989       -28637.4645952997        29017.5880996918     
   26665.1309411068       -27976.2648317658        28356.0625662626     
   26027.7836809457       -27330.1388830895        27709.6024718325     
   25405.1585000302       -26698.7434652351        27077.8643936262     
   24796.9197566650       -26081.7431195403        26460.5127308034     
   24202.7394526404       -25478.8100344674        25857.2195276522     
   23622.2970589897       -24889.6238714165        25267.6642978131     
   23055.2793457157       -24313.8715945158        24691.5338550664     
   22501.3802153947       -23751.2473042784        24128.5221469680     
   21960.3005405715       -23201.4520750562        23578.3300917786     
   21431.7480048573       -22664.1937961955        23040.6654202529     
   20915.4369476480       -22139.1870168151        22515.2425196365     
   20411.0882123778       -21626.1527941198        22001.7822827930     
   19918.4289982305       -21124.8185451603        21500.0119600636     
   19437.1927152273       -20634.9179019920        21009.6650125078     
   18967.1188426158       -20156.1905701167        20530.4809737157     
   18507.9527904836       -19688.3821901481        20062.2053083782     
   18059.4457645248       -19231.2442026418        19604.5892790005     
   17621.3546338856       -18784.5337159969        19157.3898127639     
   17193.4418020199       -18348.0133773688        18720.3693733143     
   16775.4750804872       -17921.4512465211        18293.2958339723     
   16367.2275656230       -17504.6206725522        17875.9423550530     
   15968.4775180201       -17097.3001734285        17468.0872630111     
   15579.0082447530       -16699.2733182711        17069.5139324590     
   15198.6079842855       -16310.3286123083        16680.0106726485     
   14827.0697939995       -15930.2593844582        16299.3706129734     
   14464.1914402850       -15558.8636774767        15927.3915947245     
   14109.7752911332       -15195.9441405920        15563.8760636104     
   13763.6282111765       -14841.3079245986        15208.6309638458     
   13425.5614591180       -14494.7665793327        14861.4676374182     
   13095.3905874975       -14156.1359534876        14522.2017217295     
   12772.9353447403       -13825.2360967037        14190.6530546652     
   12458.0195794371       -13501.8911638925        13866.6455755761     
   12150.4711468033       -13185.9293217402        13550.0072352622     
   11850.1218172690       -12877.1826573331        13240.5699018078     
   11556.8071871515       -12575.4870888712        12938.1692736041     
   11270.3665913614       -12280.6822784076        12642.6447904875     
   10990.6430180977       -11992.6115465780        12353.8395499562     
   10717.4830254851       -11711.1217892684        12071.6002227493     
   10450.7366601109       -11436.0633961815        11795.7769725435     
   10190.2573774170       -11167.2901712500        11526.2233759844     
   9935.90196390514       -10904.6592548699        11262.7963446747     
   9687.53046111449       -10648.0310478972        11005.3560502833     
   9445.00609133089       -10397.2691373686        10753.7658497332     
   9208.19518498859       -10152.2402239213        10507.8922126431     
   8976.96710972573       -9912.81405085854        10267.6046510715     
   8751.19420105631       -9678.86333482199        10032.7756503237     
   8530.75169462169       -9450.26369805215        9803.28060035887     
   8315.51765998557       -9226.89360217884        9578.99773162384     
   8105.37293593788       -9008.63428351668        9359.80804862023     
   7900.20106727268       -8795.36968983679        9145.59526823774     
   7699.88824300709       -8586.98641856678        8936.24575749755     
   7504.32323600823       -8383.37365640024        8731.64847349310     
   7313.39734399627       -8184.42312027513        8531.69490467038     
   7127.00433189240       -7990.02899969052        8336.27901341772     
   6945.04037548119       -7800.08790033404        8145.29717974625     
   6767.40400635742       -7614.49878898728        7958.64814670668     
   6593.99605812837       -7433.16293968397        7776.23296628116     
   6424.71961384296       -7255.98388108399        7597.95494798329     
   6259.47995462012       -7082.86734504306        7423.71960650739     
   6098.18450944899       -6913.72121634875        7253.43461287380     
   5940.74280613452       -6748.45548359446        7087.00974454627     
   5787.06642336252       -6586.98219116518        6924.35683883542     
   5637.06894385883       -6429.21539231172        6765.38974504978     
   5490.66590861764       -6275.07110328735        6610.02428015866     
   5347.77477217510       -6124.46725851959        6458.17818330447     
   5208.31485890435       -5977.32366679911        6309.77107303489     
   5072.20732030886       -5833.56196845620        6164.72440437781     
   4939.37509329165       -5693.10559350939        6022.96142741111     
   4809.74285937817       -5555.87972075498        5884.40714704598     
   4683.23700487151       -5421.81123778248        5748.98828290192     
   4559.78558191861       -5290.82870189482        5616.63323092664     
   4439.31827046720       -5162.86230190664        5487.27202557456     
   4321.76634109313       -5037.84382080679        5360.83630264811     
   4207.06261867863       -4915.70659926236        5237.25926342882     
   4095.14144692221       -4796.38549994512        5116.47563919151     
   3985.93865366149       -4679.81687266263        4998.42165685390     
   3879.39151699069       -4565.93852027291        4883.03500535360     
   3775.43873215480       -4454.68966536666        4770.25480265331     
   3674.02037920307       -4346.01091770140        4660.02156349946     
   3575.07789138458       -4239.84424236746        4552.27716815789     
   3478.55402426931       -4136.13292866707        4446.96483179488     
   3384.39282557842       -4034.82155969662        4344.02907409080     
   3292.53960570769       -3935.85598261052        4243.41569047702     
   3202.94090892862       -3839.18327955405        4145.07172284410     
   3115.54448525197       -3744.75173924732        4048.94543234841     
   3030.29926293888       -3652.51082920847        3954.98627112557     
   2947.15532164492       -3562.41116860144        3863.14485638754     
   2866.06386618310       -3474.40450168950        3773.37294376088     
   2786.97720089162       -3388.44367188828        3685.62340192914     
   2709.84870459315       -3304.48259639800        3599.85018773294     
   2634.63280613211       -3222.47624140553        3516.00832162219     
   2561.28496047709       -3142.38059784347        3434.05386387122     
   2489.76162537575       -3064.15265769134        3353.94389132586     
   2420.02023854980       -2987.75039080977        3275.63647440522     
   2352.01919541784       -2913.13272229317        3199.09065510533     
   2285.71782733442       -2840.25951033034        3124.26642493289     
   2221.07638033359       -2769.09152456333        3051.12470372210     
   2158.05599436565       -2699.59042493080        2979.62731878951     
   2096.61868301599       -2631.71874098717        2909.73698448700     
   2036.72731369532       -2565.43985168466        2841.41728248596     
   1978.34558829059       -2500.71796561260        2774.63264181128     
   1921.43802426622       -2437.51810167952        2709.34832039076     
   1865.96993620557       -2375.80607023002        2645.53038577540     
   1811.90741778274       -2315.54845458808        2583.14569741988     
   1759.21732415496       -2256.71259301571        2522.16188835694     
   1707.86725476605       -2199.26656108038        2462.54734805754     
   1657.82553655173       -2143.17915441926        2404.27120513711     
   1609.06120753772       -2088.41987189511        2347.30331065952     
   1561.54400082155       -2034.95889913382        2291.61422172872     
   1515.24432892956       -1982.76709243606        2237.17518542081     
   1470.13326854051       -1931.81596305436        2183.95812315424     
   1426.18254556734       -1882.07766182956        2131.93561512753     
   1383.36452058912       -1833.52496417806        2081.08088545077     
   1341.65217462491       -1786.13125542197        2031.36778725104     
   1301.01909524195       -1739.87051645777        1982.77078820081     
   1261.43946299032       -1694.71730975396        1935.26495643664     
   1222.88803815659       -1650.64676567111        1888.82594667231     
   1185.34014782915       -1607.63456910016        1843.42998646328     
   1148.77167326788       -1565.65694640995        1799.05386311170     
   1113.15903757119       -1524.69065269901        1755.67491036548     
   1078.47919363344       -1484.71295934582        1713.27099581225     
   1044.70961238590       -1445.70164185010        1671.82050823682     
   1011.82827131467       -1407.63496796158        1631.30234531928     
   979.813643249016       -1370.49168608874        1591.69590164004     
   948.644685413589       -1334.25101398251        1552.98105681644     
   918.300828738465       -1298.89262768969        1515.13816396764     
   888.761967420665       -1264.39665077150        1478.14803823355     
   860.008448731203       -1230.74364378023        1441.99194587145     
   832.021063061767       -1197.91459398988        1406.65159310933     
   804.781034205176       -1165.89090537759        1372.10911554099     
   778.270009863966       -1134.65438884739        1338.34706769555     
   752.470052381526       -1104.18725269375        1305.34841266586     
   727.363629690328       -1074.47209330047        1273.09651205951     
   702.933606471872       -1045.49188606919        1241.57511611504     
   679.163235523119       -1017.22997657307        1210.76835405926     
   656.036149324270       -989.670071931457        1180.66072456519     
   633.536351802834       -962.796232401467        1151.23708647726     
   611.648210289063       -936.592863181122        1122.48264972461     
   590.356447657905       -911.044706420324        1094.38296637728     
   569.646134652740       -886.136833435691        1066.92392189867     
   549.502682386256       -861.854637124308        1040.09172663305     
   529.911835013929       -838.183824572142        1013.87290742652     
   510.859662575646       -815.110409854527        988.254299340464     
   492.332554001122       -792.620707022402        963.223037818658     
   474.317210274863       -770.701323271678        938.766550631236     
   456.800637756488       -749.339152291687        914.872550389859     
   439.770141652353       -728.521367787641        891.529026934631     
   423.213319634490       -708.235417174722        868.724240053597     
   407.118055602969       -688.469015438480        846.446712332651     
   391.472513587872       -669.210139158350        824.685222151671     
   376.265131787195       -650.447020690435        803.428796867938     
   361.484616737015       -632.168142505317        782.666706181540     
   347.119937610427       -614.362231677488        762.388455612305     
   333.160320641773       -597.018254522423        742.583780213274     
   319.595243672825       -580.125411377596        723.242638365520     
   306.414430817628       -563.673131523385        704.355205845746     
   293.607847242830       -547.651068242026        685.911869779580     
   281.165694060381       -532.049094003838        667.903223645082     
   269.078403329617       -516.857295800956        650.320059468825     
   257.336633165665       -502.065970549181        633.153369720205     
   245.931262951734       -487.665620787330        616.394319601798     
   234.853388651090       -473.646949981586        600.034309033803     
   224.094318221086       -460.000859350894        584.064778686380     
   213.645567108405       -446.718441407199        568.477689005695     
   203.498853907665       -433.790977135434        553.264725360494     
   193.646095994536       -421.209935788460        538.417865990238     
   184.079405279404       -408.966966153733        523.929554073096     
   174.791084135050       -397.053893353113        509.792045535133     
   165.773621334882       -385.462716353345        495.997999575573     
   157.019688120264       -374.185602947839        482.540107561313     
   148.522134337374       -363.214886466107        469.411314220839     
   140.273984688440       -352.543060017721        456.604810384151     
   132.268435120753       -342.162769987025        444.114105256995     
   124.498849393849       -332.066806686747        431.933200674571     
   116.958755922783       -322.248089123572        420.056927764704     
   109.641845082119       -312.699639381014        408.481511213231     
   102.541967343078       -303.414531913897        397.206181968914     
   95.6531330032670       -294.385806257668        386.234739108621     
   88.9695150155359       -285.606256233832        375.584704654652     
   82.4854582235302       -277.068123159006        365.286498559850     
   76.1955012892248       -268.762047956228        355.448570282772     
   70.0944272209570       -260.676194952145        346.177369679822     
   64.1773679609324       -252.790045715513        338.119867487831     
   58.4400518095492       -245.074472267465        331.376160958780     
   52.8792713483324       -237.450359368782        330.183649270079     
   47.4941767002204       -229.817918184644        332.098823256442     
   42.2881655980077       -221.795705643210        364.004904095622     
   37.2763788463067       -212.927966822265        405.466861276145     
   32.4834351766988       -202.657080529215        485.758869141100     
   27.9516752338143       -190.129008150229        601.327496933884     
   23.7373856973130       -175.195686766696        694.467225922753     
   19.8900423706230       -158.374708266881        765.123350985309     
   16.4457096853715       -140.375856512797        796.673688093849     
   13.4213873523603       -122.069429258195        791.812303845544     
   10.8149599063646       -104.233872787222        755.815270806548     
   8.60809118913001       -87.4843522409843        697.574753875175     
   6.77059582489063       -72.2352857653842        625.617813945731     
   5.26489258182136       -58.7187370036002        547.240661869765     
   4.04983915364203       -47.0181660149589        468.041722543988     
   3.08371973410070       -37.1058170897010        392.072989955655     
   2.32641817868743       -28.8756897861456        322.071924928770     
   1.74089316102071       -22.1711203669726        259.697224027605     
   1.29407718790047       -16.8073254696370        205.730187861944     
  0.957308165877101       -12.5894776105500        160.261064669705     
  0.706393333291258       -9.32655227973969        122.869614443739     
  0.521401262940439       -6.84110845239981        92.7974105072450     
  0.386272534427705       -4.97531484838533        69.1013020382123     
  0.288329713827454       -3.59377194828236        50.7779902756509     
  0.217752380750513       -2.58385299608370        36.8547349006062     
  0.167065464432348       -1.85433505840387        26.4470229331954     
  0.130671965410644       -1.33302436632626        18.7881679807147     
  0.104446394340906      -0.963943922098263        13.2376941605479     
  8.539400471608430E-002 -0.704491299180247        9.27553856068648     
  7.137330301708954E-002 -0.522820161287147        6.48843622638374     
  6.087507033888382E-002 -0.395564894950383        4.55376251426072     
  5.284962451356265E-002 -0.305926247093240        3.22436559763868     
  4.657436739271005E-002 -0.242081814821873        2.31554587257435     
  4.155464153801090E-002 -0.195879522827433        1.69352114022643     
  3.745169639757716E-002 -0.161789218187907        1.26456405180471     
  3.403200096561983E-002 -0.136095879013259       0.964899338153915     
  3.113259427243818E-002 -0.116309315463298       0.752021095888173     
  2.863790289451150E-002 -0.100752179163614       0.597903318255922     
  2.646441819196774E-002 -8.828269263887947E-002  0.484099433877961     
  2.455060081919237E-002 -7.811234361456150E-002  0.398402472888273     
  2.285020137177304E-002 -6.968736900019927E-002  0.332649740153195     
  2.132779863368895E-002 -6.261184845197926E-002  0.281307594077680     
  1.995577962748896E-002 -5.659754532734246E-002  0.240565742095068     
  1.871226401003665E-002 -5.143087284609831E-002  0.207756956116400     
  1.757965396185869E-002 -4.695086127637516E-002  0.180982775741583     
  1.654360402875411E-002 -4.303424982813048E-002  0.158869579656827     
  1.559227713113135E-002 -3.958524468796890E-002  0.140407623648715     
  1.471579860156706E-002 -3.652837298273584E-002  0.124843362542375     
  1.390584939300646E-002 -3.380341974171688E-002  0.111606382230206     
  1.315535859135466E-002 -3.136178663755609E-002  0.100259097006870     
  1.245826783691011E-002 -2.916383527875602E-002  9.046162068753312E-002
  1.180934855650510E-002 -2.717692204467486E-002  8.194688893815100E-002
  1.120405850391604E-002 -2.537392542607056E-002  7.450280123539474E-002
  1.063842793119644E-002 -2.373212883662561E-002  6.795923396546968E-002
  1.010896836352514E-002 -2.223236329340743E-002  6.217847796827610E-002
  9.612598810150723E-003 -2.085834240549819E-002  5.704811402155485E-002
  9.146585566213634E-003 -1.959614132839709E-002  5.247564515334849E-002
  8.708492711707217E-003 -1.843378467675967E-002  4.838440979262516E-002
  8.296141106628730E-003 -1.736091775265153E-002  4.471043916172058E-002
  7.907574191489335E-003 -1.636854209992314E-002  4.140001817530463E-002
  7.541029281992026E-003 -1.544880117594406E-002  3.840777575602593E-002
  7.194913332091091E-003 -1.459480540421601E-002  3.569517735976931E-002
  6.867782356270453E-003 -1.380048841951533E-002  3.322932581107083E-002
  6.558323867787189E-003 -1.306048820572765E-002  3.098200047808175E-002
  6.265341817781302E-003 -1.237004823931124E-002  2.892888216844148E-002
  5.987743619942582E-003 -1.172493481766237E-002  2.704892383648015E-002
  5.724528923719346E-003 -1.112136756332057E-002  2.532383658154548E-002
  5.474779860922463E-003 -1.055596071770459E-002  2.373766742010752E-002
  5.237652539798640E-003 -1.002567331952151E-002  2.227645057247064E-002
  5.012369600055032E-003 -9.527766737859468E-003  2.092791799517331E-002
  4.798213674060543E-003 -9.059768323847889E-003  1.968125792801857E-002
  4.594521625164494E-003 -8.619440176641457E-003  1.852691256675731E-002
  4.400679455018906E-003 -8.204752203528037E-003  1.745640778051669E-002
  4.216117788939300E-003 -7.813858800932832E-003  1.646220920182858E-002
  4.040307862447375E-003 -7.445078601065511E-003  1.553760012451537E-002
  3.872757943801179E-003 -7.096876824182719E-003  1.467657751124789E-002
  3.713010137000624E-003 -6.767849853676503E-003  1.387376310685343E-002
  3.560637517829519E-003 -6.456711714140445E-003  1.312432719975567E-002
  3.415241562253824E-003 -6.162282184112579E-003  1.242392301629852E-002
  3.276449832175924E-003 -5.883476317561984E-003  1.176863008686421E-002
  3.143913888336201E-003 -5.619295183189409E-003  1.115490520755007E-002
  3.017307404209205E-003 -5.368817659619984E-003  1.057953985658336E-002
  2.896324458187315E-003 -5.131193148713050E-003  1.003962311101459E-002
  2.780677984280861E-003 -4.905635089383003E-003  9.532509268051529E-003
  2.670098364074041E-003 -4.691415171230650E-003  9.055789499741763E-003
  2.564332144828305E-003 -4.487858161509200E-003  8.607266977994065E-003
  2.463140870475989E-003 -4.294337270943904E-003  8.184934992127137E-003
  2.366300013843353E-003 -4.110269994089485E-003  7.786957654712184E-003
  2.273597999822472E-003 -3.935114368533030E-003  7.411652851653348E-003
  2.184835310408236E-003 -3.768365604594444E-003  7.057477143281521E-003
  2.099823663556862E-003 -3.609553043454749E-003  6.723012364905130E-003
  2.018385258728456E-003 -3.458237407011553E-003  6.406953712500077E-003
  1.940352082767663E-003 -3.314008307373447E-003  6.108099127620288E-003
  1.865565270469059E-003 -3.176481987879984E-003  5.825339822540245E-003
  1.793874514781518E-003 -3.045299270954586E-003  5.557651807798799E-003
  1.725137522139984E-003 -2.920123691064962E-003  5.304088302498972E-003
  1.659219508883445E-003 -2.800639793633924E-003  5.063772924153839E-003
  1.595992735133193E-003 -2.686551582976433E-003  4.835893567531389E-003
  1.535336072872604E-003 -2.577581104279680E-003  4.619696894622139E-003
  1.477134605295025E-003 -2.473467146346560E-003  4.414483365786306E-003
  1.421279254774906E-003 -2.373964053299244E-003  4.219602753916206E-003
  1.367666437074275E-003 -2.278840634734471E-003  4.034450087418322E-003
  1.316197739625139E-003 -2.187879164982136E-003  3.858461975555616E-003
  1.266779621932197E-003 -2.100874463102689E-003  3.691113277235547E-003
  1.219323136322773E-003 -2.017633046147290E-003  3.531914075062204E-003
  1.173743667433772E-003 -1.937972348991521E-003  3.380406924561282E-003
  1.129960688971711E-003 -1.861720004735417E-003  3.236164349492832E-003
  1.087897536413075E-003 -1.788713180278071E-003  3.098786558927595E-003
  1.047481194430184E-003 -1.718797962213851E-003  2.967899363661826E-003
  1.008642097933956E-003 -1.651828788680177E-003  2.843152272492770E-003
  9.713139457206289E-004 -1.587667923214394E-003  2.724216750727444E-003
  9.354335257959230E-004 -1.526184967059183E-003  2.610784625416225E-003
  9.009405515281552E-004 -1.467256406695890E-003  2.502566623321539E-003
  8.677775078525143E-004 -1.410765193690177E-003  2.399291029142180E-003
  8.358895068126830E-004 -1.356600354206282E-003  2.300702452883800E-003
  8.052241517840801E-004 -1.304656625790345E-003  2.206560696296716E-003
  7.757314097757240E-004 -1.254834119242436E-003  2.116639709438713E-003
  7.473634912556731E-004 -1.207038003593295E-003  2.030726629271079E-003
  7.200747369886481E-004 -1.161178212379285E-003  1.948620892971850E-003
  6.938215114142077E-004 -1.117169169568111E-003  1.870133419486177E-003
  6.685621021301433E-004 -1.074929533631859E-003  1.795085853296194E-003
  6.442566250788786E-004 -1.034381958393637E-003  1.723309865171100E-003
  6.208669350649613E-004 -9.954528693913668E-004  1.654646504962436E-003
  5.983565412594347E-004 -9.580722546088167E-004  1.588945602134085E-003
  5.766905273722668E-004 -9.221734685197338E-004  1.526065210027621E-003
  5.558354761972853E-004 -8.876930484781495E-004  1.465871090294140E-003
  5.357593982554241E-004 -8.545705425679577E-004  1.408236234117987E-003
  5.164316642816849E-004 -8.227483480954642E-004  1.353040417480969E-003
  4.978229413192817E-004 -7.921715599752324E-004  1.300169787436393E-003
  4.799051322009847E-004 -7.627878283190083E-004  1.249516477265222E-003
  4.626513182129933E-004 -7.345472245909744E-004  1.200978248002178E-003
  4.460357047507308E-004 -7.074021157434126E-004  1.154458154433063E-003
  4.300335697889463E-004 -6.813070457912549E-004  1.109864233610212E-003
  4.146212150005024E-004 -6.562186243256470E-004  1.067109214224704E-003
  3.997759193693060E-004 -6.320954215046338E-004  1.026110245200922E-003
  3.854758951530770E-004 -6.088978690935989E-004  9.867886421527307E-004
  3.717002460611373E-004 -5.865881671598007E-004  9.490696503097061E-004
  3.584289275211699E-004 -5.651301960547411E-004  9.128822227549270E-004
  3.456427089170381E-004 -5.444894333445494E-004  8.781588128377633E-004
  3.333231376872915E-004 -5.246328753733373E-004  8.448351797488398E-004
  3.214525051809890E-004 -5.055289631669991E-004  8.128502063157647E-004
  3.100138141739656E-004 -4.871475124056300E-004  7.821457281650319E-004
  2.989907479547108E-004 -4.694596472122854E-004  7.526663734085843E-004
  2.883676408946362E-004 -4.524377375227125E-004  7.243594122289057E-004
  2.781294504227498E-004 -4.360553398176258E-004  6.971746155191083E-004
  2.682617303295991E-004 -4.202871410139624E-004  6.710641221317951E-004
  2.587506053298963E-004 -4.051089053249628E-004  6.459823140191824E-004
  2.495827468174511E-004 -3.904974239124655E-004  6.218856988067508E-004
  2.407453497499851E-004 -3.764304671660575E-004  5.987327992821817E-004
  2.322261106050751E-004 -3.628867394549916E-004  5.764840493391570E-004
  2.240132063519102E-004 -3.498458362088569E-004  5.551016959631696E-004
  2.160952743867568E-004 -3.372882031923555E-004  5.345497068583839E-004
  2.084613933830251E-004 -3.251950978483845E-004  5.147936833498778E-004
  2.011010650096379E-004 -3.135485525916153E-004  4.958007782327294E-004
  1.940041964740303E-004 -3.023313399422824E-004  4.775396182442070E-004
  1.871610838485670E-004 -2.915269393969264E-004  4.599802308724814E-004
  1.805623961414712E-004 -2.811195059393265E-004  4.430939752254030E-004
  1.741991600755164E-004 -2.710938401008454E-004  4.268534767160420E-004
  1.680627455397612E-004 -2.614353594850598E-004  4.112325653179898E-004
  1.621448516815071E-004 -2.521300716767822E-004  3.962062171837800E-004
  1.564374936074439E-004 -2.431645484604633E-004  3.817504994087298E-004
  1.509329896646246E-004 -2.345259012774376E-004  3.678425177701544E-004
  1.456239492734856E-004 -2.262017578558456E-004  3.544603672326540E-004
  1.405032612866105E-004 -2.181802399508551E-004  3.415830850999167E-004
  1.355640828483268E-004 -2.104499421366590E-004  3.291906065980677E-004
  1.307998287315355E-004 -2.029999115950733E-004  3.172637228153577E-004
  1.262041611294088E-004 -1.958196288487152E-004  3.057840407992748E-004
  1.217709798807519E-004 -1.888989893900561E-004  2.947339457226082E-004
  1.174944131089172E-004 -1.822282861600109E-004  2.840965650013069E-004
  1.133688082551969E-004 -1.757981928327672E-004  2.738557342176293E-004
  1.093887234885852E-004 -1.695997478658667E-004  2.639959647944360E-004
  1.055489194747242E-004 -1.636243392767557E-004  2.545024132837263E-004
  1.018443514877138E-004 -1.578636901094300E-004  2.453608521971860E-004
  9.827016184927847E-005 -1.523098445566559E-004  2.365576422899660E-004
  9.482167268056184E-005 -1.469551547052040E-004  2.280797062168525E-004
  9.149437895254590E-005 -1.417922678733479E-004  2.199145034840000E-004
  8.828394182178184E-005 -1.368141145115839E-004  2.120500066254265E-004
  8.518618223877139E-005 -1.320138966389921E-004  2.044746785477679E-004
  8.219707481695516E-005 -1.273850767893182E-004  1.971774509560664E-004
  7.931274195084487E-005 -1.229213674420985E-004  1.901477038397662E-004
  7.652944817239248E-005 -1.186167209155396E-004  1.833752459193266E-004
  7.384359473520777E-005 -1.144653196991143E-004  1.768502960445679E-004
  7.125171441673440E-005 -1.104615672049344E-004  1.705634654581465E-004
  6.875046652896081E-005 -1.066000789181205E-004  1.645057409103381E-004
  6.633663212868911E-005 -1.028756739273821E-004  1.586684685526105E-004
  6.400710941880423E-005 -9.928336681802194E-005  1.530433385957968E-004
  6.175890933238741E-005 -9.581835991045553E-005  1.476223706708064E-004
  5.958915129189533E-005 -9.247603582826085E-005  1.423978998739641E-004
  5.749505913598718E-005 -8.925195038052347E-005  1.373625634495908E-004
  5.547395720692272E-005 -8.614182574407324E-005  1.325092880852161E-004
  5.352326659177866E-005 -8.314154393188651E-005  1.278312777852223E-004
  5.164050151103889E-005 -8.024714053465351E-005  1.233220022940739E-004
  4.982326584840612E-005 -7.745479872311627E-005  1.189751860455271E-004
  4.806924981596107E-005 -7.476084349945993E-005  1.147847976025234E-004
  4.637622674905843E-005 -7.216173618655177E-005  1.107450395787810E-004
  4.474205002560175E-005 -6.965406914439851E-005  1.068503390010076E-004
  4.316465010457648E-005 -6.723456070374044E-005  1.030953381052798E-004
  4.164203167894907E-005 -6.490005030714173E-005  9.947488553579824E-005
  4.017227093825538E-005 -6.264749384843217E-005  9.598402793478004E-005
  3.875351293640823E-005 -6.047395920178065E-005  9.261800189782327E-005
  3.738396906044926E-005 -5.837662193212039E-005  8.937222628229140E-005
  3.606191459615731E-005 -5.635276117901032E-005  8.624229484951653E-005
  3.478568638660297E-005 -5.439975570641353E-005  8.322396922563425E-005
  3.355368057990856E-005 -5.251508011121833E-005  8.031317216633023E-005
  3.236435046263407E-005 -5.069630118366791E-005  7.750598111067236E-005
  3.121620437536337E-005 -4.894107441318234E-005  7.479862201129455E-005
  3.010780370721171E-005 -4.724714063337402E-005  7.218746342610177E-005
  2.903776096611499E-005 -4.561232280031062E-005  6.966901086442774E-005
  2.800473792189563E-005 -4.403452289837886E-005  6.723990136866995E-005
  2.700744381922603E-005 -4.251171896837862E-005  6.489689832650399E-005
  2.604463365773242E-005 -4.104196225267563E-005  6.263688650123172E-005
  2.511510653659819E-005 -3.962337445251276E-005  6.045686726922743E-005
  2.421770406113567E-005 -3.825414509279327E-005  5.835395405691434E-005
  2.335130880890156E-005 -3.693252898985389E-005  5.632536796715394E-005
  2.251484285303165E-005 -3.565684381795566E-005  5.436843358692577E-005
  2.170726634056701E-005 -3.442546777040693E-005  5.248057496820369E-005
  2.092757612363586E-005 -3.323683731141328E-005  5.065931177453713E-005
  2.017480444144307E-005 -3.208944501493577E-005  4.890225558457049E-005
  1.944801765110337E-005 -3.098183748697883E-005  4.720710634916741E-005
  1.874631500543498E-005 -2.991261336791232E-005  4.557164898955702E-005
  1.806882747590629E-005 -2.888042141157716E-005  4.399375013651829E-005
  1.741471661900255E-005 -2.788395863803932E-005  4.247135500058573E-005
  1.678317348434934E-005 -2.692196855703412E-005  4.100248436789188E-005
  1.617341756299643E-005 -2.599323945925093E-005  3.958523171768240E-005
  1.558469577433022E-005 -2.509660277272237E-005  3.821776045554469E-005
  1.501628149014448E-005 -2.423093148172288E-005  3.689830125611826E-005
  1.446747359445722E-005 -2.339513860568100E-005  3.562514951287314E-005
  1.393759557771854E-005 -2.258817573571745E-005  3.439666288801713E-005
  1.342599466410748E-005 -2.180903162652500E-005  3.321125896047727E-005
  1.293204097066780E-005 -2.105673084141169E-005  3.206741296482009E-005
  1.245512669708151E-005 -2.033033244840953E-005  3.096365562127638E-005
  1.199466534492649E-005 -1.962892876544787E-005  2.989857104827676E-005
  1.155009096530950E-005 -1.895164415268338E-005  2.887079475804200E-005
  1.112085743380887E-005 -1.829763385014294E-005  2.787901172909477E-005
  1.070643775170295E-005 -1.766608285893220E-005  2.692195455347093E-005
  1.030632337249970E-005 -1.705620486432702E-005  2.599840165524014E-005
  9.920023552820504E-006 -1.646724119914386E-005  2.510717557690656E-005
  9.547064726727906E-006 -1.589845984584689E-005  2.424714133173201E-005
  9.186989902621455E-006 -1.534915447592316E-005  2.341720481760029E-005
  8.839358081858911E-006 -1.481864352511931E-005  2.261631129136708E-005
  8.503743698291992E-006 -1.430626930319140E-005  2.184344389973498E-005
  8.179736077936041E-006 -1.381139713688176E-005  2.109762226520740E-005
  7.866938918022097E-006 -1.333341454489381E-005  2.037790112359915E-005
  7.564969784707483E-006 -1.287173044368398E-005  1.968336901247132E-005
  7.273459628747700E-006 -1.242577438295395E-005  1.901314700553252E-005
  6.992052318457394E-006 -1.199499580976869E-005  1.836638749431907E-005
  6.720404189312690E-006 -1.157886336027233E-005  1.774227301179985E-005
  6.458183609569949E-006 -1.117686417803218E-005  1.714001509818831E-005
  6.205070561298131E-006 -1.078850325807495E-005  1.655885320576624E-005
  5.960756236242837E-006 -1.041330281573096E-005  1.599805364142057E-005
  5.724942645960055E-006 -1.005080167944106E-005  1.545690854481732E-005
  5.497342245676648E-006 -9.700554706721485E-006  1.493473490075755E-005
  5.277677571352700E-006 -9.362132222524185E-006  1.443087358353014E-005
  5.065680889437945E-006 -9.035119479264958E-006  1.394468843239345E-005
  4.861093858830929E-006 -8.719116137829082E-006  1.347556535583485E-005
  4.663667204564958E-006 -8.413735768901044E-006  1.302291146374906E-005
  4.473160402759673E-006 -8.118605373992677E-006  1.258615422598700E-005
  4.289341376391054E-006 -7.833364925582785E-006  1.216474065546618E-005
  4.111986201445879E-006 -7.557666925803822E-006  1.175813651569220E-005
  3.940878823039397E-006 -7.291175983143422E-006  1.136582555005449E-005
  3.775810781086825E-006 -7.033568406651406E-006  1.098730873354254E-005
  3.616580945130923E-006 -6.784531817165834E-006  1.062210354425424E-005
  3.462995257938680E-006 -6.543764775093832E-006  1.026974325539428E-005
  3.314866487490856E-006 -6.310976424293878E-006  9.929776246120716E-006
  3.172013986998238E-006 -6.085886151627333E-006  9.601765331045188E-006
  3.034263462588395E-006 -5.868223261750479E-006  9.285287108283601E-006
  2.901446748316557E-006 -5.657726666723991E-006  8.979931325665991E-006
  2.773401588163914E-006 -5.454144590020539E-006  8.685300265171479E-006
  2.649971424696394E-006 -5.257234284500421E-006  8.401008146459184E-006
  2.531005194067031E-006 -5.066761763917626E-006  8.126680549274520E-006
  2.416357127055223E-006 -4.882501547500562E-006  7.861953856526593E-006
  2.305886555847079E-006 -4.704236417124212E-006  7.606474718628305E-006
  2.199457726272439E-006 -4.531757186561695E-006  7.359899541000446E-006
  2.096939615226488E-006 -4.364862482259219E-006  7.121893996660120E-006
  1.998205753017180E-006 -4.203358535034342E-006  6.892132565794445E-006
  1.903134050394179E-006 -4.047058982037179E-006  6.670298105649959E-006
  1.811606630030994E-006 -3.895784678250753E-006  6.456081452912611E-006
  1.723509662249445E-006 -3.749363516735677E-006  6.249181062563941E-006
  1.638733204794856E-006 -3.607630256742969E-006  6.049302686291006E-006
  1.557171046491516E-006 -3.470426358735305E-006  5.856159094617901E-006
  1.478720554631095E-006 -3.337599825266608E-006  5.669469846433608E-006
  1.403282525971963E-006 -3.209005046580371E-006  5.488961110009821E-006
  1.330761041254648E-006 -3.084502649694991E-006  5.314365539409884E-006
  1.261063323168095E-006 -2.963959349660025E-006  5.145422209701723E-006
  1.194099597732602E-006 -2.847247801588944E-006  4.981876614369250E-006
  1.129782959098262E-006 -2.734246452008349E-006  4.823480727211243E-006
  1.068029237791935E-006 -2.624839388018160E-006  4.669993130389393E-006
  1.008756872480825E-006 -2.518916182733074E-006  4.521179209062060E-006
  9.518867853559765E-007 -2.416371735481537E-006  4.376811411651974E-006
  8.973422612737111E-007 -2.317106105279381E-006  4.236669573149225E-006
  8.450488308263830E-007 -2.221024336177836E-006  4.100541296885008E-006
  7.949341575446844E-007 -2.128036273211427E-006  3.968222388425791E-006
  7.469279294612336E-007 -2.038056367847079E-006  3.839517332680550E-006
  7.009617552879377E-007 -1.951003472064201E-006  3.714239803305521E-006
  6.569690654765862E-007 -1.866800620473341E-006  3.592213191219006E-006
  6.148850184420885E-007 -1.785374800209918E-006  3.473271136866113E-006
  5.746464122296119E-007 -1.706656708713486E-006  3.357258049152522E-006
  5.361916018996542E-007 -1.630580499914189E-006  3.244029592441166E-006
  4.994604228880455E-007 -1.557083519787218E-006  3.133453122117033E-006
  4.643941205705212E-007 -1.486106032688471E-006  3.025408048954718E-006
  4.309352862237167E-007 -1.417590940336668E-006  2.919786112834109E-006
  3.990277995263911E-007 -1.351483495739963E-006  2.816491547700422E-006
  3.686167776870908E-007 -1.287731014759312E-006  2.715441121667831E-006
  3.396485312183794E-007 -1.226282588339751E-006  2.616564038959696E-006
  3.120705263046745E-007 -1.167088798706633E-006  2.519801693921217E-006
  2.858313536326142E-007 -1.110101442988145E-006  2.425107272612925E-006
  2.608807034718816E-007 -1.055273267831142E-006  2.332445197304581E-006
  2.371693467131252E-007 -1.002557718403831E-006  2.241790433605973E-006
  2.146491214905568E-007 -9.519087055144546E-007  2.153127611372225E-006
  1.932729249427307E-007 -9.032803924673287E-007  2.066450191149795E-006
  1.729947095983809E-007 -8.566270097558814E-007  1.981758882255892E-006
  1.537694838173724E-007 -8.119026796399944E-007  1.899062367018717E-006
  1.355533156717432E-007 -7.690613275824121E-007  1.818369039598602E-006
  1.183033396200241E-007 -7.280564006025915E-007  1.739712021334137E-006
  1.019777653103667E-007 -6.888414417757358E-007  1.663049855933867E-006
  8.653588784549282E-008 -6.513676065335022E-007  1.588631180384587E-006
  7.193809885278298E-008 -6.155927278988786E-007  1.515627929494157E-006
  5.814589773300791E-008 -5.814474111988638E-007  1.447230771111796E-006
  4.512190248259207E-008 -5.489616222352822E-007  1.371627326542175E-006
  3.282985959220390E-008 -5.177924156205783E-007  1.332988238183866E-006
  2.123465237530619E-008 -4.889867578407088E-007  1.166537378450014E-006
  1.030230787523615E-008 -4.584028960369117E-007  1.487286624402800E-006
  0.000000000000000E+000 -4.412627358249030E-007  0.000000000000000E+000
