   -3.679300E-29   -1.104137E-26   -2.573685E-25   -8.870652E-23   -4.642908E-22   -3.679300E-21
   -1.688686E-48   -5.067653E-46   -1.181243E-44   -4.071359E-42   -2.130953E-41   -1.688686E-40
   -1.826642E-48   -5.481651E-46   -1.277744E-44   -4.403966E-42   -2.305040E-41   -1.826642E-40
   -1.975885E-48   -5.929520E-46   -1.382140E-44   -4.763784E-42   -2.493369E-41   -1.975885E-40
   -2.137320E-48   -6.413976E-46   -1.495064E-44   -5.152997E-42   -2.697084E-41   -2.137320E-40
   -2.311943E-48   -6.938012E-46   -1.617214E-44   -5.574008E-42   -2.917441E-41   -2.311943E-40
   -2.500834E-48   -7.504864E-46   -1.749344E-44   -6.029417E-42   -3.155803E-41   -2.500834E-40
   -2.705159E-48   -8.118029E-46   -1.892270E-44   -6.522035E-42   -3.413640E-41   -2.705159E-40
   -2.926176E-48   -8.781289E-46   -2.046872E-44   -7.054899E-42   -3.692541E-41   -2.926176E-40
   -3.165252E-48   -9.498742E-46   -2.214107E-44   -7.631301E-42   -3.994231E-41   -3.165252E-40
   -3.423859E-48   -1.027481E-45   -2.395004E-44   -8.254795E-42   -4.320568E-41   -3.423859E-40
   -3.703597E-48   -1.111429E-45   -2.590681E-44   -8.929231E-42   -4.673569E-41   -3.703597E-40
   -4.006190E-48   -1.202235E-45   -2.802346E-44   -9.658771E-42   -5.055411E-41   -4.006190E-40
   -4.333504E-48   -1.300460E-45   -3.031304E-44   -1.044791E-41   -5.468448E-41   -4.333504E-40
   -4.687562E-48   -1.406711E-45   -3.278969E-44   -1.130153E-41   -5.915234E-41   -4.687562E-40
   -5.070546E-48   -1.521642E-45   -3.546868E-44   -1.222489E-41   -6.398522E-41   -5.070546E-40
   -5.484821E-48   -1.645964E-45   -3.836655E-44   -1.322370E-41   -6.921296E-41   -5.484821E-40
   -5.932944E-48   -1.780443E-45   -4.150119E-44   -1.430410E-41   -7.486783E-41   -5.932944E-40
   -6.417679E-48   -1.925909E-45   -4.489193E-44   -1.547278E-41   -8.098469E-41   -6.417679E-40
   -6.942019E-48   -2.083261E-45   -4.855971E-44   -1.673694E-41   -8.760134E-41   -6.942019E-40
   -7.509197E-48   -2.253468E-45   -5.252714E-44   -1.810439E-41   -9.475856E-41   -7.509197E-40
   -8.122717E-48   -2.437582E-45   -5.681874E-44   -1.958356E-41   -1.025006E-40   -8.122717E-40
   -8.786362E-48   -2.636738E-45   -6.146097E-44   -2.118359E-41   -1.108751E-40   -8.786362E-40
   -9.504228E-48   -2.852165E-45   -6.648247E-44   -2.291433E-41   -1.199339E-40   -9.504228E-40
   -1.028075E-47   -3.085195E-45   -7.191425E-44   -2.478649E-41   -1.297328E-40   -1.028075E-39
   -1.112071E-47   -3.337262E-45   -7.778980E-44   -2.681160E-41   -1.403322E-40   -1.112071E-39
   -1.202930E-47   -3.609924E-45   -8.414543E-44   -2.900218E-41   -1.517977E-40   -1.202930E-39
   -1.301212E-47   -3.904864E-45   -9.102031E-44   -3.137172E-41   -1.641999E-40   -1.301212E-39
   -1.407524E-47   -4.223900E-45   -9.845688E-44   -3.393487E-41   -1.776155E-40   -1.407524E-39
   -1.522522E-47   -4.569004E-45   -1.065011E-43   -3.670743E-41   -1.921271E-40   -1.522522E-39
   -1.646916E-47   -4.942301E-45   -1.152024E-43   -3.970651E-41   -2.078243E-40   -1.646916E-39
   -1.781473E-47   -5.346100E-45   -1.246148E-43   -4.295064E-41   -2.248041E-40   -1.781473E-39
   -1.927024E-47   -5.782889E-45   -1.347961E-43   -4.645981E-41   -2.431711E-40   -1.927024E-39
   -2.084466E-47   -6.255366E-45   -1.458093E-43   -5.025569E-41   -2.630388E-40   -2.084466E-39
   -2.254773E-47   -6.766446E-45   -1.577223E-43   -5.436171E-41   -2.845298E-40   -2.254773E-39
   -2.438993E-47   -7.319280E-45   -1.706085E-43   -5.880319E-41   -3.077765E-40   -2.438993E-39
   -2.638265E-47   -7.917285E-45   -1.845477E-43   -6.360757E-41   -3.329227E-40   -2.638265E-39
   -2.853818E-47   -8.564147E-45   -1.996257E-43   -6.880446E-41   -3.601233E-40   -2.853818E-39
   -3.086982E-47   -9.263860E-45   -2.159357E-43   -7.442597E-41   -3.895463E-40   -3.086982E-39
   -3.339197E-47   -1.002074E-44   -2.335782E-43   -8.050677E-41   -4.213733E-40   -3.339197E-39
   -3.612018E-47   -1.083946E-44   -2.526621E-43   -8.708437E-41   -4.558005E-40   -3.612018E-39
   -3.907130E-47   -1.172508E-44   -2.733053E-43   -9.419941E-41   -4.930407E-40   -3.907130E-39
   -4.226352E-47   -1.268305E-44   -2.956351E-43   -1.018957E-40   -5.333234E-40   -4.226352E-39
   -4.571657E-47   -1.371929E-44   -3.197893E-43   -1.102209E-40   -5.768974E-40   -4.571657E-39
   -4.945174E-47   -1.484019E-44   -3.459170E-43   -1.192263E-40   -6.240316E-40   -4.945174E-39
   -5.349208E-47   -1.605267E-44   -3.741793E-43   -1.289674E-40   -6.750166E-40   -5.349208E-39
   -5.786255E-47   -1.736423E-44   -4.047509E-43   -1.395044E-40   -7.301676E-40   -5.786255E-39
   -6.259008E-47   -1.878293E-44   -4.378202E-43   -1.509023E-40   -7.898242E-40   -6.259008E-39
   -6.770388E-47   -2.031755E-44   -4.735915E-43   -1.632315E-40   -8.543553E-40   -6.770388E-39
   -7.323550E-47   -2.197756E-44   -5.122853E-43   -1.765680E-40   -9.241588E-40   -7.323549E-39
   -7.921906E-47   -2.377319E-44   -5.541406E-43   -1.909941E-40   -9.996653E-40   -7.921905E-39
   -8.569152E-47   -2.571554E-44   -5.994157E-43   -2.065990E-40   -1.081341E-39   -8.569151E-39
   -9.269277E-47   -2.781658E-44   -6.483898E-43   -2.234788E-40   -1.169690E-39   -9.269277E-39
   -1.002661E-46   -3.008929E-44   -7.013655E-43   -2.417377E-40   -1.265258E-39   -1.002661E-38
   -1.084582E-46   -3.254769E-44   -7.586694E-43   -2.614885E-40   -1.368634E-39   -1.084582E-38
   -1.173196E-46   -3.520695E-44   -8.206553E-43   -2.828531E-40   -1.480456E-39   -1.173196E-38
   -1.269050E-46   -3.808349E-44   -8.877059E-43   -3.059632E-40   -1.601415E-39   -1.269050E-38
   -1.372736E-46   -4.119504E-44   -9.602346E-43   -3.309615E-40   -1.732256E-39   -1.372736E-38
   -1.484894E-46   -4.456084E-44   -1.038690E-42   -3.580024E-40   -1.873788E-39   -1.484894E-38
   -1.606216E-46   -4.820163E-44   -1.123555E-42   -3.872525E-40   -2.026884E-39   -1.606216E-38
   -1.737450E-46   -5.213991E-44   -1.215354E-42   -4.188927E-40   -2.192489E-39   -1.737450E-38
   -1.879408E-46   -5.639996E-44   -1.314653E-42   -4.531180E-40   -2.371624E-39   -1.879407E-38
   -2.032963E-46   -6.100808E-44   -1.422066E-42   -4.901397E-40   -2.565396E-39   -2.032963E-38
   -2.199066E-46   -6.599273E-44   -1.538256E-42   -5.301864E-40   -2.775001E-39   -2.199065E-38
   -2.378740E-46   -7.138464E-44   -1.663938E-42   -5.735051E-40   -3.001732E-39   -2.378739E-38
   -2.573095E-46   -7.721713E-44   -1.799890E-42   -6.203634E-40   -3.246988E-39   -2.573094E-38
   -2.783330E-46   -8.352618E-44   -1.946951E-42   -6.710504E-40   -3.512285E-39   -2.783329E-38
   -3.010743E-46   -9.035071E-44   -2.106027E-42   -7.258787E-40   -3.799257E-39   -3.010742E-38
   -3.256739E-46   -9.773290E-44   -2.278102E-42   -7.851873E-40   -4.109678E-39   -3.256737E-38
   -3.522833E-46   -1.057182E-43   -2.464236E-42   -8.493417E-40   -4.445463E-39   -3.522831E-38
   -3.810671E-46   -1.143561E-43   -2.665580E-42   -9.187383E-40   -4.808686E-39   -3.810668E-38
   -4.122029E-46   -1.236998E-43   -2.883376E-42   -9.938054E-40   -5.201587E-39   -4.122025E-38
   -4.458827E-46   -1.338069E-43   -3.118968E-42   -1.075006E-39   -5.626593E-39   -4.458822E-38
   -4.823146E-46   -1.447399E-43   -3.373811E-42   -1.162842E-39   -6.086328E-39   -4.823141E-38
   -5.217234E-46   -1.565663E-43   -3.649477E-42   -1.257855E-39   -6.583627E-39   -5.217227E-38
   -5.643526E-46   -1.693590E-43   -3.947670E-42   -1.360633E-39   -7.121564E-39   -5.643517E-38
   -6.104651E-46   -1.831972E-43   -4.270229E-42   -1.471808E-39   -7.703458E-39   -6.104640E-38
   -6.603457E-46   -1.981660E-43   -4.619146E-42   -1.592068E-39   -8.332901E-39   -6.603443E-38
   -7.143026E-46   -2.143582E-43   -4.996576E-42   -1.722156E-39   -9.013782E-39   -7.143008E-38
   -7.726685E-46   -2.318735E-43   -5.404848E-42   -1.862874E-39   -9.750300E-39   -7.726662E-38
   -8.358042E-46   -2.508201E-43   -5.846485E-42   -2.015092E-39   -1.054701E-38   -8.358013E-38
   -9.040993E-46   -2.713151E-43   -6.324212E-42   -2.179749E-39   -1.140882E-38   -9.040956E-38
   -9.779756E-46   -2.934850E-43   -6.840980E-42   -2.357862E-39   -1.234107E-38   -9.779710E-38
   -1.057890E-45   -3.174667E-43   -7.399981E-42   -2.550531E-39   -1.334950E-38   -1.057884E-37
   -1.144334E-45   -3.434082E-43   -8.004665E-42   -2.758946E-39   -1.444034E-38   -1.144327E-37
   -1.237844E-45   -3.714700E-43   -8.658770E-42   -2.984394E-39   -1.562034E-38   -1.237835E-37
   -1.338996E-45   -4.018252E-43   -9.366334E-42   -3.228268E-39   -1.689677E-38   -1.338984E-37
   -1.448416E-45   -4.346615E-43   -1.013173E-41   -3.492075E-39   -1.827754E-38   -1.448401E-37
   -1.566779E-45   -4.701816E-43   -1.095968E-41   -3.777443E-39   -1.977115E-38   -1.566760E-37
   -1.694816E-45   -5.086048E-43   -1.185531E-41   -4.086136E-39   -2.138685E-38   -1.694792E-37
   -1.833320E-45   -5.501690E-43   -1.282415E-41   -4.420063E-39   -2.313462E-38   -1.833289E-37
   -1.983145E-45   -5.951306E-43   -1.387218E-41   -4.781284E-39   -2.502524E-38   -1.983106E-37
   -2.145217E-45   -6.437677E-43   -1.500588E-41   -5.172035E-39   -2.707042E-38   -2.145169E-37
   -2.320540E-45   -6.963809E-43   -1.623227E-41   -5.594729E-39   -2.928279E-38   -2.320478E-37
   -2.510194E-45   -7.532952E-43   -1.755891E-41   -6.051979E-39   -3.167602E-38   -2.510116E-37
   -2.715356E-45   -8.148630E-43   -1.899403E-41   -6.546614E-39   -3.426492E-38   -2.715257E-37
   -2.937291E-45   -8.814644E-43   -2.054647E-41   -7.081689E-39   -3.706547E-38   -2.937166E-37
   -3.177373E-45   -9.535119E-43   -2.222586E-41   -7.660517E-39   -4.009502E-38   -3.177215E-37
   -3.437088E-45   -1.031451E-42   -2.404257E-41   -8.286677E-39   -4.337230E-38   -3.436888E-37
   -3.718041E-45   -1.115763E-42   -2.600785E-41   -8.964041E-39   -4.691756E-38   -3.717787E-37
   -4.021973E-45   -1.206971E-42   -2.813387E-41   -9.696805E-39   -5.075276E-38   -4.021652E-37
   -4.350762E-45   -1.305639E-42   -3.043376E-41   -1.048950E-38   -5.490162E-38   -4.350356E-37
   -4.706447E-45   -1.412378E-42   -3.292179E-41   -1.134703E-38   -5.938984E-38   -4.705933E-37
   -5.091229E-45   -1.527849E-42   -3.561335E-41   -1.227472E-38   -6.424518E-38   -5.090578E-37
   -5.507491E-45   -1.652767E-42   -3.852512E-41   -1.327830E-38   -6.949771E-38   -5.506667E-37
   -5.957814E-45   -1.787906E-42   -4.167515E-41   -1.436400E-38   -7.518000E-38   -5.956771E-37
   -6.444987E-45   -1.934104E-42   -4.508295E-41   -1.553854E-38   -8.132719E-38   -6.443667E-37
   -6.972034E-45   -2.092268E-42   -4.876967E-41   -1.680921E-38   -8.797744E-38   -6.970364E-37
   -7.542223E-45   -2.263379E-42   -5.275816E-41   -1.818389E-38   -9.517194E-38   -7.540108E-37
   -8.159091E-45   -2.448497E-42   -5.707318E-41   -1.967110E-38   -1.029553E-37   -8.156415E-37
   -8.826472E-45   -2.648775E-42   -6.174153E-41   -2.128009E-38   -1.113759E-37   -8.823085E-37
   -9.548506E-45   -2.865453E-42   -6.679219E-41   -2.302084E-38   -1.204858E-37   -9.544219E-37
   -1.032969E-44   -3.099881E-42   -7.225658E-41   -2.490417E-38   -1.303417E-37   -1.032426E-36
   -1.117487E-44   -3.353515E-42   -7.816865E-41   -2.694178E-38   -1.410047E-37   -1.116800E-36
   -1.208931E-44   -3.627934E-42   -8.456521E-41   -2.914636E-38   -1.525412E-37   -1.208062E-36
   -1.307871E-44   -3.924847E-42   -9.148610E-41   -3.153163E-38   -1.650227E-37   -1.306771E-36
   -1.414922E-44   -4.246102E-42   -9.897439E-41   -3.411243E-38   -1.785269E-37   -1.413530E-36
   -1.530754E-44   -4.593706E-42   -1.070769E-40   -3.690487E-38   -1.931378E-37   -1.528992E-36
   -1.656088E-44   -4.969826E-42   -1.158440E-40   -3.992635E-38   -2.089462E-37   -1.653858E-36
   -1.791707E-44   -5.376813E-42   -1.253307E-40   -4.319574E-38   -2.260506E-37   -1.788885E-36
   -1.938461E-44   -5.817212E-42   -1.355961E-40   -4.673348E-38   -2.445575E-37   -1.934889E-36
   -2.097266E-44   -6.293778E-42   -1.467046E-40   -5.056166E-38   -2.645820E-37   -2.092746E-36
   -2.269120E-44   -6.809501E-42   -1.587259E-40   -5.470429E-38   -2.862491E-37   -2.263399E-36
   -2.455099E-44   -7.367614E-42   -1.717352E-40   -5.918729E-38   -3.096936E-37   -2.447859E-36
   -2.656373E-44   -7.971627E-42   -1.858144E-40   -6.403882E-38   -3.350618E-37   -2.647211E-36
   -2.874209E-44   -8.625339E-42   -2.010520E-40   -6.928934E-38   -3.625117E-37   -2.862614E-36
   -3.109978E-44   -9.332869E-42   -2.175442E-40   -7.497185E-38   -3.922143E-37   -3.095305E-36
   -3.365171E-44   -1.009869E-41   -2.353950E-40   -8.112218E-38   -4.243549E-37   -3.346603E-36
   -3.641399E-44   -1.092763E-41   -2.547172E-40   -8.777906E-38   -4.591335E-37   -3.617903E-36
   -3.940414E-44   -1.182496E-41   -2.756335E-40   -9.498458E-38   -4.967668E-37   -3.910684E-36
   -4.264115E-44   -1.279637E-41   -2.982765E-40   -1.027843E-37   -5.374888E-37   -4.226497E-36
   -4.614562E-44   -1.384804E-41   -3.227903E-40   -1.112276E-37   -5.815523E-37   -4.566965E-36
   -4.993991E-44   -1.498669E-41   -3.493314E-40   -1.203681E-37   -6.292308E-37   -4.933773E-36
   -5.404827E-44   -1.621958E-41   -3.780695E-40   -1.302639E-37   -6.808191E-37   -5.328645E-36
   -5.849709E-44   -1.755465E-41   -4.091891E-40   -1.409781E-37   -7.366358E-37   -5.753338E-36
   -6.331497E-44   -1.900046E-41   -4.428902E-40   -1.525788E-37   -7.970239E-37   -6.209596E-36
   -6.853300E-44   -2.056637E-41   -4.793904E-40   -1.651404E-37   -8.623532E-37   -6.699124E-36
   -7.418501E-44   -2.226250E-41   -5.189263E-40   -1.787433E-37   -9.330216E-37   -7.223525E-36
   -8.030770E-44   -2.409989E-41   -5.617545E-40   -1.934747E-37   -1.009456E-36   -7.784232E-36
   -8.694110E-44   -2.609053E-41   -6.081551E-40   -2.094292E-37   -1.092115E-36   -8.382421E-36
   -9.412864E-44   -2.824747E-41   -6.584318E-40   -2.267097E-37   -1.181489E-36   -9.018879E-36
   -1.019177E-43   -3.058492E-41   -7.129160E-40   -2.454275E-37   -1.278102E-36   -9.693866E-36
   -1.103598E-43   -3.311835E-41   -7.719683E-40   -2.657035E-37   -1.382512E-36   -1.040691E-35
   -1.195111E-43   -3.586460E-41   -8.359811E-40   -2.876688E-37   -1.495309E-36   -1.115654E-35
   -1.294329E-43   -3.884207E-41   -9.053834E-40   -3.114656E-37   -1.617117E-36   -1.194001E-35
   -1.401919E-43   -4.207077E-41   -9.806415E-40   -3.372478E-37   -1.748591E-36   -1.275289E-35
   -1.518609E-43   -4.557260E-41   -1.062266E-39   -3.651827E-37   -1.890413E-36   -1.358856E-35
   -1.645197E-43   -4.937143E-41   -1.150812E-39   -3.954510E-37   -2.043289E-36   -1.443763E-35
   -1.782551E-43   -5.349334E-41   -1.246889E-39   -4.282481E-37   -2.207934E-36   -1.528719E-35
   -1.931623E-43   -5.796690E-41   -1.351162E-39   -4.637860E-37   -2.385074E-36   -1.611994E-35
   -2.093452E-43   -6.282328E-41   -1.464358E-39   -5.022928E-37   -2.575414E-36   -1.691312E-35
   -2.269178E-43   -6.809671E-41   -1.587274E-39   -5.440151E-37   -2.779635E-36   -1.763726E-35
   -2.460049E-43   -7.382464E-41   -1.720782E-39   -5.892181E-37   -2.998352E-36   -1.825474E-35
   -2.667434E-43   -8.004812E-41   -1.865840E-39   -6.381866E-37   -3.232084E-36   -1.871817E-35
   -2.892837E-43   -8.681230E-41   -2.023499E-39   -6.912261E-37   -3.481209E-36   -1.896866E-35
   -3.137905E-43   -9.416665E-41   -2.194912E-39   -7.486621E-37   -3.745897E-36   -1.893399E-35
   -3.404458E-43   -1.021657E-40   -2.381349E-39   -8.108416E-37   -4.026041E-36   -1.852696E-35
   -3.694490E-43   -1.108694E-40   -2.584206E-39   -8.781311E-37   -4.321148E-36   -1.764406E-35
   -4.010202E-43   -1.203436E-40   -2.805020E-39   -9.509160E-37   -4.630222E-36   -1.616491E-35
   -4.354023E-43   -1.306614E-40   -3.045489E-39   -1.029599E-36   -4.951607E-36   -1.395315E-35
   -4.728627E-43   -1.419030E-40   -3.307482E-39   -1.114593E-36   -5.282790E-36   -1.085938E-35
   -5.136977E-43   -1.541572E-40   -3.593068E-39   -1.206323E-36   -5.620170E-36   -6.727588E-36
   -5.582342E-43   -1.675222E-40   -3.904533E-39   -1.305209E-36   -5.958759E-36   -1.406251E-36
   -6.068348E-43   -1.821068E-40   -4.244406E-39   -1.411665E-36   -6.291838E-36    5.233885E-36
   -6.599009E-43   -1.980314E-40   -4.615494E-39   -1.526079E-36   -6.610545E-36    1.327355E-35
   -7.178779E-43   -2.154296E-40   -5.020903E-39   -1.648794E-36   -6.903375E-36    2.270823E-35
   -7.812607E-43   -2.344500E-40   -5.464090E-39   -1.780088E-36   -7.155641E-36    3.339995E-35
   -8.505991E-43   -2.552575E-40   -5.948889E-39   -1.920137E-36   -7.348830E-36    4.501798E-35
   -9.265052E-43   -2.780357E-40   -6.479572E-39   -2.068981E-36   -7.459952E-36    5.697257E-35
   -1.009661E-42   -3.029893E-40   -7.060892E-39   -2.226464E-36   -7.460847E-36    6.835119E-35
   -1.100826E-42   -3.303462E-40   -7.698144E-39   -2.392172E-36   -7.317547E-36    7.787496E-35
   -1.200849E-42   -3.603609E-40   -8.397244E-39   -2.565356E-36   -6.989802E-36    8.390463E-35
   -1.310677E-42   -3.933176E-40   -9.164785E-39   -2.744824E-36   -6.430855E-36    8.453617E-35
   -1.431370E-42   -4.295342E-40   -1.000815E-38   -2.928823E-36   -5.587743E-36    7.783658E-35
   -1.564113E-42   -4.693662E-40   -1.093557E-38   -3.114885E-36   -4.402355E-36    6.226590E-35
   -1.710234E-42   -5.132115E-40   -1.195629E-38   -3.299654E-36   -2.813645E-36    3.730495E-35
   -1.871220E-42   -5.615166E-40   -1.308065E-38   -3.478676E-36   -7.614633E-37    4.237417E-36
   -2.048740E-42   -6.147812E-40   -1.432022E-38   -3.646152E-36    1.807446E-36   -3.309117E-35
   -2.244666E-42   -6.735668E-40   -1.568800E-38   -3.794671E-36    4.930688E-36   -6.789153E-35
   -2.461100E-42   -7.385034E-40   -1.719856E-38   -3.914907E-36    8.618154E-36   -9.095569E-35
   -2.700403E-42   -8.102984E-40   -1.886828E-38   -3.995304E-36    1.283635E-35   -9.266337E-35
   -2.965233E-42   -8.897474E-40   -2.071554E-38   -4.021764E-36    1.748926E-35   -6.674211E-35
   -3.258573E-42   -9.777438E-40   -2.276100E-38   -3.977356E-36    2.239683E-35   -1.517268E-35
   -3.583786E-42   -1.075294E-39   -2.502791E-38   -3.842115E-36    2.727345E-35    4.785328E-35
   -3.944653E-42   -1.183528E-39   -2.754240E-38   -3.592951E-36    3.171089E-35    9.654923E-35
   -4.345435E-42   -1.303719E-39   -3.033392E-38   -3.203795E-36    3.517265E-35    1.024357E-34
   -4.790933E-42   -1.437301E-39   -3.343564E-38   -2.646053E-36    3.700947E-35    5.177001E-35
   -5.286554E-42   -1.585886E-39   -3.688495E-38   -1.889518E-36    3.650769E-35   -3.624297E-35
   -5.838407E-42   -1.751293E-39   -4.072406E-38   -9.038975E-37    3.298310E-35   -1.071080E-34
   -6.453375E-42   -1.935567E-39   -4.500065E-38    3.388794E-37    2.592839E-35   -1.005850E-34
   -7.139234E-42   -2.141016E-39   -4.976866E-38    1.861392E-36    1.521286E-35   -5.956945E-36
   -7.904774E-42   -2.370240E-39   -5.508922E-38    3.676363E-36    1.313038E-36    1.024004E-34
   -8.759923E-42   -2.626167E-39   -6.103167E-38    5.781116E-36   -1.447571E-35    1.107448E-34
   -9.715939E-42   -2.912106E-39   -6.767502E-38    8.150956E-36   -2.993165E-35   -8.973143E-36
   -1.078556E-41   -3.231783E-39   -7.510928E-38    1.073173E-35   -4.201803E-35   -1.243558E-34
   -1.198325E-41   -3.589408E-39   -8.343758E-38    1.343224E-35   -4.733200E-35   -7.331639E-35
   -1.332549E-41   -3.989743E-39   -9.277853E-38    1.611756E-35   -4.295789E-35    1.800332E-02
   -1.483130E-41   -4.438249E-39   -1.032708E-37    1.860504E-35   -2.765861E-35    2.660091E-02
   -1.652606E-41   -4.942202E-39   -1.151011E-37    2.066898E-35   -3.115064E-36   -1.385543E-02
   -5.330561E-09   -1.598805E-06   -3.681534E-05    6.231949E-03    6.629244E-03   -3.441740E-02
   -5.379374E-09   -1.613442E-06   -3.715041E-05    6.270248E-03    6.996502E-03   -3.357322E-02
   -5.428955E-09   -1.628309E-06   -3.749073E-05    6.308628E-03    7.365372E-03   -3.257983E-02
   -5.479381E-09   -1.643430E-06   -3.783684E-05    6.347159E-03    7.735796E-03   -3.143986E-02
   -5.530704E-09   -1.658819E-06   -3.818909E-05    6.385877E-03    8.107683E-03   -3.015636E-02
   -5.582960E-09   -1.674488E-06   -3.854775E-05    6.424805E-03    8.480930E-03   -2.873295E-02
   -5.636183E-09   -1.690447E-06   -3.891303E-05    6.463954E-03    8.855423E-03   -2.717381E-02
   -5.690400E-09   -1.706704E-06   -3.928513E-05    6.503336E-03    9.231042E-03   -2.548371E-02
   -5.745664E-09   -1.723275E-06   -3.966440E-05    6.542984E-03    9.607701E-03   -2.366816E-02
   -5.802045E-09   -1.740181E-06   -4.005133E-05    6.582951E-03    9.985348E-03   -2.173329E-02
   -5.859595E-09   -1.757438E-06   -4.044628E-05    6.623271E-03    1.036390E-02   -1.968572E-02
   -5.918361E-09   -1.775058E-06   -4.084957E-05    6.663968E-03    1.074327E-02   -1.753256E-02
   -5.978382E-09   -1.793056E-06   -4.126147E-05    6.705059E-03    1.112335E-02   -1.528146E-02
   -6.039700E-09   -1.811442E-06   -4.168226E-05    6.746556E-03    1.150403E-02   -1.294058E-02
   -6.102355E-09   -1.830229E-06   -4.211222E-05    6.788476E-03    1.188521E-02   -1.051857E-02
   -6.166476E-09   -1.849456E-06   -4.255225E-05    6.830929E-03    1.226693E-02   -8.024687E-03
   -6.232296E-09   -1.869192E-06   -4.300394E-05    6.874137E-03    1.264948E-02   -5.468627E-03
   -6.299982E-09   -1.889488E-06   -4.346844E-05    6.918247E-03    1.303302E-02   -2.860174E-03
   -6.369658E-09   -1.910380E-06   -4.394660E-05    6.963353E-03    1.341762E-02   -2.093002E-04
   -6.441427E-09   -1.931900E-06   -4.443914E-05    7.009523E-03    1.380333E-02    2.473784E-03
   -6.515384E-09   -1.954076E-06   -4.494671E-05    7.056815E-03    1.419017E-02    5.178620E-03
   -6.591619E-09   -1.976936E-06   -4.546993E-05    7.105277E-03    1.457815E-02    7.894508E-03
   -6.670300E-09   -2.000528E-06   -4.600995E-05    7.155038E-03    1.496744E-02    1.061064E-02
   -6.751713E-09   -2.024940E-06   -4.656874E-05    7.206352E-03    1.535849E-02    1.331632E-02
   -6.836094E-09   -2.050242E-06   -4.714792E-05    7.259408E-03    1.575164E-02    1.600083E-02
   -6.923637E-09   -2.076492E-06   -4.774883E-05    7.314349E-03    1.614712E-02    1.865336E-02
   -7.014519E-09   -2.103744E-06   -4.837269E-05    7.371291E-03    1.654515E-02    2.126304E-02
   -7.108912E-09   -2.132048E-06   -4.902067E-05    7.430343E-03    1.694591E-02    2.381896E-02
   -7.206989E-09   -2.161457E-06   -4.969397E-05    7.491609E-03    1.734957E-02    2.631022E-02
   -7.308891E-09   -2.192013E-06   -5.039355E-05    7.555152E-03    1.775621E-02    2.872573E-02
   -7.414672E-09   -2.223732E-06   -5.111978E-05    7.620942E-03    1.816569E-02    3.105407E-02
   -7.524429E-09   -2.256643E-06   -5.187333E-05    7.688992E-03    1.857795E-02    3.328390E-02
   -7.638305E-09   -2.290790E-06   -5.265517E-05    7.759356E-03    1.899299E-02    3.540409E-02
   -7.756476E-09   -2.326224E-06   -5.346651E-05    7.832115E-03    1.941091E-02    3.740371E-02
   -7.879140E-09   -2.363006E-06   -5.430871E-05    7.907371E-03    1.983182E-02    3.927206E-02
   -8.006518E-09   -2.401201E-06   -5.518329E-05    7.985238E-03    2.025585E-02    4.099870E-02
   -8.138812E-09   -2.440870E-06   -5.609163E-05    8.065809E-03    2.068309E-02    4.257326E-02
   -8.276127E-09   -2.482045E-06   -5.703445E-05    8.149070E-03    2.111332E-02    4.398508E-02
   -8.418610E-09   -2.524770E-06   -5.801275E-05    8.235046E-03    2.154641E-02    4.522396E-02
   -8.566464E-09   -2.569105E-06   -5.902794E-05    8.323813E-03    2.198234E-02    4.628029E-02
   -8.719935E-09   -2.615124E-06   -6.008170E-05    8.415477E-03    2.242115E-02    4.714500E-02
   -8.879303E-09   -2.662912E-06   -6.117593E-05    8.510172E-03    2.286295E-02    4.780961E-02
   -9.044876E-09   -2.712560E-06   -6.231277E-05    8.608048E-03    2.330785E-02    4.826621E-02
   -9.216933E-09   -2.764153E-06   -6.349412E-05    8.709221E-03    2.375588E-02    4.850718E-02
   -9.395538E-09   -2.817709E-06   -6.472042E-05    8.813593E-03    2.420644E-02    4.852431E-02
   -9.580795E-09   -2.873259E-06   -6.599238E-05    8.921098E-03    2.465901E-02    4.831023E-02
   -9.772907E-09   -2.930865E-06   -6.731138E-05    9.031757E-03    2.511325E-02    4.785877E-02
   -9.972149E-09   -2.990609E-06   -6.867930E-05    9.145652E-03    2.556896E-02    4.716489E-02
   -1.017885E-08   -3.052589E-06   -7.009839E-05    9.262901E-03    2.602605E-02    4.622457E-02
   -1.039337E-08   -3.116916E-06   -7.157119E-05    9.383652E-03    2.648443E-02    4.503480E-02
   -1.061609E-08   -3.183700E-06   -7.310022E-05    9.508038E-03    2.694398E-02    4.359340E-02
   -1.084714E-08   -3.252981E-06   -7.468638E-05    9.635970E-03    2.740391E-02    4.189819E-02
   -1.108666E-08   -3.324802E-06   -7.633065E-05    9.767361E-03    2.786338E-02    3.994819E-02
   -1.133490E-08   -3.399238E-06   -7.803473E-05    9.902213E-03    2.832178E-02    3.774409E-02
   -1.159219E-08   -3.476389E-06   -7.980090E-05    1.004059E-02    2.877861E-02    3.528810E-02
   -1.185893E-08   -3.556371E-06   -8.163184E-05    1.018259E-02    2.923349E-02    3.258385E-02
   -1.213556E-08   -3.639318E-06   -8.353060E-05    1.032835E-02    2.968606E-02    2.963641E-02
   -1.242253E-08   -3.725369E-06   -8.550034E-05    1.047801E-02    3.013590E-02    2.645213E-02
   -1.272009E-08   -3.814593E-06   -8.754264E-05    1.063149E-02    3.058200E-02    2.303825E-02
   -1.302844E-08   -3.907051E-06   -8.965890E-05    1.078868E-02    3.102316E-02    1.940360E-02
   -1.334788E-08   -4.002837E-06   -9.185125E-05    1.094957E-02    3.145840E-02    1.555887E-02
   -1.367882E-08   -4.102069E-06   -9.412236E-05    1.111417E-02    3.188681E-02    1.151648E-02
   -1.402171E-08   -4.204883E-06   -9.647539E-05    1.128255E-02    3.230759E-02    7.290541E-03
   -1.437706E-08   -4.311436E-06   -9.891386E-05    1.145481E-02    3.271993E-02    2.896732E-03
   -1.474543E-08   -4.421890E-06   -1.014415E-04    1.163107E-02    3.312303E-02   -1.647711E-03
   -1.512718E-08   -4.536359E-06   -1.040609E-04    1.181125E-02    3.351556E-02   -6.323974E-03
   -1.552264E-08   -4.654936E-06   -1.067742E-04    1.199527E-02    3.389599E-02   -1.111151E-02
   -1.593221E-08   -4.777745E-06   -1.095843E-04    1.218306E-02    3.426289E-02   -1.598810E-02
   -1.635637E-08   -4.904928E-06   -1.124942E-04    1.237462E-02    3.461492E-02   -2.092999E-02
   -1.679567E-08   -5.036650E-06   -1.155079E-04    1.256997E-02    3.495072E-02   -2.591199E-02
   -1.725070E-08   -5.173088E-06   -1.186293E-04    1.276915E-02    3.526898E-02   -3.090761E-02
   -1.772209E-08   -5.314435E-06   -1.218629E-04    1.297220E-02    3.556832E-02   -3.588911E-02
   -1.821039E-08   -5.460847E-06   -1.252122E-04    1.317909E-02    3.584703E-02   -4.082736E-02
   -1.871605E-08   -5.612466E-06   -1.286804E-04    1.338969E-02    3.610318E-02   -4.569192E-02
   -1.923960E-08   -5.769449E-06   -1.322711E-04    1.360393E-02    3.633485E-02   -5.045147E-02
   -1.978164E-08   -5.931976E-06   -1.359885E-04    1.382173E-02    3.654015E-02   -5.507399E-02
   -2.034281E-08   -6.100238E-06   -1.398368E-04    1.404307E-02    3.671715E-02   -5.952694E-02
   -2.092380E-08   -6.274442E-06   -1.438208E-04    1.426790E-02    3.686389E-02   -6.377749E-02
   -2.152533E-08   -6.454806E-06   -1.479455E-04    1.449618E-02    3.697836E-02   -6.779268E-02
   -2.214809E-08   -6.641534E-06   -1.522155E-04    1.472784E-02    3.705835E-02   -7.153940E-02
   -2.279272E-08   -6.834821E-06   -1.566352E-04    1.496274E-02    3.710146E-02   -7.498468E-02
   -2.345991E-08   -7.034869E-06   -1.612093E-04    1.520074E-02    3.710527E-02   -7.809614E-02
   -2.415038E-08   -7.241898E-06   -1.659427E-04    1.544172E-02    3.706730E-02   -8.084232E-02
   -2.486489E-08   -7.456135E-06   -1.708406E-04    1.568555E-02    3.698500E-02   -8.319294E-02
   -2.560423E-08   -7.677815E-06   -1.759084E-04    1.593208E-02    3.685579E-02   -8.511921E-02
   -2.636921E-08   -7.907183E-06   -1.811516E-04    1.618117E-02    3.667699E-02   -8.659411E-02
   -2.716066E-08   -8.144487E-06   -1.865760E-04    1.643266E-02    3.644584E-02   -8.759264E-02
   -2.797942E-08   -8.389977E-06   -1.921871E-04    1.668636E-02    3.615947E-02   -8.809218E-02
   -2.882633E-08   -8.643908E-06   -1.979908E-04    1.694205E-02    3.581496E-02   -8.807281E-02
   -2.970226E-08   -8.906540E-06   -2.039930E-04    1.719952E-02    3.540931E-02   -8.751763E-02
   -3.060809E-08   -9.178137E-06   -2.101997E-04    1.745851E-02    3.493943E-02   -8.641308E-02
   -3.154472E-08   -9.458965E-06   -2.166170E-04    1.771877E-02    3.440218E-02   -8.474925E-02
   -3.251302E-08   -9.749292E-06   -2.232509E-04    1.797999E-02    3.379434E-02   -8.252013E-02
   -3.351395E-08   -1.004940E-05   -2.301079E-04    1.824189E-02    3.311270E-02   -7.972405E-02
   -3.454853E-08   -1.035959E-05   -2.371949E-04    1.850417E-02    3.235404E-02   -7.636393E-02
   -3.561776E-08   -1.068018E-05   -2.445188E-04    1.876652E-02    3.151508E-02   -7.244729E-02
   -3.672266E-08   -1.101146E-05   -2.520865E-04    1.902860E-02    3.059250E-02   -6.798644E-02
   -3.786421E-08   -1.135372E-05   -2.599047E-04    1.929000E-02    2.958289E-02   -6.299866E-02
   -3.904339E-08   -1.170727E-05   -2.679801E-04    1.955030E-02    2.848287E-02   -5.750630E-02
   -4.026114E-08   -1.207238E-05   -2.763190E-04    1.980903E-02    2.728898E-02   -5.153690E-02
   -4.151847E-08   -1.244936E-05   -2.849283E-04    2.006572E-02    2.599785E-02   -4.512328E-02
   -4.281656E-08   -1.283855E-05   -2.938161E-04    2.031994E-02    2.460624E-02   -3.830357E-02
   -4.415656E-08   -1.324031E-05   -3.029902E-04    2.057124E-02    2.311088E-02   -3.112081E-02
   -4.553959E-08   -1.365497E-05   -3.124582E-04    2.081911E-02    2.150853E-02   -2.362282E-02
   -4.696671E-08   -1.408285E-05   -3.222273E-04    2.106298E-02    1.979597E-02   -1.586195E-02
   -4.843896E-08   -1.452425E-05   -3.323046E-04    2.130222E-02    1.797005E-02   -7.894880E-03
   -4.995727E-08   -1.497947E-05   -3.426965E-04    2.153618E-02    1.602769E-02    2.177489E-04
   -5.152267E-08   -1.544880E-05   -3.534098E-04    2.176416E-02    1.396598E-02    8.411749E-03
   -5.313642E-08   -1.593263E-05   -3.644531E-04    2.198558E-02    1.178218E-02    1.662001E-02
   -5.479977E-08   -1.643132E-05   -3.758350E-04    2.219981E-02    9.473708E-03    2.477314E-02
   -5.651390E-08   -1.694524E-05   -3.875635E-04    2.240614E-02    7.038084E-03    3.280005E-02
   -5.827992E-08   -1.747472E-05   -3.996461E-04    2.260381E-02    4.473005E-03    4.062861E-02
   -6.009882E-08   -1.802004E-05   -4.120894E-04    2.279202E-02    1.776371E-03    4.818636E-02
   -6.197151E-08   -1.858149E-05   -4.248998E-04    2.296986E-02   -1.053673E-03    5.540125E-02
   -6.389892E-08   -1.915935E-05   -4.380834E-04    2.313646E-02   -4.018706E-03    6.220261E-02
   -6.588232E-08   -1.975399E-05   -4.516489E-04    2.329101E-02   -7.120048E-03    6.852241E-02
   -6.792300E-08   -2.036580E-05   -4.656049E-04    2.343271E-02   -1.035876E-02    7.429584E-02
   -7.002213E-08   -2.099513E-05   -4.799595E-04    2.356065E-02   -1.373560E-02    7.946212E-02
   -7.218076E-08   -2.164230E-05   -4.947198E-04    2.367391E-02   -1.725098E-02    8.396530E-02
   -7.439981E-08   -2.230758E-05   -5.098919E-04    2.377145E-02   -2.090493E-02    8.775513E-02
   -7.668007E-08   -2.299121E-05   -5.254811E-04    2.385221E-02   -2.469704E-02    9.078792E-02
   -7.902229E-08   -2.369341E-05   -5.414926E-04    2.391509E-02   -2.862646E-02    9.302742E-02
   -8.142765E-08   -2.441453E-05   -5.579342E-04    2.395912E-02   -3.269207E-02    9.444618E-02
   -8.389738E-08   -2.515496E-05   -5.748143E-04    2.398330E-02   -3.689234E-02    9.502563E-02
   -8.643255E-08   -2.591500E-05   -5.921401E-04    2.398658E-02   -4.122527E-02    9.475645E-02
   -8.903411E-08   -2.669494E-05   -6.099180E-04    2.396786E-02   -4.568834E-02    9.363898E-02
   -9.170281E-08   -2.749500E-05   -6.281530E-04    2.392596E-02   -5.027843E-02    9.168357E-02
   -9.443924E-08   -2.831537E-05   -6.468491E-04    2.385968E-02   -5.499183E-02    8.891080E-02
   -9.724390E-08   -2.915619E-05   -6.660095E-04    2.376776E-02   -5.982422E-02    8.535162E-02
   -1.001178E-07   -3.001775E-05   -6.856409E-04    2.364909E-02   -6.477100E-02    8.104778E-02
   -1.030619E-07   -3.090039E-05   -7.057505E-04    2.350256E-02   -6.982715E-02    7.605099E-02
   -1.060773E-07   -3.180437E-05   -7.263445E-04    2.332700E-02   -7.498700E-02    7.042234E-02
   -1.091646E-07   -3.272991E-05   -7.474276E-04    2.312122E-02   -8.024422E-02    6.423165E-02
   -1.123244E-07   -3.367717E-05   -7.690035E-04    2.288395E-02   -8.559177E-02    5.755683E-02
   -1.155570E-07   -3.464626E-05   -7.910743E-04    2.261393E-02   -9.102189E-02    5.048292E-02
   -1.188626E-07   -3.563723E-05   -8.136413E-04    2.230987E-02   -9.652609E-02    4.310119E-02
   -1.222419E-07   -3.665029E-05   -8.367089E-04    2.197056E-02   -1.020957E-01    3.550809E-02
   -1.256958E-07   -3.768570E-05   -8.602829E-04    2.159487E-02   -1.077217E-01    2.780362E-02
   -1.292249E-07   -3.874365E-05   -8.843679E-04    2.118161E-02   -1.133944E-01    2.008981E-02
   -1.328297E-07   -3.982429E-05   -9.089669E-04    2.072957E-02   -1.191033E-01    1.246925E-02
   -1.365105E-07   -4.092771E-05   -9.340816E-04    2.023754E-02   -1.248372E-01    5.043572E-03
   -1.402673E-07   -4.205392E-05   -9.597122E-04    1.970428E-02   -1.305843E-01   -2.088117E-03
   -1.441000E-07   -4.320288E-05   -9.858577E-04    1.912856E-02   -1.363321E-01   -8.830763E-03
   -1.480090E-07   -4.437468E-05   -1.012520E-03    1.850923E-02   -1.420679E-01   -1.509502E-02
   -1.519948E-07   -4.556951E-05   -1.039704E-03    1.784523E-02   -1.477789E-01   -2.079887E-02
   -1.560579E-07   -4.678749E-05   -1.067410E-03    1.713545E-02   -1.534518E-01   -2.586896E-02
   -1.601983E-07   -4.802869E-05   -1.095642E-03    1.637881E-02   -1.590726E-01   -3.024192E-02
   -1.644163E-07   -4.929308E-05   -1.124398E-03    1.557424E-02   -1.646269E-01   -3.386544E-02
   -1.687114E-07   -5.058062E-05   -1.153677E-03    1.472066E-02   -1.700995E-01   -3.669924E-02
   -1.730833E-07   -5.189115E-05   -1.183475E-03    1.381704E-02   -1.754749E-01   -3.871582E-02
   -1.775319E-07   -5.322468E-05   -1.213793E-03    1.286243E-02   -1.807378E-01   -3.990122E-02
   -1.820576E-07   -5.458130E-05   -1.244631E-03    1.185592E-02   -1.858728E-01   -4.025529E-02
   -1.866605E-07   -5.596105E-05   -1.275992E-03    1.079665E-02   -1.908646E-01   -3.979160E-02
   -1.913404E-07   -5.736391E-05   -1.307873E-03    9.683772E-03   -1.956974E-01   -3.853730E-02
   -1.960973E-07   -5.878980E-05   -1.340274E-03    8.516471E-03   -2.003549E-01   -3.653260E-02
   -2.009305E-07   -6.023858E-05   -1.373191E-03    7.293981E-03   -2.048211E-01   -3.383006E-02
   -2.058393E-07   -6.171002E-05   -1.406618E-03    6.015584E-03   -2.090795E-01   -3.049371E-02
   -2.108235E-07   -6.320404E-05   -1.440553E-03    4.680633E-03   -2.131142E-01   -2.659790E-02
   -2.158831E-07   -6.472063E-05   -1.474997E-03    3.288545E-03   -2.169100E-01   -2.222585E-02
   -2.210179E-07   -6.625977E-05   -1.509948E-03    1.838781E-03   -2.204516E-01   -1.746801E-02
   -2.262277E-07   -6.782138E-05   -1.545403E-03    3.308538E-04   -2.237241E-01   -1.242028E-02
   -2.315119E-07   -6.940530E-05   -1.581361E-03   -1.235667E-03   -2.267125E-01   -7.182190E-03
   -2.368700E-07   -7.101134E-05   -1.617815E-03   -2.861145E-03   -2.294024E-01   -1.854941E-03
   -2.423010E-07   -7.263923E-05   -1.654760E-03   -4.545873E-03   -2.317795E-01    3.460514E-03
   -2.478044E-07   -7.428878E-05   -1.692191E-03   -6.290075E-03   -2.338305E-01    8.665478E-03
   -2.533798E-07   -7.595995E-05   -1.730107E-03   -8.093921E-03   -2.355429E-01    1.366548E-02
   -2.590272E-07   -7.765265E-05   -1.768505E-03   -9.957515E-03   -2.369052E-01    1.837213E-02
   -2.647459E-07   -7.936673E-05   -1.807382E-03   -1.188089E-02   -2.379063E-01    2.270480E-02
   -2.705354E-07   -8.110201E-05   -1.846734E-03   -1.386402E-02   -2.385357E-01    2.659216E-02
   -2.763949E-07   -8.285826E-05   -1.886555E-03   -1.590677E-02   -2.387838E-01    2.997349E-02
   -2.823234E-07   -8.463518E-05   -1.926839E-03   -1.800894E-02   -2.386419E-01    3.279973E-02
   -2.883201E-07   -8.643254E-05   -1.967579E-03   -2.017025E-02   -2.381023E-01    3.503443E-02
   -2.943847E-07   -8.825023E-05   -2.008772E-03   -2.239038E-02   -2.371590E-01    3.665426E-02
   -3.005168E-07   -9.008812E-05   -2.050417E-03   -2.466894E-02   -2.358067E-01    3.764927E-02
   -3.067158E-07   -9.194607E-05   -2.092509E-03   -2.700544E-02   -2.340415E-01    3.802278E-02
   -3.129810E-07   -9.382385E-05   -2.135044E-03   -2.939934E-02   -2.318605E-01    3.779108E-02
   -3.193117E-07   -9.572121E-05   -2.178014E-03   -3.184999E-02   -2.292619E-01    3.698270E-02
   -3.257067E-07   -9.763787E-05   -2.221413E-03   -3.435662E-02   -2.262451E-01    3.563760E-02
   -3.321653E-07   -9.957355E-05   -2.265236E-03   -3.691843E-02   -2.228110E-01    3.380600E-02
   -3.386870E-07   -1.015281E-04   -2.309478E-03   -3.953457E-02   -2.189621E-01    3.154704E-02
   -3.452714E-07   -1.035015E-04   -2.354136E-03   -4.220412E-02   -2.147024E-01    2.892714E-02
   -3.519178E-07   -1.054934E-04   -2.399207E-03   -4.492607E-02   -2.100370E-01    2.601833E-02
   -3.586256E-07   -1.075037E-04   -2.444685E-03   -4.769932E-02   -2.049725E-01    2.289643E-02
   -3.653939E-07   -1.095322E-04   -2.490565E-03   -5.052269E-02   -1.995167E-01    1.963916E-02
   -3.722220E-07   -1.115785E-04   -2.536840E-03   -5.339489E-02   -1.936790E-01    1.632434E-02
   -3.791087E-07   -1.136424E-04   -2.583503E-03   -5.631456E-02   -1.874700E-01    1.302801E-02
   -3.860538E-07   -1.157237E-04   -2.630552E-03   -5.928034E-02   -1.809021E-01    9.822734E-03
   -3.930568E-07   -1.178224E-04   -2.677982E-03   -6.229077E-02   -1.739891E-01    6.775940E-03
   -4.001170E-07   -1.199382E-04   -2.725791E-03   -6.534435E-02   -1.667460E-01    3.948472E-03
   -4.072339E-07   -1.220710E-04   -2.773973E-03   -6.843946E-02   -1.591891E-01    1.393336E-03
   -4.144068E-07   -1.242205E-04   -2.822523E-03   -7.157439E-02   -1.513360E-01   -8.453238E-04
   -4.216348E-07   -1.263866E-04   -2.871436E-03   -7.474737E-02   -1.432056E-01   -2.733005E-03
   -4.289170E-07   -1.285688E-04   -2.920705E-03   -7.795654E-02   -1.348179E-01   -4.245363E-03
   -4.362532E-07   -1.307673E-04   -2.970328E-03   -8.120004E-02   -1.261944E-01   -5.368465E-03
   -4.436428E-07   -1.329817E-04   -3.020301E-03   -8.447595E-02   -1.173576E-01   -6.098761E-03
   -4.510855E-07   -1.352119E-04   -3.070620E-03   -8.778228E-02   -1.083309E-01   -6.442806E-03
   -4.585805E-07   -1.374579E-04   -3.121283E-03   -9.111696E-02   -9.913888E-02   -6.416724E-03
   -4.661274E-07   -1.397194E-04   -3.172284E-03   -9.447784E-02   -8.980674E-02   -6.045455E-03
   -4.737254E-07   -1.419962E-04   -3.223618E-03   -9.786271E-02   -8.036068E-02   -5.361802E-03
   -4.813739E-07   -1.442880E-04   -3.275281E-03   -1.012693E-01   -7.082762E-02   -4.405310E-03
   -4.890725E-07   -1.465949E-04   -3.327269E-03   -1.046952E-01   -6.123517E-02   -3.221012E-03
   -4.968208E-07   -1.489166E-04   -3.379581E-03   -1.081383E-01   -5.161148E-02   -1.858073E-03
   -5.046184E-07   -1.512531E-04   -3.432213E-03   -1.115961E-01   -4.198516E-02   -3.683742E-04
   -5.124650E-07   -1.536042E-04   -3.485161E-03   -1.150661E-01   -3.238513E-02    1.194906E-03
   -5.203600E-07   -1.559698E-04   -3.538423E-03   -1.185459E-01   -2.284060E-02    2.778700E-03
   -5.283028E-07   -1.583498E-04   -3.591995E-03   -1.220329E-01   -1.338092E-02    4.331403E-03
   -5.362930E-07   -1.607439E-04   -3.645872E-03   -1.255244E-01   -4.035483E-03    5.804134E-03
   -5.443303E-07   -1.631520E-04   -3.700052E-03   -1.290179E-01    5.166380E-03    7.151887E-03
   -5.524143E-07   -1.655742E-04   -3.754533E-03   -1.325107E-01    1.419552E-02    8.334548E-03
   -5.605448E-07   -1.680102E-04   -3.809312E-03   -1.360001E-01    2.302311E-02    9.317732E-03
   -5.687214E-07   -1.704600E-04   -3.864388E-03   -1.394834E-01    3.162072E-02    1.007347E-02
   -5.769439E-07   -1.729236E-04   -3.919758E-03   -1.429578E-01    3.996045E-02    1.058068E-02
   -5.852117E-07   -1.754007E-04   -3.975418E-03   -1.464205E-01    4.801503E-02    1.082551E-02
   -5.935246E-07   -1.778913E-04   -4.031366E-03   -1.498687E-01    5.575793E-02    1.080144E-02
   -6.018822E-07   -1.803952E-04   -4.087599E-03   -1.532996E-01    6.316350E-02    1.050925E-02
   -6.102843E-07   -1.829125E-04   -4.144117E-03   -1.567102E-01    7.020705E-02    9.956838E-03
   -6.187309E-07   -1.854430E-04   -4.200917E-03   -1.600977E-01    7.686500E-02    9.158808E-03
   -6.272216E-07   -1.879868E-04   -4.257998E-03   -1.634593E-01    8.311492E-02    8.136024E-03
   -6.357563E-07   -1.905436E-04   -4.315357E-03   -1.667920E-01    8.893567E-02    6.914987E-03
   -6.443345E-07   -1.931135E-04   -4.372994E-03   -1.700928E-01    9.430748E-02    5.527144E-03
   -6.529562E-07   -1.956964E-04   -4.430904E-03   -1.733588E-01    9.921204E-02    4.008109E-03
   -6.616210E-07   -1.982922E-04   -4.489088E-03   -1.765871E-01    1.036326E-01    2.396834E-03
   -6.703289E-07   -2.009008E-04   -4.547544E-03   -1.797748E-01    1.075541E-01    7.347467E-04
   -6.790798E-07   -2.035223E-04   -4.606270E-03   -1.829189E-01    1.109631E-01   -9.351468E-04
   -6.878735E-07   -2.061566E-04   -4.665266E-03   -1.860164E-01    1.138480E-01   -2.569155E-03
   -6.967099E-07   -2.088036E-04   -4.724531E-03   -1.890645E-01    1.161991E-01   -4.123796E-03
   -7.055888E-07   -2.114634E-04   -4.784062E-03   -1.920602E-01    1.180085E-01   -5.556664E-03
   -7.145100E-07   -2.141357E-04   -4.843859E-03   -1.950006E-01    1.192702E-01   -6.827290E-03
   -7.234734E-07   -2.168207E-04   -4.903920E-03   -1.978827E-01    1.199805E-01   -7.897943E-03
   -7.324790E-07   -2.195183E-04   -4.964244E-03   -2.007037E-01    1.201373E-01   -8.734415E-03
   -7.415267E-07   -2.222285E-04   -5.024832E-03   -2.034608E-01    1.197408E-01   -9.306735E-03
   -7.506165E-07   -2.249512E-04   -5.085682E-03   -2.061510E-01    1.187933E-01   -9.589850E-03
   -7.597483E-07   -2.276865E-04   -5.146793E-03   -2.087716E-01    1.172991E-01   -9.564228E-03
   -7.689219E-07   -2.304342E-04   -5.208164E-03   -2.113198E-01    1.152644E-01   -9.216407E-03
   -7.781373E-07   -2.331945E-04   -5.269795E-03   -2.137928E-01    1.126979E-01   -8.539457E-03
   -7.873944E-07   -2.359672E-04   -5.331685E-03   -2.161878E-01    1.096098E-01   -7.533363E-03
   -7.966932E-07   -2.387523E-04   -5.393833E-03   -2.185022E-01    1.060128E-01   -6.205297E-03
   -8.060338E-07   -2.415500E-04   -5.456239E-03   -2.207333E-01    1.019213E-01   -4.569791E-03
   -8.154160E-07   -2.443600E-04   -5.518902E-03   -2.228785E-01    9.735166E-02   -2.648774E-03
   -8.248400E-07   -2.471825E-04   -5.581823E-03   -2.249352E-01    9.232226E-02   -4.714787E-04
   -8.343056E-07   -2.500175E-04   -5.645000E-03   -2.269010E-01    8.685316E-02    1.925807E-03
   -8.438128E-07   -2.528648E-04   -5.708434E-03   -2.287733E-01    8.096622E-02    4.500156E-03
   -8.533615E-07   -2.557246E-04   -5.772122E-03   -2.305498E-01    7.468494E-02    7.202590E-03
   -8.629519E-07   -2.585968E-04   -5.836066E-03   -2.322280E-01    6.803442E-02    9.978846E-03
   -8.725840E-07   -2.614814E-04   -5.900266E-03   -2.338057E-01    6.104124E-02    1.277033E-02
   -8.822577E-07   -2.643785E-04   -5.964720E-03   -2.352807E-01    5.373333E-02    1.551525E-02
   -8.919732E-07   -2.672880E-04   -6.029430E-03   -2.366507E-01    4.613991E-02    1.814991E-02
   -9.017304E-07   -2.702100E-04   -6.094394E-03   -2.379137E-01    3.829135E-02    2.061014E-02
   -9.115292E-07   -2.731444E-04   -6.159612E-03   -2.390677E-01    3.021902E-02    2.283291E-02
   -9.213699E-07   -2.760913E-04   -6.225084E-03   -2.401106E-01    2.195520E-02    2.475798E-02
   -9.312523E-07   -2.790507E-04   -6.290811E-03   -2.410407E-01    1.353294E-02    2.632960E-02
   -9.411766E-07   -2.820225E-04   -6.356792E-03   -2.418561E-01    4.985887E-03    2.749828E-02
   -9.511428E-07   -2.850069E-04   -6.423026E-03   -2.425551E-01   -3.651806E-03    2.822243E-02
   -9.611510E-07   -2.880037E-04   -6.489515E-03   -2.431361E-01   -1.234567E-02    2.846996E-02
   -9.712012E-07   -2.910131E-04   -6.556258E-03   -2.435974E-01   -2.106105E-02    2.821970E-02
   -9.812934E-07   -2.940351E-04   -6.623256E-03   -2.439378E-01   -2.976325E-02    2.746256E-02
   -9.914278E-07   -2.970696E-04   -6.690507E-03   -2.441557E-01   -3.841772E-02    2.620247E-02
   -1.001604E-06   -3.001167E-04   -6.758012E-03   -2.442500E-01   -4.699015E-02    2.445691E-02
   -1.011823E-06   -3.031764E-04   -6.825771E-03   -2.442195E-01   -5.544667E-02    2.225713E-02
   -1.022084E-06   -3.062487E-04   -6.893785E-03   -2.440631E-01   -6.375400E-02    1.964790E-02
   -1.032388E-06   -3.093337E-04   -6.962053E-03   -2.437798E-01   -7.187957E-02    1.668685E-02
   -1.042734E-06   -3.124313E-04   -7.030576E-03   -2.433688E-01   -7.979169E-02    1.344331E-02
   -1.053122E-06   -3.155416E-04   -7.099354E-03   -2.428292E-01   -8.745971E-02    9.996780E-03
   -1.063554E-06   -3.186647E-04   -7.168386E-03   -2.421606E-01   -9.485410E-02    6.434877E-03
   -1.074028E-06   -3.218005E-04   -7.237673E-03   -2.413623E-01   -1.019467E-01    2.851006E-03
   -1.084544E-06   -3.249490E-04   -7.307216E-03   -2.404338E-01   -1.087106E-01   -6.583590E-04
   -1.095104E-06   -3.281103E-04   -7.377014E-03   -2.393750E-01   -1.151208E-01   -3.996614E-03
   -1.105707E-06   -3.312845E-04   -7.447068E-03   -2.381856E-01   -1.211535E-01   -7.070116E-03
   -1.116352E-06   -3.344715E-04   -7.517377E-03   -2.368655E-01   -1.267871E-01   -9.791328E-03
   -1.127041E-06   -3.376714E-04   -7.587943E-03   -2.354147E-01   -1.320017E-01   -1.208189E-02
   -1.137774E-06   -3.408842E-04   -7.658765E-03   -2.338335E-01   -1.367793E-01   -1.387554E-02
   -1.148549E-06   -3.441099E-04   -7.729843E-03   -2.321220E-01   -1.411041E-01   -1.512068E-02
   -1.159368E-06   -3.473486E-04   -7.801179E-03   -2.302808E-01   -1.449624E-01   -1.578257E-02
   -1.170231E-06   -3.506002E-04   -7.872771E-03   -2.283103E-01   -1.483427E-01   -1.584504E-02
   -1.181138E-06   -3.538649E-04   -7.944621E-03   -2.262112E-01   -1.512358E-01   -1.531151E-02
   -1.192088E-06   -3.571427E-04   -8.016729E-03   -2.239843E-01   -1.536346E-01   -1.420539E-02
   -1.203082E-06   -3.604335E-04   -8.089094E-03   -2.216305E-01   -1.555347E-01   -1.256976E-02
   -1.214120E-06   -3.637375E-04   -8.161718E-03   -2.191507E-01   -1.569336E-01   -1.046630E-02
   -1.225202E-06   -3.670546E-04   -8.234601E-03   -2.165463E-01   -1.578316E-01   -7.973464E-03
   -1.236329E-06   -3.703849E-04   -8.307742E-03   -2.138185E-01   -1.582311E-01   -5.183969E-03
   -1.247500E-06   -3.737284E-04   -8.381143E-03   -2.109686E-01   -1.581368E-01   -2.201677E-03
   -1.258715E-06   -3.770851E-04   -8.454803E-03   -2.079983E-01   -1.575560E-01    8.620787E-04
   -1.269975E-06   -3.804552E-04   -8.528723E-03   -2.049093E-01   -1.564979E-01    3.892568E-03
   -1.281280E-06   -3.838386E-04   -8.602904E-03   -2.017032E-01   -1.549742E-01    6.775989E-03
   -1.292630E-06   -3.872353E-04   -8.677345E-03   -1.983822E-01   -1.529986E-01    9.403889E-03
   -1.304024E-06   -3.906455E-04   -8.752047E-03   -1.949481E-01   -1.505871E-01    1.167751E-02
   -1.315464E-06   -3.940691E-04   -8.827011E-03   -1.914033E-01   -1.477575E-01    1.351185E-02
   -1.326949E-06   -3.975061E-04   -8.902236E-03   -1.877501E-01   -1.445295E-01    1.483932E-02
   -1.338479E-06   -4.009567E-04   -8.977724E-03   -1.839908E-01   -1.409247E-01    1.561277E-02
   -1.350055E-06   -4.044208E-04   -9.053474E-03   -1.801281E-01   -1.369664E-01    1.580773E-02
   -1.361677E-06   -4.078985E-04   -9.129486E-03   -1.761646E-01   -1.326793E-01    1.542386E-02
   -1.373344E-06   -4.113898E-04   -9.205762E-03   -1.721031E-01   -1.280896E-01    1.448536E-02
   -1.385057E-06   -4.148948E-04   -9.282302E-03   -1.679467E-01   -1.232250E-01    1.304042E-02
   -1.396816E-06   -4.184135E-04   -9.359106E-03   -1.636983E-01   -1.181139E-01    1.115959E-02
   -1.408621E-06   -4.219459E-04   -9.436174E-03   -1.593610E-01   -1.127860E-01    8.933211E-03
   -1.420473E-06   -4.254921E-04   -9.513507E-03   -1.549383E-01   -1.072717E-01    6.467960E-03
   -1.432371E-06   -4.290521E-04   -9.591106E-03   -1.504335E-01   -1.016021E-01    3.882528E-03
   -1.444315E-06   -4.326260E-04   -9.668970E-03   -1.458500E-01   -9.580870E-02    1.302754E-03
   -1.456307E-06   -4.362138E-04   -9.747100E-03   -1.411916E-01   -8.992339E-02   -1.143708E-03
   -1.468345E-06   -4.398155E-04   -9.825497E-03   -1.364619E-01   -8.397813E-02   -3.332930E-03
   -1.480430E-06   -4.434312E-04   -9.904161E-03   -1.316647E-01   -7.800488E-02   -5.150212E-03
   -1.602355E-06   -4.799056E-04   -1.069559E-02   -8.153518E-02   -2.394156E-02    7.032751E-03
   -1.729023E-06   -5.177908E-04   -1.151352E-02   -2.948502E-02    5.141208E-03    2.584035E-02
   -1.860587E-06   -5.571312E-04   -1.235839E-02    1.975294E-02    1.037323E-04   -9.125691E-03
   -1.997206E-06   -5.979737E-04   -1.323063E-02    6.139915E-02   -2.885844E-02   -9.453904E-03
   -2.139050E-06   -6.403675E-04   -1.413069E-02    9.118755E-02   -5.955836E-02    1.596164E-02
   -2.286294E-06   -6.843638E-04   -1.505900E-02    1.059374E-01   -7.155148E-02    3.014054E-03
   -2.439123E-06   -7.300160E-04   -1.601599E-02    1.040572E-01   -5.770926E-02    5.849277E-03
   -2.597727E-06   -7.773797E-04   -1.700205E-02    8.589485E-02   -2.665705E-02    1.203060E-02
   -2.762304E-06   -8.265124E-04   -1.801759E-02    5.385508E-02    4.447348E-03   -7.704346E-03
   -2.933061E-06   -8.774740E-04   -1.906297E-02    1.222720E-02    2.067406E-02   -2.405163E-03
   -3.110213E-06   -9.303263E-04   -2.013852E-02   -3.329459E-02    1.598139E-02    1.912778E-02
   -3.293979E-06   -9.851333E-04   -2.124456E-02   -7.636651E-02   -7.026643E-03   -8.728050E-04
   -3.484590E-06   -1.041961E-03   -2.238135E-02   -1.109375E-01   -4.056570E-02    4.727986E-03
   -3.682284E-06   -1.100878E-03   -2.354913E-02   -1.322383E-01   -7.333000E-02    2.246177E-03
   -3.887307E-06   -1.161956E-03   -2.474807E-02   -1.376413E-01   -9.074081E-02   -6.354862E-03
   -4.099912E-06   -1.225266E-03   -2.597832E-02   -1.272109E-01   -7.960383E-02    2.178754E-02
   -4.320364E-06   -1.290885E-03   -2.723993E-02   -1.037945E-01   -3.950638E-02   -6.018416E-03
   -4.548935E-06   -1.358890E-03   -2.853294E-02   -7.257567E-02    8.397575E-03    4.884558E-03
   -4.785905E-06   -1.429361E-03   -2.985728E-02   -4.012030E-02    3.035982E-02   -5.712883E-04
   -5.031567E-06   -1.502382E-03   -3.121283E-02   -1.306061E-02    8.185206E-03    5.890756E-03
   -5.286220E-06   -1.578037E-03   -3.259937E-02    3.324115E-03   -3.749114E-02    1.087760E-02
   -5.550175E-06   -1.656415E-03   -3.401661E-02    6.310067E-03   -5.976261E-02   -8.491601E-03
   -5.823753E-06   -1.737606E-03   -3.546417E-02   -3.600063E-03   -3.264893E-02    9.229963E-03
   -6.107286E-06   -1.821704E-03   -3.694154E-02   -2.275892E-02    1.412376E-02   -7.259274E-04
   -6.401116E-06   -1.908805E-03   -3.844812E-02   -4.525877E-02    2.100873E-02    1.285124E-02
   -6.705598E-06   -1.999008E-03   -3.998321E-02   -6.445089E-02   -3.124865E-02   -1.018757E-02
   -7.021096E-06   -2.092415E-03   -4.154594E-02   -7.472860E-02   -8.855884E-02    1.142280E-02
   -7.347988E-06   -2.189131E-03   -4.313536E-02   -7.307872E-02   -8.063208E-02   -6.131424E-04
   -7.686663E-06   -2.289265E-03   -4.475033E-02   -5.992151E-02   -9.686788E-03    8.197931E-03
   -8.037524E-06   -2.392928E-03   -4.638958E-02   -3.893591E-02    4.496257E-02   -6.575314E-03
   -8.400987E-06   -2.500235E-03   -4.805168E-02   -1.587462E-02    2.461894E-02    1.123038E-02
   -8.777481E-06   -2.611304E-03   -4.973504E-02    3.276694E-03   -3.393033E-02   -1.118216E-03
   -9.167447E-06   -2.726256E-03   -5.143785E-02    1.417604E-02   -5.242875E-02    5.120667E-03
   -9.571345E-06   -2.845216E-03   -5.315816E-02    1.535928E-02   -1.955178E-02   -3.866325E-03
   -9.989646E-06   -2.968312E-03   -5.489377E-02    8.363003E-03    3.484139E-03    1.294836E-02
   -1.042284E-05   -3.095677E-03   -5.664232E-02   -3.296842E-03   -1.821875E-02   -5.413389E-03
   -1.087142E-05   -3.227446E-03   -5.840119E-02   -1.582171E-02   -4.672063E-02    2.503681E-03
   -1.133592E-05   -3.363759E-03   -6.016755E-02   -2.669442E-02   -3.863469E-02    9.319672E-03
   -1.181687E-05   -3.504759E-03   -6.193831E-02   -3.532755E-02   -5.110038E-03   -5.646462E-03
   -1.231483E-05   -3.650595E-03   -6.371014E-02   -4.246174E-02    1.694855E-02    7.626709E-03
   -1.283036E-05   -3.801416E-03   -6.547946E-02   -4.868606E-02    8.530807E-03    3.427624E-04
   -1.336405E-05   -3.957379E-03   -6.724239E-02   -5.306018E-02   -2.442250E-02    2.448635E-04
   -1.391652E-05   -4.118644E-03   -6.899480E-02   -5.292385E-02   -4.745883E-02    8.815110E-03
   -1.448840E-05   -4.285375E-03   -7.073226E-02   -4.538059E-02   -2.626027E-02   -3.597830E-03
   -1.508033E-05   -4.457739E-03   -7.245003E-02   -2.983496E-02    5.603104E-03    3.165389E-04
   -1.569299E-05   -4.635910E-03   -7.414307E-02   -9.957393E-03   -1.209147E-02    9.328280E-03
   -1.632706E-05   -4.820066E-03   -7.580606E-02    6.699100E-03   -3.781426E-02   -3.359096E-03
   -1.698326E-05   -5.010388E-03   -7.743331E-02    1.208460E-02    3.276453E-05    2.640153E-03
   -1.766233E-05   -5.207063E-03   -7.901887E-02    2.671864E-03    2.899134E-02    8.476933E-03
   -1.836504E-05   -5.410282E-03   -8.055642E-02   -1.698917E-02   -2.729831E-02   -5.039580E-03
   -1.909215E-05   -5.620241E-03   -8.203934E-02   -3.528036E-02   -5.888281E-02   -1.420928E-04
   -1.984450E-05   -5.837142E-03   -8.346068E-02   -3.980068E-02   -2.912368E-03    3.531914E-03
   -2.062292E-05   -6.061190E-03   -8.481317E-02   -2.585547E-02    1.310294E-02    5.998897E-03
   -2.142826E-05   -6.292596E-03   -8.608925E-02   -1.400160E-03   -2.634578E-02    2.133016E-04
   -2.226143E-05   -6.531577E-03   -8.728102E-02    1.630704E-02   -1.137545E-02   -2.725533E-03
   -2.312335E-05   -6.778354E-03   -8.838031E-02    1.192071E-02    1.136214E-02    6.426237E-03
   -2.401496E-05   -7.033152E-03   -8.937867E-02   -1.578395E-02   -2.122468E-02    4.916050E-03
   -2.493725E-05   -7.296203E-03   -9.026736E-02   -5.027044E-02   -3.589970E-02    7.192623E-03
   -2.589124E-05   -7.567744E-03   -9.103745E-02   -6.708471E-02   -8.734773E-03   -2.210771E-03
   -2.687797E-05   -7.848016E-03   -9.167977E-02   -5.190976E-02    1.054439E-02    7.280953E-04
   -2.789853E-05   -8.137267E-03   -9.218495E-02   -1.327326E-02   -8.627304E-03   -2.069368E-03
   -2.895403E-05   -8.435749E-03   -9.254352E-02    2.189944E-02   -2.310157E-02    5.238260E-03
   -3.004561E-05   -8.743720E-03   -9.274586E-02    2.875945E-02    1.570034E-03    3.243543E-03
   -3.117448E-05   -9.061442E-03   -9.278233E-02    5.146720E-03   -2.131521E-02    7.769366E-03
   -3.234187E-05   -9.389184E-03   -9.264327E-02   -2.626024E-02   -2.674081E-02    2.541581E-03
   -3.354903E-05   -9.727219E-03   -9.231907E-02   -3.803406E-02    2.626475E-02    5.267441E-03
   -3.479727E-05   -1.007582E-02   -9.180025E-02   -2.299483E-02   -1.675889E-02   -1.251307E-05
   -3.608796E-05   -1.043528E-02   -9.107752E-02   -5.037382E-05   -2.533400E-02    3.854130E-03
   -3.742249E-05   -1.080589E-02   -9.014186E-02    5.748869E-03    5.707830E-03    6.871824E-04
   -3.880229E-05   -1.118792E-02   -8.898463E-02   -1.100003E-02   -2.691400E-02    2.796435E-03
   -4.022886E-05   -1.158169E-02   -8.759763E-02   -3.166495E-02    3.878837E-03    1.051355E-03
   -4.170373E-05   -1.198750E-02   -8.597322E-02   -3.501103E-02    3.759991E-03    4.578788E-04
   -4.322848E-05   -1.240565E-02   -8.410445E-02   -1.962832E-02   -2.507143E-02    4.996427E-03
   -4.480476E-05   -1.283645E-02   -8.198514E-02   -1.950865E-03   -1.033571E-02    2.614831E-03
   -4.643425E-05   -1.328022E-02   -7.961004E-02    4.823914E-03    6.379323E-04    5.081848E-03
   -4.811871E-05   -1.373728E-02   -7.697493E-02    2.363036E-03   -1.434445E-02    4.099174E-03
   -4.985992E-05   -1.420795E-02   -7.407678E-02   -2.931124E-03    8.874708E-03    1.949242E-03
   -5.165976E-05   -1.469256E-02   -7.091390E-02   -1.118932E-02   -2.798548E-02    1.041849E-03
   -5.352014E-05   -1.519142E-02   -6.748608E-02   -2.198363E-02   -3.255932E-03   -2.198268E-03
   -5.544304E-05   -1.570488E-02   -6.379472E-02   -2.485259E-02    1.416759E-03   -1.475572E-03
   -5.743052E-05   -1.623327E-02   -5.984303E-02   -1.250365E-02   -1.254699E-02    3.897913E-03
   -5.948469E-05   -1.677692E-02   -5.563617E-02    5.101186E-04   -1.233746E-03    3.744216E-03
   -6.160773E-05   -1.733616E-02   -5.118137E-02   -6.184429E-03   -2.265620E-02   -8.309598E-04
   -6.380190E-05   -1.791134E-02   -4.648813E-02   -2.243910E-02    1.027770E-02    1.941734E-04
   -6.606951E-05   -1.850278E-02   -4.156836E-02   -1.626682E-02   -1.188569E-02    1.884978E-03
   -6.841298E-05   -1.911083E-02   -3.643649E-02    1.077221E-02   -7.665881E-03    2.117926E-03
   -7.083478E-05   -1.973581E-02   -3.110962E-02    1.504648E-02   -1.013399E-02   -1.033733E-03
   -7.333747E-05   -2.037806E-02   -2.560763E-02   -1.769930E-02    1.103997E-04    1.607882E-03
   -7.592370E-05   -2.103791E-02   -1.995327E-02   -3.847496E-02   -6.138963E-03    4.193402E-03
   -7.859620E-05   -2.171567E-02   -1.417222E-02   -1.445532E-02   -9.785987E-03   -2.863583E-03
   -8.135778E-05   -2.241167E-02   -8.293161E-03    1.101854E-02   -9.163617E-03    1.259142E-03
   -8.421135E-05   -2.312622E-02   -2.347747E-03   -3.376323E-03    6.867408E-03    1.661682E-03
   -8.715992E-05   -2.385963E-02    3.629382E-03   -2.151393E-02   -1.835388E-02    2.248660E-03
   -9.020659E-05   -2.461220E-02    9.600693E-03   -5.311827E-03   -8.384651E-04    1.721632E-03
   -9.335456E-05   -2.538420E-02    1.552586E-02    9.934087E-03   -5.252920E-03   -9.980576E-04
   -9.660713E-05   -2.617592E-02    2.136196E-02   -7.247430E-03   -1.719250E-03    2.654659E-04
   -9.996772E-05   -2.698763E-02    2.706366E-02   -2.288944E-02   -1.730384E-02    4.988438E-04
   -1.034398E-04   -2.781956E-02    3.258352E-02   -1.417625E-02    1.152830E-02    2.788815E-04
   -1.070271E-04   -2.867196E-02    3.787238E-02   -3.721432E-03   -1.842889E-02    3.681235E-03
   -1.107334E-04   -2.954504E-02    4.287974E-02    3.056702E-05   -1.259255E-03    1.350151E-04
   -1.145624E-04   -3.043899E-02    4.755431E-02   -9.589009E-04    2.628585E-04    3.048901E-03
   -1.185182E-04   -3.135399E-02    5.184455E-02   -1.072788E-02   -1.155991E-02    3.456281E-03
   -1.226050E-04   -3.229019E-02    5.569936E-02   -9.103728E-03   -2.105424E-03    3.286854E-04
   -1.268269E-04   -3.324771E-02    5.906877E-02   -1.466095E-05   -6.813041E-03    1.698599E-03
   -1.311885E-04   -3.422664E-02    6.190484E-02   -1.565109E-02    2.118254E-03    3.829423E-03
   -1.356941E-04   -3.522705E-02    6.416244E-02   -1.708327E-02   -8.608858E-03    2.515714E-03
   -1.403486E-04   -3.624896E-02    6.580026E-02    1.275566E-02   -1.127797E-02    1.261786E-04
   -1.451568E-04   -3.729237E-02    6.678182E-02    6.475789E-04    3.237459E-03   -3.113762E-04
   -1.501236E-04   -3.835722E-02    6.707645E-02   -2.246499E-02   -8.591622E-04    9.674562E-04
   -1.552542E-04   -3.944342E-02    6.666044E-02    3.995938E-04   -8.815703E-03    1.541080E-03
   -1.605539E-04   -4.055083E-02    6.551805E-02   -3.811536E-03   -5.095509E-03    1.239718E-03
   -1.660282E-04   -4.167925E-02    6.364260E-02   -1.826604E-02   -3.260282E-04    1.614092E-03
   -1.716828E-04   -4.282844E-02    6.103750E-02    5.445260E-03   -1.390753E-02    6.020514E-04
   -1.775235E-04   -4.399808E-02    5.771713E-02    1.419671E-03   -3.663472E-03    4.434283E-04
   -1.835563E-04   -4.518782E-02    5.370777E-02   -1.274965E-02    1.074086E-02    5.928757E-04
   -1.897875E-04   -4.639721E-02    4.904819E-02   -8.324367E-03   -5.299905E-03    5.277864E-04
   -1.962234E-04   -4.762574E-02    4.379021E-02   -4.359145E-03   -6.189943E-03   -4.551144E-04
   -2.028708E-04   -4.887282E-02    3.799894E-02   -2.502284E-03   -6.437117E-03   -4.262734E-04
   -2.097363E-04   -5.013779E-02    3.175282E-02   -6.713794E-03    4.918895E-03    5.071767E-04
   -2.168271E-04   -5.141990E-02    2.514326E-02    4.117877E-03   -1.699193E-03    2.322470E-03
   -2.241503E-04   -5.271828E-02    1.827404E-02   -1.456371E-02   -1.028537E-02    5.563402E-04
   -2.317136E-04   -5.403201E-02    1.126017E-02   -8.591122E-03   -1.140321E-02   -7.387380E-04
   -2.395245E-04   -5.536002E-02    4.226502E-03    7.417615E-03   -8.996867E-03    1.843091E-03
   -2.475910E-04   -5.670116E-02   -2.694245E-03   -1.390050E-02    1.502761E-03   -2.809806E-04
   -2.559214E-04   -5.805416E-02   -9.363835E-03    5.887219E-03    5.665608E-04    1.364915E-04
   -2.645240E-04   -5.941762E-02   -1.564134E-02   -1.397594E-02    4.011826E-03    5.613072E-04
   -2.734076E-04   -6.079001E-02   -2.138641E-02   -4.310818E-03   -3.351344E-03    4.380963E-04
   -2.825810E-04   -6.216968E-02   -2.646290E-02    1.963079E-03   -1.926708E-03   -4.876152E-04
   -2.920536E-04   -6.355483E-02   -3.074288E-02   -5.618482E-03   -7.498417E-03    1.636173E-03
   -3.018348E-04   -6.494351E-02   -3.411087E-02   -5.521106E-03   -6.298598E-03   -1.063043E-03
   -3.119343E-04   -6.633363E-02   -3.646821E-02   -4.181045E-03   -1.000187E-02    1.458402E-03
   -3.223622E-04   -6.772292E-02   -3.773744E-02   -6.935886E-03   -1.098682E-02    1.415934E-03
   -3.331288E-04   -6.910897E-02   -3.786657E-02    6.823264E-03   -8.647431E-03   -3.775036E-04
   -3.442447E-04   -7.048918E-02   -3.683292E-02   -1.559484E-02   -8.733970E-03   -8.016875E-05
   -3.557208E-04   -7.186077E-02   -3.464653E-02    4.430273E-03   -2.713242E-03   -6.331747E-04
   -3.675683E-04   -7.322079E-02   -3.135270E-02   -1.187638E-02   -1.081621E-02    1.499296E-03
   -3.797986E-04   -7.456609E-02   -2.703365E-02    8.073952E-03   -8.525982E-03    1.020723E-03
   -3.924236E-04   -7.589333E-02   -2.180891E-02   -1.333621E-02   -7.961130E-03    1.009294E-03
   -4.054552E-04   -7.719897E-02   -1.583431E-02    3.181166E-04   -5.777307E-03    1.350377E-03
   -4.189059E-04   -7.847927E-02   -9.299422E-03   -3.661869E-03   -3.335336E-03    1.029164E-03
   -4.327882E-04   -7.973030E-02   -2.423284E-03   -1.963647E-03   -2.642669E-03   -2.690865E-04
   -4.471151E-04   -8.094789E-02    4.551656E-03   -4.137069E-03    5.048785E-03   -9.109403E-04
   -4.618997E-04   -8.212769E-02    1.136734E-02   -5.474961E-03    1.320554E-03    3.775777E-04
   -4.771554E-04   -8.326513E-02    1.775953E-02    5.850604E-04   -3.246671E-03    1.788379E-03
   -4.928960E-04   -8.435544E-02    2.346864E-02   -2.144843E-03   -6.305871E-03    3.765374E-04
   -5.091352E-04   -8.539364E-02    2.825165E-02   -1.033557E-02   -4.153433E-03    5.672462E-04
   -5.258873E-04   -8.637456E-02    3.189459E-02    6.791127E-03   -1.007592E-03    1.354857E-03
   -5.431666E-04   -8.729282E-02    3.422502E-02   -8.680102E-03    1.542196E-03    1.622883E-05
   -5.609873E-04   -8.814287E-02    3.512380E-02   -1.941352E-03   -2.212059E-03    8.370936E-04
   -5.793642E-04   -8.891899E-02    3.453539E-02   -2.531306E-03   -6.411868E-03    4.258309E-04
   -5.983118E-04   -8.961527E-02    3.247580E-02    1.214823E-03   -4.714085E-04    2.087605E-04
   -6.178449E-04   -9.022570E-02    2.903738E-02   -9.783423E-03    1.426873E-03    1.357867E-03
   -6.379779E-04   -9.074410E-02    2.438980E-02    1.754562E-03   -6.106319E-03    1.496818E-03
   -6.587256E-04   -9.116421E-02    1.877639E-02    1.989550E-03    1.921267E-03   -1.294155E-04
   -6.801023E-04   -9.147968E-02    1.250560E-02   -1.198269E-02   -4.243656E-03   -8.353683E-04
   -7.021222E-04   -9.168412E-02    5.937421E-03    3.421685E-03   -4.733365E-03   -5.296232E-04
   -7.247990E-04   -9.177111E-02   -5.350115E-04   -6.217434E-04    4.409824E-03    8.349703E-06
   -7.481463E-04   -9.173425E-02   -6.508001E-03   -5.334359E-03   -3.484515E-03   -2.051697E-04
   -7.721769E-04   -9.156719E-02   -1.159290E-02    5.818435E-04    1.456606E-04   -9.349915E-04
   -7.969030E-04   -9.126371E-02   -1.544327E-02   -6.681932E-03   -8.479191E-03    5.807373E-05
   -8.223360E-04   -9.081771E-02   -1.778170E-02    2.084673E-04    1.652370E-03    1.058344E-03
   -8.484863E-04   -9.022330E-02   -1.842407E-02    5.211894E-03   -2.841351E-03    4.125025E-04
   -8.753633E-04   -8.947486E-02   -1.729896E-02   -8.281317E-03    5.060640E-03    2.277303E-04
   -9.029748E-04   -8.856708E-02   -1.446001E-02   -3.554040E-03   -3.343189E-03    3.833505E-04
   -9.313275E-04   -8.749504E-02   -1.008929E-02    1.742435E-03    9.942241E-04    5.201168E-04
   -9.604260E-04   -8.625425E-02   -4.490230E-03   -4.521072E-03   -3.975391E-03    1.188782E-04
   -9.902732E-04   -8.484074E-02    1.930201E-03    1.656099E-03   -5.310911E-03    4.799303E-04
   -1.020870E-03   -8.325114E-02    8.689954E-03    3.038977E-03   -8.710162E-04    7.016106E-04
   -1.052213E-03   -8.148271E-02    1.526917E-02   -1.273092E-03   -6.746554E-03   -4.586969E-04
   -1.084300E-03   -7.953344E-02    2.115373E-02   -5.584590E-03   -3.599536E-03    1.107314E-03
   -1.117121E-03   -7.740209E-02    2.588128E-02   -3.753873E-03   -1.960034E-04    6.248396E-04
   -1.150667E-03   -7.508828E-02    2.908550E-02    2.695873E-03   -4.989069E-03   -1.171614E-04
   -1.184923E-03   -7.259251E-02    3.053369E-02   -3.498430E-03   -3.751465E-03    4.757223E-05
   -1.219871E-03   -6.991624E-02    3.015339E-02   -1.440840E-03    1.437050E-03    1.470126E-04
   -1.255489E-03   -6.706191E-02    2.804425E-02    2.465047E-03    1.717750E-04    3.994853E-04
   -1.291751E-03   -6.403296E-02    2.447285E-02    5.253358E-03   -2.538781E-03    1.003776E-03
   -1.328625E-03   -6.083385E-02    1.985015E-02    3.174416E-03    3.180755E-04    1.426586E-03
   -1.366078E-03   -5.747008E-02    1.469283E-02   -2.434651E-03    3.881726E-03    1.339896E-03
   -1.404067E-03   -5.394813E-02    9.572524E-03    2.430628E-03    1.875580E-03    1.010646E-03
   -1.442551E-03   -5.027548E-02    5.058005E-03    2.302618E-03   -2.662714E-03    8.510717E-04
   -1.481478E-03   -4.646049E-02    1.657027E-03    3.268446E-03   -3.098284E-03    9.867303E-04
   -1.520796E-03   -4.251241E-02   -2.354949E-04   -2.895079E-03    8.202710E-04    1.230603E-03
   -1.560446E-03   -3.844122E-02   -3.767112E-04   -2.168784E-03    3.416718E-03    1.311071E-03
   -1.600367E-03   -3.425759E-02    1.302199E-03    1.585457E-03    1.564367E-03    1.106742E-03
   -1.640492E-03   -2.997274E-02    4.693815E-03    2.700926E-03   -1.213792E-03    7.495231E-04
   -1.680753E-03   -2.559829E-02    9.531939E-03    2.423236E-03   -4.303391E-04    5.473853E-04
   -1.721078E-03   -2.114618E-02    1.542608E-02   -1.613575E-03    2.183275E-03    7.356367E-04
   -1.761394E-03   -1.662850E-02    2.190816E-02    4.524110E-03    1.437660E-03    1.189959E-03
   -1.801624E-03   -1.205734E-02    2.848534E-02    6.518957E-03   -1.567977E-03    1.435193E-03
   -1.841693E-03   -7.444697E-03    3.469211E-02    7.875313E-03   -1.293169E-04    1.189263E-03
   -1.881525E-03   -2.802292E-03    4.013577E-02    4.244592E-03    4.345142E-03    8.163468E-04
   -1.921043E-03    1.858508E-03    4.453022E-02    5.217262E-03    3.282214E-03    6.386477E-04
   -1.960175E-03    6.526814E-03    4.771540E-02    9.647061E-03    1.077814E-03    5.443338E-04
   -1.998848E-03    1.119230E-02    4.966138E-02    4.576991E-03    5.386367E-03    1.088226E-03
   -2.036993E-03    1.584530E-02    5.045844E-02    3.654489E-03    4.648427E-03    1.064578E-03
   -2.074544E-03    2.047683E-02    5.029592E-02    6.099957E-03    1.889759E-03    7.383207E-04
   -2.111441E-03    2.507866E-02    4.943359E-02    1.012328E-02    5.509106E-03    1.169695E-03
   -2.147625E-03    2.964332E-02    4.816976E-02    9.130699E-03    2.443557E-04    1.180094E-03
   -2.183046E-03    3.416412E-02    4.680988E-02    8.541990E-03    2.711325E-03    7.947779E-04
   -2.217654E-03    3.863512E-02    4.563906E-02    1.189588E-02    6.572647E-04    1.249694E-03
