   0.000000E+000
   0.000000E+000
   0.000000E+000
   0.000000E+000
   0.000000E+000
  -2.379672E-004
  -2.679768E-004
  -2.018423E-004
  -1.292007E-004
  -6.331201E-005
   1.324896E-005
   9.789585E-005
   1.684246E-004
   2.239349E-004
   2.210766E-004
   2.695879E-004
   2.987348E-004
   2.646129E-004
   2.184910E-004
   1.616049E-004
   1.321002E-004
   1.180897E-004
   1.076860E-004
   8.900195E-005
   1.038659E-004
   1.021835E-004
   8.757603E-005
   6.366480E-005
   3.407103E-005
   2.415974E-006
  -2.767911E-005
  -5.259296E-005
  -6.870434E-005
  -7.239197E-005
  -1.071818E-004
  -1.290145E-004
  -1.409779E-004
  -1.461599E-004
  -1.476482E-004
  -1.485309E-004
  -1.518957E-004
  -1.608305E-004
  -1.784231E-004
  -2.077614E-004
  -1.944080E-004
  -1.930203E-004
  -2.007302E-004
  -2.146698E-004
  -2.319712E-004
  -2.497665E-004
  -2.651877E-004
  -2.753669E-004
  -2.774361E-004
  -2.685275E-004
  -2.830761E-004
  -2.864574E-004
  -2.813497E-004
  -2.704316E-004
  -2.563815E-004
  -2.418778E-004
  -2.295990E-004
  -2.222235E-004
  -2.224298E-004
  -2.328964E-004
  -2.032224E-004
  -1.840341E-004
  -1.728790E-004
  -1.673040E-004
  -1.648563E-004
  -1.630832E-004
  -1.595318E-004
  -1.517492E-004
  -1.372827E-004
  -1.136793E-004
  -1.158328E-004
  -1.084573E-004
  -9.361351E-005
  -7.336200E-005
  -4.976347E-005
  -2.487858E-005
  -7.679743E-007
   2.050767E-005
   3.688771E-005
   4.631148E-005
   7.697535E-005
   1.000917E-004
   1.171298E-004
   1.295591E-004
   1.388489E-004
   1.464686E-004
   1.538877E-004
   1.625753E-004
   1.740010E-004
   1.896341E-004
   1.850399E-004
   1.853086E-004
   1.896260E-004
   1.971783E-004
   2.071514E-004
   2.187314E-004
   2.311043E-004
   2.434561E-004
   2.549728E-004
   2.648405E-004
   2.753061E-004
   2.834882E-004
   2.895663E-004
   2.937200E-004
   2.961288E-004
   2.969722E-004
   2.964297E-004
   2.946809E-004
   2.919052E-004
   2.882823E-004
   2.839915E-004
   2.792125E-004
   2.741248E-004
   2.689079E-004
   2.637413E-004
   2.588045E-004
   2.542770E-004
   2.503385E-004
   2.471684E-004
   2.449462E-004
   2.334686E-004
   2.230490E-004
   2.136177E-004
   2.051053E-004
   1.974421E-004
   1.905586E-004
   1.843853E-004
   1.788526E-004
   1.738911E-004
   1.694310E-004
   1.654030E-004
   1.617373E-004
   1.583646E-004
   1.552153E-004
   1.522197E-004
   1.493084E-004
   1.464118E-004
   1.434604E-004
   1.403846E-004
   1.371149E-004
   1.285636E-004
   1.197970E-004
   1.108633E-004
   1.018105E-004
   9.268697E-005
   8.354073E-005
   7.441998E-005
   6.537288E-005
   5.644759E-005
   4.769227E-005
   3.915508E-005
   3.088418E-005
   2.292772E-005
   1.533388E-005
   8.150802E-006
   1.426657E-006
  -4.790400E-006
  -1.045221E-005
  -1.551061E-005
  -1.991743E-005
  -2.808684E-005
  -3.564630E-005
  -4.268557E-005
  -4.929443E-005
  -5.556266E-005
  -6.158002E-005
  -6.743629E-005
  -7.322125E-005
  -7.902466E-005
  -8.493630E-005
  -9.104595E-005
  -9.744337E-005
  -1.042183E-004
  -1.114606E-004
  -1.192600E-004
  -1.277063E-004
  -1.368892E-004
  -1.468985E-004
  -1.578240E-004
  -1.697555E-004
  -1.688496E-004
  -1.689633E-004
  -1.700206E-004
  -1.719452E-004
  -1.746611E-004
  -1.780922E-004
  -1.821624E-004
  -1.867955E-004
  -1.919154E-004
  -1.974460E-004
  -2.033113E-004
  -2.094350E-004
  -2.157411E-004
  -2.221535E-004
  -2.285961E-004
  -2.349926E-004
  -2.412671E-004
  -2.473434E-004
  -2.531454E-004
  -2.585970E-004
  -2.608418E-004
  -2.626862E-004
  -2.641561E-004
  -2.652778E-004
  -2.660772E-004
  -2.665805E-004
  -2.668137E-004
  -2.668029E-004
  -2.665741E-004
  -2.661535E-004
  -2.655672E-004
  -2.648411E-004
  -2.640014E-004
  -2.630741E-004
  -2.620854E-004
  -2.610613E-004
  -2.600278E-004
  -2.590111E-004
  -2.580371E-004
  -2.571321E-004
  -2.563221E-004
  -2.556331E-004
  -2.550912E-004
  -2.547225E-004
  -2.545531E-004
  -2.490455E-004
  -2.437536E-004
  -2.386675E-004
  -2.337774E-004
  -2.290736E-004
  -2.245464E-004
  -2.201860E-004
  -2.159827E-004
  -2.119266E-004
  -2.080080E-004
  -2.042172E-004
  -2.005444E-004
  -1.969799E-004
  -1.935138E-004
  -1.901365E-004
  -1.868381E-004
  -1.836090E-004
  -1.804393E-004
  -1.773193E-004
  -1.742392E-004
  -1.711894E-004
  -1.681599E-004
  -1.651411E-004
  -1.621233E-004
  -1.590966E-004
  -1.542397E-004
  -1.493543E-004
  -1.444307E-004
  -1.394590E-004
  -1.344294E-004
  -1.293320E-004
  -1.241570E-004
  -1.188946E-004
  -1.135349E-004
  -1.080681E-004
  -1.024844E-004
  -9.677392E-005
  -9.092686E-005
  -8.493338E-005
  -7.878365E-005
  -7.246784E-005
  -6.597610E-005
  -5.929862E-005
  -5.242555E-005
  -4.534708E-005
  -3.805336E-005
  -3.053456E-005
  -2.278085E-005
  -1.478241E-005
  -6.529389E-006
  -2.694403E-006
   1.397170E-006
   5.737513E-006
   1.031881E-005
   1.513324E-005
   2.017298E-005
   2.543023E-005
   3.089716E-005
   3.656595E-005
   4.242879E-005
   4.847786E-005
   5.470535E-005
   6.110343E-005
   6.766429E-005
   7.438011E-005
   8.124307E-005
   8.824536E-005
   9.537916E-005
   1.026366E-004
   1.100100E-004
   1.174914E-004
   1.250731E-004
   1.327472E-004
   1.405059E-004
   1.483413E-004
   1.507620E-004
   1.532466E-004
   1.557902E-004
   1.583878E-004
   1.610344E-004
   1.637250E-004
   1.664546E-004
   1.692182E-004
   1.720109E-004
   1.748276E-004
   1.776633E-004
   1.805131E-004
   1.833720E-004
   1.862349E-004
   1.890969E-004
   1.919530E-004
   1.947981E-004
   1.976274E-004
   2.004358E-004
   2.032182E-004
   2.059698E-004
   2.086855E-004
   2.113604E-004
   2.139894E-004
   2.165675E-004
   2.190898E-004
   2.215513E-004
   2.239469E-004
   2.262717E-004
   2.285207E-004
   2.306889E-004
   2.327713E-004
   2.347628E-004
   2.366586E-004
   2.384537E-004
   2.401429E-004
   2.417214E-004
   2.431842E-004
   2.445261E-004
   2.457424E-004
   2.468279E-004
   2.477777E-004
   2.485868E-004
   2.492501E-004
   2.497628E-004
   2.501197E-004
   2.503160E-004
   2.503466E-004
   2.502065E-004
   2.498907E-004
   2.529305E-004
   2.557935E-004
   2.584837E-004
   2.610048E-004
   2.633609E-004
   2.655558E-004
   2.675934E-004
   2.694776E-004
   2.712123E-004
   2.728013E-004
   2.742487E-004
   2.755582E-004
   2.767338E-004
   2.777793E-004
   2.786987E-004
   2.794958E-004
   2.801745E-004
   2.807388E-004
   2.811926E-004
   2.815396E-004
   2.817838E-004
   2.819292E-004
   2.819795E-004
   2.819388E-004
   2.818108E-004
   2.815995E-004
   2.813088E-004
   2.809426E-004
   2.805047E-004
   2.799990E-004
   2.794296E-004
   2.788001E-004
   2.781146E-004
   2.773769E-004
   2.765910E-004
   2.757606E-004
   2.748898E-004
   2.739823E-004
   2.730422E-004
   2.720733E-004
   2.710794E-004
   2.700645E-004
   2.690325E-004
   2.679872E-004
   2.669327E-004
   2.658726E-004
   2.648110E-004
   2.637518E-004
   2.626987E-004
   2.616558E-004
   2.591832E-004
   2.567258E-004
   2.542847E-004
   2.518611E-004
   2.494562E-004
   2.470712E-004
   2.447071E-004
   2.423652E-004
   2.400466E-004
   2.377526E-004
   2.354841E-004
   2.332425E-004
   2.310289E-004
   2.288444E-004
   2.266903E-004
   2.245676E-004
   2.224775E-004
   2.204213E-004
   2.184000E-004
   2.164148E-004
   2.144669E-004
   2.125575E-004
   2.106877E-004
   2.088587E-004
   2.070716E-004
   2.053277E-004
   2.036280E-004
   2.019737E-004
   2.003661E-004
   1.988062E-004
   1.972952E-004
   1.958343E-004
   1.944247E-004
   1.930675E-004
   1.917639E-004
   1.905150E-004
   1.893221E-004
   1.881862E-004
   1.871085E-004
   1.860903E-004
   1.851326E-004
   1.842366E-004
   1.834035E-004
   1.826345E-004
   1.819307E-004
   1.812933E-004
   1.807234E-004
   1.802222E-004
   1.797909E-004
   1.794307E-004
   1.758209E-004
   1.722808E-004
   1.688076E-004
   1.653987E-004
   1.620515E-004
   1.587635E-004
   1.555318E-004
   1.523541E-004
   1.492275E-004
   1.461496E-004
   1.431176E-004
   1.401289E-004
   1.371810E-004
   1.342712E-004
   1.313969E-004
   1.285555E-004
   1.257443E-004
   1.229607E-004
   1.202021E-004
   1.174658E-004
   1.147493E-004
   1.120500E-004
   1.093651E-004
   1.066921E-004
   1.040284E-004
   1.013713E-004
   9.871824E-005
   9.606655E-005
   9.341364E-005
   9.075687E-005
   8.809362E-005
   8.542126E-005
   8.273719E-005
   8.003877E-005
   7.732339E-005
   7.458841E-005
   7.183122E-005
   6.904919E-005
   6.623971E-005
   6.340014E-005
   6.052788E-005
   5.762028E-005
   5.467474E-005
   5.168863E-005
   4.865932E-005
   4.558419E-005
   4.246063E-005
   3.928601E-005
   3.605770E-005
   3.277309E-005
   2.893495E-005
   2.504297E-005
   2.110220E-005
   1.711774E-005
   1.309464E-005
   9.038003E-006
   4.952886E-006
   8.443720E-007
  -3.282465E-006
  -7.422549E-006
  -1.157080E-005
  -1.572215E-005
  -1.987152E-005
  -2.401384E-005
  -2.814402E-005
  -3.225699E-005
  -3.634768E-005
  -4.041101E-005
  -4.444190E-005
  -4.843528E-005
  -5.238608E-005
  -5.628921E-005
  -6.013961E-005
  -6.393219E-005
  -6.766187E-005
  -7.132360E-005
  -7.491228E-005
  -7.842284E-005
  -8.185021E-005
  -8.518931E-005
  -8.843507E-005
  -9.158240E-005
  -9.462624E-005
  -9.756151E-005
  -1.003831E-004
  -1.030860E-004
  -1.056651E-004
  -1.081153E-004
  -1.104316E-004
  -1.126088E-004
  -1.146420E-004
  -1.165259E-004
  -1.182556E-004
  -1.198260E-004
  -1.212320E-004
  -1.224685E-004
  -1.235304E-004
  -1.244127E-004
  -1.251103E-004
  -1.256180E-004
  -1.293640E-004
  -1.329230E-004
  -1.363029E-004
  -1.395117E-004
  -1.425572E-004
  -1.454474E-004
  -1.481902E-004
  -1.507934E-004
  -1.532650E-004
  -1.556130E-004
  -1.578451E-004
  -1.599693E-004
  -1.619935E-004
  -1.639256E-004
  -1.657735E-004
  -1.675452E-004
  -1.692484E-004
  -1.708912E-004
  -1.724815E-004
  -1.740270E-004
  -1.755358E-004
  -1.770158E-004
  -1.784748E-004
  -1.799208E-004
  -1.813616E-004
  -1.828053E-004
  -1.842595E-004
  -1.857324E-004
  -1.872318E-004
  -1.887655E-004
  -1.903416E-004
  -1.919678E-004
  -1.936522E-004
  -1.954025E-004
  -1.972268E-004
  -1.991329E-004
  -2.011288E-004
  -2.032222E-004
  -2.054213E-004
  -2.077337E-004
  -2.101675E-004
  -2.127306E-004
  -2.154308E-004
  -2.182761E-004
  -2.212743E-004
  -2.244335E-004
  -2.277614E-004
  -2.312660E-004
  -2.349552E-004
  -2.388369E-004
  -2.366273E-004
  -2.346129E-004
  -2.327886E-004
  -2.311492E-004
  -2.296895E-004
  -2.284044E-004
  -2.272887E-004
  -2.263372E-004
  -2.255448E-004
  -2.249062E-004
  -2.244164E-004
  -2.240701E-004
  -2.238623E-004
  -2.237876E-004
  -2.238409E-004
  -2.240172E-004
  -2.243111E-004
  -2.247176E-004
  -2.252315E-004
  -2.258476E-004
  -2.265607E-004
  -2.273657E-004
  -2.282573E-004
  -2.292305E-004
  -2.302801E-004
  -2.314009E-004
  -2.325877E-004
  -2.338353E-004
  -2.351387E-004
  -2.364925E-004
  -2.378917E-004
  -2.393311E-004
  -2.408056E-004
  -2.423098E-004
  -2.438388E-004
  -2.453872E-004
  -2.469500E-004
  -2.485220E-004
  -2.500980E-004
  -2.516728E-004
  -2.532413E-004
  -2.547983E-004
  -2.563386E-004
  -2.578571E-004
  -2.593486E-004
  -2.608079E-004
  -2.622299E-004
  -2.636094E-004
  -2.649412E-004
  -2.662201E-004
  -2.649312E-004
  -2.635874E-004
  -2.621921E-004
  -2.607485E-004
  -2.592598E-004
  -2.577292E-004
  -2.561599E-004
  -2.545553E-004
  -2.529184E-004
  -2.512526E-004
  -2.495611E-004
  -2.478471E-004
  -2.461138E-004
  -2.443645E-004
  -2.426023E-004
  -2.408306E-004
  -2.390524E-004
  -2.372712E-004
  -2.354901E-004
  -2.337123E-004
  -2.319410E-004
  -2.301796E-004
  -2.284311E-004
  -2.266989E-004
  -2.249861E-004
  -2.232961E-004
  -2.216320E-004
  -2.199970E-004
  -2.183944E-004
  -2.168274E-004
  -2.152993E-004
  -2.138132E-004
  -2.123725E-004
  -2.109802E-004
  -2.096397E-004
  -2.083542E-004
  -2.071269E-004
  -2.059610E-004
  -2.048598E-004
  -2.038265E-004
  -2.028643E-004
  -2.019765E-004
  -2.011663E-004
  -2.004368E-004
  -1.997914E-004
  -1.992333E-004
  -1.987656E-004
  -1.983917E-004
  -1.981147E-004
  -1.979379E-004
  -1.947528E-004
  -1.916659E-004
  -1.886722E-004
  -1.857665E-004
  -1.829437E-004
  -1.801987E-004
  -1.775264E-004
  -1.749215E-004
  -1.723791E-004
  -1.698939E-004
  -1.674608E-004
  -1.650748E-004
  -1.627306E-004
  -1.604232E-004
  -1.581474E-004
  -1.558981E-004
  -1.536703E-004
  -1.514586E-004
  -1.492581E-004
  -1.470636E-004
  -1.448699E-004
  -1.426720E-004
  -1.404647E-004
  -1.382428E-004
  -1.360014E-004
  -1.337352E-004
  -1.314390E-004
  -1.291079E-004
  -1.267366E-004
  -1.243201E-004
  -1.218531E-004
  -1.193306E-004
  -1.167475E-004
  -1.140985E-004
  -1.113787E-004
  -1.085828E-004
  -1.057058E-004
  -1.027425E-004
  -9.968772E-005
  -9.653643E-005
  -9.328347E-005
  -8.992372E-005
  -8.645203E-005
  -8.286330E-005
  -7.915239E-005
  -7.531417E-005
  -7.134352E-005
  -6.723532E-005
  -6.298442E-005
  -5.858571E-005
  -5.749340E-005
  -5.625207E-005
  -5.486562E-005
  -5.333797E-005
  -5.167303E-005
  -4.987472E-005
  -4.794694E-005
  -4.589361E-005
  -4.371864E-005
  -4.142594E-005
  -3.901944E-005
  -3.650303E-005
  -3.388064E-005
  -3.115618E-005
  -2.833355E-005
  -2.541667E-005
  -2.240946E-005
  -1.931583E-005
  -1.613968E-005
  -1.288494E-005
  -9.555520E-006
  -6.155323E-006
  -2.688268E-006
   8.417323E-007
   4.430766E-006
   8.074920E-006
   1.177028E-005
   1.551294E-005
   1.929898E-005
   2.312448E-005
   2.698555E-005
   3.087825E-005
   3.479869E-005
   3.874294E-005
   4.270710E-005
   4.668726E-005
   5.067949E-005
   5.467988E-005
   5.868454E-005
   6.268953E-005
   6.669095E-005
   7.068489E-005
   7.466742E-005
   7.863465E-005
   8.258266E-005
   8.650753E-005
   9.040535E-005
   9.427221E-005
   9.810419E-005
   1.018974E-004
   1.061281E-004
   1.103143E-004
   1.144544E-004
   1.185467E-004
   1.225893E-004
   1.265807E-004
   1.305190E-004
   1.344026E-004
   1.382297E-004
   1.419987E-004
   1.457077E-004
   1.493551E-004
   1.529391E-004
   1.564581E-004
   1.599102E-004
   1.632939E-004
   1.666073E-004
   1.698487E-004
   1.730165E-004
   1.761089E-004
   1.791241E-004
   1.820605E-004
   1.849164E-004
   1.876899E-004
   1.903795E-004
   1.929833E-004
   1.954997E-004
   1.979269E-004
   2.002632E-004
   2.025069E-004
   2.046563E-004
   2.067096E-004
   2.086652E-004
   2.105212E-004
   2.122761E-004
   2.139280E-004
   2.154752E-004
   2.169160E-004
   2.182488E-004
   2.194717E-004
   2.205831E-004
   2.215813E-004
   2.224644E-004
   2.232308E-004
   2.238788E-004
   2.244067E-004
   2.248127E-004
   2.250951E-004
   2.252522E-004
   2.252822E-004
   2.254323E-004
   2.254630E-004
   2.253835E-004
   2.252033E-004
   2.249317E-004
   2.245779E-004
   2.241514E-004
   2.236614E-004
   2.231172E-004
   2.225283E-004
   2.219039E-004
   2.212533E-004
   2.205859E-004
   2.199110E-004
   2.192380E-004
   2.185761E-004
   2.179347E-004
   2.173231E-004
   2.167507E-004
   2.162267E-004
   2.157606E-004
   2.153616E-004
   2.150390E-004
   2.148022E-004
   2.146606E-004
   2.146234E-004
   2.146999E-004
   2.148995E-004
   2.152316E-004
   2.157054E-004
   2.163303E-004
   2.171157E-004
   2.180707E-004
   2.192048E-004
   2.205273E-004
   2.220475E-004
   2.237748E-004
   2.257185E-004
   2.278878E-004
   2.302922E-004
   2.329409E-004
   2.358434E-004
   2.390088E-004
   2.424466E-004
   2.461660E-004
   2.501765E-004
   2.544872E-004
   2.591077E-004
   2.640471E-004
   2.693148E-004
   2.662349E-004
   2.634773E-004
   2.610268E-004
   2.588680E-004
   2.569857E-004
   2.553645E-004
   2.539893E-004
   2.528446E-004
   2.519152E-004
   2.511858E-004
   2.506411E-004
   2.502658E-004
   2.500446E-004
   2.499623E-004
   2.500035E-004
   2.501529E-004
   2.503952E-004
   2.507153E-004
   2.510976E-004
   2.515270E-004
   2.519882E-004
   2.524659E-004
   2.529447E-004
   2.534095E-004
   2.538448E-004
   2.542354E-004
   2.545661E-004
   2.548214E-004
   2.549862E-004
   2.550451E-004
   2.549828E-004
   2.547841E-004
   2.544336E-004
   2.539161E-004
   2.532162E-004
   2.523187E-004
   2.512082E-004
   2.498696E-004
   2.482874E-004
   2.464465E-004
   2.443314E-004
   2.419269E-004
   2.392178E-004
   2.361886E-004
   2.328242E-004
   2.291092E-004
   2.250284E-004
   2.205664E-004
   2.157079E-004
   2.104377E-004
   2.116533E-004
   2.124586E-004
   2.128706E-004
   2.129060E-004
   2.125818E-004
   2.119147E-004
   2.109217E-004
   2.096194E-004
   2.080249E-004
   2.061548E-004
   2.040261E-004
   2.016556E-004
   1.990601E-004
   1.962565E-004
   1.932616E-004
   1.900922E-004
   1.867653E-004
   1.832975E-004
   1.797058E-004
   1.760070E-004
   1.722179E-004
   1.683555E-004
   1.644364E-004
   1.604776E-004
   1.564958E-004
   1.525081E-004
   1.485310E-004
   1.445816E-004
   1.406766E-004
   1.368330E-004
   1.330674E-004
   1.293968E-004
   1.258380E-004
   1.224079E-004
   1.191232E-004
   1.160008E-004
   1.130576E-004
   1.103104E-004
   1.077761E-004
   1.054714E-004
   1.034132E-004
   1.016184E-004
   1.001037E-004
   9.888609E-005
   9.798233E-005
   9.740928E-005
   9.718377E-005
   9.732264E-005
   9.784274E-005
   9.876089E-005
   9.005042E-005
   8.174021E-005
   7.381559E-005
   6.626194E-005
   5.906460E-005
   5.220893E-005
   4.568027E-005
   3.946399E-005
   3.354544E-005
   2.790996E-005
   2.254292E-005
   1.742967E-005
   1.255556E-005
   7.905946E-006
   3.466181E-006
  -7.783818E-007
  -4.842388E-006
  -8.740485E-006
  -1.248732E-005
  -1.609753E-005
  -1.958578E-005
  -2.296670E-005
  -2.625494E-005
  -2.946515E-005
  -3.261197E-005
  -3.571005E-005
  -3.877404E-005
  -4.181859E-005
  -4.485833E-005
  -4.790792E-005
  -5.098200E-005
  -5.409522E-005
  -5.726223E-005
  -6.049766E-005
  -6.381617E-005
  -6.723241E-005
  -7.076102E-005
  -7.441664E-005
  -7.821393E-005
  -8.216752E-005
  -8.629208E-005
  -9.060223E-005
  -9.511263E-005
  -9.983793E-005
  -1.047928E-004
  -1.099918E-004
  -1.154496E-004
  -1.211810E-004
  -1.272004E-004
  -1.335227E-004
  -1.266594E-004
  -1.201049E-004
  -1.138506E-004
  -1.078879E-004
  -1.022082E-004
  -9.680296E-005
  -9.166347E-005
  -8.678116E-005
  -8.214743E-005
  -7.775367E-005
  -7.359129E-005
  -6.965167E-005
  -6.592622E-005
  -6.240632E-005
  -5.908337E-005
  -5.594877E-005
  -5.299391E-005
  -5.021018E-005
  -4.758899E-005
  -4.512173E-005
  -4.279978E-005
  -4.061456E-005
  -3.855745E-005
  -3.661984E-005
  -3.479314E-005
  -3.306874E-005
  -3.143803E-005
  -2.989241E-005
  -2.842327E-005
  -2.702201E-005
  -2.568003E-005
  -2.438871E-005
  -2.313946E-005
  -2.192367E-005
  -2.073273E-005
  -1.955805E-005
  -1.839101E-005
  -1.722301E-005
  -1.604544E-005
  -1.484971E-005
  -1.362720E-005
  -1.236931E-005
  -1.106744E-005
  -9.712983E-006
  -8.297331E-006
  -6.811880E-006
  -5.248027E-006
  -3.597165E-006
  -1.850691E-006
   0.000000E+000
  -2.178470E-006
  -4.245525E-006
  -6.202569E-006
  -8.051010E-006
  -9.792253E-006
  -1.142771E-005
  -1.295877E-005
  -1.438686E-005
  -1.571337E-005
  -1.693972E-005
  -1.806731E-005
  -1.909754E-005
  -2.003183E-005
  -2.087157E-005
  -2.161818E-005
  -2.227306E-005
  -2.283762E-005
  -2.331325E-005
  -2.370138E-005
  -2.400340E-005
  -2.422073E-005
  -2.435476E-005
  -2.440690E-005
  -2.437857E-005
  -2.427116E-005
  -2.408608E-005
  -2.382474E-005
  -2.348855E-005
  -2.307891E-005
  -2.259722E-005
  -2.204490E-005
  -2.142335E-005
  -2.073397E-005
  -1.997817E-005
  -1.915736E-005
  -1.827295E-005
  -1.732634E-005
  -1.631893E-005
  -1.525214E-005
  -1.412736E-005
  -1.294601E-005
  -1.170949E-005
  -1.041921E-005
  -9.076570E-006
  -7.682981E-006
  -6.239848E-006
  -4.748578E-006
  -3.210575E-006
  -1.627247E-006
   0.000000E+000
  -6.874380E-007
  -1.333213E-006
  -1.938176E-006
  -2.503176E-006
  -3.029064E-006
  -3.516690E-006
  -3.966904E-006
  -4.380557E-006
  -4.758500E-006
  -5.101581E-006
  -5.410652E-006
  -5.686562E-006
  -5.930163E-006
  -6.142303E-006
  -6.323835E-006
  -6.475607E-006
  -6.598470E-006
  -6.693274E-006
  -6.760870E-006
  -6.802108E-006
  -6.817838E-006
  -6.808910E-006
  -6.776175E-006
  -6.720483E-006
  -6.642683E-006
  -6.543628E-006
  -6.424166E-006
  -6.285148E-006
  -6.127424E-006
  -5.951844E-006
  -5.759260E-006
  -5.550520E-006
  -5.326476E-006
  -5.087977E-006
  -4.835874E-006
  -4.571016E-006
  -4.294256E-006
  -4.006442E-006
  -3.708424E-006
  -3.401054E-006
  -3.085181E-006
  -2.761656E-006
  -2.431328E-006
  -2.095049E-006
  -1.753668E-006
  -1.408036E-006
  -1.059003E-006
  -7.074192E-007
  -3.541347E-007
   0.000000E+000
   3.541347E-007
