   2.592556E-015
  -8.829181E-005
   5.940925E-005
   1.340680E-004
   9.301786E-006
  -9.852675E-005
   1.531174E-005
   1.291948E-004
   2.157290E-005
  -1.024606E-004
  -2.116197E-005
   1.271710E-004
   1.642550E-004
   1.119076E-004
   4.197120E-005
   1.175053E-005
   2.039876E-005
   5.253117E-005
   9.276309E-005
   1.257098E-004
   1.392038E-004
   1.339463E-004
   1.138557E-004
   8.285027E-005
   4.484852E-005
   3.768799E-006
  -3.647052E-005
  -7.195104E-005
  -9.875439E-005
  -1.129622E-004
  -1.118308E-004
  -9.731576E-005
  -7.254732E-005
  -4.065576E-005
  -4.771357E-006
   3.197562E-005
   6.645489E-005
   9.553619E-005
   1.160892E-004
   1.249838E-004
   1.200901E-004
   1.032814E-004
   7.743118E-005
   4.541320E-005
   1.010112E-005
  -2.563138E-005
  -5.891064E-005
  -8.686298E-005
  -1.066147E-004
  -1.152922E-004
  -1.109469E-004
  -9.533097E-005
  -7.112177E-005
  -4.099663E-005
  -7.632881E-006
   2.629215E-005
   5.810112E-005
   8.511670E-005
   1.046616E-004
   1.140584E-004
   1.114731E-004
   9.844540E-005
   7.735804E-005
   5.059395E-005
   2.053600E-005
  -1.043293E-005
  -3.992993E-005
  -6.557215E-005
  -8.497668E-005
  -9.576064E-005
  -9.625911E-005
  -8.767899E-005
  -7.194513E-005
  -5.098239E-005
  -2.671562E-005
  -1.069681E-006
   2.403057E-005
   4.666028E-005
   6.489460E-005
   7.680866E-005
   8.101558E-005
   7.828030E-005
   6.990573E-005
   5.719479E-005
   4.145038E-005
   2.397542E-005
   6.072816E-006
  -1.095452E-005
  -2.580367E-005
  -3.717173E-005
  -4.408303E-005
  -4.687090E-005
  -4.619589E-005
  -4.271858E-005
  -3.709953E-005
  -2.999929E-005
  -2.207845E-005
  -1.399756E-005
  -6.417184E-006
   2.106891E-009
   4.730266E-006
   7.759311E-006
   9.211779E-006
   9.210203E-006
   7.877119E-006
   5.335062E-006
   1.706567E-006
  -2.885832E-006
  -8.319598E-006
  -1.447220E-005
  -2.122110E-005
  -2.844376E-005
  -3.601765E-005
  -4.382023E-005
  -5.172897E-005
  -5.962133E-005
  -6.737478E-005
  -7.486679E-005
  -8.197481E-005
  -8.857632E-005
  -9.457239E-005
  -9.995862E-005
  -1.047542E-004
  -1.089783E-004
  -1.126502E-004
  -1.157891E-004
  -1.184141E-004
  -1.205444E-004
  -1.221994E-004
  -1.233981E-004
  -1.241597E-004
  -1.245036E-004
  -1.244488E-004
  -1.240146E-004
  -1.232201E-004
  -1.220846E-004
  -1.206274E-004
  -1.188675E-004
  -1.168241E-004
  -1.145166E-004
  -1.119609E-004
  -1.091605E-004
  -1.061158E-004
  -1.028270E-004
  -9.929452E-005
  -9.551864E-005
  -9.149969E-005
  -8.723801E-005
  -8.273392E-005
  -7.798774E-005
  -7.299979E-005
  -6.777041E-005
  -6.229991E-005
  -5.658863E-005
  -5.063688E-005
  -4.444499E-005
  -3.801329E-005
  -3.134210E-005
  -2.443174E-005
  -1.728255E-005
  -9.902983E-006
  -2.334080E-006
   5.374984E-006
   1.317503E-005
   2.101689E-005
   2.885138E-005
   3.662932E-005
   4.430154E-005
   5.181886E-005
   5.913211E-005
   6.619210E-005
   7.294967E-005
   7.935563E-005
   8.536081E-005
   9.091603E-005
   9.597212E-005
   1.004799E-004
   1.043902E-004
   1.076538E-004
   1.102216E-004
   1.120605E-004
   1.132020E-004
   1.136938E-004
   1.135835E-004
   1.129188E-004
   1.117472E-004
   1.101165E-004
   1.080743E-004
   1.056682E-004
   1.029458E-004
   9.995486E-005
   9.674296E-005
   9.335776E-005
   8.984689E-005
   8.625800E-005
   8.263872E-005
   7.903671E-005
   7.549960E-005
   7.207503E-005
   6.881065E-005
   6.574393E-005
   6.287161E-005
   6.018026E-005
   5.765647E-005
   5.528680E-005
   5.305783E-005
   5.095614E-005
   4.896828E-005
   4.708085E-005
   4.528041E-005
   4.355354E-005
   4.188680E-005
   4.026678E-005
   3.868005E-005
   3.711317E-005
   3.555273E-005
   3.398530E-005
   3.239745E-005
   3.077575E-005
   2.910678E-005
   2.737711E-005
   2.557332E-005
   2.368198E-005
   2.168966E-005
   1.958294E-005
   1.735155E-005
   1.499791E-005
   1.252759E-005
   9.946168E-006
   7.259220E-006
   4.472323E-006
   1.591051E-006
  -1.379018E-006
  -4.432310E-006
  -7.563247E-006
  -1.076625E-005
  -1.403575E-005
  -1.736617E-005
  -2.075193E-005
  -2.418745E-005
  -2.766717E-005
  -3.118550E-005
  -3.473686E-005
  -3.831569E-005
  -4.191640E-005
  -4.553342E-005
  -4.916117E-005
  -5.279408E-005
  -5.642657E-005
  -6.005306E-005
  -6.366720E-005
  -6.725945E-005
  -7.081951E-005
  -7.433707E-005
  -7.780182E-005
  -8.120345E-005
  -8.453164E-005
  -8.777610E-005
  -9.092650E-005
  -9.397254E-005
  -9.690391E-005
  -9.971029E-005
  -1.023814E-004
  -1.049069E-004
  -1.072765E-004
  -1.094798E-004
  -1.115066E-004
  -1.133466E-004
  -1.149895E-004
  -1.164248E-004
  -1.176424E-004
  -1.186319E-004
  -1.193830E-004
  -1.198855E-004
  -1.201289E-004
  -1.201063E-004
  -1.198243E-004
  -1.192927E-004
  -1.185213E-004
  -1.175201E-004
  -1.162988E-004
  -1.148673E-004
  -1.132356E-004
  -1.114134E-004
  -1.094106E-004
  -1.072371E-004
  -1.049028E-004
  -1.024174E-004
  -9.979089E-005
  -9.703309E-005
  -9.415386E-005
  -9.116307E-005
  -8.807057E-005
  -8.488622E-005
  -8.161988E-005
  -7.828142E-005
  -7.488069E-005
  -7.142755E-005
  -6.793186E-005
  -6.440349E-005
  -6.085112E-005
  -5.727883E-005
  -5.368950E-005
  -5.008604E-005
  -4.647134E-005
  -4.284831E-005
  -3.921984E-005
  -3.558883E-005
  -3.195817E-005
  -2.833077E-005
  -2.470953E-005
  -2.109734E-005
  -1.749710E-005
  -1.391171E-005
  -1.034407E-005
  -6.797077E-006
  -3.273627E-006
   2.233803E-007
   3.691046E-006
   7.126471E-006
   1.052676E-005
   1.388901E-005
   1.721033E-005
   2.048781E-005
   2.371856E-005
   2.689968E-005
   3.002828E-005
   3.310144E-005
   3.611629E-005
   3.906990E-005
   4.195940E-005
   4.478188E-005
   4.753444E-005
   5.021418E-005
   5.281821E-005
   5.534362E-005
   5.778752E-005
   6.014702E-005
   6.241920E-005
   6.460118E-005
   6.669005E-005
   6.868292E-005
   7.057689E-005
   7.236906E-005
   7.405652E-005
   7.563640E-005
   7.710577E-005
   7.846176E-005
   7.970145E-005
   8.082195E-005
   8.182113E-005
   8.269992E-005
   8.346002E-005
   8.410312E-005
   8.463092E-005
   8.504512E-005
   8.534742E-005
   8.553951E-005
   8.562310E-005
   8.559988E-005
   8.547154E-005
   8.523979E-005
   8.490632E-005
   8.447284E-005
   8.394103E-005
   8.331260E-005
   8.258924E-005
   8.177266E-005
   8.086454E-005
   7.986659E-005
   7.878050E-005
   7.760798E-005
   7.635071E-005
   7.501040E-005
   7.358875E-005
   7.208745E-005
   7.050820E-005
   6.885270E-005
   6.712264E-005
   6.531972E-005
   6.344565E-005
   6.150211E-005
   5.949081E-005
   5.741345E-005
   5.527171E-005
   5.306731E-005
   5.080192E-005
   4.847727E-005
   4.609503E-005
   4.365692E-005
   4.116462E-005
   3.861984E-005
   3.602427E-005
   3.337960E-005
   3.068755E-005
   2.794980E-005
   2.516805E-005
   2.234401E-005
   1.947936E-005
   1.657581E-005
   1.363522E-005
   1.066015E-005
   7.653314E-006
   4.617441E-006
   1.555252E-006
  -1.530531E-006
  -4.637184E-006
  -7.761987E-006
  -1.090222E-005
  -1.405515E-005
  -1.721806E-005
  -2.038823E-005
  -2.356294E-005
  -2.673946E-005
  -2.991507E-005
  -3.308704E-005
  -3.625267E-005
  -3.940921E-005
  -4.255396E-005
  -4.568418E-005
  -4.879716E-005
  -5.189017E-005
  -5.496049E-005
  -5.800539E-005
  -6.102216E-005
  -6.400808E-005
  -6.696041E-005
  -6.987644E-005
  -7.275344E-005
  -7.558869E-005
  -7.837948E-005
  -8.112307E-005
  -8.381674E-005
  -8.645777E-005
  -8.904345E-005
  -9.157103E-005
  -9.403782E-005
  -9.644107E-005
  -9.877807E-005
  -1.010461E-004
  -1.032424E-004
  -1.053643E-004
  -1.074091E-004
  -1.093740E-004
  -1.112563E-004
  -1.130533E-004
  -1.147623E-004
  -1.163805E-004
  -1.179053E-004
  -1.193338E-004
  -1.206644E-004
  -1.218990E-004
  -1.230407E-004
  -1.240924E-004
  -1.250571E-004
  -1.259379E-004
  -1.267377E-004
  -1.274594E-004
  -1.281061E-004
  -1.286808E-004
  -1.291864E-004
  -1.296259E-004
  -1.300024E-004
  -1.303188E-004
  -1.305781E-004
  -1.307832E-004
  -1.309372E-004
  -1.310431E-004
  -1.311038E-004
  -1.311223E-004
  -1.311017E-004
  -1.310448E-004
  -1.309548E-004
  -1.308345E-004
  -1.306870E-004
  -1.305152E-004
  -1.303222E-004
  -1.301109E-004
  -1.298843E-004
  -1.296454E-004
  -1.293972E-004
  -1.291426E-004
  -1.288847E-004
  -1.286265E-004
  -1.283708E-004
  -1.281208E-004
  -1.278795E-004
  -1.276497E-004
  -1.274344E-004
  -1.272368E-004
  -1.270597E-004
  -1.269061E-004
  -1.267791E-004
  -1.266815E-004
  -1.266165E-004
  -1.265870E-004
  -1.265959E-004
  -1.266463E-004
  -1.267411E-004
  -1.268834E-004
  -1.270749E-004
  -1.273130E-004
  -1.275935E-004
  -1.279126E-004
  -1.282664E-004
  -1.286508E-004
  -1.290619E-004
  -1.294959E-004
  -1.299487E-004
  -1.304163E-004
  -1.308949E-004
  -1.313805E-004
  -1.318692E-004
  -1.323569E-004
  -1.328398E-004
  -1.333138E-004
  -1.337752E-004
  -1.342198E-004
  -1.346438E-004
  -1.350432E-004
  -1.354140E-004
  -1.357524E-004
  -1.360543E-004
  -1.363158E-004
  -1.365330E-004
  -1.367019E-004
  -1.368186E-004
  -1.368790E-004
  -1.368794E-004
  -1.368157E-004
  -1.366839E-004
  -1.364802E-004
  -1.362006E-004
  -1.358411E-004
  -1.353978E-004
  -1.348667E-004
  -1.342439E-004
  -1.335254E-004
  -1.327073E-004
  -1.317857E-004
  -1.307565E-004
  -1.296159E-004
  -1.283599E-004
  -1.269846E-004
  -1.254859E-004
  -1.238600E-004
  -1.221029E-004
  -1.202107E-004
  -1.181793E-004
  -1.160050E-004
  -1.136853E-004
  -1.112248E-004
  -1.086297E-004
  -1.059062E-004
  -1.030604E-004
  -1.000985E-004
  -9.702682E-005
  -9.385142E-005
  -9.057851E-005
  -8.721429E-005
  -8.376494E-005
  -8.023664E-005
  -7.663559E-005
  -7.296796E-005
  -6.923994E-005
  -6.545773E-005
  -6.162750E-005
  -5.775544E-005
  -5.384774E-005
  -4.991058E-005
  -4.595014E-005
  -4.197263E-005
  -3.798421E-005
  -3.399108E-005
  -2.999942E-005
  -2.601542E-005
  -2.204527E-005
  -1.809514E-005
  -1.417123E-005
  -1.027973E-005
  -6.426808E-006
  -2.618662E-006
   1.138524E-006
   4.838565E-006
   8.475275E-006
   1.204247E-005
   1.553396E-005
   1.894356E-005
   2.226508E-005
   2.549234E-005
   2.861916E-005
   3.163934E-005
   3.454671E-005
   3.733507E-005
   3.999824E-005
   4.253003E-005
   4.492426E-005
   4.717475E-005
   4.927530E-005
   5.121973E-005
   5.300363E-005
   5.462974E-005
   5.610256E-005
   5.742660E-005
   5.860637E-005
   5.964638E-005
   6.055113E-005
   6.132514E-005
   6.197292E-005
   6.249897E-005
   6.290780E-005
   6.320393E-005
   6.339185E-005
   6.347609E-005
   6.346114E-005
   6.335152E-005
   6.315173E-005
   6.286629E-005
   6.249971E-005
   6.205648E-005
   6.154113E-005
   6.095816E-005
   6.031207E-005
   5.960739E-005
   5.884861E-005
   5.804025E-005
   5.718681E-005
   5.629280E-005
   5.536274E-005
   5.440113E-005
   5.341248E-005
   5.240130E-005
   5.137209E-005
   5.032938E-005
   4.927765E-005
   4.822144E-005
   4.716523E-005
   4.611355E-005
   4.507090E-005
   4.404179E-005
   4.303072E-005
   4.204222E-005
   4.108078E-005
   4.015091E-005
   3.925714E-005
   3.840395E-005
   3.759587E-005
   3.683739E-005
   3.613304E-005
   3.548731E-005
   3.490335E-005
   3.437875E-005
   3.390975E-005
   3.349259E-005
   3.312349E-005
   3.279870E-005
   3.251443E-005
   3.226692E-005
   3.205241E-005
   3.186712E-005
   3.170730E-005
   3.156916E-005
   3.144895E-005
   3.134289E-005
   3.124722E-005
   3.115816E-005
   3.107196E-005
   3.098485E-005
   3.089304E-005
   3.079279E-005
   3.068031E-005
   3.055185E-005
   3.040363E-005
   3.023188E-005
   3.003285E-005
   2.980275E-005
   2.953783E-005
   2.923431E-005
   2.888843E-005
   2.849641E-005
   2.805450E-005
   2.755892E-005
   2.700591E-005
   2.639169E-005
   2.571250E-005
   2.496457E-005
   2.414414E-005
   2.324743E-005
   2.227068E-005
   2.121012E-005
   2.006198E-005
   1.882249E-005
   1.748789E-005
   1.605441E-005
   1.451828E-005
   1.287573E-005
   1.112300E-005
   9.256310E-006
   7.271902E-006
   5.166004E-006
   2.936486E-006
   5.877639E-007
  -1.874109E-006
  -4.443080E-006
  -7.113096E-006
  -9.878104E-006
  -1.273205E-005
  -1.566888E-005
  -1.868255E-005
  -2.176700E-005
  -2.491617E-005
  -2.812401E-005
  -3.138448E-005
  -3.469152E-005
  -3.803907E-005
  -4.142108E-005
  -4.483150E-005
  -4.826427E-005
  -5.171335E-005
  -5.517268E-005
  -5.863621E-005
  -6.209787E-005
  -6.555163E-005
  -6.899143E-005
  -7.241121E-005
  -7.580493E-005
  -7.916652E-005
  -8.248993E-005
  -8.576912E-005
  -8.899803E-005
  -9.217061E-005
  -9.528080E-005
  -9.832255E-005
  -1.012898E-004
  -1.041765E-004
  -1.069766E-004
  -1.096841E-004
  -1.122929E-004
  -1.147968E-004
  -1.171900E-004
  -1.194664E-004
  -1.216198E-004
  -1.236442E-004
  -1.255336E-004
  -1.272820E-004
  -1.288832E-004
  -1.303312E-004
  -1.316200E-004
  -1.327435E-004
  -1.336957E-004
  -1.344723E-004
  -1.350765E-004
  -1.355135E-004
  -1.357881E-004
  -1.359054E-004
  -1.358705E-004
  -1.356884E-004
  -1.353640E-004
  -1.349025E-004
  -1.343089E-004
  -1.335882E-004
  -1.327454E-004
  -1.317855E-004
  -1.307136E-004
  -1.295348E-004
  -1.282539E-004
  -1.268762E-004
  -1.254065E-004
  -1.238500E-004
  -1.222116E-004
  -1.204964E-004
  -1.187094E-004
  -1.168557E-004
  -1.149402E-004
  -1.129680E-004
  -1.109442E-004
  -1.088737E-004
  -1.067616E-004
  -1.046129E-004
  -1.024326E-004
  -1.002258E-004
  -9.799757E-005
  -9.575282E-005
  -9.349663E-005
  -9.123403E-005
  -8.897004E-005
  -8.670970E-005
  -8.445803E-005
  -8.222006E-005
  -8.000083E-005
  -7.780535E-005
  -7.563867E-005
  -7.350580E-005
  -7.141178E-005
  -6.936164E-005
  -6.736040E-005
  -6.541309E-005
  -6.352474E-005
  -6.170039E-005
  -5.994506E-005
  -5.826301E-005
  -5.665542E-005
  -5.512274E-005
  -5.366536E-005
  -5.228373E-005
  -5.097826E-005
  -4.974936E-005
  -4.859748E-005
  -4.752302E-005
  -4.652640E-005
  -4.560806E-005
  -4.476842E-005
  -4.400789E-005
  -4.332689E-005
  -4.272586E-005
  -4.220521E-005
  -4.176536E-005
  -4.140675E-005
  -4.112978E-005
  -4.093488E-005
  -4.082248E-005
  -4.079299E-005
  -4.084684E-005
  -4.098445E-005
  -4.120624E-005
  -4.151264E-005
  -4.190407E-005
  -4.238094E-005
  -4.294369E-005
  -4.359273E-005
  -4.432849E-005
  -4.515138E-005
  -4.606184E-005
  -4.706028E-005
  -4.814712E-005
  -4.932279E-005
  -5.058771E-005
  -5.194231E-005
  -5.338699E-005
  -5.492220E-005
  -5.654834E-005
  -5.826584E-005
  -6.007513E-005
  -6.197662E-005
  -6.397074E-005
  -6.605791E-005
  -6.823855E-005
  -7.051309E-005
  -7.288194E-005
  -7.534553E-005
  -7.790283E-005
  -8.054697E-005
  -8.326965E-005
  -8.606256E-005
  -8.891738E-005
  -9.182580E-005
  -9.477951E-005
  -9.777019E-005
  -1.007895E-004
  -1.038292E-004
  -1.068810E-004
  -1.099364E-004
  -1.129873E-004
  -1.160253E-004
  -1.190421E-004
  -1.220293E-004
  -1.249787E-004
  -1.278820E-004
  -1.307308E-004
  -1.335169E-004
  -1.362318E-004
  -1.388674E-004
  -1.414153E-004
  -1.438671E-004
  -1.462146E-004
  -1.484495E-004
  -1.505634E-004
  -1.525480E-004
  -1.543951E-004
  -1.560963E-004
  -1.576432E-004
  -1.590277E-004
  -1.602413E-004
  -1.612758E-004
  -1.621228E-004
  -1.627741E-004
  -1.632213E-004
  -1.634561E-004
  -1.634702E-004
  -1.632553E-004
  -1.628030E-004
  -1.621051E-004
  -1.611533E-004
  -1.599392E-004
  -1.584545E-004
  -1.566910E-004
  -1.546402E-004
  -1.522940E-004
  -1.496439E-004
  -1.466817E-004
  -1.434029E-004
  -1.398190E-004
  -1.359450E-004
  -1.317964E-004
  -1.273882E-004
  -1.227357E-004
  -1.178543E-004
  -1.127590E-004
  -1.074652E-004
  -1.019881E-004
  -9.634285E-005
  -9.054478E-005
  -8.460910E-005
  -7.855105E-005
  -7.238586E-005
  -6.612877E-005
  -5.979502E-005
  -5.339983E-005
  -4.695846E-005
  -4.048613E-005
  -3.399807E-005
  -2.750954E-005
  -2.103576E-005
  -1.459197E-005
  -8.193406E-006
  -1.855305E-006
   4.407097E-006
   1.057856E-005
   1.664386E-005
   2.258774E-005
   2.839498E-005
   3.405034E-005
   3.953859E-005
   4.484447E-005
   4.995277E-005
   5.484824E-005
   5.951565E-005
   6.393975E-005
   6.810532E-005
   7.199712E-005
   7.559991E-005
   7.889846E-005
   8.187752E-005
   8.452186E-005
   8.681625E-005
   8.874545E-005
   9.029422E-005
   9.144732E-005
   9.218953E-005
   9.250560E-005
   9.238579E-005
   9.184235E-005
   9.089303E-005
   8.955556E-005
   8.784769E-005
   8.578717E-005
   8.339173E-005
   8.067912E-005
   7.766708E-005
   7.437336E-005
   7.081570E-005
   6.701185E-005
   6.297953E-005
   5.873651E-005
   5.430052E-005
   4.968931E-005
   4.492061E-005
   4.001218E-005
   3.498176E-005
   2.984708E-005
   2.462589E-005
   1.933594E-005
   1.399497E-005
   8.620722E-006
   3.230938E-006
  -2.156638E-006
  -7.524261E-006
  -1.285419E-005
  -1.812868E-005
  -2.332999E-005
  -2.844037E-005
  -3.344209E-005
  -3.831739E-005
  -4.304854E-005
  -4.761779E-005
  -5.200740E-005
  -5.619963E-005
  -6.017673E-005
  -6.392095E-005
  -6.741457E-005
  -7.063982E-005
  -7.357897E-005
  -7.621428E-005
  -7.852801E-005
  -8.050240E-005
  -8.211972E-005
  -8.336222E-005
  -8.421216E-005
  -8.465179E-005
  -8.466338E-005
  -8.423474E-005
  -8.337593E-005
  -8.210255E-005
  -8.043023E-005
  -7.837459E-005
  -7.595123E-005
  -7.317577E-005
  -7.006383E-005
  -6.663103E-005
  -6.289298E-005
  -5.886529E-005
  -5.456359E-005
  -5.000348E-005
  -4.520058E-005
  -4.017051E-005
  -3.492888E-005
  -2.949132E-005
  -2.387343E-005
  -1.809082E-005
  -1.215913E-005
  -6.093952E-006
   8.908569E-008
   6.374371E-006
   1.274629E-005
   1.918922E-005
   2.568756E-005
   3.222568E-005
   3.878797E-005
   4.535881E-005
   5.192259E-005
   5.846370E-005
   6.496651E-005
   7.141541E-005
   7.779479E-005
   8.408903E-005
   9.028252E-005
   9.635963E-005
   1.023048E-004
   1.081023E-004
   1.137366E-004
   1.191921E-004
   1.244531E-004
   1.295041E-004
   1.343293E-004
   1.389133E-004
   1.432404E-004
   1.472950E-004
   1.510614E-004
   1.545240E-004
   1.576673E-004
   1.604797E-004
   1.629661E-004
   1.651357E-004
   1.669973E-004
   1.685602E-004
   1.698332E-004
   1.708255E-004
   1.715460E-004
   1.720039E-004
   1.722081E-004
   1.721677E-004
   1.718918E-004
   1.713893E-004
   1.706693E-004
   1.697409E-004
   1.686131E-004
   1.672949E-004
   1.657953E-004
   1.641235E-004
   1.622884E-004
   1.602991E-004
   1.581646E-004
   1.558939E-004
   1.534962E-004
   1.509803E-004
   1.483555E-004
   1.456306E-004
   1.428148E-004
   1.399171E-004
   1.369465E-004
   1.339121E-004
   1.308228E-004
   1.276878E-004
   1.245161E-004
   1.213167E-004
   1.180987E-004
   1.148710E-004
   1.116428E-004
   1.084230E-004
   1.052208E-004
   1.020450E-004
   9.890492E-005
   9.580941E-005
   9.276757E-005
   8.978842E-005
   8.688102E-005
   8.405438E-005
   8.131756E-005
   7.867959E-005
   7.614952E-005
   7.373460E-005
   7.143504E-005
   6.924926E-005
   6.717570E-005
   6.521279E-005
   6.335895E-005
   6.161261E-005
   5.997220E-005
   5.843614E-005
   5.700288E-005
   5.567084E-005
   5.443844E-005
   5.330411E-005
   5.226629E-005
   5.132340E-005
   5.047387E-005
   4.971613E-005
   4.904861E-005
   4.846974E-005
   4.797795E-005
   4.757166E-005
   4.724930E-005
   4.700931E-005
   4.685011E-005
   4.677013E-005
   4.676780E-005
   4.684155E-005
   4.698980E-005
   4.721100E-005
   4.750355E-005
   4.786591E-005
   4.829648E-005
   4.879371E-005
   4.935601E-005
   4.998183E-005
   5.066958E-005
   5.141770E-005
   5.222462E-005
   5.308876E-005
   5.400855E-005
   5.498243E-005
   5.600882E-005
   5.708615E-005
   5.821284E-005
   5.938734E-005
   6.060806E-005
   6.187344E-005
   6.318190E-005
   6.453187E-005
   6.592179E-005
   6.735021E-005
   6.881623E-005
   7.031909E-005
   7.185802E-005
   7.343225E-005
   7.504102E-005
   7.668355E-005
   7.835907E-005
   8.006683E-005
   8.180606E-005
   8.357598E-005
   8.537583E-005
   8.720484E-005
   8.906225E-005
   9.094728E-005
   9.285918E-005
   9.479716E-005
   9.676047E-005
   9.874834E-005
   1.007600E-004
   1.027947E-004
   1.048516E-004
   1.069300E-004
   1.090292E-004
   1.111483E-004
   1.132866E-004
   1.154433E-004
   1.176176E-004
   1.198088E-004
   1.220162E-004
   1.242389E-004
   1.264762E-004
   1.287272E-004
   1.309914E-004
   1.332678E-004
   1.355557E-004
   1.378544E-004
   1.401630E-004
   1.424809E-004
   1.448072E-004
   1.471412E-004
   1.494821E-004
   1.518291E-004
   1.541815E-004
   1.565385E-004
   1.588993E-004
   1.612632E-004
   1.636294E-004
   1.659971E-004
   1.683656E-004
   1.707341E-004
