   6.478960E-016
  -8.136254E-004
   1.383958E-003
   1.923436E-003
   1.186838E-004
  -1.195370E-003
   3.587437E-004
   1.832070E-003
   3.529807E-004
  -1.314430E-003
  -2.037795E-004
   1.824728E-003
   2.373641E-003
   1.723098E-003
   8.226336E-004
   4.303319E-004
   5.384673E-004
   9.478619E-004
   1.459338E-003
   1.873717E-003
   2.033360E-003
   1.946770E-003
   1.663992E-003
   1.235067E-003
   7.100372E-004
   1.389464E-004
  -4.281636E-004
  -9.412501E-004
  -1.350271E-003
  -1.605183E-003
  -1.669841E-003
  -1.563685E-003
  -1.320054E-003
  -9.722839E-004
  -5.537134E-004
  -9.767956E-005
   3.624800E-004
   7.934277E-004
   1.161826E-003
   1.434337E-003
   1.585817E-003
   1.623889E-003
   1.564372E-003
   1.423082E-003
   1.215836E-003
   9.584535E-004
   6.667499E-004
   3.565432E-004
   4.365056E-005
  -2.561106E-004
  -5.288462E-004
  -7.683541E-004
  -9.703557E-004
  -1.130572E-003
  -1.244725E-003
  -1.308534E-003
  -1.317722E-003
  -1.268010E-003
  -1.155119E-003
  -9.747692E-004
  -7.263383E-004
  -4.238241E-004
  -8.487998E-005
   2.728405E-004
   6.316838E-004
   9.739966E-004
   1.282125E-003
   1.538417E-003
   1.725217E-003
   1.824872E-003
   1.825025E-003
   1.734494E-003
   1.567395E-003
   1.337843E-003
   1.059951E-003
   7.478358E-004
   4.156112E-004
   7.739220E-005
  -2.527064E-004
  -5.605698E-004
  -8.341182E-004
  -1.069412E-003
  -1.264547E-003
  -1.417618E-003
  -1.526721E-003
  -1.589951E-003
  -1.605405E-003
  -1.571176E-003
  -1.485361E-003
  -1.346055E-003
  -1.153486E-003
  -9.164164E-004
  -6.457390E-004
  -3.523479E-004
  -4.713701E-005
   2.589996E-004
   5.551682E-004
   8.304746E-004
   1.074025E-003
   1.274926E-003
   1.424727E-003
   1.524762E-003
   1.578805E-003
   1.590634E-003
   1.564026E-003
   1.502755E-003
   1.410600E-003
   1.291336E-003
   1.148739E-003
   9.865875E-004
   8.086564E-004
   6.187226E-004
   4.205625E-004
   2.179526E-004
   1.466938E-005
  -1.855107E-004
  -3.788113E-004
  -5.614557E-004
  -7.296677E-004
  -8.796707E-004
  -1.008465E-003
  -1.116154E-003
  -1.203619E-003
  -1.271742E-003
  -1.321403E-003
  -1.353483E-003
  -1.368863E-003
  -1.368424E-003
  -1.353046E-003
  -1.323611E-003
  -1.281000E-003
  -1.226092E-003
  -1.159771E-003
  -1.082915E-003
  -9.964061E-004
  -9.011254E-004
  -7.979535E-004
  -6.877714E-004
  -5.714598E-004
  -4.498998E-004
  -3.239672E-004
  -1.945177E-004
  -6.240225E-005
   7.152850E-005
   2.064237E-004
   3.414326E-004
   4.757045E-004
   6.083885E-004
   7.386339E-004
   8.655898E-004
   9.884056E-004
   1.106230E-003
   1.218213E-003
   1.323504E-003
   1.421251E-003
   1.510604E-003
   1.590713E-003
   1.660725E-003
   1.719792E-003
   1.767061E-003
   1.801949E-003
   1.824942E-003
   1.836794E-003
   1.838256E-003
   1.830082E-003
   1.813025E-003
   1.787837E-003
   1.755273E-003
   1.716084E-003
   1.671023E-003
   1.620845E-003
   1.566300E-003
   1.508143E-003
   1.447127E-003
   1.384004E-003
   1.319528E-003
   1.254450E-003
   1.189526E-003
   1.125506E-003
   1.063144E-003
   1.003067E-003
   9.453916E-004
   8.901098E-004
   8.372124E-004
   7.866906E-004
   7.385355E-004
   6.927382E-004
   6.492897E-004
   6.081812E-004
   5.694039E-004
   5.329487E-004
   4.988069E-004
   4.669695E-004
   4.374276E-004
   4.101724E-004
   3.851949E-004
   3.624863E-004
   3.420377E-004
   3.238401E-004
   3.078847E-004
   2.941786E-004
   2.827930E-004
   2.738152E-004
   2.673324E-004
   2.634317E-004
   2.622005E-004
   2.637259E-004
   2.680953E-004
   2.753957E-004
   2.857145E-004
   2.991388E-004
   3.157560E-004
   3.356532E-004
   3.589177E-004
   3.856366E-004
   4.158973E-004
   4.497869E-004
   4.873926E-004
   5.288018E-004
   5.741016E-004
   6.233793E-004
   6.767221E-004
   7.342171E-004
   7.959517E-004
   8.620131E-004
   9.323324E-004
   1.006216E-003
   1.082814E-003
   1.161277E-003
   1.240756E-003
   1.320399E-003
   1.399359E-003
   1.476785E-003
   1.551828E-003
   1.623637E-003
   1.691363E-003
   1.754157E-003
   1.811169E-003
   1.861548E-003
   1.904446E-003
   1.939013E-003
   1.964399E-003
   1.979753E-003
   1.984228E-003
   1.976972E-003
   1.957137E-003
   1.923872E-003
   1.876328E-003
   1.813656E-003
   1.735004E-003
   1.639935E-003
   1.529649E-003
   1.405757E-003
   1.269872E-003
   1.123604E-003
   9.685646E-004
   8.063655E-004
   6.386181E-004
   4.669337E-004
   2.929237E-004
   1.181996E-004
  -5.562730E-005
  -2.269455E-004
  -3.941437E-004
  -5.556104E-004
  -7.097342E-004
  -8.549037E-004
  -9.895076E-004
  -1.111934E-003
  -1.220573E-003
  -1.313811E-003
  -1.390038E-003
  -1.447643E-003
  -1.485013E-003
  -1.500538E-003
  -1.493128E-003
  -1.463786E-003
  -1.414036E-003
  -1.345403E-003
  -1.259411E-003
  -1.157584E-003
  -1.041447E-003
  -9.125249E-004
  -7.723417E-004
  -6.224221E-004
  -4.642905E-004
  -2.994714E-004
  -1.294892E-004
   4.413138E-005
   2.198660E-004
   3.961902E-004
   5.715793E-004
   7.445090E-004
   9.134548E-004
   1.076892E-003
   1.233296E-003
   1.381143E-003
   1.518908E-003
   1.645067E-003
   1.758094E-003
   1.856797E-003
   1.941302E-003
   2.012067E-003
   2.069550E-003
   2.114208E-003
   2.146500E-003
   2.166883E-003
   2.175815E-003
   2.173754E-003
   2.161157E-003
   2.138483E-003
   2.106188E-003
   2.064731E-003
   2.014570E-003
   1.956162E-003
   1.889964E-003
   1.816436E-003
   1.736034E-003
   1.649217E-003
   1.556442E-003
   1.458166E-003
   1.354849E-003
   1.246946E-003
   1.134917E-003
   1.019219E-003
   9.003090E-004
   7.786458E-004
   6.546868E-004
   5.288898E-004
   4.017125E-004
   2.736127E-004
   1.450481E-004
   1.647662E-005
  -1.116441E-004
  -2.388563E-004
  -3.647021E-004
  -4.887239E-004
  -6.104638E-004
  -7.294642E-004
  -8.452671E-004
  -9.574149E-004
  -1.065450E-003
  -1.168914E-003
  -1.267350E-003
  -1.360300E-003
  -1.447305E-003
  -1.527909E-003
  -1.601654E-003
  -1.668081E-003
  -1.726733E-003
  -1.777268E-003
  -1.819803E-003
  -1.854571E-003
  -1.881807E-003
  -1.901742E-003
  -1.914610E-003
  -1.920645E-003
  -1.920079E-003
  -1.913146E-003
  -1.900078E-003
  -1.881110E-003
  -1.856474E-003
  -1.826403E-003
  -1.791130E-003
  -1.750890E-003
  -1.705914E-003
  -1.656436E-003
  -1.602690E-003
  -1.544908E-003
  -1.483323E-003
  -1.418170E-003
  -1.349680E-003
  -1.278087E-003
  -1.203625E-003
  -1.126526E-003
  -1.047024E-003
  -9.653518E-004
  -8.817425E-004
  -7.964294E-004
  -7.096456E-004
  -6.216244E-004
  -5.325990E-004
  -4.428024E-004
  -3.524679E-004
  -2.618287E-004
  -1.711179E-004
  -8.056868E-005
   9.585727E-006
   9.911217E-005
   1.877775E-004
   2.753484E-004
   3.615919E-004
   4.462747E-004
   5.291637E-004
   6.100256E-004
   6.886273E-004
   7.647356E-004
   8.381174E-004
   9.085394E-004
   9.757685E-004
   1.039622E-003
   1.100118E-003
   1.157324E-003
   1.211310E-003
   1.262144E-003
   1.309895E-003
   1.354630E-003
   1.396419E-003
   1.435329E-003
   1.471431E-003
   1.504791E-003
   1.535478E-003
   1.563562E-003
   1.589110E-003
   1.612191E-003
   1.632873E-003
   1.651226E-003
   1.667317E-003
   1.681215E-003
   1.692988E-003
   1.702705E-003
   1.710435E-003
   1.716246E-003
   1.720207E-003
   1.722385E-003
   1.722850E-003
   1.721670E-003
   1.718914E-003
   1.714649E-003
   1.708946E-003
   1.701871E-003
   1.693494E-003
   1.683882E-003
   1.673106E-003
   1.661232E-003
   1.648330E-003
   1.634468E-003
   1.619715E-003
   1.604139E-003
   1.587808E-003
   1.570792E-003
   1.553158E-003
   1.534975E-003
   1.516312E-003
   1.497237E-003
   1.477818E-003
   1.458125E-003
   1.438225E-003
   1.418187E-003
   1.398080E-003
   1.377959E-003
   1.357827E-003
   1.337671E-003
   1.317483E-003
   1.297250E-003
   1.276962E-003
   1.256608E-003
   1.236177E-003
   1.215658E-003
   1.195042E-003
   1.174315E-003
   1.153469E-003
   1.132491E-003
   1.111372E-003
   1.090100E-003
   1.068664E-003
   1.047054E-003
   1.025259E-003
   1.003267E-003
   9.810684E-004
   9.586520E-004
   9.360069E-004
   9.131223E-004
   8.899873E-004
   8.665911E-004
   8.429228E-004
   8.189716E-004
   7.947266E-004
   7.701770E-004
   7.453119E-004
   7.201205E-004
   6.945919E-004
   6.687153E-004
   6.424798E-004
   6.158747E-004
   5.888889E-004
   5.615117E-004
   5.337323E-004
   5.055398E-004
   4.769233E-004
   4.478720E-004
   4.183750E-004
   3.884215E-004
   3.580007E-004
   3.271016E-004
   2.957135E-004
   2.638255E-004
   2.314268E-004
   1.985064E-004
   1.650536E-004
   1.310636E-004
   9.655590E-005
   6.155621E-005
   2.609017E-005
  -9.816591E-006
  -4.613842E-005
  -8.284967E-005
  -1.199247E-004
  -1.573378E-004
  -1.950635E-004
  -2.330759E-004
  -2.713496E-004
  -3.098588E-004
  -3.485779E-004
  -3.874813E-004
  -4.265432E-004
  -4.657381E-004
  -5.050403E-004
  -5.444242E-004
  -5.838641E-004
  -6.233344E-004
  -6.628094E-004
  -7.022635E-004
  -7.416710E-004
  -7.810063E-004
  -8.202438E-004
  -8.593577E-004
  -8.983225E-004
  -9.371125E-004
  -9.757021E-004
  -1.014066E-003
  -1.052177E-003
  -1.090012E-003
  -1.127543E-003
  -1.164746E-003
  -1.201594E-003
  -1.238062E-003
  -1.274125E-003
  -1.309756E-003
  -1.344931E-003
  -1.379623E-003
  -1.413807E-003
  -1.447457E-003
  -1.480547E-003
  -1.513052E-003
  -1.544947E-003
  -1.576205E-003
  -1.606801E-003
  -1.636709E-003
  -1.665904E-003
  -1.694360E-003
  -1.722050E-003
  -1.748949E-003
  -1.775029E-003
  -1.800265E-003
  -1.824629E-003
  -1.848096E-003
  -1.870639E-003
  -1.892232E-003
  -1.912848E-003
  -1.932461E-003
  -1.951045E-003
  -1.968572E-003
  -1.985017E-003
  -2.000353E-003
  -2.014555E-003
  -2.027594E-003
  -2.039446E-003
  -2.050083E-003
  -2.059479E-003
  -2.067608E-003
  -2.074443E-003
  -2.079958E-003
  -2.084127E-003
  -2.086923E-003
  -2.088319E-003
  -2.088290E-003
  -2.086809E-003
  -2.083849E-003
  -2.079384E-003
  -2.073388E-003
  -2.065834E-003
  -2.056696E-003
  -2.045947E-003
  -2.033561E-003
  -2.019512E-003
  -2.003773E-003
  -1.986317E-003
  -1.967119E-003
  -1.946152E-003
  -1.923390E-003
  -1.898805E-003
  -1.872372E-003
  -1.844065E-003
  -1.813856E-003
  -1.781720E-003
  -1.747630E-003
  -1.711559E-003
  -1.673482E-003
  -1.633372E-003
  -1.591223E-003
  -1.547114E-003
  -1.501145E-003
  -1.453417E-003
  -1.404029E-003
  -1.353082E-003
  -1.300674E-003
  -1.246906E-003
  -1.191878E-003
  -1.135691E-003
  -1.078443E-003
  -1.020235E-003
  -9.611665E-004
  -9.013380E-004
  -8.408491E-004
  -7.798000E-004
  -7.182903E-004
  -6.564203E-004
  -5.942897E-004
  -5.319985E-004
  -4.696467E-004
  -4.073343E-004
  -3.451611E-004
  -2.832271E-004
  -2.216324E-004
  -1.604767E-004
  -9.986017E-005
  -3.988263E-005
   1.935593E-005
   7.775557E-005
   1.352163E-004
   1.916383E-004
   2.469215E-004
   3.009659E-004
   3.536717E-004
   4.049388E-004
   4.546674E-004
   5.027575E-004
   5.491091E-004
   5.936223E-004
   6.361971E-004
   6.767336E-004
   7.151319E-004
   7.512919E-004
   7.851137E-004
   8.164975E-004
   8.453432E-004
   8.715508E-004
   8.950206E-004
   9.156524E-004
   9.333773E-004
   9.482507E-004
   9.603589E-004
   9.697880E-004
   9.766243E-004
   9.809542E-004
   9.828640E-004
   9.824399E-004
   9.797681E-004
   9.749351E-004
   9.680270E-004
   9.591301E-004
   9.483308E-004
   9.357153E-004
   9.213699E-004
   9.053808E-004
   8.878345E-004
   8.688170E-004
   8.484148E-004
   8.267141E-004
   8.038011E-004
   7.797622E-004
   7.546837E-004
   7.286518E-004
   7.017528E-004
   6.740730E-004
   6.456987E-004
   6.167162E-004
   5.872117E-004
   5.572715E-004
   5.269819E-004
   4.964292E-004
   4.656997E-004
   4.348797E-004
   4.040553E-004
   3.733130E-004
   3.427390E-004
   3.124196E-004
   2.824410E-004
   2.528896E-004
   2.238516E-004
   1.954134E-004
   1.676611E-004
   1.406811E-004
   1.145596E-004
   8.938303E-005
   6.523754E-005
   4.220946E-005
   2.038506E-005
  -1.493660E-007
  -1.932774E-005
  -3.716476E-005
  -5.369534E-005
  -6.895438E-005
  -8.297677E-005
  -9.579742E-005
  -1.074512E-004
  -1.179731E-004
  -1.273980E-004
  -1.357607E-004
  -1.430962E-004
  -1.494393E-004
  -1.548251E-004
  -1.592883E-004
  -1.628639E-004
  -1.655868E-004
  -1.674918E-004
  -1.686140E-004
  -1.689881E-004
  -1.686492E-004
  -1.676320E-004
  -1.659715E-004
  -1.637026E-004
  -1.608603E-004
  -1.574793E-004
  -1.535946E-004
  -1.492412E-004
  -1.444538E-004
  -1.392675E-004
  -1.337170E-004
  -1.278374E-004
  -1.216635E-004
  -1.152303E-004
  -1.085725E-004
  -1.017252E-004
  -9.472322E-005
  -8.760146E-005
  -8.039483E-005
  -7.313824E-005
  -6.586658E-005
  -5.861476E-005
  -5.141768E-005
  -4.431024E-005
  -3.732735E-005
  -3.050391E-005
  -2.387482E-005
  -1.747498E-005
  -1.133930E-005
  -5.502669E-006
  -8.650497E-017
   5.141183E-006
   9.922859E-006
   1.435438E-005
   1.844510E-005
   2.220438E-005
   2.564157E-005
   2.876602E-005
   3.158708E-005
   3.411412E-005
   3.635647E-005
   3.832351E-005
   4.002458E-005
   4.146904E-005
   4.266623E-005
   4.362552E-005
   4.435626E-005
   4.486780E-005
   4.516949E-005
   4.527069E-005
   4.518076E-005
   4.490905E-005
   4.446491E-005
   4.385769E-005
   4.309675E-005
   4.219145E-005
   4.115113E-005
   3.998515E-005
   3.870287E-005
   3.731364E-005
   3.582681E-005
   3.425174E-005
   3.259778E-005
   3.087429E-005
   2.909061E-005
   2.725611E-005
   2.538013E-005
   2.347204E-005
   2.154118E-005
   1.959691E-005
   1.764858E-005
   1.570554E-005
   1.377716E-005
   1.187278E-005
   1.000177E-005
   8.173459E-006
   6.397218E-006
   4.682398E-006
   3.038353E-006
   1.474435E-006
  -3.272641E-029
  -1.377576E-006
  -2.658822E-006
  -3.846245E-006
  -4.942351E-006
  -5.949646E-006
  -6.870638E-006
  -7.707831E-006
  -8.463733E-006
  -9.140850E-006
  -9.741688E-006
  -1.026875E-005
  -1.072455E-005
  -1.111159E-005
  -1.143238E-005
  -1.168942E-005
  -1.188522E-005
  -1.202229E-005
  -1.210313E-005
  -1.213025E-005
  -1.210615E-005
  -1.203334E-005
  -1.191434E-005
  -1.175163E-005
  -1.154774E-005
  -1.130516E-005
  -1.102641E-005
  -1.071399E-005
  -1.037040E-005
  -9.998160E-006
  -9.599766E-006
  -9.177727E-006
  -8.734550E-006
  -8.272741E-006
  -7.794806E-006
  -7.303252E-006
  -6.800586E-006
  -6.289314E-006
  -5.771941E-006
  -5.250975E-006
  -4.728922E-006
  -4.208288E-006
  -3.691579E-006
  -3.181303E-006
  -2.679965E-006
  -2.190072E-006
  -1.714130E-006
  -1.254645E-006
  -8.141242E-007
  -3.950738E-007
  -4.390812E-044
   3.691204E-007
   7.124293E-007
   1.030598E-006
   1.324299E-006
   1.594203E-006
   1.840982E-006
   2.065307E-006
   2.267850E-006
   2.449283E-006
   2.610277E-006
   2.751504E-006
   2.873636E-006
   2.977343E-006
   3.063298E-006
   3.132171E-006
   3.184636E-006
   3.221363E-006
   3.243024E-006
   3.250290E-006
   3.243833E-006
   3.224325E-006
   3.192437E-006
   3.148840E-006
   3.094208E-006
   3.029210E-006
   2.954518E-006
   2.870805E-006
   2.778741E-006
   2.678999E-006
   2.572250E-006
   2.459165E-006
   2.340416E-006
   2.216674E-006
   2.088612E-006
   1.956901E-006
   1.822212E-006
   1.685217E-006
   1.546587E-006
   1.406995E-006
   1.267111E-006
   1.127607E-006
   9.891558E-007
   8.524276E-007
   7.180945E-007
   5.868280E-007
   4.592997E-007
   3.361811E-007
   2.181439E-007
   1.058597E-007
  -5.231383E-061
  -9.890552E-008
  -1.908949E-007
  -2.761480E-007
  -3.548449E-007
  -4.271655E-007
  -4.932897E-007
  -5.533975E-007
  -6.076688E-007
  -6.562836E-007
  -6.994219E-007
  -7.372636E-007
  -7.699886E-007
  -7.977768E-007
  -8.208084E-007
  -8.392631E-007
  -8.533209E-007
  -8.631619E-007
  -8.689658E-007
  -8.709128E-007
  -8.691827E-007
  -8.639555E-007
  -8.554112E-007
  -8.437296E-007
  -8.290908E-007
  -8.116747E-007
  -7.916612E-007
  -7.692303E-007
  -7.445619E-007
  -7.178360E-007
  -6.892326E-007
  -6.589316E-007
  -6.271129E-007
  -5.939565E-007
  -5.596423E-007
  -5.243504E-007
  -4.882605E-007
  -4.515528E-007
  -4.144071E-007
  -3.770034E-007
  -3.395217E-007
  -3.021418E-007
  -2.650438E-007
  -2.284076E-007
  -1.924131E-007
  -1.572403E-007
  -1.230691E-007
  -9.007959E-008
  -5.845158E-008
  -2.836507E-008
  -1.013239E-079
   2.650170E-008
   5.115023E-008
   7.399380E-008
   9.508062E-008
   1.144589E-007
   1.321769E-007
   1.482828E-007
   1.628248E-007
   1.758512E-007
   1.874101E-007
   1.975498E-007
   2.063185E-007
   2.137645E-007
   2.199358E-007
   2.248808E-007
   2.286476E-007
   2.312846E-007
   2.328398E-007
   2.333616E-007
   2.328980E-007
   2.314975E-007
   2.292081E-007
   2.260780E-007
   2.221556E-007
   2.174890E-007
   2.121264E-007
   2.061161E-007
   1.995063E-007
   1.923451E-007
   1.846809E-007
   1.765617E-007
   1.680359E-007
   1.591517E-007
   1.499572E-007
   1.405007E-007
   1.308305E-007
   1.209946E-007
   1.110414E-007
   1.010191E-007
   9.097579E-008
   8.095981E-008
   7.101934E-008
   6.120260E-008
   5.155780E-008
   4.213316E-008
   3.297691E-008
   2.413724E-008
   1.566239E-008
   7.600573E-009
  -4.947371E-100
  -7.101298E-009
  -1.370605E-008
  -1.982717E-008
  -2.547759E-008
  -3.067021E-008
  -3.541797E-008
  -3.973377E-008
  -4.363054E-008
  -4.712119E-008
  -5.021864E-008
  -5.293581E-008
  -5.528563E-008
  -5.728100E-008
  -5.893485E-008
  -6.026009E-008
  -6.126965E-008
  -6.197644E-008
  -6.239338E-008
  -6.253339E-008
  -6.240939E-008
  -6.203430E-008
  -6.142103E-008
  -6.058251E-008
  -5.953165E-008
  -5.828137E-008
  -5.684459E-008
  -5.523422E-008
  -5.346320E-008
  -5.154443E-008
  -4.949083E-008
  -4.731533E-008
  -4.503083E-008
  -4.265027E-008
  -4.018656E-008
  -3.765261E-008
  -3.506134E-008
  -3.242568E-008
  -2.975855E-008
  -2.707285E-008
  -2.438151E-008
  -2.169745E-008
  -1.903359E-008
  -1.640284E-008
  -1.381813E-008
  -1.129237E-008
  -8.838480E-009
  -6.469380E-009
  -4.197987E-009
  -2.037221E-009
  -8.536559E-122
   1.903487E-009
   3.673966E-009
   5.314897E-009
   6.829735E-009
   8.221937E-009
   9.494962E-009
   1.065226E-008
   1.169730E-008
   1.263354E-008
   1.346442E-008
   1.419341E-008
   1.482396E-008
   1.535953E-008
   1.580359E-008
   1.615958E-008
   1.643096E-008
   1.662119E-008
   1.673372E-008
   1.677202E-008
   1.673955E-008
   1.663975E-008
   1.647608E-008
   1.625201E-008
   1.597098E-008
   1.563646E-008
   1.525191E-008
   1.482078E-008
   1.434652E-008
   1.383260E-008
   1.328247E-008
   1.269958E-008
   1.208741E-008
   1.144939E-008
   1.078900E-008
   1.010969E-008
   9.414903E-009
   8.708112E-009
   7.992769E-009
   7.272332E-009
   6.550257E-009
   5.830002E-009
   5.115023E-009
   4.408778E-009
   3.714724E-009
   3.036317E-009
   2.377016E-009
   1.740276E-009
   1.129555E-009
   5.483111E-010
  -6.822872E-145
  -5.126486E-010
  -9.898166E-010
  -1.432414E-009
  -1.841350E-009
  -2.217535E-009
  -2.561878E-009
  -2.875290E-009
  -3.158680E-009
  -3.412957E-009
  -3.639032E-009
  -3.837814E-009
  -4.010213E-009
  -4.157139E-009
  -4.279501E-009
  -4.378210E-009
  -4.454175E-009
  -4.508305E-009
  -4.541512E-009
  -4.554703E-009
  -4.548790E-009
  -4.524681E-009
  -4.483287E-009
  -4.425517E-009
  -4.352282E-009
  -4.264490E-009
  -4.163052E-009
  -4.048878E-009
  -3.922876E-009
  -3.785958E-009
  -3.639032E-009
  -3.483008E-009
  -3.318797E-009
  -3.147308E-009
  -2.969450E-009
  -2.786134E-009
  -2.598269E-009
  -2.406765E-009
  -2.212531E-009
  -2.016478E-009
  -1.819516E-009
  -1.622553E-009
  -1.426500E-009
  -1.232267E-009
  -1.040763E-009
  -8.528981E-010
  -6.695818E-010
  -4.917242E-010
  -3.202348E-010
  -1.560235E-010
  -3.157759E-169
   1.471079E-010
   2.853001E-010
   4.147586E-010
   5.356655E-010
   6.482025E-010
   7.525518E-010
   8.488951E-010
   9.374146E-010
   1.018292E-009
   1.091710E-009
   1.157849E-009
   1.216892E-009
   1.269021E-009
   1.314418E-009
   1.353265E-009
   1.385743E-009
   1.412035E-009
   1.432323E-009
   1.446788E-009
   1.455613E-009
   1.458979E-009
   1.457068E-009
   1.450063E-009
   1.438145E-009
   1.421497E-009
   1.400299E-009
   1.374735E-009
   1.344986E-009
   1.311234E-009
   1.273661E-009
   1.232449E-009
   1.187780E-009
   1.139836E-009
   1.088798E-009
   1.034850E-009
   9.781717E-010
   9.189465E-010
   8.573559E-010
   7.935818E-010
   7.278063E-010
   6.602113E-010
   5.909788E-010
   5.202906E-010
   4.483287E-010
   3.752751E-010
   3.013118E-010
   2.266207E-010
   1.513837E-010
   7.578284E-011
  -1.021590E-194
  -7.578284E-011
