   1.944336E-015
   4.217513E-006
  -2.204120E-004
   6.591546E-005
   1.116425E-004
  -6.532559E-006
   8.173391E-007
   5.389080E-005
   2.847954E-005
  -8.023784E-006
   2.183849E-005
   4.418328E-005
  -2.270072E-005
  -1.404970E-004
  -2.408821E-004
  -2.706287E-004
  -2.368936E-004
  -1.619297E-004
  -6.799009E-005
   2.267236E-005
   9.198788E-005
   1.386196E-004
   1.654137E-004
   1.752165E-004
   1.708744E-004
   1.552336E-004
   1.311403E-004
   1.014410E-004
   6.898182E-005
   3.660910E-005
   6.766173E-006
  -1.971549E-005
  -4.240736E-005
  -6.088092E-005
  -7.470765E-005
  -8.345902E-005
  -8.670652E-005
  -8.402163E-005
  -7.497582E-005
  -5.914056E-005
  -3.652097E-005
  -8.856557E-006
   2.167951E-005
   5.291410E-005
   8.267404E-005
   1.087862E-004
   1.290774E-004
   1.413746E-004
   1.435045E-004
   1.332940E-004
   1.095212E-004
   7.476838E-005
   3.256931E-005
  -1.354242E-005
  -6.003320E-005
  -1.033694E-004
  -1.400174E-004
  -1.664436E-004
  -1.791144E-004
  -1.744961E-004
  -1.504162E-004
  -1.101469E-004
  -5.832122E-005
   4.275583E-007
   6.146628E-005
   1.201618E-004
   1.718808E-004
   2.119903E-004
   2.358569E-004
   2.388476E-004
   2.179763E-004
   1.768455E-004
   1.207052E-004
   5.480508E-005
  -1.560510E-005
  -8.527556E-005
  -1.489565E-004
  -2.013981E-004
  -2.373507E-004
  -2.515644E-004
  -2.404988E-004
  -2.074502E-004
  -1.574244E-004
  -9.542698E-005
  -2.646375E-005
   4.445963E-005
   1.123375E-004
   1.721641E-004
   2.189337E-004
   2.476408E-004
   2.546697E-004
   2.419660E-004
   2.128653E-004
   1.707032E-004
   1.188154E-004
   6.053765E-005
  -7.945126E-007
  -6.184539E-005
  -1.192793E-004
  -1.697606E-004
  -2.106186E-004
  -2.418418E-004
  -2.640840E-004
  -2.779986E-004
  -2.842394E-004
  -2.834598E-004
  -2.763134E-004
  -2.634538E-004
  -2.455347E-004
  -2.232096E-004
  -1.971320E-004
  -1.679556E-004
  -1.363339E-004
  -1.029206E-004
  -6.836921E-005
  -3.333330E-005
   1.533527E-006
   3.557768E-005
   6.814559E-005
   9.858366E-005
   1.263642E-004
   1.514628E-004
   1.739811E-004
   1.940205E-004
   2.116828E-004
   2.270693E-004
   2.402816E-004
   2.514213E-004
   2.605899E-004
   2.678889E-004
   2.734199E-004
   2.772844E-004
   2.795840E-004
   2.804202E-004
   2.798945E-004
   2.781085E-004
   2.751638E-004
   2.711617E-004
   2.662040E-004
   2.603922E-004
   2.538128E-004
   2.464931E-004
   2.384454E-004
   2.296818E-004
   2.202148E-004
   2.100566E-004
   1.992194E-004
   1.877155E-004
   1.755573E-004
   1.627569E-004
   1.493268E-004
   1.352790E-004
   1.206261E-004
   1.053801E-004
   8.955344E-005
   7.315834E-005
   5.620710E-005
   3.871199E-005
   2.068530E-005
   2.139293E-006
  -1.688744E-005
  -3.625114E-005
  -5.578173E-005
  -7.530914E-005
  -9.466330E-005
  -1.136741E-004
  -1.321716E-004
  -1.499856E-004
  -1.669461E-004
  -1.828830E-004
  -1.976262E-004
  -2.110057E-004
  -2.228514E-004
  -2.329932E-004
  -2.412611E-004
  -2.474849E-004
  -2.514947E-004
  -2.531203E-004
  -2.521918E-004
  -2.485389E-004
  -2.420566E-004
  -2.328994E-004
  -2.212869E-004
  -2.074383E-004
  -1.915734E-004
  -1.739115E-004
  -1.546720E-004
  -1.340746E-004
  -1.123385E-004
  -8.968346E-005
  -6.632879E-005
  -4.249399E-005
  -1.839854E-005
   5.738069E-006
   2.969637E-005
   5.325690E-005
   7.620016E-005
   9.830669E-005
   1.193570E-004
   1.391316E-004
   1.574551E-004
   1.743274E-004
   1.897930E-004
   2.038958E-004
   2.166801E-004
   2.281899E-004
   2.384695E-004
   2.475629E-004
   2.555144E-004
   2.623681E-004
   2.681681E-004
   2.729586E-004
   2.767837E-004
   2.796876E-004
   2.817145E-004
   2.829084E-004
   2.833135E-004
   2.829741E-004
   2.819341E-004
   2.802379E-004
   2.779294E-004
   2.750530E-004
   2.716527E-004
   2.677726E-004
   2.634570E-004
   2.587418E-004
   2.536308E-004
   2.481195E-004
   2.422034E-004
   2.358781E-004
   2.291391E-004
   2.219821E-004
   2.144025E-004
   2.063959E-004
   1.979578E-004
   1.890839E-004
   1.797696E-004
   1.700106E-004
   1.598023E-004
   1.491404E-004
   1.380203E-004
   1.264377E-004
   1.143881E-004
   1.018670E-004
   8.886999E-005
   7.539265E-005
   6.143052E-005
   4.697914E-005
   3.203407E-005
   1.659088E-005
   6.633937E-007
  -1.566134E-005
  -3.227799E-005
  -4.908124E-005
  -6.596575E-005
  -8.282619E-005
  -9.955723E-005
  -1.160535E-004
  -1.322098E-004
  -1.479207E-004
  -1.630808E-004
  -1.775849E-004
  -1.913277E-004
  -2.042037E-004
  -2.161077E-004
  -2.269343E-004
  -2.365782E-004
  -2.449341E-004
  -2.518967E-004
  -2.573605E-004
  -2.612204E-004
  -2.633709E-004
  -2.637067E-004
  -2.621225E-004
  -2.585130E-004
  -2.528141E-004
  -2.451265E-004
  -2.355923E-004
  -2.243536E-004
  -2.115524E-004
  -1.973308E-004
  -1.818307E-004
  -1.651942E-004
  -1.475634E-004
  -1.290803E-004
  -1.098869E-004
  -9.012528E-005
  -6.993748E-005
  -4.946554E-005
  -2.885149E-005
  -8.237374E-006
   1.223477E-005
   3.242290E-005
   5.218497E-005
   7.137895E-005
   8.986280E-005
   1.074945E-004
   1.241319E-004
   1.396332E-004
   1.538561E-004
   1.666887E-004
   1.781392E-004
   1.882458E-004
   1.970467E-004
   2.045800E-004
   2.108841E-004
   2.159970E-004
   2.199571E-004
   2.228025E-004
   2.245714E-004
   2.253020E-004
   2.250325E-004
   2.238012E-004
   2.216462E-004
   2.186058E-004
   2.147182E-004
   2.100214E-004
   2.045539E-004
   1.983537E-004
   1.914591E-004
   1.839083E-004
   1.757395E-004
   1.669908E-004
   1.577006E-004
   1.479070E-004
   1.376481E-004
   1.269623E-004
   1.158878E-004
   1.044626E-004
   9.272507E-005
   8.071338E-005
   6.846574E-005
   5.602035E-005
   4.341541E-005
   3.068914E-005
   1.787973E-005
   5.025393E-006
  -7.835664E-006
  -2.066524E-005
  -3.342512E-005
  -4.607710E-005
  -5.858299E-005
  -7.090457E-005
  -8.300363E-005
  -9.484198E-005
  -1.063814E-004
  -1.175837E-004
  -1.284107E-004
  -1.388241E-004
  -1.487857E-004
  -1.582647E-004
  -1.672591E-004
  -1.757744E-004
  -1.838158E-004
  -1.913888E-004
  -1.984987E-004
  -2.051510E-004
  -2.113510E-004
  -2.171041E-004
  -2.224157E-004
  -2.272912E-004
  -2.317359E-004
  -2.357552E-004
  -2.393546E-004
  -2.425393E-004
  -2.453149E-004
  -2.476865E-004
  -2.496598E-004
  -2.512399E-004
  -2.524323E-004
  -2.532425E-004
  -2.536757E-004
  -2.537373E-004
  -2.534328E-004
  -2.527675E-004
  -2.517468E-004
  -2.503760E-004
  -2.486606E-004
  -2.466060E-004
  -2.442175E-004
  -2.415005E-004
  -2.384603E-004
  -2.351025E-004
  -2.314323E-004
  -2.274551E-004
  -2.231763E-004
  -2.186014E-004
  -2.137356E-004
  -2.085843E-004
  -2.031531E-004
  -1.974471E-004
  -1.914718E-004
  -1.852326E-004
  -1.787349E-004
  -1.719841E-004
  -1.649855E-004
  -1.577444E-004
  -1.502664E-004
  -1.425568E-004
  -1.346209E-004
  -1.264660E-004
  -1.181067E-004
  -1.095594E-004
  -1.008405E-004
  -9.196638E-005
  -8.295356E-005
  -7.381843E-005
  -6.457742E-005
  -5.524695E-005
  -4.584344E-005
  -3.638331E-005
  -2.688300E-005
  -1.735892E-005
  -7.827500E-006
   1.694832E-006
   1.119166E-005
   2.064655E-005
   3.004308E-005
   3.936483E-005
   4.859537E-005
   5.771828E-005
   6.671713E-005
   7.557550E-005
   8.427697E-005
   9.280510E-005
   1.011435E-004
   1.092757E-004
   1.171853E-004
   1.248559E-004
   1.322710E-004
   1.394142E-004
   1.462692E-004
   1.528194E-004
   1.590485E-004
   1.649400E-004
   1.704774E-004
   1.756445E-004
   1.804247E-004
   1.848017E-004
   1.887589E-004
   1.922801E-004
   1.953486E-004
   1.979483E-004
   2.000625E-004
   2.016749E-004
   2.027690E-004
   2.033285E-004
   2.033369E-004
   2.027778E-004
   2.016347E-004
   1.998983E-004
   1.975870E-004
   1.947265E-004
   1.913422E-004
   1.874598E-004
   1.831047E-004
   1.783026E-004
   1.730789E-004
   1.674592E-004
   1.614691E-004
   1.551341E-004
   1.484797E-004
   1.415316E-004
   1.343151E-004
   1.268560E-004
   1.191797E-004
   1.113118E-004
   1.032778E-004
   9.510334E-005
   8.681387E-005
   7.843499E-005
   6.999222E-005
   6.151112E-005
   5.301723E-005
   4.453611E-005
   3.609330E-005
   2.771434E-005
   1.942479E-005
   1.125019E-005
   3.216089E-006
  -4.651970E-006
  -1.232844E-005
  -1.978776E-005
  -2.700440E-005
  -3.395281E-005
  -4.060744E-005
  -4.694274E-005
  -5.293317E-005
  -5.855317E-005
  -6.377721E-005
  -6.857973E-005
  -7.293519E-005
  -7.681804E-005
  -8.020274E-005
  -8.306373E-005
  -8.537547E-005
  -8.711241E-005
  -8.824901E-005
  -8.875971E-005
  -8.861898E-005
  -8.780973E-005
  -8.634874E-005
  -8.426129E-005
  -8.157262E-005
  -7.830800E-005
  -7.449267E-005
  -7.015190E-005
  -6.531094E-005
  -5.999505E-005
  -5.422948E-005
  -4.803950E-005
  -4.145036E-005
  -3.448732E-005
  -2.717563E-005
  -1.954055E-005
  -1.160734E-005
  -3.401249E-006
   5.052457E-006
   1.372852E-005
   2.260170E-005
   3.164672E-005
   4.083833E-005
   5.015128E-005
   5.956030E-005
   6.904014E-005
   7.856555E-005
   8.811127E-005
   9.765203E-005
   1.071626E-004
   1.166177E-004
   1.259921E-004
   1.352604E-004
   1.443976E-004
   1.533783E-004
   1.621772E-004
   1.707691E-004
   1.791288E-004
   1.872309E-004
   1.950502E-004
   2.025616E-004
   2.097396E-004
   2.165591E-004
   2.229948E-004
   2.290214E-004
   2.346137E-004
   2.397464E-004
   2.443943E-004
   2.485321E-004
   2.521346E-004
   2.551765E-004
   2.576396E-004
   2.595346E-004
   2.608789E-004
   2.616903E-004
   2.619865E-004
   2.617849E-004
   2.611033E-004
   2.599594E-004
   2.583707E-004
   2.563549E-004
   2.539296E-004
   2.511126E-004
   2.479213E-004
   2.443735E-004
   2.404868E-004
   2.362788E-004
   2.317672E-004
   2.269696E-004
   2.219036E-004
   2.165870E-004
   2.110372E-004
   2.052721E-004
   1.993091E-004
   1.931660E-004
   1.868604E-004
   1.804100E-004
   1.738322E-004
   1.671449E-004
   1.603657E-004
   1.535121E-004
   1.466019E-004
   1.396526E-004
   1.326819E-004
   1.257075E-004
   1.187470E-004
   1.118180E-004
   1.049381E-004
   9.812505E-005
   9.139644E-005
   8.476991E-005
   7.826310E-005
   7.189365E-005
   6.567921E-005
   5.963740E-005
   5.378587E-005
   4.814226E-005
   4.272421E-005
   3.754935E-005
   3.263534E-005
   2.799980E-005
   2.365691E-005
   1.960703E-005
   1.584703E-005
   1.237380E-005
   9.184221E-006
   6.275180E-006
   3.643560E-006
   1.286246E-006
  -7.998781E-007
  -2.617929E-006
  -4.171021E-006
  -5.462272E-006
  -6.494795E-006
  -7.271709E-006
  -7.796127E-006
  -8.071166E-006
  -8.099942E-006
  -7.885571E-006
  -7.431168E-006
  -6.739849E-006
  -5.814730E-006
  -4.658927E-006
  -3.275555E-006
  -1.667731E-006
   1.614301E-007
   2.208812E-006
   4.471300E-006
   6.945777E-006
   9.629128E-006
   1.251824E-005
   1.560999E-005
   1.890126E-005
   2.238895E-005
   2.606993E-005
   2.994109E-005
   3.399932E-005
   3.824149E-005
   4.266449E-005
   4.726521E-005
   5.204053E-005
   5.698733E-005
   6.210250E-005
   6.738292E-005
   7.282548E-005
   7.842707E-005
   8.418455E-005
   9.009483E-005
   9.615478E-005
   1.023613E-004
   1.087112E-004
   1.151993E-004
   1.218117E-004
   1.285323E-004
   1.353449E-004
   1.422336E-004
   1.491822E-004
   1.561747E-004
   1.631950E-004
   1.702270E-004
   1.772547E-004
   1.842619E-004
   1.912326E-004
   1.981508E-004
   2.050003E-004
   2.117651E-004
   2.184291E-004
   2.249762E-004
   2.313904E-004
   2.376555E-004
   2.437556E-004
   2.496744E-004
   2.553960E-004
   2.609043E-004
   2.661832E-004
   2.712166E-004
   2.759885E-004
   2.804827E-004
   2.846832E-004
   2.885740E-004
   2.921389E-004
   2.953618E-004
   2.982268E-004
   3.007177E-004
   3.028184E-004
   3.045129E-004
   3.057852E-004
   3.066190E-004
   3.069984E-004
   3.069072E-004
   3.063294E-004
   3.052490E-004
   3.036498E-004
   3.015158E-004
   2.988309E-004
   2.955790E-004
   2.917440E-004
   2.873099E-004
   2.822606E-004
   2.765801E-004
   2.702522E-004
   2.632683E-004
   2.556497E-004
   2.474251E-004
   2.386232E-004
   2.292727E-004
   2.194024E-004
   2.090409E-004
   1.982170E-004
   1.869594E-004
   1.752968E-004
   1.632579E-004
   1.508714E-004
   1.381661E-004
   1.251706E-004
   1.119137E-004
   9.842412E-005
   8.473050E-005
   7.086160E-005
   5.684612E-005
   4.271278E-005
   2.849030E-005
   1.420739E-005
  -1.072311E-007
  -1.442486E-005
  -2.871677E-005
  -4.295425E-005
  -5.710860E-005
  -7.115108E-005
  -8.505300E-005
  -9.878563E-005
  -1.123203E-004
  -1.256282E-004
  -1.386807E-004
  -1.514490E-004
  -1.639045E-004
  -1.760184E-004
  -1.877621E-004
  -1.991067E-004
  -2.100236E-004
  -2.204841E-004
  -2.304595E-004
  -2.399210E-004
  -2.488399E-004
  -2.571876E-004
  -2.649352E-004
  -2.720542E-004
  -2.785157E-004
  -2.842910E-004
  -2.893515E-004
  -2.936685E-004
  -2.972213E-004
  -3.000225E-004
  -3.020925E-004
  -3.034520E-004
  -3.041215E-004
  -3.041215E-004
  -3.034728E-004
  -3.021958E-004
  -3.003111E-004
  -2.978393E-004
  -2.948010E-004
  -2.912167E-004
  -2.871070E-004
  -2.824926E-004
  -2.773939E-004
  -2.718315E-004
  -2.658261E-004
  -2.593982E-004
  -2.525684E-004
  -2.453572E-004
  -2.377852E-004
  -2.298731E-004
  -2.216413E-004
  -2.131105E-004
  -2.043012E-004
  -1.952340E-004
  -1.859295E-004
  -1.764082E-004
  -1.666908E-004
  -1.567978E-004
  -1.467497E-004
  -1.365673E-004
  -1.262709E-004
  -1.158813E-004
  -1.054189E-004
  -9.490442E-005
  -8.435837E-005
  -7.380132E-005
  -6.325386E-005
  -5.273657E-005
  -4.227001E-005
  -3.187477E-005
  -2.157141E-005
  -1.138052E-005
  -1.322668E-006
   8.581566E-006
   1.831161E-005
   2.784689E-005
   3.716682E-005
   4.625084E-005
   5.508212E-005
   6.365888E-005
   7.198310E-005
   8.005675E-005
   8.788181E-005
   9.546025E-005
   1.027940E-004
   1.098852E-004
   1.167356E-004
   1.233473E-004
   1.297223E-004
   1.358625E-004
   1.417700E-004
   1.474466E-004
   1.528943E-004
   1.581153E-004
   1.631113E-004
   1.678844E-004
   1.724365E-004
   1.767697E-004
   1.808859E-004
   1.847871E-004
   1.884753E-004
   1.919524E-004
   1.952204E-004
   1.982813E-004
   2.011370E-004
   2.037896E-004
   2.062411E-004
   2.084932E-004
   2.105482E-004
   2.124079E-004
   2.140743E-004
   2.155494E-004
   2.168352E-004
   2.179336E-004
   2.188466E-004
   2.195762E-004
   2.201244E-004
   2.204931E-004
   2.206844E-004
   2.207001E-004
   2.205423E-004
   2.202129E-004
   2.197140E-004
   2.190474E-004
   2.182153E-004
   2.172194E-004
   2.160619E-004
   2.147447E-004
   2.132696E-004
   2.116385E-004
   2.098530E-004
   2.079147E-004
   2.058253E-004
   2.035863E-004
   2.011996E-004
   1.986666E-004
   1.959891E-004
   1.931687E-004
   1.902071E-004
   1.871059E-004
   1.838668E-004
   1.804914E-004
   1.769813E-004
   1.733383E-004
   1.695639E-004
   1.656598E-004
   1.616277E-004
   1.574692E-004
   1.531860E-004
   1.487796E-004
   1.442518E-004
   1.396042E-004
   1.348385E-004
   1.299563E-004
   1.249593E-004
   1.198490E-004
   1.146272E-004
   1.092955E-004
   1.038556E-004
   9.830902E-005
   9.265753E-005
   8.690274E-005
   8.104631E-005
   7.508987E-005
   6.903509E-005
   6.288361E-005
   5.663707E-005
   5.029714E-005
   4.386545E-005
   3.734366E-005
   3.073342E-005
   2.403637E-005
   1.725417E-005
   1.038847E-005
   3.440907E-006
  -3.586858E-006
  -1.069318E-005
  -1.787640E-005
  -2.513343E-005
  -3.245528E-005
  -3.983155E-005
  -4.725181E-005
  -5.470563E-005
  -6.218261E-005
  -6.967230E-005
  -7.716429E-005
  -8.464817E-005
  -9.211350E-005
  -9.954986E-005
  -1.069468E-004
  -1.142940E-004
  -1.215809E-004
  -1.287972E-004
  -1.359324E-004
  -1.429761E-004
  -1.499179E-004
  -1.567473E-004
  -1.634540E-004
  -1.700274E-004
  -1.764573E-004
  -1.827331E-004
  -1.888445E-004
  -1.947810E-004
  -2.005322E-004
  -2.060877E-004
  -2.114370E-004
  -2.165698E-004
  -2.214755E-004
  -2.261439E-004
  -2.305644E-004
  -2.347267E-004
  -2.386203E-004
  -2.422347E-004
  -2.455597E-004
  -2.485847E-004
  -2.512994E-004
  -2.536932E-004
  -2.557559E-004
  -2.574769E-004
  -2.588458E-004
  -2.598523E-004
  -2.604859E-004
  -2.607361E-004
  -2.605926E-004
  -2.600449E-004
  -2.590827E-004
  -2.576954E-004
  -2.558727E-004
  -2.536080E-004
  -2.509108E-004
  -2.477943E-004
  -2.442717E-004
  -2.403564E-004
  -2.360616E-004
  -2.314005E-004
  -2.263865E-004
  -2.210328E-004
  -2.153527E-004
  -2.093595E-004
  -2.030664E-004
  -1.964867E-004
  -1.896336E-004
  -1.825206E-004
  -1.751607E-004
  -1.675674E-004
  -1.597538E-004
  -1.517332E-004
  -1.435190E-004
  -1.351243E-004
  -1.265625E-004
  -1.178469E-004
  -1.089906E-004
  -1.000070E-004
  -9.090934E-005
  -8.171090E-005
  -7.242495E-005
  -6.306475E-005
  -5.364359E-005
  -4.417474E-005
  -3.467146E-005
  -2.514702E-005
  -1.561471E-005
  -6.087792E-006
   3.420463E-006
   1.289678E-005
   2.232789E-005
   3.170052E-005
   4.100140E-005
   5.021725E-005
   5.933481E-005
   6.834079E-005
   7.722194E-005
   8.596497E-005
   9.455661E-005
   1.029836E-004
   1.112327E-004
   1.192905E-004
   1.271439E-004
   1.347826E-004
   1.422089E-004
   1.494279E-004
   1.564450E-004
   1.632654E-004
   1.698943E-004
   1.763371E-004
   1.825990E-004
   1.886852E-004
   1.946011E-004
   2.003518E-004
   2.059427E-004
   2.113790E-004
   2.166660E-004
   2.218090E-004
   2.268131E-004
   2.316837E-004
   2.364260E-004
   2.410453E-004
   2.455469E-004
   2.499360E-004
   2.542179E-004
   2.583978E-004
   2.624810E-004
   2.664728E-004
   2.703785E-004
   2.742032E-004
   2.779523E-004
   2.816310E-004
   2.852446E-004
   2.887984E-004
   2.922976E-004
   2.957474E-004
   2.991532E-004
   3.025202E-004
   3.058537E-004
   3.091589E-004
   3.124410E-004
   3.157055E-004
   3.189574E-004
   3.222022E-004
   3.254450E-004
   3.286911E-004
   3.319458E-004
   3.352143E-004
   3.385019E-004
   3.418139E-004
   3.451555E-004
   3.485320E-004
   3.519486E-004
   3.554079E-004
   3.589015E-004
   3.624183E-004
   3.659470E-004
   3.694765E-004
   3.729957E-004
   3.764935E-004
   3.799587E-004
   3.833802E-004
   3.867468E-004
   3.900473E-004
   3.932707E-004
   3.964058E-004
   3.994414E-004
   4.023664E-004
   4.051696E-004
   4.078400E-004
   4.103663E-004
   4.127375E-004
   4.149423E-004
   4.169697E-004
   4.188084E-004
   4.204474E-004
   4.218755E-004
   4.230816E-004
   4.240544E-004
   4.247830E-004
   4.252560E-004
   4.254625E-004
   4.253911E-004
   4.250309E-004
   4.243706E-004
   4.233991E-004
   4.221053E-004
   4.204780E-004
   4.185060E-004
   4.161783E-004
   4.134837E-004
   4.104110E-004
   4.069491E-004
   4.030868E-004
   3.988131E-004
   3.941167E-004
   3.889865E-004
   3.834114E-004
   3.773802E-004
   3.708818E-004
   3.639051E-004
   3.564388E-004
   3.484719E-004
   3.399992E-004
   3.310393E-004
   3.216169E-004
   3.117566E-004
   3.014830E-004
   2.908207E-004
   2.797944E-004
   2.684287E-004
   2.567483E-004
   2.447777E-004
   2.325416E-004
   2.200646E-004
   2.073714E-004
   1.944866E-004
   1.814347E-004
   1.682405E-004
   1.549286E-004
   1.415235E-004
   1.280500E-004
   1.145326E-004
   1.009959E-004
   8.746472E-005
   7.396352E-005
   6.051699E-005
   4.714974E-005
   3.388641E-005
   2.075163E-005
   7.770013E-006
  -5.033802E-006
  -1.763519E-005
  -3.000952E-005
  -4.213216E-005
  -5.397849E-005
  -6.552388E-005
  -7.674370E-005
  -8.761332E-005
  -9.810812E-005
  -1.082035E-004
  -1.178747E-004
  -1.270973E-004
  -1.358465E-004
  -1.440977E-004
  -1.518263E-004
  -1.590078E-004
  -1.656173E-004
  -1.716304E-004
  -1.770224E-004
  -1.817686E-004
  -1.858445E-004
  -1.892253E-004
  -1.918931E-004
  -1.938556E-004
  -1.951273E-004
  -1.957226E-004
  -1.956557E-004
  -1.949413E-004
  -1.935935E-004
  -1.916269E-004
  -1.890558E-004
  -1.858946E-004
  -1.821577E-004
  -1.778596E-004
  -1.730144E-004
  -1.676368E-004
  -1.617411E-004
  -1.553416E-004
  -1.484527E-004
  -1.410890E-004
  -1.332646E-004
  -1.249941E-004
  -1.162918E-004
  -1.071722E-004
  -9.764950E-005
  -8.773825E-005
  -7.745280E-005
  -6.680753E-005
  -5.581685E-005
  -4.449514E-005
  -3.285680E-005
  -2.091621E-005
  -8.687775E-006
   3.814116E-006
   1.657507E-005
   2.958070E-005
   4.281660E-005
   5.626840E-005
   6.992168E-005
   8.376207E-005
   9.777517E-005
   1.119466E-004
   1.262619E-004
   1.407068E-004
   1.552668E-004
   1.699276E-004
   1.846747E-004
   1.994938E-004
   2.143704E-004
   2.292902E-004
   2.442388E-004
   2.592018E-004
   2.741648E-004
