   1.296116E-015
   7.623003E-004
   3.224414E-004
  -4.847916E-004
   4.239653E-006
   6.613773E-004
   1.089932E-004
  -5.089034E-004
   1.713553E-005
   6.366735E-004
   2.076546E-004
  -5.185710E-004
  -5.940303E-004
  -1.776668E-004
   2.948474E-004
   4.777799E-004
   3.851592E-004
   1.209535E-004
  -2.108688E-004
  -5.063394E-004
  -6.823887E-004
  -7.395426E-004
  -6.992257E-004
  -5.828627E-004
  -4.118781E-004
  -2.076967E-004
   8.257000E-006
   2.145582E-004
   3.897824E-004
   5.125049E-004
   5.668267E-004
   5.589515E-004
   5.006085E-004
   4.035270E-004
   2.794365E-004
   1.400661E-004
  -2.854835E-006
  -1.375970E-004
  -2.524310E-004
  -3.356277E-004
  -3.784228E-004
  -3.839124E-004
  -3.581577E-004
  -3.072200E-004
  -2.371603E-004
  -1.540400E-004
  -6.392027E-005
   2.713776E-005
   1.130729E-004
   1.878238E-004
   2.464499E-004
   2.884918E-004
   3.146109E-004
   3.254683E-004
   3.217254E-004
   3.040434E-004
   2.730835E-004
   2.295070E-004
   1.739751E-004
   1.071490E-004
   3.037621E-005
  -5.225122E-005
  -1.359550E-004
  -2.159569E-004
  -2.874786E-004
  -3.457418E-004
  -3.859684E-004
  -4.033799E-004
  -3.931982E-004
  -3.506449E-004
  -2.732569E-004
  -1.678312E-004
  -4.347995E-005
   9.068470E-005
   2.255506E-004
   3.520057E-004
   4.609378E-004
   5.432348E-004
   5.897845E-004
   5.914749E-004
   5.424739E-004
   4.500696E-004
   3.248304E-004
   1.773247E-004
   1.812059E-005
  -1.422135E-004
  -2.931092E-004
  -4.239984E-004
  -5.243127E-004
  -5.834837E-004
  -5.940060E-004
  -5.606248E-004
  -4.911482E-004
  -3.933843E-004
  -2.751412E-004
  -1.442269E-004
  -8.449423E-006
   1.243831E-004
   2.464626E-004
   3.499811E-004
   4.287507E-004
   4.830647E-004
   5.148364E-004
   5.259793E-004
   5.184070E-004
   4.940328E-004
   4.547702E-004
   4.025326E-004
   3.392335E-004
   2.667864E-004
   1.871047E-004
   1.021019E-004
   1.369132E-005
  -7.621346E-005
  -1.656990E-004
  -2.528519E-004
  -3.357587E-004
  -4.125059E-004
  -4.811801E-004
  -5.398678E-004
  -5.870766E-004
  -6.229980E-004
  -6.482446E-004
  -6.634290E-004
  -6.691638E-004
  -6.660614E-004
  -6.547345E-004
  -6.357957E-004
  -6.098574E-004
  -5.775324E-004
  -5.394331E-004
  -4.961721E-004
  -4.483619E-004
  -3.966152E-004
  -3.415446E-004
  -2.837625E-004
  -2.238815E-004
  -1.625143E-004
  -1.002733E-004
  -3.777120E-005
   2.440285E-005
   8.575308E-005
   1.458071E-004
   2.040924E-004
   2.601366E-004
   3.134673E-004
   3.636121E-004
   4.100986E-004
   4.524543E-004
   4.902069E-004
   5.228838E-004
   5.500128E-004
   5.711213E-004
   5.857370E-004
   5.933874E-004
   5.936002E-004
   5.859028E-004
   5.698230E-004
   5.448882E-004
   5.106261E-004
   4.668451E-004
   4.144769E-004
   3.547341E-004
   2.888295E-004
   2.179755E-004
   1.433848E-004
   6.627009E-005
  -1.215614E-005
  -9.068123E-005
  -1.680926E-004
  -2.431775E-004
  -3.147235E-004
  -3.815180E-004
  -4.423482E-004
  -4.960016E-004
  -5.412655E-004
  -5.769275E-004
  -6.017748E-004
  -6.145948E-004
  -6.141749E-004
  -5.997302E-004
  -5.721863E-004
  -5.328965E-004
  -4.832141E-004
  -4.244923E-004
  -3.580844E-004
  -2.853437E-004
  -2.076236E-004
  -1.262772E-004
  -4.265792E-005
   4.188102E-005
   1.259863E-004
   2.083047E-004
   2.874829E-004
   3.621675E-004
   4.310054E-004
   4.926433E-004
   5.457278E-004
   5.889056E-004
   6.208236E-004
   6.404995E-004
   6.484360E-004
   6.455068E-004
   6.325857E-004
   6.105464E-004
   5.802627E-004
   5.426083E-004
   4.984571E-004
   4.486827E-004
   3.941589E-004
   3.357596E-004
   2.743583E-004
   2.108290E-004
   1.460453E-004
   8.088100E-005
   1.620989E-005
  -4.709430E-005
  -1.081578E-004
  -1.661068E-004
  -2.200677E-004
  -2.691666E-004
  -3.125298E-004
  -3.492835E-004
  -3.785539E-004
  -3.994674E-004
  -4.114086E-004
  -4.147963E-004
  -4.103075E-004
  -3.986195E-004
  -3.804095E-004
  -3.563545E-004
  -3.271319E-004
  -2.934187E-004
  -2.558921E-004
  -2.152293E-004
  -1.721075E-004
  -1.272039E-004
  -8.119553E-005
  -3.475967E-005
   1.142652E-005
   5.668588E-005
   1.003412E-004
   1.417154E-004
   1.801313E-004
   2.149116E-004
   2.453792E-004
   2.708570E-004
   2.906677E-004
   3.041342E-004
   3.105793E-004
   3.095403E-004
   3.014122E-004
   2.868043E-004
   2.663261E-004
   2.405869E-004
   2.101961E-004
   1.757632E-004
   1.378976E-004
   9.720857E-005
   5.430561E-005
   9.798108E-006
  -3.570455E-005
  -8.159295E-005
  -1.272577E-004
  -1.720894E-004
  -2.154787E-004
  -2.568161E-004
  -2.954923E-004
  -3.308978E-004
  -3.624232E-004
  -3.894592E-004
  -4.113964E-004
  -4.276253E-004
  -4.375366E-004
  -4.405208E-004
  -4.361530E-004
  -4.247463E-004
  -4.067981E-004
  -3.828059E-004
  -3.532673E-004
  -3.186796E-004
  -2.795403E-004
  -2.363471E-004
  -1.895973E-004
  -1.397884E-004
  -8.741796E-005
  -3.298343E-005
   2.301771E-005
   8.008796E-005
   1.377298E-004
   1.954459E-004
   2.527385E-004
   3.091104E-004
   3.640639E-004
   4.171016E-004
   4.677260E-004
   5.154396E-004
   5.597449E-004
   6.001445E-004
   6.361408E-004
   6.673448E-004
   6.938009E-004
   7.156620E-004
   7.330809E-004
   7.462104E-004
   7.552035E-004
   7.602129E-004
   7.613915E-004
   7.588922E-004
   7.528678E-004
   7.434712E-004
   7.308552E-004
   7.151726E-004
   6.965764E-004
   6.752193E-004
   6.512542E-004
   6.248340E-004
   5.961115E-004
   5.652395E-004
   5.323710E-004
   4.976587E-004
   4.612555E-004
   4.233143E-004
   3.839879E-004
   3.434292E-004
   3.017909E-004
   2.592260E-004
   2.158874E-004
   1.719277E-004
   1.275000E-004
   8.275704E-005
   3.785167E-005
  -7.063234E-006
  -5.183484E-005
  -9.631029E-005
  -1.403367E-004
  -1.837613E-004
  -2.264312E-004
  -2.681936E-004
  -3.088955E-004
  -3.483842E-004
  -3.865068E-004
  -4.231104E-004
  -4.580422E-004
  -4.911494E-004
  -5.222791E-004
  -5.512784E-004
  -5.779945E-004
  -6.022746E-004
  -6.239658E-004
  -6.429551E-004
  -6.592893E-004
  -6.730549E-004
  -6.843385E-004
  -6.932266E-004
  -6.998059E-004
  -7.041629E-004
  -7.063843E-004
  -7.065565E-004
  -7.047662E-004
  -7.011000E-004
  -6.956444E-004
  -6.884860E-004
  -6.797114E-004
  -6.694071E-004
  -6.576599E-004
  -6.445561E-004
  -6.301825E-004
  -6.146255E-004
  -5.979719E-004
  -5.803081E-004
  -5.617207E-004
  -5.422963E-004
  -5.221216E-004
  -5.012830E-004
  -4.798671E-004
  -4.579606E-004
  -4.356500E-004
  -4.130219E-004
  -3.901629E-004
  -3.671595E-004
  -3.440984E-004
  -3.210661E-004
  -2.981492E-004
  -2.754342E-004
  -2.530078E-004
  -2.309566E-004
  -2.093670E-004
  -1.883258E-004
  -1.679194E-004
  -1.482345E-004
  -1.293576E-004
  -1.113754E-004
  -9.437431E-005
  -7.844102E-005
  -6.366209E-005
  -5.012409E-005
  -3.791362E-005
  -2.711723E-005
  -1.782153E-005
  -1.008926E-005
  -3.887919E-006
   8.388284E-007
   4.147313E-006
   6.093867E-006
   6.734821E-006
   6.126507E-006
   4.325256E-006
   1.387400E-006
  -2.630730E-006
  -7.672802E-006
  -1.368248E-005
  -2.060345E-005
  -2.837936E-005
  -3.695388E-005
  -4.627070E-005
  -5.627346E-005
  -6.690585E-005
  -7.811153E-005
  -8.983416E-005
  -1.020174E-004
  -1.146050E-004
  -1.275405E-004
  -1.407677E-004
  -1.542301E-004
  -1.678716E-004
  -1.816356E-004
  -1.954660E-004
  -2.093064E-004
  -2.231004E-004
  -2.367917E-004
  -2.503240E-004
  -2.636409E-004
  -2.766862E-004
  -2.894034E-004
  -3.017363E-004
  -3.136285E-004
  -3.250238E-004
  -3.358656E-004
  -3.460979E-004
  -3.556641E-004
  -3.645079E-004
  -3.725732E-004
  -3.798034E-004
  -3.861423E-004
  -3.915335E-004
  -3.959207E-004
  -3.992476E-004
  -4.014579E-004
  -4.024952E-004
  -4.023206E-004
  -4.009655E-004
  -3.984784E-004
  -3.949081E-004
  -3.903032E-004
  -3.847124E-004
  -3.781845E-004
  -3.707681E-004
  -3.625119E-004
  -3.534647E-004
  -3.436750E-004
  -3.331916E-004
  -3.220632E-004
  -3.103384E-004
  -2.980661E-004
  -2.852947E-004
  -2.720732E-004
  -2.584500E-004
  -2.444740E-004
  -2.301938E-004
  -2.156581E-004
  -2.009156E-004
  -1.860150E-004
  -1.710050E-004
  -1.559343E-004
  -1.408515E-004
  -1.258054E-004
  -1.108446E-004
  -9.601787E-005
  -8.137387E-005
  -6.696129E-005
  -5.282883E-005
  -3.902517E-005
  -2.559901E-005
  -1.259904E-005
  -7.394383E-008
   1.192758E-005
   2.335685E-005
   3.416516E-005
   4.430382E-005
   5.372416E-005
   6.237746E-005
   7.021505E-005
   7.718823E-005
   8.324831E-005
   8.834659E-005
   9.243440E-005
   9.546303E-005
   9.738379E-005
   9.814800E-005
   9.772093E-005
   9.612372E-005
   9.339150E-005
   8.955939E-005
   8.466249E-005
   7.873593E-005
   7.181483E-005
   6.393429E-005
   5.512945E-005
   4.543541E-005
   3.488728E-005
   2.352020E-005
   1.136928E-005
  -1.530378E-006
  -1.514364E-005
  -2.943540E-005
  -4.437054E-005
  -5.991393E-005
  -7.603047E-005
  -9.268503E-005
  -1.098425E-004
  -1.274678E-004
  -1.455257E-004
  -1.639812E-004
  -1.827991E-004
  -2.019444E-004
  -2.213819E-004
  -2.410764E-004
  -2.609930E-004
  -2.810963E-004
  -3.013515E-004
  -3.217232E-004
  -3.421765E-004
  -3.626761E-004
  -3.831870E-004
  -4.036741E-004
  -4.241022E-004
  -4.444362E-004
  -4.646411E-004
  -4.846816E-004
  -5.045227E-004
  -5.241292E-004
  -5.434661E-004
  -5.624982E-004
  -5.811903E-004
  -5.995075E-004
  -6.174146E-004
  -6.348764E-004
  -6.518578E-004
  -6.683237E-004
  -6.842433E-004
  -6.996023E-004
  -7.143910E-004
  -7.285993E-004
  -7.422174E-004
  -7.552354E-004
  -7.676433E-004
  -7.794313E-004
  -7.905895E-004
  -8.011079E-004
  -8.109767E-004
  -8.201859E-004
  -8.287257E-004
  -8.365860E-004
  -8.437572E-004
  -8.502291E-004
  -8.559920E-004
  -8.610359E-004
  -8.653509E-004
  -8.689271E-004
  -8.717546E-004
  -8.738235E-004
  -8.751239E-004
  -8.756459E-004
  -8.753795E-004
  -8.743150E-004
  -8.724423E-004
  -8.697515E-004
  -8.662329E-004
  -8.618764E-004
  -8.566721E-004
  -8.506102E-004
  -8.436807E-004
  -8.358738E-004
  -8.271795E-004
  -8.175879E-004
  -8.070892E-004
  -7.956733E-004
  -7.833305E-004
  -7.700508E-004
  -7.558243E-004
  -7.406410E-004
  -7.244912E-004
  -7.073649E-004
  -6.892521E-004
  -6.701430E-004
  -6.500277E-004
  -6.288963E-004
  -6.067388E-004
  -5.835454E-004
  -5.593174E-004
  -5.341010E-004
  -5.079540E-004
  -4.809337E-004
  -4.530978E-004
  -4.245038E-004
  -3.952093E-004
  -3.652718E-004
  -3.347488E-004
  -3.036980E-004
  -2.721768E-004
  -2.402428E-004
  -2.079536E-004
  -1.753667E-004
  -1.425397E-004
  -1.095301E-004
  -7.639550E-005
  -4.319341E-005
  -9.981391E-006
   2.318300E-005
   5.624222E-005
   8.913871E-005
   1.218149E-004
   1.542133E-004
   1.862763E-004
   2.179463E-004
   2.491659E-004
   2.798775E-004
   3.100234E-004
   3.395462E-004
   3.683884E-004
   3.964922E-004
   4.238003E-004
   4.502551E-004
   4.757989E-004
   5.003743E-004
   5.239237E-004
   5.463896E-004
   5.677144E-004
   5.878405E-004
   6.067104E-004
   6.242665E-004
   6.404514E-004
   6.552074E-004
   6.684770E-004
   6.802026E-004
   6.903267E-004
   6.987918E-004
   7.055402E-004
   7.105145E-004
   7.136780E-004
   7.150776E-004
   7.147813E-004
   7.128569E-004
   7.093722E-004
   7.043952E-004
   6.979937E-004
   6.902356E-004
   6.811887E-004
   6.709210E-004
   6.595003E-004
   6.469945E-004
   6.334715E-004
   6.189990E-004
   6.036451E-004
   5.874775E-004
   5.705642E-004
   5.529730E-004
   5.347718E-004
   5.160284E-004
   4.968107E-004
   4.771867E-004
   4.572242E-004
   4.369909E-004
   4.165550E-004
   3.959841E-004
   3.753461E-004
   3.547090E-004
   3.341406E-004
   3.137088E-004
   2.934815E-004
   2.735265E-004
   2.539116E-004
   2.347049E-004
   2.159741E-004
   1.977871E-004
   1.802118E-004
   1.633160E-004
   1.471677E-004
   1.318347E-004
   1.173848E-004
   1.038861E-004
   9.140618E-005
   8.001311E-005
   6.977470E-005
   6.075883E-005
   5.303338E-005
   4.666620E-005
   4.172518E-005
   3.827818E-005
   3.637092E-005
   3.596044E-005
   3.698161E-005
   3.936931E-005
   4.305842E-005
   4.798382E-005
   5.408038E-005
   6.128298E-005
   6.952650E-005
   7.874582E-005
   8.887580E-005
   9.985134E-005
   1.116073E-004
   1.240786E-004
   1.372000E-004
   1.509065E-004
   1.651330E-004
   1.798142E-004
   1.948852E-004
   2.102807E-004
   2.259357E-004
   2.417850E-004
   2.577634E-004
   2.738060E-004
   2.898475E-004
   3.058229E-004
   3.216669E-004
   3.373146E-004
   3.527007E-004
   3.677602E-004
   3.824278E-004
   3.966386E-004
   4.103274E-004
   4.234289E-004
   4.358783E-004
   4.476102E-004
   4.585596E-004
   4.686614E-004
   4.778504E-004
   4.860615E-004
   4.932296E-004
   4.992896E-004
   5.041763E-004
   5.078247E-004
   5.101695E-004
   5.111458E-004
   5.106883E-004
   5.087319E-004
   5.052115E-004
   5.000620E-004
   4.932412E-004
   4.847983E-004
   4.748056E-004
   4.633353E-004
   4.504594E-004
   4.362503E-004
   4.207802E-004
   4.041211E-004
   3.863454E-004
   3.675252E-004
   3.477327E-004
   3.270401E-004
   3.055196E-004
   2.832434E-004
   2.602837E-004
   2.367127E-004
   2.126025E-004
   1.880254E-004
   1.630535E-004
   1.377592E-004
   1.122144E-004
   8.649153E-005
   6.066268E-005
   3.480006E-005
   8.975867E-006
  -1.673771E-005
  -4.226846E-005
  -6.754421E-005
  -9.249275E-005
  -1.170419E-004
  -1.411195E-004
  -1.646532E-004
  -1.875710E-004
  -2.098006E-004
  -2.312699E-004
  -2.519065E-004
  -2.716384E-004
  -2.903934E-004
  -3.080992E-004
  -3.246837E-004
  -3.400747E-004
  -3.541999E-004
  -3.669872E-004
  -3.783643E-004
  -3.882592E-004
  -3.965996E-004
  -4.033132E-004
  -4.083280E-004
  -4.115716E-004
  -4.129720E-004
  -4.124824E-004
  -4.101579E-004
  -4.060791E-004
  -4.003265E-004
  -3.929808E-004
  -3.841226E-004
  -3.738324E-004
  -3.621908E-004
  -3.492785E-004
  -3.351759E-004
  -3.199637E-004
  -3.037225E-004
  -2.865328E-004
  -2.684752E-004
  -2.496304E-004
  -2.300789E-004
  -2.099012E-004
  -1.891781E-004
  -1.679900E-004
  -1.464175E-004
  -1.245413E-004
  -1.024419E-004
  -8.019993E-005
  -5.789592E-005
  -3.561050E-005
  -1.342423E-005
   8.582294E-006
   3.032848E-005
   5.173376E-005
   7.271753E-005
   9.319921E-005
   1.130982E-004
   1.323340E-004
   1.508259E-004
   1.684933E-004
   1.852558E-004
   2.010327E-004
   2.157433E-004
   2.293072E-004
   2.416438E-004
   2.526724E-004
   2.623124E-004
   2.704834E-004
   2.771046E-004
   2.820956E-004
   2.853757E-004
   2.868643E-004
   2.864809E-004
   2.841449E-004
   2.797757E-004
   2.733212E-004
   2.648438E-004
   2.544344E-004
   2.421837E-004
   2.281828E-004
   2.125224E-004
   1.952934E-004
   1.765868E-004
   1.564933E-004
   1.351039E-004
   1.125094E-004
   8.880065E-005
   6.406859E-005
   3.840406E-005
   1.189794E-005
  -1.535891E-005
  -4.327561E-005
  -7.176129E-005
  -1.007251E-004
  -1.300761E-004
  -1.597235E-004
  -1.895764E-004
  -2.195439E-004
  -2.495352E-004
  -2.794593E-004
  -3.092255E-004
  -3.387427E-004
  -3.679203E-004
  -3.966672E-004
  -4.248927E-004
  -4.525058E-004
  -4.794157E-004
  -5.055315E-004
  -5.307623E-004
  -5.550173E-004
  -5.782056E-004
  -6.002363E-004
  -6.210186E-004
  -6.404615E-004
  -6.584742E-004
  -6.749659E-004
  -6.898456E-004
  -7.030226E-004
  -7.144058E-004
  -7.239045E-004
  -7.314277E-004
  -7.368847E-004
  -7.401845E-004
  -7.412363E-004
  -7.399491E-004
  -7.362610E-004
  -7.302253E-004
  -7.219242E-004
  -7.114399E-004
  -6.988546E-004
  -6.842505E-004
  -6.677098E-004
  -6.493146E-004
  -6.291472E-004
  -6.072898E-004
  -5.838245E-004
  -5.588336E-004
  -5.323992E-004
  -5.046035E-004
  -4.755288E-004
  -4.452571E-004
  -4.138708E-004
  -3.814520E-004
  -3.480829E-004
  -3.138457E-004
  -2.788226E-004
  -2.430957E-004
  -2.067473E-004
  -1.698596E-004
  -1.325148E-004
  -9.479500E-005
  -5.678246E-005
  -1.855936E-005
   1.979211E-005
   5.818975E-005
   9.655136E-005
   1.347948E-004
   1.728378E-004
   2.105981E-004
   2.479937E-004
   2.849423E-004
   3.213618E-004
   3.571698E-004
   3.922843E-004
   4.266230E-004
   4.601038E-004
   4.926444E-004
   5.241626E-004
   5.545764E-004
   5.838034E-004
   6.117614E-004
   6.383684E-004
   6.635420E-004
   6.872002E-004
   7.092606E-004
   7.296607E-004
   7.484161E-004
   7.655620E-004
   7.811335E-004
   7.951658E-004
   8.076942E-004
   8.187537E-004
   8.283796E-004
   8.366070E-004
   8.434712E-004
   8.490073E-004
   8.532505E-004
   8.562359E-004
   8.579988E-004
   8.585743E-004
   8.579976E-004
   8.563039E-004
   8.535284E-004
   8.497062E-004
   8.448725E-004
   8.390626E-004
   8.323115E-004
   8.246545E-004
   8.161267E-004
   8.067634E-004
   7.965996E-004
   7.856707E-004
   7.740117E-004
   7.616579E-004
   7.486444E-004
   7.350063E-004
   7.207790E-004
   7.059975E-004
   6.906971E-004
   6.749129E-004
   6.586801E-004
   6.420339E-004
   6.250095E-004
   6.076420E-004
   5.899666E-004
   5.720185E-004
   5.538329E-004
   5.354450E-004
   5.168899E-004
   4.982028E-004
   4.794189E-004
   4.605735E-004
   4.417015E-004
   4.228383E-004
   4.040191E-004
   3.852750E-004
   3.666215E-004
   3.480703E-004
   3.296328E-004
   3.113206E-004
   2.931452E-004
   2.751183E-004
   2.572513E-004
   2.395557E-004
   2.220433E-004
   2.047254E-004
   1.876137E-004
   1.707196E-004
   1.540548E-004
   1.376308E-004
   1.214591E-004
   1.055514E-004
   8.991902E-005
   7.457367E-005
   5.952686E-005
   4.479013E-005
   3.037504E-005
   1.629313E-005
   2.555960E-006
  -1.082493E-005
  -2.383798E-005
  -3.647165E-005
  -4.871439E-005
  -6.055465E-005
  -7.198088E-005
  -8.298153E-005
  -9.354505E-005
  -1.036599E-004
  -1.133145E-004
  -1.224973E-004
  -1.311969E-004
  -1.394015E-004
  -1.470997E-004
  -1.542799E-004
  -1.609307E-004
  -1.670403E-004
  -1.725973E-004
  -1.775902E-004
  -1.820073E-004
  -1.858372E-004
  -1.890682E-004
  -1.916889E-004
  -1.936876E-004
  -1.950529E-004
  -1.957732E-004
  -1.958433E-004
  -1.952840E-004
  -1.941223E-004
  -1.923852E-004
  -1.900998E-004
  -1.872933E-004
  -1.839927E-004
  -1.802251E-004
  -1.760175E-004
  -1.713971E-004
  -1.663908E-004
  -1.610259E-004
  -1.553293E-004
  -1.493282E-004
  -1.430496E-004
  -1.365206E-004
  -1.297683E-004
  -1.228197E-004
  -1.157020E-004
  -1.084422E-004
  -1.010673E-004
  -9.360456E-005
  -8.608095E-005
  -7.852356E-005
  -7.095947E-005
  -6.341575E-005
  -5.591950E-005
  -4.849777E-005
  -4.117766E-005
  -3.398624E-005
  -2.695059E-005
  -2.009778E-005
  -1.345490E-005
  -7.049014E-006
  -9.072079E-007
   4.943442E-006
   1.047586E-005
   1.566296E-005
   2.047768E-005
   2.489292E-005
   2.888162E-005
   3.241670E-005
   3.547108E-005
   3.801768E-005
   4.002943E-005
   4.147924E-005
   4.234004E-005
   4.258475E-005
   4.218629E-005
   4.111759E-005
   3.935923E-005
   3.692243E-005
   3.382611E-005
   3.008914E-005
   2.573042E-005
   2.076885E-005
   1.522331E-005
   9.112705E-006
   2.455926E-006
  -4.728135E-006
  -1.242058E-005
  -2.060253E-005
  -2.925507E-005
  -3.835933E-005
  -4.789639E-005
  -5.784738E-005
  -6.819340E-005
  -7.891555E-005
  -8.999494E-005
  -1.014127E-004
  -1.131499E-004
  -1.251876E-004
  -1.375070E-004
  -1.500892E-004
  -1.629153E-004
  -1.759664E-004
  -1.892235E-004
  -2.026679E-004
  -2.162805E-004
  -2.300426E-004
  -2.439352E-004
  -2.579394E-004
  -2.720364E-004
  -2.862072E-004
  -3.004329E-004
  -3.146947E-004
  -3.289736E-004
  -3.432508E-004
  -3.575074E-004
  -3.717245E-004
  -3.858831E-004
  -3.999645E-004
  -4.139496E-004
  -4.278197E-004
  -4.415557E-004
  -4.551389E-004
  -4.685503E-004
  -4.817710E-004
  -4.947822E-004
  -5.075649E-004
  -5.201042E-004
  -5.324012E-004
  -5.444606E-004
  -5.562876E-004
  -5.678870E-004
  -5.792638E-004
  -5.904229E-004
  -6.013693E-004
  -6.121080E-004
  -6.226438E-004
  -6.329817E-004
  -6.431267E-004
  -6.530837E-004
  -6.628577E-004
  -6.724536E-004
  -6.818763E-004
  -6.911308E-004
  -7.002221E-004
  -7.091551E-004
  -7.179347E-004
  -7.265659E-004
  -7.350537E-004
  -7.434029E-004
  -7.516186E-004
  -7.597057E-004
  -7.676690E-004
  -7.755137E-004
  -7.832446E-004
  -7.908666E-004
  -7.983847E-004
  -8.058039E-004
  -8.131292E-004
  -8.203653E-004
  -8.275174E-004
  -8.345903E-004
  -8.415890E-004
  -8.485185E-004
  -8.553836E-004
  -8.621894E-004
  -8.689408E-004
  -8.756427E-004
  -8.823000E-004
  -8.889178E-004
  -8.955010E-004
  -9.020545E-004
  -9.085832E-004
  -9.150922E-004
  -9.215863E-004
  -9.280706E-004
  -9.345498E-004
  -9.410291E-004
