    5.488212E-10    9.507357E-09    4.590141E-08    8.521697E-07    1.949590E-06    5.488212E-06
    5.936611E-10    1.028413E-08    4.965166E-08    9.217938E-07    2.108876E-06    5.936611E-06
    6.421646E-10    1.112437E-08    5.370831E-08    9.971065E-07    2.281176E-06    6.421646E-06
    6.946309E-10    1.203325E-08    5.809640E-08    1.078572E-06    2.467553E-06    6.946309E-06
    7.513838E-10    1.301640E-08    6.284301E-08    1.166694E-06    2.669158E-06    7.513838E-06
    8.127735E-10    1.407986E-08    6.797742E-08    1.262016E-06    2.887234E-06    8.127735E-06
    8.791790E-10    1.523022E-08    7.353133E-08    1.365125E-06    3.123128E-06    8.791790E-06
    9.510099E-10    1.647456E-08    7.953901E-08    1.476659E-06    3.378294E-06    9.510099E-06
    1.028709E-09    1.782057E-08    8.603752E-08    1.597305E-06    3.654309E-06    1.028709E-05
    1.112757E-09    1.927655E-08    9.306698E-08    1.727809E-06    3.952874E-06    1.112757E-05
    1.203672E-09    2.085149E-08    1.006708E-07    1.868975E-06    4.275832E-06    1.203672E-05
    1.302015E-09    2.255511E-08    1.088958E-07    2.021674E-06    4.625178E-06    1.302015E-05
    1.408392E-09    2.439791E-08    1.177928E-07    2.186849E-06    5.003065E-06    1.408392E-05
    1.523461E-09    2.639127E-08    1.274168E-07    2.365520E-06    5.411826E-06    1.523461E-05
    1.647931E-09    2.854750E-08    1.378270E-07    2.558788E-06    5.853985E-06    1.647931E-05
    1.782571E-09    3.087989E-08    1.490878E-07    2.767847E-06    6.332268E-06    1.782571E-05
    1.928211E-09    3.340285E-08    1.612686E-07    2.993986E-06    6.849629E-06    1.928211E-05
    2.085750E-09    3.613193E-08    1.744446E-07    3.238601E-06    7.409259E-06    2.085750E-05
    2.256161E-09    3.908399E-08    1.886971E-07    3.503202E-06    8.014611E-06    2.256161E-05
    2.440494E-09    4.227724E-08    2.041140E-07    3.789421E-06    8.669423E-06    2.440494E-05
    2.639888E-09    4.573139E-08    2.207906E-07    4.099025E-06    9.377734E-06    2.639888E-05
    2.855572E-09    4.946774E-08    2.388297E-07    4.433925E-06    1.014392E-05    2.855572E-05
    3.088879E-09    5.350936E-08    2.583426E-07    4.796186E-06    1.097270E-05    3.088879E-05
    3.341247E-09    5.788120E-08    2.794497E-07    5.188045E-06    1.186919E-05    3.341247E-05
    3.614234E-09    6.261022E-08    3.022814E-07    5.611920E-06    1.283893E-05    3.614234E-05
    3.909525E-09    6.772561E-08    3.269785E-07    6.070426E-06    1.388790E-05    3.909525E-05
    4.228942E-09    7.325894E-08    3.536933E-07    6.566393E-06    1.502257E-05    4.228942E-05
    4.574455E-09    7.924435E-08    3.825908E-07    7.102882E-06    1.624994E-05    4.574455E-05
    4.948198E-09    8.571879E-08    4.138493E-07    7.683203E-06    1.757760E-05    4.948198E-05
    5.352477E-09    9.272220E-08    4.476617E-07    8.310937E-06    1.901373E-05    5.352477E-05
    5.789786E-09    1.002978E-07    4.842366E-07    8.989958E-06    2.056719E-05    5.789786E-05
    6.262824E-09    1.084923E-07    5.237998E-07    9.724457E-06    2.224757E-05    6.262824E-05
    6.774510E-09    1.173564E-07    5.665954E-07    1.051897E-05    2.406525E-05    6.774510E-05
    7.328002E-09    1.269447E-07    6.128874E-07    1.137839E-05    2.603143E-05    7.328002E-05
    7.926715E-09    1.373163E-07    6.629616E-07    1.230803E-05    2.815825E-05    7.926715E-05
    8.574344E-09    1.485354E-07    7.171270E-07    1.331362E-05    3.045884E-05    8.574344E-05
    9.274886E-09    1.606710E-07    7.757177E-07    1.440137E-05    3.294739E-05    9.274886E-05
    1.003266E-08    1.737982E-07    8.390955E-07    1.557799E-05    3.563926E-05    1.003266E-04
    1.085235E-08    1.879978E-07    9.076513E-07    1.685074E-05    3.855106E-05    1.085235E-04
    1.173901E-08    2.033576E-07    9.818083E-07    1.822748E-05    4.170076E-05    1.173901E-04
    1.269811E-08    2.199724E-07    1.062024E-06    1.971671E-05    4.510780E-05    1.269811E-04
    1.373557E-08    2.379445E-07    1.148793E-06    2.132760E-05    4.879320E-05    1.373557E-04
    1.485780E-08    2.573851E-07    1.242652E-06    2.307011E-05    5.277970E-05    1.485780E-04
    1.607171E-08    2.784140E-07    1.344179E-06    2.495498E-05    5.709191E-05    1.607171E-04
    1.738480E-08    3.011609E-07    1.454001E-06    2.699385E-05    6.175643E-05    1.738480E-04
    1.880517E-08    3.257663E-07    1.572796E-06    2.919930E-05    6.680204E-05    1.880517E-04
    2.034159E-08    3.523821E-07    1.701296E-06    3.158494E-05    7.225990E-05    2.034159E-04
    2.200353E-08    3.811723E-07    1.840296E-06    3.416549E-05    7.816367E-05    2.200353E-04
    2.380126E-08    4.123148E-07    1.990651E-06    3.695687E-05    8.454978E-05    2.380126E-04
    2.574587E-08    4.460017E-07    2.153291E-06    3.997631E-05    9.145765E-05    2.574587E-04
    2.784935E-08    4.824408E-07    2.329218E-06    4.324245E-05    9.892990E-05    2.784935E-04
    3.012469E-08    5.218570E-07    2.519520E-06    4.677543E-05    1.070126E-04    3.012469E-04
    3.258593E-08    5.644936E-07    2.725369E-06    5.059706E-05    1.157558E-04    3.258593E-04
    3.524825E-08    6.106137E-07    2.948036E-06    5.473092E-05    1.252132E-04    3.524825E-04
    3.812809E-08    6.605017E-07    3.188895E-06    5.920252E-05    1.354433E-04    3.812809E-04
    4.124321E-08    7.144657E-07    3.449432E-06    6.403946E-05    1.465092E-04    4.124321E-04
    4.461284E-08    7.728386E-07    3.731256E-06    6.927158E-05    1.584792E-04    4.461284E-04
    4.825777E-08    8.359806E-07    4.036105E-06    7.493116E-05    1.714272E-04    4.825777E-04
    5.220050E-08    9.042813E-07    4.365860E-06    8.105313E-05    1.854330E-04    5.220049E-04
    5.646534E-08    9.781622E-07    4.722556E-06    8.767527E-05    2.005831E-04    5.646534E-04
    6.107862E-08    1.058079E-06    5.108394E-06    9.483844E-05    2.169710E-04    6.107862E-04
    6.606881E-08    1.144525E-06    5.525755E-06    1.025868E-04    2.346978E-04    6.606881E-04
    7.146670E-08    1.238034E-06    5.977215E-06    1.109683E-04    2.538728E-04    7.146669E-04
    7.730559E-08    1.339183E-06    6.465558E-06    1.200345E-04    2.746144E-04    7.730558E-04
    8.362151E-08    1.448595E-06    6.993799E-06    1.298414E-04    2.970506E-04    8.362151E-04
    9.045344E-08    1.566946E-06    7.565197E-06    1.404495E-04    3.213198E-04    9.045343E-04
    9.784353E-08    1.694966E-06    8.183277E-06    1.519243E-04    3.475718E-04    9.784352E-04
    1.058374E-07    1.833445E-06    8.851853E-06    1.643366E-04    3.759686E-04    1.058374E-03
    1.144843E-07    1.983238E-06    9.575051E-06    1.777629E-04    4.066853E-04    1.144843E-03
    1.238377E-07    2.145269E-06    1.035733E-05    1.922861E-04    4.399115E-04    1.238377E-03
    1.339552E-07    2.320537E-06    1.120353E-05    2.079959E-04    4.758521E-04    1.339552E-03
    1.448993E-07    2.510124E-06    1.211885E-05    2.249891E-04    5.147291E-04    1.448993E-03
    1.567375E-07    2.715200E-06    1.310895E-05    2.433705E-04    5.567821E-04    1.567374E-03
    1.695428E-07    2.937029E-06    1.417994E-05    2.632537E-04    6.022708E-04    1.695428E-03
    1.833943E-07    3.176981E-06    1.533843E-05    2.847613E-04    6.514756E-04    1.833942E-03
    1.983773E-07    3.436536E-06    1.659156E-05    3.080259E-04    7.047003E-04    1.983773E-03
    2.145844E-07    3.717296E-06    1.794706E-05    3.331911E-04    7.622732E-04    2.145844E-03
    2.321155E-07    4.020991E-06    1.941330E-05    3.604121E-04    8.245494E-04    2.321155E-03
    2.510788E-07    4.349497E-06    2.099932E-05    3.898570E-04    8.919132E-04    2.510787E-03
    2.715913E-07    4.704839E-06    2.271491E-05    4.217072E-04    9.647801E-04    2.715912E-03
    2.937795E-07    5.089210E-06    2.457065E-05    4.561594E-04    1.043600E-03    2.937793E-03
    3.177802E-07    5.504981E-06    2.657798E-05    4.934260E-04    1.128858E-03    3.177800E-03
    3.437416E-07    5.954716E-06    2.874930E-05    5.337370E-04    1.221081E-03    3.437413E-03
    3.718238E-07    6.441189E-06    3.109799E-05    5.773409E-04    1.320838E-03    3.718234E-03
    4.021999E-07    6.967402E-06    3.363854E-05    6.245067E-04    1.428744E-03    4.021994E-03
    4.350573E-07    7.536599E-06    3.638661E-05    6.755254E-04    1.545464E-03    4.350568E-03
    4.705988E-07    8.152292E-06    3.935917E-05    7.307115E-04    1.671719E-03    4.705981E-03
    5.090434E-07    8.818277E-06    4.257454E-05    7.904055E-04    1.808286E-03    5.090425E-03
    5.506283E-07    9.538662E-06    4.605255E-05    8.549755E-04    1.956009E-03    5.506272E-03
    5.956099E-07    1.031789E-05    4.981465E-05    9.248197E-04    2.115798E-03    5.956085E-03
    6.442656E-07    1.116076E-05    5.388403E-05    1.000369E-03    2.288639E-03    6.442638E-03
    6.968954E-07    1.207248E-05    5.828580E-05    1.082088E-03    2.475597E-03    6.968931E-03
    7.538238E-07    1.305866E-05    6.304708E-05    1.170483E-03    2.677824E-03    7.538209E-03
    8.154017E-07    1.412539E-05    6.819723E-05    1.266096E-03    2.896569E-03    8.153981E-03
    8.820088E-07    1.527924E-05    7.376801E-05    1.369519E-03    3.133178E-03    8.820042E-03
    9.540556E-07    1.652733E-05    7.979374E-05    1.481388E-03    3.389111E-03    9.540498E-03
    1.031986E-06    1.787734E-05    8.631157E-05    1.602393E-03    3.665945E-03    1.031979E-02
    1.116281E-06    1.933759E-05    9.336167E-05    1.733279E-03    3.965386E-03    1.116272E-02
    1.207459E-06    2.091709E-05    1.009875E-04    1.874854E-03    4.289279E-03    1.207447E-02
    1.306082E-06    2.262557E-05    1.092360E-04    2.027989E-03    4.639620E-03    1.306068E-02
    1.412759E-06    2.447355E-05    1.181580E-04    2.193628E-03    5.018567E-03    1.412740E-02
    1.528145E-06    2.647241E-05    1.278085E-04    2.372792E-03    5.428455E-03    1.528121E-02
    1.652952E-06    2.863447E-05    1.382469E-04    2.566583E-03    5.871807E-03    1.652922E-02
    1.787948E-06    3.097304E-05    1.495375E-04    2.776195E-03    6.351353E-03    1.787910E-02
    1.933965E-06    3.350252E-05    1.617498E-04    3.002918E-03    6.870047E-03    1.933917E-02
    2.091901E-06    3.623848E-05    1.749590E-04    3.248149E-03    7.431080E-03    2.091840E-02
    2.262728E-06    3.919776E-05    1.892463E-04    3.513396E-03    8.037905E-03    2.262650E-02
    2.447497E-06    4.239856E-05    2.046997E-04    3.800292E-03    8.694256E-03    2.447399E-02
    2.647345E-06    4.586058E-05    2.214143E-04    4.110600E-03    9.404170E-03    2.647221E-02
    2.863501E-06    4.960510E-05    2.394928E-04    4.446231E-03    1.017201E-02    2.863345E-02
    3.097295E-06    5.365516E-05    2.590465E-04    4.809247E-03    1.100250E-02    3.097097E-02
    3.350162E-06    5.803564E-05    2.801954E-04    5.201879E-03    1.190075E-02    3.349912E-02
    3.623657E-06    6.277346E-05    3.030695E-04    5.626540E-03    1.287226E-02    3.623340E-02
    3.919460E-06    6.789772E-05    3.278094E-04    6.085838E-03    1.392301E-02    3.919059E-02
    4.239387E-06    7.343989E-05    3.545669E-04    6.582593E-03    1.505945E-02    4.238880E-02
    4.585402E-06    7.943398E-05    3.835063E-04    7.119854E-03    1.628854E-02    4.584759E-02
    4.959626E-06    8.591676E-05    4.148051E-04    7.700917E-03    1.761783E-02    4.958813E-02
    5.364356E-06    9.292798E-05    4.486552E-04    8.329343E-03    1.905546E-02    5.363327E-02
    5.802071E-06    1.005106E-04    4.852641E-04    9.008984E-03    2.061025E-02    5.800769E-02
    6.275452E-06    1.087111E-04    5.248559E-04    9.744003E-03    2.229169E-02    6.273805E-02
    6.787397E-06    1.175797E-04    5.676732E-04    1.053890E-02    2.411009E-02    6.785313E-02
    7.341038E-06    1.271705E-04    6.139777E-04    1.139853E-02    2.607656E-02    7.338402E-02
    7.939760E-06    1.375423E-04    6.640526E-04    1.232816E-02    2.820310E-02    7.936424E-02
    8.587219E-06    1.487584E-04    7.182037E-04    1.333345E-02    3.050268E-02    8.582999E-02
    9.287367E-06    1.608872E-04    7.767615E-04    1.442055E-02    3.298934E-02    9.282030E-02
    1.004447E-05    1.740027E-04    8.400832E-04    1.559607E-02    3.567819E-02    1.003772E-01
    1.086315E-05    1.881849E-04    9.085543E-04    1.686719E-02    3.858559E-02    1.085461E-01
    1.174838E-05    2.035199E-04    9.825917E-04    1.824163E-02    4.172920E-02    1.173758E-01
    1.270554E-05    2.201011E-04    1.062645E-03    1.972773E-02    4.512807E-02    1.269188E-01
    1.374045E-05    2.380290E-04    1.149201E-03    2.133453E-02    4.880278E-02    1.372318E-01
    1.485938E-05    2.574124E-04    1.242784E-03    2.307174E-02    5.277551E-02    1.483753E-01
    1.606910E-05    2.783687E-04    1.343961E-03    2.494989E-02    5.707024E-02    1.604148E-01
    1.737692E-05    3.010245E-04    1.453342E-03    2.698031E-02    6.171278E-02    1.734200E-01
    1.879075E-05    3.255165E-04    1.571589E-03    2.917525E-02    6.673100E-02    1.874660E-01
    2.031908E-05    3.519922E-04    1.699414E-03    3.154791E-02    7.215491E-02    2.026328E-01
    2.197113E-05    3.806109E-04    1.837585E-03    3.411252E-02    7.801688E-02    2.190059E-01
    2.375678E-05    4.115442E-04    1.986930E-03    3.688446E-02    8.435175E-02    2.366764E-01
    2.568674E-05    4.449773E-04    2.148345E-03    3.988027E-02    9.119701E-02    2.557411E-01
    2.777252E-05    4.811098E-04    2.322792E-03    4.311781E-02    9.859304E-02    2.763023E-01
    3.002655E-05    5.201568E-04    2.511310E-03    4.661629E-02    1.065832E-01    2.984681E-01
    3.246220E-05    5.623503E-04    2.715019E-03    5.039642E-02    1.152142E-01    3.223522E-01
    3.509390E-05    6.079398E-04    2.935125E-03    5.448049E-02    1.245360E-01    3.480731E-01
    3.793717E-05    6.571945E-04    3.172925E-03    5.889248E-02    1.346023E-01    3.757541E-01
    4.100873E-05    7.104037E-04    3.429818E-03    6.365819E-02    1.454706E-01    4.055220E-01
    4.432654E-05    7.678790E-04    3.707308E-03    6.880534E-02    1.572026E-01    4.375060E-01
    4.790997E-05    8.299555E-04    4.007011E-03    7.436373E-02    1.698640E-01    4.718362E-01
    5.177980E-05    8.969934E-04    4.330669E-03    8.036534E-02    1.835250E-01    5.086412E-01
    5.595837E-05    9.693798E-04    4.680148E-03    8.684447E-02    1.982605E-01    5.480451E-01
    6.046970E-05    1.047531E-03    5.057457E-03    9.383792E-02    2.141498E-01    5.901638E-01
    6.533954E-05    1.131892E-03    5.464751E-03    1.013851E-01    2.312772E-01    6.351002E-01
    7.059553E-05    1.222943E-03    5.904340E-03    1.095281E-01    2.497320E-01    6.829381E-01
    7.626731E-05    1.321196E-03    6.378703E-03    1.183120E-01    2.696077E-01    7.337346E-01
    8.238662E-05    1.427202E-03    6.890496E-03    1.277849E-01    2.910031E-01    7.875106E-01
    8.898745E-05    1.541550E-03    7.442559E-03    1.379981E-01    3.140209E-01    8.442398E-01
    9.610614E-05    1.664869E-03    8.037934E-03    1.490061E-01    3.387679E-01    9.038344E-01
    1.037816E-04    1.797832E-03    8.679869E-03    1.608670E-01    3.653543E-01    9.661292E-01
    1.120552E-04    1.941158E-03    9.371834E-03    1.736420E-01    3.938927E-01    1.030863E+00
    1.209713E-04    2.095613E-03    1.011753E-02    1.873964E-01    4.244970E-01    1.097655E+00
    1.305770E-04    2.262015E-03    1.092090E-02    2.021987E-01    4.572809E-01    1.165984E+00
    1.409226E-04    2.441233E-03    1.178614E-02    2.181211E-01    4.923561E-01    1.235158E+00
    1.520613E-04    2.634192E-03    1.271772E-02    2.352395E-01    5.298293E-01    1.304291E+00
    1.640498E-04    2.841872E-03    1.372036E-02    2.536329E-01    5.697997E-01    1.372272E+00
    1.769483E-04    3.065315E-03    1.479910E-02    2.733837E-01    6.123547E-01    1.437749E+00
    1.908203E-04    3.305621E-03    1.595924E-02    2.945770E-01    6.575653E-01    1.499110E+00
    2.057329E-04    3.563957E-03    1.720642E-02    3.173006E-01    7.054804E-01    1.554485E+00
    2.217573E-04    3.841550E-03    1.854655E-02    3.416438E-01    7.561198E-01    1.601767E+00
    2.389681E-04    4.139694E-03    1.998589E-02    3.676974E-01    8.094664E-01    1.638664E+00
    2.574438E-04    4.459753E-03    2.153100E-02    3.955520E-01    8.654565E-01    1.662790E+00
    2.772670E-04    4.803153E-03    2.318878E-02    4.252976E-01    9.239691E-01    1.671816E+00
    2.985240E-04    5.171391E-03    2.496643E-02    4.570213E-01    9.848140E-01    1.663669E+00
    3.213050E-04    5.566030E-03    2.687151E-02    4.908065E-01    1.047718E+00    1.636811E+00
    3.457042E-04    5.988699E-03    2.891185E-02    5.267299E-01    1.112312E+00    1.590561E+00
    3.718193E-04    6.441095E-03    3.109565E-02    5.648597E-01    1.178114E+00    1.525465E+00
    3.997520E-04    6.924975E-03    3.343136E-02    6.052524E-01    1.244517E+00    1.443638E+00
    4.296072E-04    7.442159E-03    3.592776E-02    6.479496E-01    1.310778E+00    1.349023E+00
    4.614935E-04    7.994525E-03    3.859388E-02    6.929742E-01    1.376003E+00    1.247447E+00
    4.955222E-04    8.584006E-03    4.143904E-02    7.403262E-01    1.439150E+00    1.146344E+00
    5.318081E-04    9.212584E-03    4.447278E-02    7.899779E-01    1.499030E+00    1.054037E+00
    5.704681E-04    9.882289E-03    4.770484E-02    8.418689E-01    1.554321E+00    9.785217E-01
    6.116218E-04    1.059519E-02    5.114517E-02    8.959007E-01    1.603602E+00    9.258338E-01
    6.553909E-04    1.135339E-02    5.480389E-02    9.519315E-01    1.645400E+00    8.983089E-01
    7.018985E-04    1.215904E-02    5.869123E-02    1.009770E+00    1.678262E+00    8.932753E-01
    7.512695E-04    1.301427E-02    6.281754E-02    1.069170E+00    1.700848E+00    9.029018E-01
    8.036294E-04    1.392129E-02    6.719323E-02    1.129829E+00    1.712057E+00    9.158350E-01
    8.591048E-04    1.488226E-02    7.182876E-02    1.191377E+00    1.711160E+00    9.207389E-01
    9.178224E-04    1.589940E-02    7.673461E-02    1.253385E+00    1.697961E+00    9.108569E-01
    9.799092E-04    1.697489E-02    8.192124E-02    1.315355E+00    1.672948E+00    8.875686E-01
    1.045492E-03    1.811093E-02    8.739906E-02    1.376732E+00    1.637421E+00    8.604119E-01
    1.114697E-03    1.930971E-02    9.317844E-02    1.436905E+00    1.593573E+00    8.421740E-01
    1.187650E-03    2.057340E-02    9.926966E-02    1.495220E+00    1.544480E+00    8.407491E-01
    1.264477E-03    2.190418E-02    1.056829E-01    1.550996E+00    1.493979E+00    8.530379E-01
    1.345302E-03    2.330420E-02    1.124284E-01    1.603549E+00    1.446390E+00    8.667799E-01
    1.430249E-03    2.477561E-02    1.195160E-01    1.652218E+00    1.406096E+00    8.709345E-01
    1.519442E-03    2.632055E-02    1.269558E-01    1.696397E+00    1.376991E+00    8.662810E-01
    1.613004E-03    2.794114E-02    1.347575E-01    1.735576E+00    1.361866E+00    8.644944E-01
    1.711059E-03    2.963953E-02    1.429311E-01    1.769385E+00    1.361850E+00    8.743534E-01
    1.813731E-03    3.141786E-02    1.514864E-01    1.797633E+00    1.376052E+00    8.907182E-01
    1.921144E-03    3.327829E-02    1.604331E-01    1.820353E+00    1.401553E+00    9.023256E-01
    2.033425E-03    3.522299E-02    1.697812E-01    1.837839E+00    1.433877E+00    9.088114E-01
    2.150727E-03    3.725461E-02    1.795429E-01    1.850646E+00    1.467899E+00    9.200913E-01
    2.155692E-03    3.734058E-02    1.799559E-01    1.851089E+00    1.469273E+00    9.207498E-01
    2.160664E-03    3.742671E-02    1.803696E-01    1.851524E+00    1.470642E+00    9.214220E-01
    2.165646E-03    3.751299E-02    1.807841E-01    1.851954E+00    1.472005E+00    9.221075E-01
    2.170637E-03    3.759943E-02    1.811992E-01    1.852377E+00    1.473362E+00    9.228055E-01
    2.175636E-03    3.768601E-02    1.816151E-01    1.852794E+00    1.474713E+00    9.235156E-01
    2.180644E-03    3.777275E-02    1.820318E-01    1.853205E+00    1.476058E+00    9.242370E-01
    2.185661E-03    3.785964E-02    1.824491E-01    1.853610E+00    1.477396E+00    9.249691E-01
    2.190687E-03    3.794668E-02    1.828672E-01    1.854009E+00    1.478727E+00    9.257113E-01
    2.195722E-03    3.803388E-02    1.832860E-01    1.854401E+00    1.480051E+00    9.264627E-01
    2.200765E-03    3.812123E-02    1.837055E-01    1.854788E+00    1.481368E+00    9.272226E-01
    2.205818E-03    3.820873E-02    1.841258E-01    1.855170E+00    1.482677E+00    9.279902E-01
    2.210879E-03    3.829639E-02    1.845468E-01    1.855545E+00    1.483979E+00    9.287647E-01
    2.215949E-03    3.838420E-02    1.849685E-01    1.855915E+00    1.485272E+00    9.295454E-01
    2.221028E-03    3.847217E-02    1.853909E-01    1.856280E+00    1.486558E+00    9.303313E-01
    2.226116E-03    3.856028E-02    1.858141E-01    1.856639E+00    1.487835E+00    9.311217E-01
    2.231213E-03    3.864856E-02    1.862380E-01    1.856993E+00    1.489104E+00    9.319158E-01
    2.236319E-03    3.873698E-02    1.866626E-01    1.857342E+00    1.490364E+00    9.327126E-01
    2.241433E-03    3.882556E-02    1.870880E-01    1.857685E+00    1.491615E+00    9.335115E-01
    2.246557E-03    3.891430E-02    1.875141E-01    1.858023E+00    1.492858E+00    9.343115E-01
    2.251689E-03    3.900319E-02    1.879409E-01    1.858357E+00    1.494091E+00    9.351118E-01
    2.256831E-03    3.909223E-02    1.883685E-01    1.858685E+00    1.495315E+00    9.359118E-01
    2.261981E-03    3.918143E-02    1.887968E-01    1.859009E+00    1.496529E+00    9.367105E-01
    2.267140E-03    3.927078E-02    1.892258E-01    1.859328E+00    1.497734E+00    9.375074E-01
    2.272309E-03    3.936029E-02    1.896556E-01    1.859643E+00    1.498930E+00    9.383015E-01
    2.277486E-03    3.944995E-02    1.900861E-01    1.859952E+00    1.500115E+00    9.390924E-01
    2.282672E-03    3.953977E-02    1.905173E-01    1.860258E+00    1.501291E+00    9.398792E-01
    2.287867E-03    3.962974E-02    1.909493E-01    1.860559E+00    1.502457E+00    9.406614E-01
    2.293071E-03    3.971986E-02    1.913820E-01    1.860856E+00    1.503613E+00    9.414384E-01
    2.298284E-03    3.981015E-02    1.918154E-01    1.861149E+00    1.504758E+00    9.422097E-01
    2.303505E-03    3.990058E-02    1.922496E-01    1.861438E+00    1.505894E+00    9.429748E-01
    2.308736E-03    3.999117E-02    1.926845E-01    1.861723E+00    1.507020E+00    9.437332E-01
    2.313976E-03    4.008192E-02    1.931201E-01    1.862004E+00    1.508135E+00    9.444845E-01
    2.319225E-03    4.017282E-02    1.935565E-01    1.862281E+00    1.509240E+00    9.452283E-01
    2.324482E-03    4.026388E-02    1.939936E-01    1.862555E+00    1.510334E+00    9.459644E-01
    2.329749E-03    4.035509E-02    1.944315E-01    1.862825E+00    1.511419E+00    9.466925E-01
    2.335025E-03    4.044645E-02    1.948700E-01    1.863091E+00    1.512493E+00    9.474123E-01
    2.340309E-03    4.053798E-02    1.953093E-01    1.863355E+00    1.513556E+00    9.481239E-01
    2.345603E-03    4.062965E-02    1.957494E-01    1.863615E+00    1.514610E+00    9.488269E-01
    2.350905E-03    4.072148E-02    1.961902E-01    1.863872E+00    1.515653E+00    9.495215E-01
    2.356216E-03    4.081347E-02    1.966317E-01    1.864126E+00    1.516685E+00    9.502076E-01
    2.361537E-03    4.090561E-02    1.970739E-01    1.864378E+00    1.517708E+00    9.508852E-01
    2.366866E-03    4.099791E-02    1.975169E-01    1.864626E+00    1.518720E+00    9.515546E-01
    2.372204E-03    4.109036E-02    1.979606E-01    1.864872E+00    1.519722E+00    9.522157E-01
    2.377551E-03    4.118296E-02    1.984051E-01    1.865115E+00    1.520714E+00    9.528690E-01
    2.382908E-03    4.127572E-02    1.988502E-01    1.865356E+00    1.521696E+00    9.535146E-01
    2.388273E-03    4.136864E-02    1.992961E-01    1.865594E+00    1.522668E+00    9.541528E-01
    2.393647E-03    4.146171E-02    1.997428E-01    1.865830E+00    1.523630E+00    9.547840E-01
    2.399030E-03    4.155493E-02    2.001902E-01    1.866064E+00    1.524582E+00    9.554086E-01
    2.404421E-03    4.164831E-02    2.006383E-01    1.866296E+00    1.525524E+00    9.560270E-01
    2.409822E-03    4.174185E-02    2.010871E-01    1.866526E+00    1.526457E+00    9.566397E-01
    2.415232E-03    4.183553E-02    2.015367E-01    1.866754E+00    1.527381E+00    9.572471E-01
    2.420651E-03    4.192938E-02    2.019870E-01    1.866981E+00    1.528295E+00    9.578499E-01
    2.426078E-03    4.202337E-02    2.024380E-01    1.867206E+00    1.529200E+00    9.584486E-01
    2.431515E-03    4.211752E-02    2.028898E-01    1.867429E+00    1.530096E+00    9.590437E-01
    2.436960E-03    4.221183E-02    2.033423E-01    1.867651E+00    1.530983E+00    9.596360E-01
    2.442414E-03    4.230629E-02    2.037955E-01    1.867872E+00    1.531861E+00    9.602259E-01
    2.447877E-03    4.240090E-02    2.042494E-01    1.868092E+00    1.532730E+00    9.608142E-01
    2.453349E-03    4.249566E-02    2.047041E-01    1.868311E+00    1.533591E+00    9.614014E-01
    2.458830E-03    4.259058E-02    2.051595E-01    1.868529E+00    1.534444E+00    9.619884E-01
    2.464320E-03    4.268566E-02    2.056156E-01    1.868746E+00    1.535289E+00    9.625756E-01
    2.469818E-03    4.278088E-02    2.060725E-01    1.868963E+00    1.536126E+00    9.631638E-01
    2.475326E-03    4.287626E-02    2.065300E-01    1.869179E+00    1.536955E+00    9.637536E-01
    2.480842E-03    4.297180E-02    2.069883E-01    1.869394E+00    1.537777E+00    9.643458E-01
    2.486367E-03    4.306748E-02    2.074474E-01    1.869609E+00    1.538591E+00    9.649408E-01
    2.491901E-03    4.316332E-02    2.079071E-01    1.869825E+00    1.539399E+00    9.655393E-01
    2.497444E-03    4.325931E-02    2.083675E-01    1.870040E+00    1.540200E+00    9.661420E-01
    2.502995E-03    4.335545E-02    2.088287E-01    1.870255E+00    1.540994E+00    9.667494E-01
    2.508556E-03    4.345174E-02    2.092906E-01    1.870470E+00    1.541781E+00    9.673621E-01
    2.514125E-03    4.354819E-02    2.097532E-01    1.870686E+00    1.542563E+00    9.679805E-01
    2.519702E-03    4.364478E-02    2.102166E-01    1.870902E+00    1.543339E+00    9.686053E-01
    2.525289E-03    4.374153E-02    2.106806E-01    1.871118E+00    1.544109E+00    9.692368E-01
    2.530884E-03    4.383843E-02    2.111454E-01    1.871336E+00    1.544873E+00    9.698756E-01
    2.536488E-03    4.393548E-02    2.116108E-01    1.871554E+00    1.545633E+00    9.705219E-01
    2.542101E-03    4.403268E-02    2.120770E-01    1.871772E+00    1.546388E+00    9.711762E-01
    2.547722E-03    4.413003E-02    2.125439E-01    1.871992E+00    1.547138E+00    9.718388E-01
    2.553352E-03    4.422753E-02    2.130115E-01    1.872213E+00    1.547884E+00    9.725100E-01
    2.558990E-03    4.432518E-02    2.134798E-01    1.872436E+00    1.548626E+00    9.731900E-01
    2.564637E-03    4.442297E-02    2.139488E-01    1.872660E+00    1.549364E+00    9.738789E-01
    2.570293E-03    4.452092E-02    2.144185E-01    1.872885E+00    1.550099E+00    9.745770E-01
    2.575958E-03    4.461901E-02    2.148889E-01    1.873112E+00    1.550831E+00    9.752844E-01
    2.581630E-03    4.471726E-02    2.153600E-01    1.873340E+00    1.551559E+00    9.760010E-01
    2.587312E-03    4.481565E-02    2.158318E-01    1.873571E+00    1.552286E+00    9.767270E-01
    2.593002E-03    4.491418E-02    2.163043E-01    1.873803E+00    1.553009E+00    9.774624E-01
    2.598700E-03    4.501286E-02    2.167774E-01    1.874038E+00    1.553731E+00    9.782070E-01
    2.604407E-03    4.511169E-02    2.172513E-01    1.874275E+00    1.554452E+00    9.789608E-01
    2.610122E-03    4.521067E-02    2.177259E-01    1.874514E+00    1.555170E+00    9.797236E-01
    2.615845E-03    4.530979E-02    2.182011E-01    1.874756E+00    1.555888E+00    9.804952E-01
    2.621577E-03    4.540905E-02    2.186770E-01    1.875000E+00    1.556605E+00    9.812756E-01
    2.627318E-03    4.550846E-02    2.191537E-01    1.875247E+00    1.557322E+00    9.820643E-01
    2.633066E-03    4.560802E-02    2.196309E-01    1.875497E+00    1.558038E+00    9.828612E-01
    2.638823E-03    4.570771E-02    2.201089E-01    1.875750E+00    1.558754E+00    9.836659E-01
    2.644588E-03    4.580755E-02    2.205875E-01    1.876006E+00    1.559471E+00    9.844781E-01
    2.650361E-03    4.590753E-02    2.210668E-01    1.876265E+00    1.560189E+00    9.852976E-01
    2.656143E-03    4.600765E-02    2.215468E-01    1.876527E+00    1.560907E+00    9.861238E-01
    2.661932E-03    4.610791E-02    2.220274E-01    1.876793E+00    1.561627E+00    9.869565E-01
    2.667730E-03    4.620832E-02    2.225087E-01    1.877062E+00    1.562349E+00    9.877952E-01
    2.673536E-03    4.630886E-02    2.229907E-01    1.877336E+00    1.563072E+00    9.886395E-01
    2.679350E-03    4.640954E-02    2.234733E-01    1.877612E+00    1.563798E+00    9.894891E-01
    2.685171E-03    4.651036E-02    2.239565E-01    1.877893E+00    1.564526E+00    9.903435E-01
    2.691001E-03    4.661131E-02    2.244404E-01    1.878178E+00    1.565257E+00    9.912022E-01
    2.696839E-03    4.671241E-02    2.249250E-01    1.878467E+00    1.565991E+00    9.920650E-01
    2.702684E-03    4.681363E-02    2.254102E-01    1.878760E+00    1.566729E+00    9.929312E-01
    2.708537E-03    4.691500E-02    2.258960E-01    1.879058E+00    1.567470E+00    9.938006E-01
    2.714398E-03    4.701650E-02    2.263825E-01    1.879360E+00    1.568215E+00    9.946728E-01
    2.720267E-03    4.711813E-02    2.268696E-01    1.879667E+00    1.568964E+00    9.955473E-01
    2.726143E-03    4.721989E-02    2.273573E-01    1.879978E+00    1.569717E+00    9.964237E-01
    2.732028E-03    4.732179E-02    2.278456E-01    1.880294E+00    1.570476E+00    9.973018E-01
    2.737919E-03    4.742382E-02    2.283346E-01    1.880616E+00    1.571239E+00    9.981812E-01
    2.743818E-03    4.752598E-02    2.288242E-01    1.880942E+00    1.572008E+00    9.990615E-01
    2.749725E-03    4.762827E-02    2.293143E-01    1.881273E+00    1.572782E+00    9.999424E-01
    2.755639E-03    4.773069E-02    2.298051E-01    1.881610E+00    1.573562E+00    1.000824E+00
    2.761561E-03    4.783323E-02    2.302965E-01    1.881952E+00    1.574348E+00    1.001705E+00
    2.767490E-03    4.793590E-02    2.307885E-01    1.882299E+00    1.575140E+00    1.002586E+00
    2.773426E-03    4.803870E-02    2.312811E-01    1.882652E+00    1.575938E+00    1.003467E+00
    2.779369E-03    4.814163E-02    2.317743E-01    1.883011E+00    1.576744E+00    1.004348E+00
    2.785320E-03    4.824467E-02    2.322680E-01    1.883376E+00    1.577556E+00    1.005227E+00
    2.791277E-03    4.834785E-02    2.327624E-01    1.883746E+00    1.578375E+00    1.006106E+00
    2.797242E-03    4.845114E-02    2.332573E-01    1.884123E+00    1.579201E+00    1.006984E+00
    2.803214E-03    4.855456E-02    2.337528E-01    1.884505E+00    1.580036E+00    1.007861E+00
    2.809193E-03    4.865809E-02    2.342488E-01    1.884894E+00    1.580877E+00    1.008737E+00
    2.815179E-03    4.876175E-02    2.347455E-01    1.885289E+00    1.581727E+00    1.009612E+00
    2.821171E-03    4.886553E-02    2.352426E-01    1.885690E+00    1.582585E+00    1.010486E+00
    2.827171E-03    4.896942E-02    2.357404E-01    1.886098E+00    1.583451E+00    1.011359E+00
    2.833177E-03    4.907343E-02    2.362387E-01    1.886512E+00    1.584325E+00    1.012230E+00
    2.839190E-03    4.917756E-02    2.367375E-01    1.886933E+00    1.585208E+00    1.013101E+00
    2.845209E-03    4.928180E-02    2.372369E-01    1.887361E+00    1.586100E+00    1.013971E+00
    2.851235E-03    4.938615E-02    2.377368E-01    1.887795E+00    1.587001E+00    1.014839E+00
    2.857268E-03    4.949062E-02    2.382372E-01    1.888237E+00    1.587911E+00    1.015708E+00
    2.863307E-03    4.959520E-02    2.387382E-01    1.888685E+00    1.588830E+00    1.016575E+00
    2.869353E-03    4.969990E-02    2.392397E-01    1.889141E+00    1.589758E+00    1.017442E+00
    2.875405E-03    4.980470E-02    2.397417E-01    1.889604E+00    1.590696E+00    1.018309E+00
    2.881463E-03    4.990961E-02    2.402442E-01    1.890074E+00    1.591643E+00    1.019175E+00
    2.887528E-03    5.001464E-02    2.407473E-01    1.890551E+00    1.592600E+00    1.020042E+00
    2.893599E-03    5.011977E-02    2.412508E-01    1.891036E+00    1.593566E+00    1.020909E+00
    2.899676E-03    5.022501E-02    2.417549E-01    1.891528E+00    1.594543E+00    1.021776E+00
    2.905759E-03    5.033035E-02    2.422594E-01    1.892027E+00    1.595530E+00    1.022643E+00
    2.911849E-03    5.043580E-02    2.427645E-01    1.892535E+00    1.596526E+00    1.023512E+00
    2.917944E-03    5.054135E-02    2.432700E-01    1.893050E+00    1.597533E+00    1.024381E+00
    2.924045E-03    5.064701E-02    2.437760E-01    1.893573E+00    1.598550E+00    1.025251E+00
    2.930153E-03    5.075277E-02    2.442826E-01    1.894103E+00    1.599577E+00    1.026123E+00
    2.936266E-03    5.085864E-02    2.447896E-01    1.894642E+00    1.600615E+00    1.026996E+00
    2.942385E-03    5.096460E-02    2.452970E-01    1.895188E+00    1.601663E+00    1.027870E+00
    2.948510E-03    5.107067E-02    2.458050E-01    1.895743E+00    1.602722E+00    1.028747E+00
    2.954641E-03    5.117684E-02    2.463134E-01    1.896305E+00    1.603791E+00    1.029625E+00
    2.960778E-03    5.128311E-02    2.468223E-01    1.896876E+00    1.604871E+00    1.030506E+00
    2.966920E-03    5.138947E-02    2.473316E-01    1.897455E+00    1.605961E+00    1.031388E+00
    2.973068E-03    5.149594E-02    2.478415E-01    1.898042E+00    1.607062E+00    1.032274E+00
    2.979222E-03    5.160250E-02    2.483517E-01    1.898638E+00    1.608174E+00    1.033161E+00
    2.985381E-03    5.170916E-02    2.488625E-01    1.899242E+00    1.609296E+00    1.034052E+00
    2.991546E-03    5.181592E-02    2.493737E-01    1.899854E+00    1.610429E+00    1.034945E+00
    2.997717E-03    5.192278E-02    2.498853E-01    1.900475E+00    1.611573E+00    1.035841E+00
    3.003893E-03    5.202973E-02    2.503974E-01    1.901105E+00    1.612728E+00    1.036740E+00
    3.010075E-03    5.213677E-02    2.509100E-01    1.901743E+00    1.613893E+00    1.037641E+00
    3.016262E-03    5.224392E-02    2.514230E-01    1.902389E+00    1.615070E+00    1.038546E+00
    3.022455E-03    5.235115E-02    2.519364E-01    1.903045E+00    1.616257E+00    1.039454E+00
    3.028653E-03    5.245849E-02    2.524503E-01    1.903709E+00    1.617455E+00    1.040366E+00
    3.034856E-03    5.256591E-02    2.529646E-01    1.904382E+00    1.618663E+00    1.041280E+00
    3.041066E-03    5.267343E-02    2.534794E-01    1.905064E+00    1.619883E+00    1.042198E+00
    3.047280E-03    5.278105E-02    2.539946E-01    1.905754E+00    1.621113E+00    1.043119E+00
    3.053500E-03    5.288876E-02    2.545102E-01    1.906454E+00    1.622354E+00    1.044043E+00
    3.059725E-03    5.299656E-02    2.550263E-01    1.907162E+00    1.623606E+00    1.044970E+00
    3.065956E-03    5.310446E-02    2.555429E-01    1.907880E+00    1.624869E+00    1.045900E+00
    3.072192E-03    5.321245E-02    2.560598E-01    1.908606E+00    1.626142E+00    1.046834E+00
    3.078434E-03    5.332053E-02    2.565773E-01    1.909342E+00    1.627426E+00    1.047771E+00
    3.084681E-03    5.342871E-02    2.570951E-01    1.910086E+00    1.628721E+00    1.048710E+00
    3.090933E-03    5.353698E-02    2.576134E-01    1.910840E+00    1.630026E+00    1.049653E+00
    3.097191E-03    5.364534E-02    2.581321E-01    1.911603E+00    1.631342E+00    1.050599E+00
    3.103455E-03    5.375380E-02    2.586513E-01    1.912376E+00    1.632669E+00    1.051548E+00
    3.109723E-03    5.386236E-02    2.591709E-01    1.913157E+00    1.634006E+00    1.052499E+00
    3.115997E-03    5.397100E-02    2.596910E-01    1.913948E+00    1.635353E+00    1.053454E+00
    3.122277E-03    5.407975E-02    2.602115E-01    1.914748E+00    1.636711E+00    1.054411E+00
    3.128562E-03    5.418858E-02    2.607324E-01    1.915558E+00    1.638079E+00    1.055371E+00
    3.134853E-03    5.429751E-02    2.612538E-01    1.916376E+00    1.639458E+00    1.056333E+00
    3.141149E-03    5.440654E-02    2.617757E-01    1.917205E+00    1.640847E+00    1.057298E+00
    3.147451E-03    5.451566E-02    2.622980E-01    1.918043E+00    1.642246E+00    1.058266E+00
    3.153758E-03    5.462488E-02    2.628207E-01    1.918890E+00    1.643655E+00    1.059236E+00
    3.160071E-03    5.473420E-02    2.633439E-01    1.919747E+00    1.645074E+00    1.060209E+00
    3.166389E-03    5.484361E-02    2.638675E-01    1.920613E+00    1.646504E+00    1.061184E+00
    3.172713E-03    5.495312E-02    2.643917E-01    1.921489E+00    1.647943E+00    1.062162E+00
    3.179043E-03    5.506273E-02    2.649162E-01    1.922374E+00    1.649392E+00    1.063142E+00
    3.185379E-03    5.517244E-02    2.654413E-01    1.923270E+00    1.650851E+00    1.064124E+00
    3.191720E-03    5.528225E-02    2.659668E-01    1.924174E+00    1.652319E+00    1.065108E+00
    3.198067E-03    5.539215E-02    2.664927E-01    1.925089E+00    1.653797E+00    1.066095E+00
    3.204420E-03    5.550216E-02    2.670192E-01    1.926013E+00    1.655285E+00    1.067084E+00
    3.210778E-03    5.561227E-02    2.675461E-01    1.926947E+00    1.656782E+00    1.068076E+00
    3.217143E-03    5.572248E-02    2.680735E-01    1.927891E+00    1.658288E+00    1.069069E+00
    3.223513E-03    5.583279E-02    2.686014E-01    1.928845E+00    1.659804E+00    1.070065E+00
    3.229890E-03    5.594321E-02    2.691298E-01    1.929808E+00    1.661328E+00    1.071063E+00
    3.236272E-03    5.605373E-02    2.696586E-01    1.930781E+00    1.662862E+00    1.072063E+00
    3.242660E-03    5.616435E-02    2.701880E-01    1.931764E+00    1.664405E+00    1.073065E+00
    3.249055E-03    5.627509E-02    2.707178E-01    1.932757E+00    1.665956E+00    1.074069E+00
    3.255456E-03    5.638592E-02    2.712481E-01    1.933760E+00    1.667516E+00    1.075076E+00
    3.261863E-03    5.649687E-02    2.717790E-01    1.934773E+00    1.669085E+00    1.076084E+00
    3.268276E-03    5.660792E-02    2.723104E-01    1.935796E+00    1.670662E+00    1.077095E+00
    3.274695E-03    5.671908E-02    2.728422E-01    1.936829E+00    1.672247E+00    1.078108E+00
    3.281121E-03    5.683036E-02    2.733746E-01    1.937872E+00    1.673841E+00    1.079122E+00
    3.287554E-03    5.694174E-02    2.739075E-01    1.938925E+00    1.675442E+00    1.080139E+00
    3.293992E-03    5.705323E-02    2.744410E-01    1.939989E+00    1.677052E+00    1.081158E+00
    3.300438E-03    5.716484E-02    2.749749E-01    1.941062E+00    1.678669E+00    1.082179E+00
    3.306890E-03    5.727656E-02    2.755094E-01    1.942145E+00    1.680294E+00    1.083202E+00
    3.313348E-03    5.738840E-02    2.760445E-01    1.943239E+00    1.681927E+00    1.084227E+00
    3.319813E-03    5.750035E-02    2.765801E-01    1.944343E+00    1.683566E+00    1.085254E+00
    3.326285E-03    5.761242E-02    2.771162E-01    1.945457E+00    1.685214E+00    1.086284E+00
    3.332764E-03    5.772461E-02    2.776529E-01    1.946581E+00    1.686868E+00    1.087315E+00
    3.339249E-03    5.783691E-02    2.781902E-01    1.947715E+00    1.688529E+00    1.088348E+00
    3.345742E-03    5.794934E-02    2.787280E-01    1.948860E+00    1.690197E+00    1.089384E+00
    3.352241E-03    5.806188E-02    2.792664E-01    1.950015E+00    1.691872E+00    1.090421E+00
    3.358748E-03    5.817455E-02    2.798053E-01    1.951181E+00    1.693553E+00    1.091461E+00
    3.365262E-03    5.828734E-02    2.803449E-01    1.952356E+00    1.695241E+00    1.092502E+00
    3.371783E-03    5.840026E-02    2.808850E-01    1.953543E+00    1.696934E+00    1.093547E+00
    3.378311E-03    5.851330E-02    2.814257E-01    1.954739E+00    1.698634E+00    1.094593E+00
    3.384846E-03    5.862647E-02    2.819670E-01    1.955946E+00    1.700340E+00    1.095641E+00
    3.391389E-03    5.873976E-02    2.825089E-01    1.957163E+00    1.702052E+00    1.096692E+00
    3.397939E-03    5.885318E-02    2.830514E-01    1.958391E+00    1.703769E+00    1.097745E+00
    3.404497E-03    5.896673E-02    2.835945E-01    1.959630E+00    1.705492E+00    1.098801E+00
    3.411062E-03    5.908042E-02    2.841383E-01    1.960878E+00    1.707221E+00    1.099859E+00
    3.417635E-03    5.919423E-02    2.846826E-01    1.962138E+00    1.708954E+00    1.100920E+00
    3.424215E-03    5.930818E-02    2.852276E-01    1.963408E+00    1.710693E+00    1.101983E+00
    3.430803E-03    5.942226E-02    2.857732E-01    1.964688E+00    1.712437E+00    1.103049E+00
    3.437399E-03    5.953648E-02    2.863195E-01    1.965979E+00    1.714185E+00    1.104118E+00
    3.444003E-03    5.965083E-02    2.868664E-01    1.967281E+00    1.715938E+00    1.105190E+00
    3.450615E-03    5.976532E-02    2.874139E-01    1.968593E+00    1.717696E+00    1.106264E+00
    3.457235E-03    5.987995E-02    2.879621E-01    1.969916E+00    1.719459E+00    1.107341E+00
    3.463863E-03    5.999472E-02    2.885109E-01    1.971249E+00    1.721225E+00    1.108422E+00
    3.470499E-03    6.010963E-02    2.890605E-01    1.972593E+00    1.722996E+00    1.109505E+00
    3.477144E-03    6.022468E-02    2.896106E-01    1.973948E+00    1.724771E+00    1.110591E+00
    3.483796E-03    6.033988E-02    2.901615E-01    1.975314E+00    1.726551E+00    1.111681E+00
    3.490457E-03    6.045522E-02    2.907130E-01    1.976690E+00    1.728334E+00    1.112773E+00
    3.497126E-03    6.057070E-02    2.912652E-01    1.978077E+00    1.730121E+00    1.113869E+00
    3.503804E-03    6.068633E-02    2.918181E-01    1.979474E+00    1.731912E+00    1.114967E+00
    3.510490E-03    6.080211E-02    2.923717E-01    1.980883E+00    1.733706E+00    1.116069E+00
    3.517185E-03    6.091803E-02    2.929260E-01    1.982302E+00    1.735504E+00    1.117174E+00
    3.523889E-03    6.103411E-02    2.934811E-01    1.983732E+00    1.737306E+00    1.118282E+00
    3.530601E-03    6.115034E-02    2.940368E-01    1.985173E+00    1.739111E+00    1.119394E+00
    3.537322E-03    6.126672E-02    2.945932E-01    1.986624E+00    1.740920E+00    1.120508E+00
    3.544052E-03    6.138325E-02    2.951504E-01    1.988086E+00    1.742732E+00    1.121626E+00
    3.550791E-03    6.149994E-02    2.957082E-01    1.989560E+00    1.744547E+00    1.122747E+00
    3.557538E-03    6.161678E-02    2.962669E-01    1.991043E+00    1.746365E+00    1.123871E+00
    3.564295E-03    6.173378E-02    2.968262E-01    1.992538E+00    1.748187E+00    1.124998E+00
    3.571061E-03    6.185093E-02    2.973863E-01    1.994044E+00    1.750012E+00    1.126129E+00
    3.577836E-03    6.196825E-02    2.979471E-01    1.995560E+00    1.751840E+00    1.127262E+00
    3.584620E-03    6.208572E-02    2.985087E-01    1.997087E+00    1.753671E+00    1.128398E+00
    3.591414E-03    6.220336E-02    2.990711E-01    1.998625E+00    1.755506E+00    1.129538E+00
    3.598217E-03    6.232115E-02    2.996342E-01    2.000174E+00    1.757343E+00    1.130680E+00
    3.605029E-03    6.243911E-02    3.001981E-01    2.001734E+00    1.759184E+00    1.131825E+00
    3.611851E-03    6.255724E-02    3.007627E-01    2.003305E+00    1.761027E+00    1.132974E+00
    3.618683E-03    6.267553E-02    3.013281E-01    2.004886E+00    1.762874E+00    1.134125E+00
    3.625524E-03    6.279398E-02    3.018944E-01    2.006478E+00    1.764724E+00    1.135279E+00
    3.632374E-03    6.291261E-02    3.024614E-01    2.008081E+00    1.766578E+00    1.136436E+00
    3.639235E-03    6.303140E-02    3.030291E-01    2.009695E+00    1.768434E+00    1.137596E+00
    3.646105E-03    6.315036E-02    3.035977E-01    2.011320E+00    1.770294E+00    1.138758E+00
    3.652985E-03    6.326949E-02    3.041671E-01    2.012955E+00    1.772157E+00    1.139924E+00
    3.659875E-03    6.338879E-02    3.047373E-01    2.014602E+00    1.774023E+00    1.141092E+00
    3.666775E-03    6.350826E-02    3.053083E-01    2.016259E+00    1.775893E+00    1.142262E+00
    3.673685E-03    6.362791E-02    3.058802E-01    2.017927E+00    1.777766E+00    1.143436E+00
    3.680605E-03    6.374774E-02    3.064528E-01    2.019605E+00    1.779642E+00    1.144612E+00
    3.687535E-03    6.386773E-02    3.070263E-01    2.021295E+00    1.781522E+00    1.145790E+00
    3.694475E-03    6.398791E-02    3.076006E-01    2.022995E+00    1.783405E+00    1.146972E+00
    3.701426E-03    6.410826E-02    3.081758E-01    2.024706E+00    1.785293E+00    1.148156E+00
    3.708387E-03    6.422880E-02    3.087518E-01    2.026428E+00    1.787183E+00    1.149342E+00
    3.715358E-03    6.434951E-02    3.093286E-01    2.028160E+00    1.789078E+00    1.150531E+00
    3.722340E-03    6.447040E-02    3.099063E-01    2.029903E+00    1.790976E+00    1.151723E+00
    3.729333E-03    6.459147E-02    3.104848E-01    2.031657E+00    1.792879E+00    1.152917E+00
    3.736335E-03    6.471273E-02    3.110642E-01    2.033421E+00    1.794785E+00    1.154113E+00
    3.743349E-03    6.483417E-02    3.116445E-01    2.035197E+00    1.796695E+00    1.155312E+00
    3.750373E-03    6.495579E-02    3.122256E-01    2.036982E+00    1.798610E+00    1.156514E+00
    3.757408E-03    6.507761E-02    3.128076E-01    2.038779E+00    1.800528E+00    1.157718E+00
    3.764454E-03    6.519960E-02    3.133905E-01    2.040585E+00    1.802451E+00    1.158925E+00
    3.771510E-03    6.532179E-02    3.139743E-01    2.042403E+00    1.804378E+00    1.160134E+00
    3.778578E-03    6.544416E-02    3.145590E-01    2.044231E+00    1.806310E+00    1.161346E+00
    3.785656E-03    6.556672E-02    3.151445E-01    2.046069E+00    1.808246E+00    1.162560E+00
    3.792745E-03    6.568948E-02    3.157310E-01    2.047918E+00    1.810187E+00    1.163777E+00
    3.799846E-03    6.581242E-02    3.163183E-01    2.049777E+00    1.812132E+00    1.164997E+00
    3.806957E-03    6.593556E-02    3.169066E-01    2.051647E+00    1.814082E+00    1.166219E+00
    3.814080E-03    6.605889E-02    3.174958E-01    2.053527E+00    1.816037E+00    1.167445E+00
    3.821214E-03    6.618242E-02    3.180858E-01    2.055418E+00    1.817997E+00    1.168673E+00
    3.828359E-03    6.630614E-02    3.186768E-01    2.057318E+00    1.819962E+00    1.169904E+00
    3.835516E-03    6.643005E-02    3.192688E-01    2.059229E+00    1.821931E+00    1.171137E+00
    3.842684E-03    6.655417E-02    3.198616E-01    2.061151E+00    1.823906E+00    1.172374E+00
    3.849863E-03    6.667848E-02    3.204554E-01    2.063082E+00    1.825886E+00    1.173614E+00
    3.857054E-03    6.680299E-02    3.210501E-01    2.065024E+00    1.827871E+00    1.174857E+00
    3.864257E-03    6.692770E-02    3.216458E-01    2.066976E+00    1.829862E+00    1.176102E+00
    3.871471E-03    6.705261E-02    3.222424E-01    2.068937E+00    1.831857E+00    1.177351E+00
    3.878697E-03    6.717772E-02    3.228399E-01    2.070909E+00    1.833858E+00    1.178603E+00
    3.885934E-03    6.730304E-02    3.234384E-01    2.072891E+00    1.835865E+00    1.179859E+00
    3.893183E-03    6.742855E-02    3.240379E-01    2.074883E+00    1.837877E+00    1.181117E+00
    3.900444E-03    6.755428E-02    3.246383E-01    2.076885E+00    1.839894E+00    1.182379E+00
    3.907717E-03    6.768020E-02    3.252397E-01    2.078896E+00    1.841917E+00    1.183644E+00
    3.915002E-03    6.780634E-02    3.258420E-01    2.080917E+00    1.843946E+00    1.184912E+00
    3.922298E-03    6.793268E-02    3.264454E-01    2.082949E+00    1.845980E+00    1.186184E+00
    3.929607E-03    6.805923E-02    3.270497E-01    2.084989E+00    1.848020E+00    1.187459E+00
    3.936928E-03    6.818598E-02    3.276550E-01    2.087040E+00    1.850065E+00    1.188737E+00
    3.944261E-03    6.831295E-02    3.282612E-01    2.089100E+00    1.852117E+00    1.190018E+00
    3.951606E-03    6.844013E-02    3.288685E-01    2.091170E+00    1.854174E+00    1.191303E+00
    3.958963E-03    6.856751E-02    3.294768E-01    2.093249E+00    1.856236E+00    1.192591E+00
    3.966333E-03    6.869511E-02    3.300860E-01    2.095338E+00    1.858305E+00    1.193883E+00
    3.973714E-03    6.882293E-02    3.306963E-01    2.097436E+00    1.860379E+00    1.195178E+00
    3.981108E-03    6.895095E-02    3.313075E-01    2.099543E+00    1.862459E+00    1.196476E+00
    3.988515E-03    6.907919E-02    3.319198E-01    2.101660E+00    1.864545E+00    1.197778E+00
    3.995934E-03    6.920765E-02    3.325330E-01    2.103786E+00    1.866637E+00    1.199083E+00
    4.069893E-03    7.048821E-02    3.386458E-01    2.125269E+00    1.887616E+00    1.212152E+00
    4.145114E-03    7.179061E-02    3.448612E-01    2.147591E+00    1.909173E+00    1.225533E+00
    4.221640E-03    7.311559E-02    3.511827E-01    2.170690E+00    1.931320E+00    1.239205E+00
    4.299511E-03    7.446384E-02    3.576133E-01    2.194505E+00    1.954080E+00    1.253177E+00
    4.378765E-03    7.583600E-02    3.641560E-01    2.218982E+00    1.977485E+00    1.267483E+00
    4.459438E-03    7.723272E-02    3.708138E-01    2.244072E+00    2.001555E+00    1.282139E+00
    4.541563E-03    7.865457E-02    3.775893E-01    2.269737E+00    2.026287E+00    1.297140E+00
    4.625176E-03    8.010214E-02    3.844851E-01    2.295954E+00    2.051647E+00    1.312471E+00
    4.710306E-03    8.157596E-02    3.915035E-01    2.322714E+00    2.077582E+00    1.328131E+00
    4.796984E-03    8.307657E-02    3.986471E-01    2.350019E+00    2.104042E+00    1.344143E+00
    4.885240E-03    8.460446E-02    4.059179E-01    2.377889E+00    2.131003E+00    1.360526E+00
    4.975103E-03    8.616014E-02    4.133183E-01    2.406348E+00    2.158469E+00    1.377279E+00
    5.066599E-03    8.774407E-02    4.208502E-01    2.435428E+00    2.186468E+00    1.394388E+00
    5.159755E-03    8.935672E-02    4.285156E-01    2.465165E+00    2.215032E+00    1.411859E+00
    5.254598E-03    9.099853E-02    4.363166E-01    2.495589E+00    2.244194E+00    1.429709E+00
    5.351154E-03    9.266996E-02    4.442550E-01    2.526726E+00    2.273980E+00    1.447955E+00
    5.449447E-03    9.437143E-02    4.523327E-01    2.558595E+00    2.304420E+00    1.466587E+00
    5.549502E-03    9.610338E-02    4.605515E-01    2.591209E+00    2.335538E+00    1.485601E+00
    5.651344E-03    9.786622E-02    4.689132E-01    2.624573E+00    2.367344E+00    1.505011E+00
    5.754998E-03    9.966038E-02    4.774196E-01    2.658689E+00    2.399829E+00    1.524834E+00
    5.860487E-03    1.014863E-01    4.860725E-01    2.693558E+00    2.432973E+00    1.545069E+00
    5.967836E-03    1.033443E-01    4.948735E-01    2.729185E+00    2.466757E+00    1.565710E+00
    6.077069E-03    1.052349E-01    5.038245E-01    2.765577E+00    2.501177E+00    1.586767E+00
    6.188211E-03    1.071585E-01    5.129272E-01    2.802748E+00    2.536237E+00    1.608258E+00
    6.301285E-03    1.091155E-01    5.221832E-01    2.840717E+00    2.571947E+00    1.630181E+00
    6.416316E-03    1.111064E-01    5.315945E-01    2.879504E+00    2.608319E+00    1.652534E+00
    6.533329E-03    1.131314E-01    5.411626E-01    2.919128E+00    2.645379E+00    1.675330E+00
    6.652349E-03    1.151912E-01    5.508895E-01    2.959604E+00    2.683161E+00    1.698580E+00
    6.773402E-03    1.172861E-01    5.607769E-01    3.000941E+00    2.721696E+00    1.722283E+00
    6.896512E-03    1.194165E-01    5.708266E-01    3.043139E+00    2.760989E+00    1.746442E+00
    7.021707E-03    1.215830E-01    5.810404E-01    3.086193E+00    2.801029E+00    1.771071E+00
    7.149011E-03    1.237859E-01    5.914203E-01    3.130094E+00    2.841804E+00    1.796175E+00
    7.278454E-03    1.260257E-01    6.019681E-01    3.174834E+00    2.883316E+00    1.821755E+00
    7.410060E-03    1.283030E-01    6.126858E-01    3.220409E+00    2.925577E+00    1.847820E+00
    7.543859E-03    1.306181E-01    6.235753E-01    3.266820E+00    2.968594E+00    1.874382E+00
    7.679879E-03    1.329715E-01    6.346387E-01    3.314079E+00    3.012381E+00    1.901440E+00
    7.818149E-03    1.353639E-01    6.458780E-01    3.362200E+00    3.056966E+00    1.929003E+00
    7.958698E-03    1.377956E-01    6.572953E-01    3.411202E+00    3.102376E+00    1.957082E+00
    8.101556E-03    1.402671E-01    6.688927E-01    3.461103E+00    3.148624E+00    1.985679E+00
    8.246754E-03    1.427791E-01    6.806724E-01    3.511923E+00    3.195709E+00    2.014802E+00
    8.394323E-03    1.453320E-01    6.926367E-01    3.563677E+00    3.243631E+00    2.044462E+00
    8.544296E-03    1.479265E-01    7.047878E-01    3.616379E+00    3.292395E+00    2.074661E+00
    8.696704E-03    1.505629E-01    7.171281E-01    3.670046E+00    3.342009E+00    2.105410E+00
    8.851582E-03    1.532420E-01    7.296600E-01    3.724694E+00    3.392490E+00    2.136718E+00
    9.008963E-03    1.559644E-01    7.423858E-01    3.780341E+00    3.443862E+00    2.168589E+00
    9.168882E-03    1.587305E-01    7.553081E-01    3.837005E+00    3.496149E+00    2.201033E+00
    9.331374E-03    1.615411E-01    7.684295E-01    3.894703E+00    3.549360E+00    2.234059E+00
    9.496476E-03    1.643967E-01    7.817525E-01    3.953445E+00    3.603505E+00    2.267673E+00
    9.664224E-03    1.672980E-01    7.952798E-01    4.013242E+00    3.658591E+00    2.301885E+00
    9.834657E-03    1.702456E-01    8.090142E-01    4.074101E+00    3.714621E+00    2.336703E+00
    1.000781E-02    1.732403E-01    8.229585E-01    4.136030E+00    3.771612E+00    2.372136E+00
    1.018373E-02    1.762825E-01    8.371155E-01    4.199042E+00    3.829589E+00    2.408194E+00
    1.036245E-02    1.793732E-01    8.514881E-01    4.263151E+00    3.888573E+00    2.444883E+00
    1.054402E-02    1.825129E-01    8.660794E-01    4.328374E+00    3.948576E+00    2.482215E+00
    1.072847E-02    1.857024E-01    8.808924E-01    4.394726E+00    4.009612E+00    2.520198E+00
    1.091584E-02    1.889424E-01    8.959303E-01    4.462224E+00    4.071689E+00    2.558842E+00
    1.110619E-02    1.922337E-01    9.111961E-01    4.530886E+00    4.134818E+00    2.598157E+00
    1.129955E-02    1.955771E-01    9.266933E-01    4.600730E+00    4.199020E+00    2.638152E+00
    1.149598E-02    1.989732E-01    9.424252E-01    4.671780E+00    4.264318E+00    2.678838E+00
    1.169551E-02    2.024229E-01    9.583952E-01    4.744057E+00    4.330731E+00    2.720225E+00
    1.189820E-02    2.059270E-01    9.746067E-01    4.817585E+00    4.398273E+00    2.762323E+00
    1.210409E-02    2.094864E-01    9.910635E-01    4.892381E+00    4.466955E+00    2.805143E+00
    1.231323E-02    2.131019E-01    1.007769E+00    4.968460E+00    4.536792E+00    2.848695E+00
    1.252567E-02    2.167742E-01    1.024727E+00    5.045837E+00    4.607805E+00    2.892992E+00
    1.274146E-02    2.205044E-01    1.041942E+00    5.124527E+00    4.680018E+00    2.938043E+00
    1.296066E-02    2.242933E-01    1.059416E+00    5.204551E+00    4.753450E+00    2.983860E+00
    1.318331E-02    2.281418E-01    1.077155E+00    5.285928E+00    4.828115E+00    3.030455E+00
    1.340947E-02    2.320508E-01    1.095163E+00    5.368679E+00    4.904029E+00    3.077840E+00
    1.363920E-02    2.360213E-01    1.113443E+00    5.452824E+00    4.981212E+00    3.126026E+00
    1.387255E-02    2.400542E-01    1.131999E+00    5.538383E+00    5.059687E+00    3.175026E+00
    1.410957E-02    2.441506E-01    1.150837E+00    5.625382E+00    5.139478E+00    3.224852E+00
    1.435033E-02    2.483113E-01    1.169960E+00    5.713845E+00    5.220600E+00    3.275517E+00
    1.459488E-02    2.525374E-01    1.189373E+00    5.803798E+00    5.303072E+00    3.327034E+00
    1.484329E-02    2.568300E-01    1.209081E+00    5.895264E+00    5.386916E+00    3.379415E+00
    1.509561E-02    2.611900E-01    1.229088E+00    5.988263E+00    5.472156E+00    3.432674E+00
    1.535191E-02    2.656186E-01    1.249400E+00    6.082816E+00    5.558815E+00    3.486825E+00
    1.561225E-02    2.701168E-01    1.270020E+00    6.178947E+00    5.646912E+00    3.541882E+00
    1.587669E-02    2.746858E-01    1.290955E+00    6.276680E+00    5.736469E+00    3.597857E+00
    1.614531E-02    2.793267E-01    1.312209E+00    6.376037E+00    5.827508E+00    3.654767E+00
    1.641815E-02    2.840405E-01    1.333787E+00    6.477045E+00    5.920058E+00    3.712624E+00
    1.669531E-02    2.888286E-01    1.355695E+00    6.579731E+00    6.014138E+00    3.771444E+00
    1.697683E-02    2.936920E-01    1.377938E+00    6.684123E+00    6.109773E+00    3.831241E+00
    1.726280E-02    2.986320E-01    1.400523E+00    6.790248E+00    6.206985E+00    3.892032E+00
    1.755328E-02    3.036497E-01    1.423453E+00    6.898135E+00    6.305804E+00    3.953831E+00
    1.784835E-02    3.087465E-01    1.446736E+00    7.007808E+00    6.406253E+00    4.016654E+00
    1.814807E-02    3.139236E-01    1.470377E+00    7.119295E+00    6.508356E+00    4.080517E+00
    1.845254E-02    3.191823E-01    1.494382E+00    7.232625E+00    6.612140E+00    4.145437E+00
    1.876181E-02    3.245239E-01    1.518758E+00    7.347823E+00    6.717633E+00    4.211429E+00
    1.907597E-02    3.299498E-01    1.543510E+00    7.464920E+00    6.824860E+00    4.278511E+00
    1.939510E-02    3.354612E-01    1.568645E+00    7.583947E+00    6.933849E+00    4.346700E+00
    1.971928E-02    3.410595E-01    1.594169E+00    7.704936E+00    7.044628E+00    4.416013E+00
    2.004858E-02    3.467463E-01    1.620089E+00    7.827917E+00    7.157227E+00    4.486468E+00
    2.038310E-02    3.525228E-01    1.646412E+00    7.952922E+00    7.271672E+00    4.558082E+00
    2.072291E-02    3.583905E-01    1.673145E+00    8.079982E+00    7.387992E+00    4.630875E+00
    2.106811E-02    3.643510E-01    1.700295E+00    8.209129E+00    7.506220E+00    4.704863E+00
    2.141877E-02    3.704056E-01    1.727868E+00    8.340395E+00    7.626383E+00    4.780068E+00
    2.177498E-02    3.765559E-01    1.755872E+00    8.473812E+00    7.748512E+00    4.856506E+00
    2.213684E-02    3.828035E-01    1.784315E+00    8.609416E+00    7.872640E+00    4.934198E+00
    2.250444E-02    3.891499E-01    1.813204E+00    8.747242E+00    7.998797E+00    5.013164E+00
    2.287786E-02    3.955966E-01    1.842546E+00    8.887325E+00    8.127014E+00    5.093423E+00
    2.325721E-02    4.021453E-01    1.872350E+00    9.029701E+00    8.257326E+00    5.174995E+00
    2.364258E-02    4.087977E-01    1.902623E+00    9.174404E+00    8.389765E+00    5.257903E+00
    2.403405E-02    4.155554E-01    1.933374E+00    9.321471E+00    8.524364E+00    5.342165E+00
    2.443174E-02    4.224201E-01    1.964610E+00    9.470939E+00    8.661157E+00    5.427804E+00
    2.483574E-02    4.293934E-01    1.996340E+00    9.622845E+00    8.800180E+00    5.514841E+00
    2.524615E-02    4.364771E-01    2.028572E+00    9.777230E+00    8.941466E+00    5.603299E+00
    2.566308E-02    4.436731E-01    2.061315E+00    9.934131E+00    9.085052E+00    5.693198E+00
    2.608662E-02    4.509830E-01    2.094578E+00    1.009359E+01    9.230973E+00    5.784562E+00
    2.651689E-02    4.584087E-01    2.128369E+00    1.025564E+01    9.379266E+00    5.877414E+00
    2.695399E-02    4.659520E-01    2.162698E+00    1.042033E+01    9.529968E+00    5.971776E+00
    2.739802E-02    4.736147E-01    2.197573E+00    1.058769E+01    9.683116E+00    6.067673E+00
    2.784911E-02    4.813988E-01    2.233003E+00    1.075777E+01    9.838749E+00    6.165127E+00
    2.830735E-02    4.893061E-01    2.268998E+00    1.093061E+01    9.996904E+00    6.264163E+00
    2.877286E-02    4.973386E-01    2.305568E+00    1.110625E+01    1.015762E+01    6.364805E+00
    2.924575E-02    5.054982E-01    2.342721E+00    1.128474E+01    1.032094E+01    6.467078E+00
    2.972614E-02    5.137869E-01    2.380467E+00    1.146612E+01    1.048690E+01    6.571006E+00
    3.021414E-02    5.222066E-01    2.418816E+00    1.165042E+01    1.065554E+01    6.676615E+00
    3.070987E-02    5.307594E-01    2.457778E+00    1.183771E+01    1.082690E+01    6.783930E+00
    3.121346E-02    5.394474E-01    2.497363E+00    1.202802E+01    1.100102E+01    6.892977E+00
    3.172500E-02    5.482725E-01    2.537579E+00    1.222139E+01    1.117794E+01    7.003781E+00
    3.224464E-02    5.572367E-01    2.578438E+00    1.241787E+01    1.135771E+01    7.116369E+00
    3.277248E-02    5.663423E-01    2.619949E+00    1.261751E+01    1.154037E+01    7.230765E+00
    3.330865E-02    5.755912E-01    2.662121E+00    1.282036E+01    1.172596E+01    7.346998E+00
    3.385326E-02    5.849855E-01    2.704966E+00    1.302645E+01    1.191452E+01    7.465093E+00
    3.440645E-02    5.945274E-01    2.748493E+00    1.323584E+01    1.210609E+01    7.585076E+00
    3.496833E-02    6.042189E-01    2.792713E+00    1.344857E+01    1.230071E+01    7.706975E+00
    3.553903E-02    6.140621E-01    2.837633E+00    1.366469E+01    1.249843E+01    7.830814E+00
    3.611866E-02    6.240591E-01    2.883266E+00    1.388424E+01    1.269930E+01    7.956622E+00
    3.670735E-02    6.342119E-01    2.929620E+00    1.410727E+01    1.290334E+01    8.084423E+00
    3.730521E-02    6.445227E-01    2.976706E+00    1.433382E+01    1.311061E+01    8.214245E+00
    3.791237E-02    6.549934E-01    3.024532E+00    1.456395E+01    1.332114E+01    8.346112E+00
    3.852894E-02    6.656261E-01    3.073108E+00    1.479768E+01    1.353497E+01    8.480050E+00
    3.915503E-02    6.764227E-01    3.122443E+00    1.503508E+01    1.375215E+01    8.616084E+00
    3.979076E-02    6.873852E-01    3.172547E+00    1.527617E+01    1.397271E+01    8.754237E+00
    4.043624E-02    6.985153E-01    3.223427E+00    1.552100E+01    1.419670E+01    8.894534E+00
    4.109156E-02    7.098149E-01    3.275092E+00    1.576962E+01    1.442413E+01    9.036998E+00
    4.175684E-02    7.212858E-01    3.327549E+00    1.602205E+01    1.465506E+01    9.181648E+00
    4.243215E-02    7.329294E-01    3.380807E+00    1.627833E+01    1.488952E+01    9.328507E+00
    4.311760E-02    7.447473E-01    3.434872E+00    1.653850E+01    1.512753E+01    9.477593E+00
    4.381326E-02    7.567409E-01    3.489750E+00    1.680259E+01    1.536911E+01    9.628924E+00
    4.451920E-02    7.689115E-01    3.545446E+00    1.707061E+01    1.561431E+01    9.782514E+00
    4.523549E-02    7.812600E-01    3.601967E+00    1.734261E+01    1.586313E+01    9.938378E+00
    4.596217E-02    7.937874E-01    3.659314E+00    1.761859E+01    1.611560E+01    1.009653E+01
    4.669929E-02    8.064943E-01    3.717492E+00    1.789857E+01    1.637173E+01    1.025697E+01
    4.744686E-02    8.193810E-01    3.776503E+00    1.818257E+01    1.663152E+01    1.041971E+01
    4.820490E-02    8.324478E-01    3.836345E+00    1.847057E+01    1.689499E+01    1.058474E+01
    4.897340E-02    8.456944E-01    3.897020E+00    1.876258E+01    1.716211E+01    1.075207E+01
    4.975231E-02    8.591202E-01    3.958523E+00    1.905858E+01    1.743289E+01    1.092170E+01
    5.054160E-02    8.727243E-01    4.020850E+00    1.935856E+01    1.770731E+01    1.109360E+01
    5.134116E-02    8.865053E-01    4.083996E+00    1.966247E+01    1.798532E+01    1.126775E+01
    5.215090E-02    9.004612E-01    4.147950E+00    1.997029E+01    1.826691E+01    1.144414E+01
    5.297067E-02    9.145895E-01    4.212702E+00    2.028195E+01    1.855201E+01    1.162274E+01
    5.380030E-02    9.288872E-01    4.278237E+00    2.059738E+01    1.884056E+01    1.180350E+01
    5.463954E-02    9.433505E-01    4.344538E+00    2.091650E+01    1.913248E+01    1.198637E+01
    5.548816E-02    9.579746E-01    4.411583E+00    2.123921E+01    1.942769E+01    1.217129E+01
    5.634582E-02    9.727542E-01    4.479347E+00    2.156539E+01    1.972607E+01    1.235821E+01
    5.721216E-02    9.876829E-01    4.547802E+00    2.189490E+01    2.002749E+01    1.254703E+01
    5.808674E-02    1.002753E+00    4.616913E+00    2.222756E+01    2.033180E+01    1.273766E+01
    5.896907E-02    1.017957E+00    4.686641E+00    2.256319E+01    2.063882E+01    1.292999E+01
    5.985858E-02    1.033283E+00    4.756939E+00    2.290158E+01    2.094836E+01    1.312391E+01
    6.075462E-02    1.048722E+00    4.827758E+00    2.324247E+01    2.126020E+01    1.331925E+01
    6.165645E-02    1.064260E+00    4.899038E+00    2.358558E+01    2.157406E+01    1.351587E+01
    6.256325E-02    1.079883E+00    4.970714E+00    2.393060E+01    2.188967E+01    1.371358E+01
    6.347407E-02    1.095574E+00    5.042711E+00    2.427717E+01    2.220670E+01    1.391218E+01
    6.438789E-02    1.111317E+00    5.114948E+00    2.462489E+01    2.252478E+01    1.411144E+01
    6.530354E-02    1.127091E+00    5.187332E+00    2.497332E+01    2.284351E+01    1.431111E+01
    6.621975E-02    1.142874E+00    5.259762E+00    2.532198E+01    2.316244E+01    1.451091E+01
    6.713509E-02    1.158641E+00    5.332126E+00    2.567031E+01    2.348109E+01    1.471052E+01
    6.804803E-02    1.174366E+00    5.404300E+00    2.601774E+01    2.379889E+01    1.490961E+01
    6.895685E-02    1.190020E+00    5.476150E+00    2.636360E+01    2.411528E+01    1.510781E+01
    6.985973E-02    1.205571E+00    5.547531E+00    2.670721E+01    2.442959E+01    1.530471E+01
    7.075465E-02    1.220983E+00    5.618282E+00    2.704779E+01    2.474113E+01    1.549988E+01
    7.163946E-02    1.236221E+00    5.688234E+00    2.738451E+01    2.504916E+01    1.569284E+01
    7.251186E-02    1.251244E+00    5.757202E+00    2.771651E+01    2.535285E+01    1.588309E+01
    7.336936E-02    1.266010E+00    5.824991E+00    2.804283E+01    2.565136E+01    1.607009E+01
    7.420935E-02    1.280474E+00    5.891394E+00    2.836248E+01    2.594375E+01    1.625326E+01
    7.502908E-02    1.294587E+00    5.956190E+00    2.867440E+01    2.622908E+01    1.643201E+01
    7.582563E-02    1.308300E+00    6.019151E+00    2.897748E+01    2.650632E+01    1.660569E+01
    7.659599E-02    1.321562E+00    6.080038E+00    2.927058E+01    2.677443E+01    1.677365E+01
    7.733704E-02    1.334317E+00    6.138602E+00    2.955249E+01    2.703232E+01    1.693520E+01
    7.804559E-02    1.346511E+00    6.194591E+00    2.982201E+01    2.727886E+01    1.708965E+01
    7.871838E-02    1.358089E+00    6.247745E+00    3.007789E+01    2.751293E+01    1.723628E+01
    7.935212E-02    1.368993E+00    6.297806E+00    3.031887E+01    2.773337E+01    1.737437E+01
    7.994353E-02    1.379166E+00    6.344513E+00    3.054371E+01    2.793904E+01    1.750322E+01
    8.048939E-02    1.388554E+00    6.387610E+00    3.075117E+01    2.812881E+01    1.762210E+01
    8.098653E-02    1.397102E+00    6.426846E+00    3.094005E+01    2.830159E+01    1.773033E+01
    8.143191E-02    1.404757E+00    6.461980E+00    3.110917E+01    2.845630E+01    1.782725E+01
    8.182263E-02    1.411469E+00    6.492783E+00    3.125745E+01    2.859193E+01    1.791222E+01
    8.215602E-02    1.417193E+00    6.519042E+00    3.138385E+01    2.870756E+01    1.798466E+01
    8.242959E-02    1.421885E+00    6.540562E+00    3.148744E+01    2.880232E+01    1.804401E+01
    8.264117E-02    1.425509E+00    6.557168E+00    3.156737E+01    2.887544E+01    1.808982E+01
    8.278886E-02    1.428030E+00    6.568711E+00    3.162293E+01    2.892627E+01    1.812166E+01
    8.287108E-02    1.429424E+00    6.575067E+00    3.165352E+01    2.895425E+01    1.813918E+01
    8.288662E-02    1.429667E+00    6.576138E+00    3.165867E+01    2.895896E+01    1.814213E+01
    8.283462E-02    1.428747E+00    6.571858E+00    3.163805E+01    2.894011E+01    1.813032E+01
    8.271462E-02    1.426653E+00    6.562188E+00    3.159149E+01    2.889752E+01    1.810364E+01
    8.252649E-02    1.423386E+00    6.547121E+00    3.151895E+01    2.883117E+01    1.806206E+01
    8.227054E-02    1.418950E+00    6.526680E+00    3.142053E+01    2.874115E+01    1.800567E+01
    8.194741E-02    1.413356E+00    6.500915E+00    3.129649E+01    2.862769E+01    1.793458E+01
    8.155812E-02    1.406621E+00    6.469907E+00    3.114721E+01    2.849114E+01    1.784904E+01
